

TREE # 1

  0  0.0000  10770.212877  x:  0.26385   0.11577   0.08596   0.00000   0.06063   0.05075   0.04950   0.04981   0.05520   0.02619   0.00368   0.00258   0.00477   0.02271   0.00778   0.00197   0.00852   0.00766   0.00524   0.00418   0.00162   0.00718   0.00615   0.00626   0.01824   0.14125   0.01212   0.02718   0.01864   0.01586   0.00123   0.00887   0.00574   0.00380   0.00237   0.05365   0.19416   0.06079   0.10998   0.00040   0.10813   0.08203   3.00000   1.16374   0.04304   0.25098  
  1 99.0000  10759.479316  x:  0.26399   0.11619   0.08620   0.00482   0.06082   0.05082   0.04975   0.05018   0.05552   0.02611   0.00374   0.00249   0.00569   0.02287   0.00844   0.00034   0.00894   0.00760   0.00572   0.00391   0.00000   0.00684   0.00670   0.00675   0.01864   0.14143   0.01210   0.02711   0.01886   0.01595   0.00157   0.00874   0.00651   0.00437   0.00151   0.05445   0.19425   0.06128   0.11022   0.00819   0.10823   0.08257   3.00013   1.16387   0.04293   0.24915  
  2 3140.2727  10758.278313  x:  0.26406   0.11637   0.08630   0.00562   0.06089   0.05083   0.04982   0.05033   0.05566   0.02608   0.00376   0.00247   0.00597   0.02293   0.00867   0.00142   0.00909   0.00759   0.00587   0.00384   0.00111   0.00673   0.00687   0.00692   0.01879   0.14151   0.01208   0.02708   0.01895   0.01598   0.00156   0.00870   0.00675   0.00453   0.00134   0.05478   0.19429   0.06145   0.11031   0.00984   0.10825   0.08277   3.00018   1.16393   0.04288   0.24838  
  3 3284.5954  10752.358070  x:  0.26474   0.11812   0.08715   0.00256   0.06144   0.05084   0.05036   0.05186   0.05703   0.02570   0.00384   0.00255   0.00748   0.02353   0.01032   0.00131   0.01022   0.00748   0.00664   0.00357   0.00111   0.00594   0.00794   0.00792   0.02025   0.14235   0.01198   0.02684   0.01976   0.01629   0.00000   0.00851   0.00806   0.00518   0.00221   0.05808   0.19467   0.06296   0.11095   0.01177   0.10832   0.08452   3.00073   1.16452   0.04242   0.24050  
  4 953.0318  10748.366059  x:  0.26532   0.11959   0.08787   0.00000   0.06190   0.05085   0.05082   0.05315   0.05818   0.02538   0.00391   0.00262   0.00867   0.02402   0.01165   0.00121   0.01112   0.00739   0.00724   0.00337   0.00111   0.00532   0.00878   0.00872   0.02146   0.14306   0.01188   0.02664   0.02046   0.01656   0.00057   0.00837   0.00910   0.00569   0.00278   0.06084   0.19499   0.06423   0.11149   0.01319   0.10838   0.08599   3.00119   1.16502   0.04203   0.23385  
  5 18545.7299  10714.279297  x:  0.27272   0.13747   0.09689   0.00668   0.06788   0.05159   0.05704   0.06817   0.07167   0.02161   0.00376   0.00250   0.01460   0.02885   0.02122   0.00039   0.01731   0.00717   0.00913   0.00496   0.00139   0.00415   0.01288   0.01265   0.03380   0.15194   0.01052   0.02458   0.02736   0.01920   0.00155   0.00796   0.01394   0.00574   0.00038   0.09351   0.19899   0.07881   0.11767   0.00439   0.10881   0.10320   3.00703   1.17122   0.03715   0.14994  
  6 3203.0498  10710.970727  x:  0.27442   0.14126   0.09876   0.00838   0.06908   0.05179   0.05823   0.07109   0.07430   0.02109   0.00378   0.00249   0.01461   0.02946   0.02198   0.00035   0.01757   0.00731   0.00872   0.00488   0.00156   0.00530   0.01268   0.01246   0.03570   0.15392   0.01023   0.02434   0.02829   0.01948   0.00200   0.00818   0.01376   0.00535   0.00522   0.10017   0.19989   0.08180   0.11904   0.00355   0.10897   0.10679   3.00837   1.17260   0.03609   0.13114  
  7 7706.4991  10698.285976  x:  0.27779   0.14734   0.10151   0.00529   0.07061   0.05212   0.05934   0.07446   0.07745   0.02170   0.00406   0.00276   0.00981   0.02857   0.01812   0.00034   0.01370   0.00808   0.00527   0.00275   0.00177   0.00905   0.00825   0.00823   0.03562   0.15757   0.00983   0.02492   0.02736   0.01861   0.00140   0.00872   0.00884   0.00279   0.00328   0.10973   0.20155   0.08614   0.12150   0.00684   0.10954   0.11227   3.01101   1.17498   0.03433   0.09731  
  8 2770.5855  10696.347733  x:  0.27873   0.14856   0.10193   0.00483   0.07071   0.05216   0.05929   0.07462   0.07762   0.02220   0.00376   0.00228   0.00827   0.02787   0.01605   0.00037   0.01224   0.00784   0.00612   0.00487   0.00177   0.00805   0.00759   0.00763   0.03453   0.15845   0.00980   0.02519   0.02645   0.01816   0.00129   0.00861   0.00784   0.00590   0.00308   0.11131   0.20194   0.08678   0.12198   0.00729   0.10967   0.11317   3.01178   1.17551   0.03399   0.09015  
  9 1350.1982  10695.263416  x:  0.27965   0.14928   0.10196   0.00503   0.07045   0.05210   0.05886   0.07396   0.07707   0.02284   0.00376   0.00302   0.00782   0.02692   0.01374   0.00045   0.01134   0.00732   0.00745   0.00400   0.00170   0.00544   0.00854   0.00854   0.03251   0.15916   0.00988   0.02543   0.02509   0.01770   0.00134   0.00857   0.00853   0.00539   0.00327   0.11180   0.20221   0.08678   0.12220   0.00711   0.10973   0.11340   3.01262   1.17585   0.03384   0.08624  
 10 528.2858  10694.975269  x:  0.28017   0.14959   0.10189   0.00502   0.07021   0.05202   0.05854   0.07343   0.07662   0.02306   0.00376   0.00197   0.00830   0.02655   0.01313   0.00049   0.01152   0.00730   0.00744   0.00410   0.00165   0.00558   0.00900   0.00897   0.03135   0.15950   0.00997   0.02547   0.02447   0.01759   0.00135   0.00848   0.00909   0.00508   0.00325   0.11189   0.20233   0.08666   0.12225   0.00705   0.10972   0.11338   3.01314   1.17600   0.03381   0.08512  
 11 327.7373  10694.697901  x:  0.28107   0.15008   0.10172   0.00503   0.06977   0.05185   0.05799   0.07249   0.07582   0.02325   0.00378   0.00260   0.00928   0.02612   0.01279   0.00056   0.01216   0.00743   0.00707   0.00459   0.00156   0.00644   0.00945   0.00939   0.02951   0.16005   0.01012   0.02547   0.02366   0.01752   0.00136   0.00832   0.00979   0.00512   0.00315   0.11199   0.20252   0.08640   0.12229   0.00697   0.10967   0.11329   3.01409   1.17623   0.03378   0.08382  
 12 386.4318  10694.465238  x:  0.28251   0.15088   0.10149   0.00519   0.06913   0.05159   0.05727   0.07115   0.07473   0.02294   0.00370   0.00252   0.00986   0.02610   0.01394   0.00063   0.01306   0.00754   0.00672   0.00384   0.00148   0.00597   0.00901   0.00896   0.02752   0.16087   0.01033   0.02530   0.02334   0.01773   0.00138   0.00841   0.00954   0.00572   0.00316   0.11226   0.20279   0.08602   0.12230   0.00678   0.10953   0.11315   3.01572   1.17659   0.03379   0.08291  
 13 190.7996  10694.325676  x:  0.28388   0.15165   0.10132   0.00517   0.06863   0.05137   0.05675   0.07009   0.07392   0.02251   0.00388   0.00252   0.00969   0.02631   0.01490   0.00068   0.01319   0.00737   0.00717   0.00452   0.00144   0.00572   0.00883   0.00880   0.02653   0.16158   0.01046   0.02515   0.02358   0.01791   0.00138   0.00851   0.00923   0.00505   0.00320   0.11261   0.20303   0.08570   0.12229   0.00688   0.10937   0.11305   3.01738   1.17694   0.03380   0.08257  
 14 203.1278  10694.167288  x:  0.28607   0.15289   0.10114   0.00518   0.06804   0.05114   0.05623   0.06872   0.07304   0.02203   0.00339   0.00251   0.00896   0.02671   0.01540   0.00070   0.01254   0.00725   0.00761   0.00421   0.00140   0.00633   0.00925   0.00923   0.02628   0.16262   0.01052   0.02500   0.02432   0.01797   0.00137   0.00829   0.00930   0.00518   0.00315   0.11328   0.20340   0.08527   0.12226   0.00689   0.10910   0.11293   3.02026   1.17753   0.03385   0.08260  
 15 178.9280  10694.021984  x:  0.28852   0.15427   0.10101   0.00522   0.06755   0.05097   0.05587   0.06742   0.07232   0.02188   0.00433   0.00249   0.00867   0.02702   0.01528   0.00072   0.01198   0.00744   0.00721   0.00411   0.00139   0.00636   0.00949   0.00946   0.02665   0.16372   0.01050   0.02493   0.02501   0.01792   0.00136   0.00823   0.00954   0.00544   0.00314   0.11405   0.20381   0.08484   0.12222   0.00688   0.10882   0.11283   3.02366   1.17822   0.03391   0.08286  
 16 319.9636  10693.756483  x:  0.29302   0.15673   0.10089   0.00521   0.06692   0.05081   0.05551   0.06543   0.07141   0.02219   0.00365   0.00253   0.00905   0.02729   0.01440   0.00073   0.01171   0.00771   0.00620   0.00449   0.00139   0.00573   0.00932   0.00926   0.02797   0.16562   0.01036   0.02495   0.02581   0.01776   0.00135   0.00847   0.00977   0.00529   0.00321   0.11543   0.20453   0.08412   0.12215   0.00698   0.10833   0.11268   3.03025   1.17954   0.03404   0.08359  
 17 444.6518  10693.493916  x:  0.29778   0.15918   0.10092   0.00523   0.06664   0.05088   0.05553   0.06385   0.07092   0.02294   0.00382   0.00253   0.00976   0.02714   0.01327   0.00071   0.01244   0.00735   0.00732   0.00420   0.00142   0.00611   0.00869   0.00864   0.02949   0.16746   0.01014   0.02511   0.02572   0.01763   0.00136   0.00859   0.00941   0.00530   0.00319   0.11672   0.20528   0.08345   0.12208   0.00697   0.10793   0.11254   3.03785   1.18106   0.03420   0.08453  
 18 451.4788  10693.171853  x:  0.30337   0.16141   0.10143   0.00519   0.06745   0.05157   0.05655   0.06372   0.07159   0.02345   0.00383   0.00252   0.00861   0.02615   0.01383   0.00064   0.01337   0.00754   0.00700   0.00430   0.00149   0.00604   0.00926   0.00933   0.03025   0.16903   0.01003   0.02546   0.02331   0.01794   0.00138   0.00794   0.00845   0.00522   0.00324   0.11738   0.20610   0.08293   0.12207   0.00708   0.10793   0.11238   3.04915   1.18327   0.03450   0.08583  
 19 229.2595  10692.830175  x:  0.30900   0.16297   0.10221   0.00512   0.06882   0.05239   0.05787   0.06477   0.07289   0.02321   0.00383   0.00252   0.00833   0.02550   0.01473   0.00055   0.01233   0.00732   0.00705   0.00430   0.00157   0.00625   0.00890   0.00882   0.02968   0.17007   0.01019   0.02570   0.02157   0.01803   0.00138   0.00932   0.00988   0.00533   0.00318   0.11715   0.20687   0.08261   0.12215   0.00706   0.10833   0.11219   3.06308   1.18594   0.03494   0.08704  
 20 372.8374  10692.222993  x:  0.31750   0.16415   0.10358   0.00505   0.07111   0.05337   0.05962   0.06769   0.07531   0.02239   0.00381   0.00254   0.01000   0.02572   0.01452   0.00049   0.01075   0.00790   0.00733   0.00429   0.00164   0.00610   0.00856   0.00851   0.02710   0.17077   0.01051   0.02579   0.02248   0.01766   0.00139   0.00754   0.00952   0.00520   0.00325   0.11524   0.20795   0.08246   0.12243   0.00702   0.10955   0.11186   3.08910   1.19084   0.03588   0.08845  
 21 498.8894  10691.604858  x:  0.32523   0.16430   0.10469   0.00490   0.07272   0.05366   0.06045   0.07070   0.07731   0.02214   0.00388   0.00254   0.00973   0.02660   0.01323   0.00053   0.01213   0.00699   0.00690   0.00427   0.00160   0.00618   0.00925   0.00932   0.02470   0.17076   0.01065   0.02562   0.02497   0.01744   0.00134   0.00913   0.00849   0.00543   0.00318   0.11234   0.20887   0.08257   0.12283   0.00716   0.11098   0.11157   3.11759   1.19612   0.03701   0.08922  
 22 874.8386  10691.002538  x:  0.33084   0.16302   0.10503   0.00492   0.07269   0.05287   0.05960   0.07273   0.07803   0.02339   0.00380   0.00253   0.00792   0.02736   0.01292   0.00065   0.01394   0.00874   0.00740   0.00433   0.00149   0.00608   0.00884   0.00870   0.02455   0.16981   0.01071   0.02527   0.02633   0.01800   0.00131   0.00866   0.01021   0.00531   0.00319   0.10866   0.20943   0.08304   0.12332   0.00720   0.11225   0.11144   3.14729   1.20148   0.03839   0.08887  
 23 684.8111  10689.651205  x:  0.33956   0.15890   0.10466   0.00515   0.07073   0.05047   0.05631   0.07526   0.07781   0.02576   0.00387   0.00253   0.00821   0.02797   0.01456   0.00085   0.01339   0.00593   0.00666   0.00435   0.00128   0.00604   0.00870   0.00860   0.02750   0.16688   0.01069   0.02482   0.02610   0.01896   0.00134   0.00737   0.01076   0.00531   0.00322   0.10083   0.21010   0.08451   0.12436   0.00698   0.11436   0.11153   3.21094   1.21275   0.04162   0.08706  
 24 1155.1709  10688.612012  x:  0.34531   0.15526   0.10398   0.00531   0.06880   0.04891   0.05385   0.07657   0.07707   0.02572   0.00382   0.00253   0.00986   0.02787   0.01574   0.00094   0.01215   0.00797   0.00745   0.00428   0.00116   0.00615   0.00947   0.00957   0.03039   0.16425   0.01029   0.02478   0.02506   0.01888   0.00136   0.00909   0.00912   0.00533   0.00313   0.09515   0.21040   0.08595   0.12511   0.00677   0.11558   0.11186   3.26473   1.22219   0.04447   0.08553  
 25 2411.6924  10687.193771  x:  0.34744   0.15108   0.10236   0.00527   0.06692   0.04976   0.05372   0.07595   0.07500   0.01900   0.00379   0.00253   0.00977   0.02649   0.01475   0.00078   0.01361   0.00764   0.00731   0.00427   0.00132   0.00594   0.00933   0.00899   0.03284   0.16108   0.00926   0.02557   0.02386   0.01658   0.00138   0.00847   0.00973   0.00532   0.00312   0.09256   0.20988   0.08829   0.12548   0.00677   0.11502   0.11311   3.33320   1.23390   0.04852   0.08466  
 26 1038.0665  10682.954448  x:  0.34175   0.14352   0.09812   0.00505   0.06594   0.05550   0.05948   0.07097   0.06984   0.02043   0.00377   0.00251   0.00971   0.02476   0.01445   0.00000   0.01314   0.00763   0.00727   0.00425   0.00208   0.00595   0.00838   0.00989   0.03169   0.15513   0.01226   0.02565   0.02527   0.01895   0.00132   0.00859   0.00963   0.00532   0.00309   0.09719   0.20673   0.09351   0.12455   0.00675   0.10960   0.11676   3.49799   1.26164   0.05904   0.08529  
 27 1250.3009  10682.039079  x:  0.34019   0.14283   0.09780   0.00504   0.06611   0.05553   0.05983   0.07041   0.06959   0.02102   0.00377   0.00251   0.00964   0.02520   0.01457   0.00000   0.01297   0.00761   0.00726   0.00424   0.00068   0.00596   0.00909   0.00917   0.03116   0.15460   0.01108   0.02546   0.02510   0.01844   0.00132   0.00857   0.00955   0.00531   0.00309   0.09846   0.20617   0.09394   0.12428   0.00676   0.10885   0.11709   3.52342   1.26588   0.06073   0.08564  
 28 2735.0491  10680.508585  x:  0.33478   0.14054   0.09677   0.00500   0.06661   0.05517   0.06057   0.06851   0.06881   0.02297   0.00376   0.00249   0.00939   0.02681   0.01492   0.00000   0.01251   0.00755   0.00721   0.00424   0.00147   0.00599   0.01105   0.00721   0.02923   0.15292   0.00727   0.02480   0.02445   0.01670   0.00134   0.00853   0.00932   0.00530   0.00309   0.10270   0.20430   0.09519   0.12336   0.00678   0.10647   0.11805   3.61051   1.28039   0.06656   0.08677  
 29 6415.6356  10677.695610  x:  0.32157   0.14018   0.09779   0.00506   0.06865   0.04801   0.05631   0.06715   0.07171   0.02340   0.00374   0.00246   0.00876   0.03087   0.01396   0.00000   0.01233   0.00751   0.00711   0.00420   0.00141   0.00598   0.00786   0.00983   0.02662   0.15359   0.00874   0.02404   0.02113   0.01262   0.00140   0.00840   0.00927   0.00528   0.00311   0.11171   0.20100   0.09361   0.12110   0.00703   0.10434   0.11713   3.75552   1.30431   0.07680   0.08959  
 30 2461.1674  10675.948803  x:  0.31127   0.14138   0.09943   0.00506   0.06974   0.04323   0.05203   0.06689   0.07438   0.02143   0.00372   0.00246   0.00886   0.03051   0.01197   0.00000   0.01197   0.00748   0.00703   0.00416   0.00149   0.00593   0.00954   0.00788   0.02550   0.15559   0.01034   0.02490   0.01998   0.01700   0.00133   0.00838   0.00879   0.00531   0.00312   0.11709   0.19901   0.09053   0.11948   0.00731   0.10425   0.11502   3.85093   1.31994   0.08381   0.09121  
 31 2983.6576  10674.598430  x:  0.30146   0.14444   0.10170   0.00513   0.06928   0.04401   0.04877   0.06727   0.07593   0.02160   0.00371   0.00245   0.00882   0.02484   0.01295   0.00000   0.01184   0.00744   0.00702   0.00415   0.00139   0.00593   0.00817   0.00909   0.02546   0.15940   0.00774   0.02629   0.02252   0.01741   0.00131   0.00842   0.00905   0.00530   0.00312   0.11865   0.19822   0.08479   0.11842   0.00740   0.10657   0.11085   3.91998   1.33107   0.08942   0.09126  
 32 1210.3827  10673.962936  x:  0.29578   0.14680   0.10295   0.00515   0.06836   0.04601   0.04836   0.06744   0.07615   0.02208   0.00370   0.00244   0.00874   0.02372   0.01372   0.00000   0.01206   0.00746   0.00706   0.00416   0.00146   0.00594   0.00961   0.00785   0.02622   0.16211   0.00970   0.02574   0.02323   0.01531   0.00134   0.00842   0.00894   0.00527   0.00311   0.11809   0.19832   0.08092   0.11812   0.00743   0.10847   0.10802   3.95492   1.33662   0.09254   0.09074  
 33 1150.1558  10673.360329  x:  0.28940   0.15042   0.10403   0.00503   0.06681   0.04884   0.05037   0.06752   0.07536   0.02154   0.00370   0.00245   0.00898   0.02693   0.01324   0.00000   0.01213   0.00746   0.00708   0.00415   0.00144   0.00589   0.00918   0.00837   0.02713   0.16559   0.00897   0.02407   0.02208   0.01640   0.00133   0.00840   0.00901   0.00529   0.00309   0.11558   0.19939   0.07650   0.11838   0.00754   0.11102   0.10479   3.98735   1.34160   0.09597   0.08973  
 34 639.3043  10673.184050  x:  0.28671   0.15329   0.10377   0.00503   0.06681   0.04725   0.05269   0.06746   0.07440   0.02171   0.00370   0.00245   0.00902   0.02738   0.01353   0.00000   0.01222   0.00747   0.00710   0.00416   0.00144   0.00590   0.00927   0.00838   0.02725   0.16709   0.00900   0.02630   0.02226   0.01625   0.00133   0.00840   0.00908   0.00529   0.00308   0.11327   0.20123   0.07653   0.11930   0.00748   0.11145   0.10491   3.99704   1.34279   0.09790   0.08961  
 35 131.2211  10673.052108  x:  0.28437   0.15668   0.10321   0.00500   0.06748   0.04607   0.05354   0.06756   0.07379   0.02162   0.00370   0.00245   0.00902   0.02639   0.01347   0.00000   0.01219   0.00747   0.00711   0.00416   0.00144   0.00590   0.00925   0.00837   0.02730   0.16824   0.00897   0.02456   0.02242   0.01626   0.00132   0.00841   0.00906   0.00530   0.00308   0.11093   0.20363   0.07785   0.12038   0.00744   0.11126   0.10607   4.00404   1.34336   0.10018   0.08992  
 36 114.2733  10672.971524  x:  0.28286   0.15950   0.10267   0.00502   0.06810   0.04747   0.05188   0.06761   0.07412   0.02172   0.00371   0.00245   0.00901   0.02688   0.01342   0.00000   0.01219   0.00748   0.00711   0.00417   0.00145   0.00590   0.00925   0.00837   0.02717   0.16858   0.00902   0.02509   0.02230   0.01630   0.00133   0.00842   0.00907   0.00531   0.00308   0.10924   0.20568   0.07933   0.12092   0.00738   0.11056   0.10744   4.00837   1.34334   0.10272   0.09025  
 37 66.5356  10672.907280  x:  0.28288   0.16151   0.10300   0.00502   0.06619   0.04745   0.05232   0.06730   0.07599   0.02174   0.00371   0.00245   0.00900   0.02678   0.01344   0.00000   0.01218   0.00748   0.00711   0.00417   0.00145   0.00591   0.00926   0.00837   0.02686   0.16658   0.00904   0.02505   0.02235   0.01631   0.00132   0.00842   0.00908   0.00531   0.00308   0.10857   0.20694   0.07898   0.11933   0.00743   0.10936   0.10787   4.01153   1.34152   0.11007   0.08978  
 38 18.3031  10672.709758  x:  0.28425   0.16430   0.10403   0.00499   0.06986   0.04734   0.05236   0.06662   0.07455   0.02169   0.00372   0.00246   0.00907   0.02696   0.01360   0.00000   0.01229   0.00750   0.00713   0.00418   0.00145   0.00593   0.00929   0.00842   0.02752   0.16214   0.00913   0.02506   0.02256   0.01638   0.00133   0.00844   0.00913   0.00531   0.00308   0.10824   0.20846   0.07710   0.11737   0.00746   0.10938   0.10727   4.02106   1.33409   0.13894   0.08748  
 39 50.9912  10672.139702  x:  0.28871   0.16604   0.10561   0.00506   0.06765   0.04819   0.05261   0.07017   0.07309   0.02225   0.00377   0.00249   0.00893   0.02710   0.01325   0.00000   0.01218   0.00760   0.00713   0.00421   0.00148   0.00608   0.00922   0.00839   0.02699   0.16290   0.00940   0.02549   0.02234   0.01652   0.00135   0.00857   0.00903   0.00532   0.00315   0.11225   0.20905   0.07958   0.12334   0.00727   0.11457   0.10788   4.04793   1.31215   0.22672   0.08492  
 40 143.6288  10671.899213  x:  0.29057   0.16305   0.10423   0.00507   0.06938   0.04840   0.05341   0.06788   0.07687   0.02224   0.00379   0.00250   0.00900   0.02728   0.01353   0.00000   0.01232   0.00764   0.00716   0.00423   0.00148   0.00611   0.00930   0.00844   0.02743   0.16882   0.00929   0.02540   0.02279   0.01664   0.00135   0.00861   0.00912   0.00533   0.00315   0.11071   0.20854   0.07995   0.12399   0.00723   0.11358   0.10866   4.05910   1.30378   0.26485   0.08248  
 41 164.6702  10671.865231  x:  0.29076   0.16231   0.10529   0.00506   0.06923   0.04844   0.05335   0.06912   0.07582   0.02228   0.00379   0.00250   0.00899   0.02731   0.01350   0.00000   0.01232   0.00764   0.00716   0.00424   0.00148   0.00612   0.00929   0.00844   0.02749   0.17062   0.00929   0.02544   0.02275   0.01664   0.00135   0.00861   0.00911   0.00533   0.00315   0.11034   0.20863   0.08010   0.12224   0.00726   0.11234   0.10945   4.06033   1.30406   0.27026   0.08231  
 42 27.7485  10671.618269  x:  0.29051   0.16010   0.10660   0.00502   0.06922   0.04861   0.05356   0.06655   0.07600   0.02235   0.00379   0.00250   0.00894   0.02731   0.01341   0.00000   0.01225   0.00765   0.00715   0.00423   0.00148   0.00613   0.00927   0.00842   0.02736   0.17150   0.00929   0.02548   0.02268   0.01664   0.00135   0.00863   0.00908   0.00533   0.00314   0.11098   0.21302   0.08261   0.11740   0.00722   0.11833   0.11046   4.06110   1.34485   0.30933   0.08297  
 43  9.5397  10667.300987  x:  0.29040   0.14077   0.10847   0.00449   0.06825   0.04895   0.05279   0.06556   0.07349   0.02274   0.00378   0.00248   0.00842   0.02623   0.01249   0.00000   0.01165   0.00754   0.00694   0.00412   0.00142   0.00613   0.00885   0.00828   0.02548   0.16847   0.00956   0.02582   0.02207   0.01664   0.00127   0.00858   0.00875   0.00525   0.00281   0.11059   0.24895   0.06964   0.12737   0.00808   0.10857   0.10231   4.06985   2.09686   1.00905   0.08786  
 44 275.7257  10660.920048  x:  0.29283   0.15654   0.08659   0.00376   0.06653   0.04927   0.05291   0.06853   0.06806   0.02341   0.00374   0.00244   0.00762   0.02487   0.01096   0.00000   0.01070   0.00732   0.00662   0.00393   0.00133   0.00608   0.00822   0.00801   0.02248   0.16482   0.01010   0.02587   0.02084   0.01648   0.00113   0.00847   0.00822   0.00513   0.00231   0.08877   0.20957   0.06529   0.11681   0.00908   0.11294   0.10822   4.08182   3.18353   2.01815   0.09427  
 45 1486.8177  10659.857198  x:  0.29293   0.16054   0.09696   0.00352   0.06652   0.04968   0.05327   0.06276   0.06769   0.02347   0.00373   0.00243   0.00756   0.02478   0.01089   0.00000   0.01062   0.00729   0.00659   0.00391   0.00132   0.00606   0.00818   0.00801   0.02233   0.16376   0.01012   0.02578   0.02082   0.01651   0.00111   0.00845   0.00820   0.00512   0.00221   0.08211   0.19874   0.07387   0.11793   0.00919   0.11029   0.10160   4.08389   3.36579   2.18724   0.09510  
 46 1245.3014  10659.852760  x:  0.29291   0.16048   0.09755   0.00352   0.06653   0.04969   0.05328   0.06246   0.06772   0.02348   0.00374   0.00243   0.00756   0.02479   0.01089   0.00000   0.01062   0.00729   0.00659   0.00391   0.00132   0.00606   0.00818   0.00801   0.02232   0.16369   0.01012   0.02578   0.02083   0.01651   0.00111   0.00845   0.00820   0.00512   0.00221   0.08199   0.19857   0.07345   0.11824   0.00918   0.11041   0.10243   4.08395   3.36645   2.18784   0.09517  
 47  7.9263  10657.777799  x:  0.29502   0.14592   0.09611   0.00260   0.06463   0.05059   0.05293   0.05667   0.06326   0.02444   0.00371   0.00242   0.00646   0.02348   0.00945   0.00000   0.00955   0.00726   0.00618   0.00374   0.00119   0.00619   0.00731   0.00747   0.02002   0.15974   0.01083   0.02623   0.02007   0.01639   0.00096   0.00848   0.00734   0.00492   0.00154   0.07346   0.20870   0.07077   0.11768   0.01042   0.10959   0.09795   4.22250   3.34566   2.16871   0.09913  
 48  0.2408  10657.777379  x:  0.29502   0.14591   0.09611   0.00260   0.06463   0.05059   0.05293   0.05667   0.06326   0.02444   0.00371   0.00242   0.00646   0.02348   0.00944   0.00004   0.00955   0.00726   0.00618   0.00374   0.00119   0.00619   0.00731   0.00747   0.02002   0.15974   0.01083   0.02623   0.02007   0.01639   0.00096   0.00848   0.00734   0.00492   0.00154   0.07346   0.20871   0.07077   0.11768   0.01042   0.10959   0.09795   4.22260   3.34565   2.16870   0.09914  
 49 68.5784  10657.384962  x:  0.29943   0.14240   0.09659   0.00268   0.06450   0.05119   0.05304   0.05752   0.06381   0.02481   0.00375   0.00246   0.00671   0.02385   0.01037   0.00011   0.00994   0.00747   0.00617   0.00376   0.00113   0.00629   0.00732   0.00736   0.02197   0.15824   0.01110   0.02644   0.02033   0.01644   0.00101   0.00857   0.00730   0.00479   0.00144   0.07986   0.20948   0.07210   0.11849   0.01060   0.11002   0.09878   4.31275   3.49895   2.34685   0.10191  
 50  0.2697  10657.280030  x:  0.29989   0.14407   0.09660   0.00271   0.06485   0.05114   0.05298   0.05888   0.06486   0.02498   0.00377   0.00246   0.00688   0.02395   0.00982   0.00016   0.01002   0.00747   0.00619   0.00367   0.00107   0.00618   0.00762   0.00751   0.02121   0.15890   0.01109   0.02645   0.02033   0.01633   0.00106   0.00852   0.00768   0.00472   0.00134   0.07846   0.20996   0.07219   0.11847   0.01085   0.10970   0.09901   4.37131   3.74321   2.58829   0.10288  
 51  0.2331  10657.199147  x:  0.29877   0.14482   0.09640   0.00276   0.06492   0.05088   0.05303   0.05780   0.06409   0.02478   0.00375   0.00245   0.00660   0.02385   0.01041   0.00026   0.00975   0.00741   0.00620   0.00367   0.00094   0.00610   0.00729   0.00752   0.02134   0.15942   0.01103   0.02640   0.02019   0.01640   0.00114   0.00856   0.00729   0.00471   0.00138   0.07787   0.20989   0.07195   0.11816   0.01123   0.10958   0.09895   4.39465   4.11779   2.95138   0.10277  
 52  0.2558  10657.128518  x:  0.29899   0.14298   0.09640   0.00286   0.06465   0.05096   0.05315   0.05749   0.06378   0.02464   0.00375   0.00244   0.00684   0.02378   0.00975   0.00040   0.01006   0.00742   0.00618   0.00378   0.00080   0.00618   0.00742   0.00742   0.02159   0.15885   0.01099   0.02641   0.02032   0.01641   0.00125   0.00849   0.00750   0.00483   0.00151   0.07910   0.21047   0.07169   0.11823   0.01153   0.10992   0.09881   4.37179   4.55296   3.38941   0.10258  
 53  0.3245  10657.088463  x:  0.29953   0.14288   0.09647   0.00281   0.06464   0.05105   0.05302   0.05868   0.06460   0.02480   0.00376   0.00245   0.00676   0.02394   0.01024   0.00054   0.00988   0.00745   0.00621   0.00374   0.00067   0.00629   0.00754   0.00744   0.02118   0.15859   0.01107   0.02643   0.02032   0.01640   0.00130   0.00853   0.00751   0.00480   0.00144   0.07859   0.21126   0.07157   0.11841   0.01173   0.10982   0.09884   4.34688   4.98017   3.82125   0.10306  
 54  0.3921  10657.069675  x:  0.29884   0.14395   0.09651   0.00272   0.06484   0.05107   0.05297   0.05816   0.06436   0.02484   0.00375   0.00246   0.00671   0.02383   0.00997   0.00066   0.00988   0.00745   0.00620   0.00367   0.00055   0.00622   0.00736   0.00749   0.02154   0.15904   0.01106   0.02648   0.02022   0.01637   0.00132   0.00853   0.00740   0.00470   0.00138   0.07869   0.21097   0.07162   0.11835   0.01177   0.10965   0.09890   4.34243   5.34754   4.18527   0.10356  
 55  0.3320  10657.057308  x:  0.29838   0.14368   0.09640   0.00274   0.06483   0.05101   0.05303   0.05768   0.06396   0.02483   0.00376   0.00246   0.00683   0.02385   0.01014   0.00077   0.00999   0.00743   0.00619   0.00371   0.00043   0.00611   0.00746   0.00750   0.02132   0.15920   0.01106   0.02645   0.02026   0.01638   0.00135   0.00848   0.00752   0.00472   0.00146   0.07850   0.21070   0.07159   0.11820   0.01162   0.10971   0.09883   4.34473   5.73787   4.57361   0.10394  
 56  0.3207  10657.041758  x:  0.29886   0.14304   0.09649   0.00264   0.06468   0.05100   0.05314   0.05829   0.06432   0.02480   0.00377   0.00245   0.00670   0.02390   0.01002   0.00093   0.00987   0.00741   0.00615   0.00374   0.00026   0.00618   0.00747   0.00739   0.02131   0.15896   0.01105   0.02644   0.02033   0.01639   0.00133   0.00852   0.00744   0.00477   0.00145   0.07885   0.21093   0.07163   0.11833   0.01127   0.10991   0.09893   4.35017   6.31292   5.14978   0.10352  
 57  0.3925  10657.036847  x:  0.29901   0.14348   0.09646   0.00263   0.06473   0.05102   0.05302   0.05819   0.06433   0.02480   0.00376   0.00245   0.00679   0.02384   0.01008   0.00099   0.00994   0.00744   0.00621   0.00371   0.00020   0.00621   0.00742   0.00749   0.02146   0.15883   0.01105   0.02645   0.02025   0.01640   0.00131   0.00851   0.00746   0.00476   0.00144   0.07847   0.21118   0.07156   0.11843   0.01107   0.10976   0.09884   4.35107   6.61211   5.44867   0.10362  
 58  0.3244  10657.034370  x:  0.29874   0.14362   0.09643   0.00263   0.06480   0.05104   0.05299   0.05798   0.06417   0.02481   0.00375   0.00246   0.00672   0.02386   0.01007   0.00102   0.00992   0.00745   0.00621   0.00370   0.00018   0.00620   0.00745   0.00749   0.02129   0.15890   0.01107   0.02645   0.02026   0.01638   0.00128   0.00851   0.00747   0.00473   0.00144   0.07880   0.21096   0.07163   0.11840   0.01096   0.10968   0.09889   4.35076   6.85679   5.69241   0.10376  
 59  0.1974  10657.029852  x:  0.29860   0.14328   0.09638   0.00269   0.06476   0.05102   0.05302   0.05812   0.06420   0.02480   0.00376   0.00246   0.00676   0.02389   0.01005   0.00099   0.00991   0.00744   0.00614   0.00372   0.00021   0.00617   0.00744   0.00741   0.02144   0.15915   0.01106   0.02645   0.02030   0.01637   0.00120   0.00853   0.00744   0.00475   0.00144   0.07842   0.21086   0.07159   0.11829   0.01095   0.10980   0.09892   4.34820   7.27886   6.11378   0.10392  
 60  0.1949  10657.026421  x:  0.29881   0.14336   0.09648   0.00275   0.06470   0.05102   0.05305   0.05815   0.06430   0.02481   0.00376   0.00245   0.00675   0.02382   0.01006   0.00091   0.00992   0.00743   0.00619   0.00372   0.00029   0.00620   0.00742   0.00748   0.02134   0.15886   0.01106   0.02645   0.02026   0.01640   0.00115   0.00853   0.00746   0.00478   0.00142   0.07868   0.21117   0.07153   0.11840   0.01112   0.10981   0.09884   4.34787   7.52087   6.35714   0.10377  
 61  0.1989  10657.025567  x:  0.29886   0.14350   0.09642   0.00276   0.06478   0.05101   0.05298   0.05809   0.06422   0.02481   0.00375   0.00245   0.00674   0.02389   0.01007   0.00088   0.00992   0.00744   0.00621   0.00371   0.00032   0.00620   0.00746   0.00747   0.02142   0.15890   0.01105   0.02645   0.02028   0.01638   0.00115   0.00853   0.00747   0.00476   0.00141   0.07859   0.21109   0.07158   0.11837   0.01123   0.10970   0.09887   4.35017   7.63285   6.46867   0.10377  
 62  0.0886  10657.024374  x:  0.29879   0.14348   0.09642   0.00274   0.06479   0.05104   0.05299   0.05812   0.06425   0.02480   0.00375   0.00246   0.00680   0.02384   0.01008   0.00085   0.00993   0.00744   0.00618   0.00371   0.00035   0.00619   0.00740   0.00746   0.02133   0.15901   0.01106   0.02645   0.02027   0.01639   0.00117   0.00852   0.00745   0.00476   0.00143   0.07865   0.21092   0.07161   0.11831   0.01132   0.10972   0.09890   4.35229   8.04051   6.87594   0.10378  
 63  0.1792  10657.022465  x:  0.29882   0.14338   0.09649   0.00272   0.06470   0.05104   0.05305   0.05812   0.06428   0.02480   0.00376   0.00246   0.00671   0.02382   0.01006   0.00082   0.00991   0.00743   0.00618   0.00371   0.00038   0.00619   0.00746   0.00750   0.02142   0.15890   0.01105   0.02645   0.02027   0.01639   0.00119   0.00853   0.00748   0.00477   0.00144   0.07860   0.21109   0.07153   0.11836   0.01126   0.10984   0.09883   4.35011   9.00227   7.83832   0.10377  
 64  0.4896  10657.021330  x:  0.29885   0.14345   0.09645   0.00271   0.06475   0.05101   0.05302   0.05810   0.06423   0.02480   0.00375   0.00245   0.00678   0.02390   0.01006   0.00076   0.00992   0.00744   0.00621   0.00372   0.00044   0.00621   0.00744   0.00745   0.02136   0.15886   0.01106   0.02645   0.02027   0.01639   0.00119   0.00853   0.00745   0.00476   0.00142   0.07863   0.21116   0.07156   0.11839   0.01119   0.10974   0.09886   4.34863   9.86401   8.70006   0.10376  
 65  0.6849  10657.020808  x:  0.29880   0.14344   0.09641   0.00273   0.06477   0.05102   0.05300   0.05813   0.06425   0.02481   0.00375   0.00245   0.00675   0.02384   0.01007   0.00067   0.00992   0.00744   0.00619   0.00371   0.00053   0.00619   0.00743   0.00747   0.02138   0.15895   0.01105   0.02645   0.02027   0.01639   0.00119   0.00852   0.00747   0.00476   0.00143   0.07863   0.21104   0.07159   0.11835   0.01119   0.10972   0.09889   4.34984  10.68851   9.52418   0.10381  
 66  0.6348  10657.020696  x:  0.29880   0.14344   0.09645   0.00273   0.06475   0.05102   0.05301   0.05810   0.06425   0.02481   0.00376   0.00246   0.00676   0.02385   0.01006   0.00064   0.00991   0.00744   0.00619   0.00371   0.00056   0.00620   0.00744   0.00747   0.02138   0.15891   0.01105   0.02645   0.02027   0.01639   0.00119   0.00853   0.00746   0.00476   0.00142   0.07863   0.21108   0.07156   0.11836   0.01119   0.10976   0.09886   4.34998  11.10912   9.94483   0.10380  
 67  0.4478  10657.020680  x:  0.29881   0.14343   0.09645   0.00272   0.06475   0.05102   0.05302   0.05811   0.06425   0.02481   0.00376   0.00246   0.00675   0.02386   0.01006   0.00063   0.00992   0.00744   0.00619   0.00371   0.00057   0.00620   0.00744   0.00746   0.02138   0.15891   0.01105   0.02645   0.02027   0.01639   0.00119   0.00853   0.00746   0.00476   0.00142   0.07862   0.21109   0.07156   0.11837   0.01118   0.10976   0.09886   4.34981  11.27081  10.10656   0.10380  
 68  0.2279  10657.020670  x:  0.29881   0.14343   0.09643   0.00272   0.06476   0.05102   0.05301   0.05812   0.06425   0.02481   0.00375   0.00246   0.00676   0.02386   0.01006   0.00063   0.00991   0.00744   0.00619   0.00371   0.00058   0.00620   0.00744   0.00747   0.02138   0.15892   0.01105   0.02645   0.02027   0.01639   0.00119   0.00852   0.00746   0.00476   0.00143   0.07863   0.21109   0.07157   0.11837   0.01118   0.10974   0.09888   4.34967  11.48928  10.32503   0.10380  
 69  0.1240  10657.020641  x:  0.29880   0.14345   0.09645   0.00271   0.06475   0.05102   0.05301   0.05810   0.06426   0.02481   0.00376   0.00245   0.00675   0.02385   0.01007   0.00063   0.00992   0.00744   0.00619   0.00371   0.00057   0.00620   0.00744   0.00746   0.02138   0.15892   0.01105   0.02645   0.02027   0.01639   0.00119   0.00852   0.00746   0.00476   0.00143   0.07863   0.21108   0.07156   0.11836   0.01119   0.10976   0.09886   4.34990  12.07614  10.91183   0.10381  
 70  0.1524  10657.020611  x:  0.29882   0.14343   0.09645   0.00272   0.06474   0.05102   0.05302   0.05812   0.06424   0.02481   0.00376   0.00246   0.00676   0.02386   0.01006   0.00065   0.00991   0.00744   0.00620   0.00371   0.00055   0.00620   0.00744   0.00747   0.02138   0.15891   0.01105   0.02645   0.02028   0.01639   0.00119   0.00853   0.00746   0.00476   0.00143   0.07863   0.21109   0.07157   0.11837   0.01119   0.10976   0.09887   4.34987  12.71101  11.54680   0.10380  
 71  0.3745  10657.020594  x:  0.29882   0.14343   0.09644   0.00272   0.06475   0.05102   0.05302   0.05811   0.06426   0.02480   0.00375   0.00246   0.00675   0.02386   0.01006   0.00066   0.00992   0.00744   0.00619   0.00371   0.00055   0.00620   0.00744   0.00747   0.02138   0.15891   0.01105   0.02645   0.02027   0.01639   0.00119   0.00852   0.00746   0.00476   0.00142   0.07863   0.21109   0.07157   0.11837   0.01119   0.10974   0.09887   4.34974  13.41014  12.24591   0.10379  
 72  0.4750  10657.020589  x:  0.29881   0.14344   0.09645   0.00272   0.06475   0.05102   0.05301   0.05811   0.06425   0.02481   0.00376   0.00246   0.00675   0.02386   0.01006   0.00065   0.00991   0.00744   0.00619   0.00371   0.00055   0.00620   0.00744   0.00747   0.02138   0.15891   0.01105   0.02645   0.02027   0.01639   0.00119   0.00853   0.00746   0.00476   0.00142   0.07863   0.21108   0.07156   0.11837   0.01119   0.10975   0.09886   4.34981  13.95812  12.79386   0.10380  
 73  0.4222  10657.020585  x:  0.29881   0.14343   0.09644   0.00272   0.06475   0.05102   0.05302   0.05811   0.06425   0.02481   0.00376   0.00246   0.00675   0.02386   0.01006   0.00065   0.00992   0.00744   0.00619   0.00371   0.00055   0.00620   0.00744   0.00747   0.02138   0.15891   0.01105   0.02645   0.02027   0.01639   0.00119   0.00852   0.00746   0.00476   0.00142   0.07862   0.21109   0.07157   0.11837   0.01119   0.10975   0.09887   4.34980  15.00892  13.84468   0.10380  
 74  0.5235  10657.020583  x:  0.29881   0.14343   0.09644   0.00272   0.06475   0.05102   0.05301   0.05811   0.06425   0.02481   0.00376   0.00246   0.00675   0.02386   0.01006   0.00065   0.00992   0.00744   0.00619   0.00371   0.00055   0.00620   0.00744   0.00747   0.02138   0.15891   0.01105   0.02645   0.02027   0.01639   0.00119   0.00853   0.00746   0.00476   0.00142   0.07863   0.21109   0.07157   0.11837   0.01119   0.10975   0.09887   4.34978  15.61834  14.45411   0.10380  
 75  0.6044  10657.020583  x:  0.29881   0.14344   0.09644   0.00272   0.06475   0.05102   0.05301   0.05811   0.06425   0.02481   0.00376   0.00246   0.00675   0.02386   0.01006   0.00065   0.00992   0.00744   0.00619   0.00371   0.00055   0.00620   0.00744   0.00747   0.02138   0.15891   0.01105   0.02645   0.02027   0.01639   0.00119   0.00852   0.00746   0.00476   0.00142   0.07863   0.21109   0.07157   0.11837   0.01119   0.10975   0.09887   4.34980  16.13386  14.96961   0.10380  
 76  0.3927  10657.020582  x:  0.29881   0.14343   0.09644   0.00272   0.06475   0.05102   0.05301   0.05811   0.06425   0.02481   0.00376   0.00246   0.00675   0.02386   0.01006   0.00065   0.00992   0.00744   0.00619   0.00371   0.00055   0.00620   0.00744   0.00747   0.02138   0.15891   0.01105   0.02645   0.02027   0.01639   0.00119   0.00853   0.00746   0.00476   0.00142   0.07863   0.21108   0.07157   0.11837   0.01119   0.10975   0.09887   4.34980  17.55819  16.39394   0.10380  
 77  0.6145  10657.020582  x:  0.29881   0.14343   0.09644   0.00272   0.06475   0.05102   0.05301   0.05811   0.06425   0.02481   0.00376   0.00246   0.00675   0.02386   0.01006   0.00065   0.00992   0.00744   0.00619   0.00371   0.00055   0.00620   0.00744   0.00747   0.02138   0.15891   0.01105   0.02645   0.02027   0.01639   0.00119   0.00853   0.00746   0.00476   0.00142   0.07863   0.21109   0.07157   0.11837   0.01119   0.10975   0.09887   4.34980  18.98252  17.81828   0.10380  
 78  4.1502  10657.020582  x:  0.29881   0.14343   0.09644   0.00272   0.06475   0.05102   0.05301   0.05811   0.06425   0.02481   0.00376   0.00246   0.00675   0.02386   0.01006   0.00065   0.00992   0.00744   0.00619   0.00371   0.00055   0.00620   0.00744   0.00747   0.02138   0.15891   0.01105   0.02645   0.02027   0.01639   0.00119   0.00853   0.00746   0.00476   0.00142   0.07863   0.21109   0.07157   0.11837   0.01119   0.10975   0.09887   4.34981  18.33375  17.16951   0.10380  
 79  1.9078  10657.020582  x:  0.29881   0.14343   0.09644   0.00272   0.06475   0.05102   0.05301   0.05811   0.06425   0.02481   0.00376   0.00246   0.00675   0.02386   0.01006   0.00065   0.00992   0.00744   0.00619   0.00371   0.00055   0.00620   0.00744   0.00747   0.02138   0.15891   0.01105   0.02645   0.02027   0.01639   0.00119   0.00853   0.00746   0.00476   0.00142   0.07863   0.21109   0.07157   0.11837   0.01119   0.10975   0.09887   4.34976  18.54821  17.38397   0.10380  
 80  0.4574  10657.020582  x:  0.29881   0.14343   0.09644   0.00272   0.06475   0.05102   0.05301   0.05811   0.06425   0.02481   0.00376   0.00246   0.00675   0.02386   0.01006   0.00065   0.00992   0.00744   0.00619   0.00371   0.00055   0.00620   0.00744   0.00747   0.02138   0.15891   0.01105   0.02645   0.02027   0.01639   0.00119   0.00853   0.00746   0.00476   0.00142   0.07863   0.21109   0.07157   0.11837   0.01119   0.10975   0.09887   4.34978  18.55626  17.39202   0.10380  
 81  0.0071  10657.020582  x:  0.29881   0.14343   0.09644   0.00272   0.06475   0.05102   0.05301   0.05811   0.06425   0.02481   0.00376   0.00246   0.00675   0.02386   0.01006   0.00065   0.00992   0.00744   0.00619   0.00371   0.00055   0.00620   0.00744   0.00747   0.02138   0.15891   0.01105   0.02645   0.02027   0.01639   0.00119   0.00853   0.00746   0.00476   0.00142   0.07863   0.21109   0.07157   0.11837   0.01119   0.10975   0.09887   4.34979  18.56528  17.40104   0.10380  
 82  0.0320  10657.020582  x:  0.29881   0.14343   0.09644   0.00272   0.06475   0.05102   0.05301   0.05811   0.06425   0.02481   0.00376   0.00246   0.00675   0.02386   0.01006   0.00065   0.00992   0.00744   0.00619   0.00371   0.00055   0.00620   0.00744   0.00747   0.02138   0.15891   0.01105   0.02645   0.02027   0.01639   0.00119   0.00853   0.00746   0.00476   0.00142   0.07863   0.21109   0.07157   0.11837   0.01119   0.10975   0.09887   4.34980  18.57041  17.40617   0.10380  
 83  0.0077  10657.020582  x:  0.29881   0.14343   0.09644   0.00272   0.06475   0.05102   0.05301   0.05811   0.06425   0.02481   0.00376   0.00246   0.00675   0.02386   0.01006   0.00065   0.00992   0.00744   0.00619   0.00371   0.00055   0.00620   0.00744   0.00747   0.02138   0.15891   0.01105   0.02645   0.02027   0.01639   0.00119   0.00853   0.00746   0.00476   0.00142   0.07863   0.21109   0.07157   0.11837   0.01119   0.10975   0.09887   4.34980  18.57041  17.40617   0.10380  