

TREE # 1

  0  0.0000  13456.536887  x:  0.36826   0.07062   0.00720   0.13921   0.12976   0.10564   0.17512   0.07302   0.07041   0.01860   0.03711   0.00956   0.01947   0.01673   0.00903   0.01422   0.02413   0.01472   0.01167   0.01334   0.06697   0.30034   0.00000   0.03920   0.06707   0.03865   0.03363   0.00938   0.02524   0.01451   0.00507   0.01040   0.12469   0.00873   0.10201   0.08664   0.06768   3.00000   1.39835   0.16116   0.29812  
  1 99.0000  13424.185312  x:  0.36977   0.07643   0.01351   0.14189   0.12999   0.10643   0.17855   0.07618   0.07062   0.02357   0.03598   0.01113   0.02062   0.01781   0.00488   0.00671   0.02110   0.01385   0.00611   0.00998   0.06663   0.30214   0.00603   0.04137   0.06827   0.03816   0.03223   0.00894   0.02088   0.01577   0.00000   0.00886   0.12729   0.01373   0.10253   0.08788   0.06958   3.00106   1.39921   0.16035   0.28513  
  2 1979.3451  13405.212028  x:  0.37099   0.08113   0.01857   0.14406   0.13018   0.10707   0.18133   0.07873   0.07078   0.02757   0.03506   0.01238   0.02154   0.01867   0.00157   0.00065   0.01867   0.01316   0.00167   0.00728   0.06634   0.30360   0.01077   0.04312   0.06924   0.03776   0.03110   0.00859   0.01736   0.01680   0.00050   0.00766   0.12939   0.01774   0.10295   0.08888   0.07111   3.00192   1.39990   0.15970   0.27460  
  3 33887.7108  13397.735727  x:  0.37151   0.08299   0.02017   0.14494   0.13024   0.10729   0.18248   0.07975   0.07084   0.02885   0.03469   0.01272   0.02191   0.01895   0.00286   0.00000   0.01785   0.01303   0.00263   0.00675   0.06615   0.30421   0.01159   0.04377   0.06962   0.03762   0.03069   0.00855   0.01611   0.01710   0.00056   0.00750   0.13024   0.01890   0.10311   0.08928   0.07168   3.00229   1.40020   0.15942   0.27007  
  4 4461.7852  13357.441092  x:  0.37619   0.09989   0.03493   0.15292   0.13077   0.10935   0.19286   0.08902   0.07132   0.04064   0.03128   0.01592   0.02520   0.02147   0.01209   0.00187   0.01041   0.01176   0.00890   0.00166   0.06441   0.30973   0.01962   0.04975   0.07313   0.03632   0.02693   0.00812   0.00471   0.01985   0.00123   0.00589   0.13797   0.02969   0.10461   0.09289   0.07686   3.00563   1.40289   0.15687   0.22921  
  5 73783.0589  13326.754429  x:  0.38125   0.11713   0.04835   0.16122   0.13127   0.11129   0.20377   0.09847   0.07174   0.05109   0.02802   0.01823   0.02802   0.02337   0.01736   0.00283   0.00596   0.01140   0.01208   0.01499   0.06239   0.31568   0.02485   0.05558   0.07671   0.03520   0.02358   0.00841   0.00128   0.02205   0.00167   0.00645   0.14602   0.03890   0.10616   0.09659   0.08191   3.00927   1.40581   0.15412   0.18503  
  6 10791.7711  13295.680144  x:  0.38725   0.13724   0.06372   0.17096   0.13187   0.11353   0.21658   0.10949   0.07222   0.06295   0.02440   0.02071   0.03114   0.02543   0.02339   0.00390   0.00334   0.01122   0.01566   0.02322   0.06000   0.32273   0.03050   0.06231   0.08087   0.03398   0.01999   0.00894   0.01093   0.02451   0.00213   0.00714   0.15545   0.04932   0.10799   0.10089   0.08772   3.01359   1.40925   0.15088   0.13301  
  7 26725.0469  13280.691598  x:  0.39044   0.14673   0.06966   0.17572   0.13216   0.11442   0.22298   0.11462   0.07238   0.06714   0.02341   0.02097   0.03198   0.02566   0.02497   0.00414   0.01414   0.01222   0.01645   0.02479   0.05875   0.32645   0.03078   0.06514   0.08276   0.03369   0.01965   0.00954   0.01146   0.02481   0.00224   0.00824   0.16005   0.05271   0.10888   0.10287   0.09015   3.01593   1.41098   0.14926   0.10754  
  8 7532.3483  13261.328744  x:  0.39712   0.15870   0.06769   0.18284   0.13254   0.11428   0.23353   0.12045   0.07199   0.06226   0.02750   0.01514   0.02820   0.02081   0.02031   0.00335   0.00947   0.01527   0.01292   0.01981   0.05657   0.33400   0.01375   0.06626   0.08440   0.03520   0.02805   0.01172   0.00891   0.01951   0.00172   0.01183   0.16681   0.04599   0.11004   0.10485   0.09077   3.02106   1.41370   0.14679   0.07934  
  9 1353.1998  13253.422175  x:  0.40316   0.17020   0.06776   0.18908   0.13245   0.11401   0.24325   0.12569   0.07139   0.05993   0.02673   0.01452   0.02730   0.02082   0.01790   0.00308   0.00947   0.01179   0.01222   0.01902   0.05543   0.34070   0.00260   0.06733   0.08538   0.03457   0.02362   0.00752   0.00862   0.01958   0.00153   0.00506   0.17277   0.04192   0.11052   0.10629   0.09148   3.02616   1.41575   0.14497   0.07724  
 10 770.6215  13250.109682  x:  0.40597   0.17558   0.06797   0.19191   0.13235   0.11385   0.24775   0.12804   0.07109   0.05914   0.02626   0.01474   0.02718   0.02112   0.01703   0.00300   0.00944   0.01123   0.01215   0.01859   0.05535   0.34383   0.00000   0.06782   0.08576   0.03420   0.02184   0.00760   0.00850   0.01992   0.00145   0.00720   0.17546   0.04030   0.11067   0.10689   0.09182   3.02864   1.41670   0.14413   0.07833  
 11 1383.4941  13230.830268  x:  0.43669   0.22990   0.06133   0.22121   0.13114   0.11104   0.29539   0.15070   0.06771   0.04317   0.02684   0.01221   0.02317   0.01970   0.01151   0.00281   0.00987   0.01588   0.01646   0.01799   0.05769   0.37844   0.00624   0.07072   0.08887   0.03263   0.01865   0.01600   0.00855   0.01833   0.00144   0.00744   0.20315   0.01438   0.11209   0.11234   0.09335   3.05637   1.42701   0.13506   0.09059  
 12 1985.1910  13226.141190  x:  0.44603   0.24361   0.05647   0.22811   0.13121   0.11029   0.30850   0.15446   0.06775   0.04047   0.02989   0.01680   0.02675   0.02170   0.01347   0.00289   0.01045   0.01383   0.01504   0.01865   0.06013   0.38902   0.00755   0.07058   0.08893   0.03459   0.02928   0.00917   0.00899   0.02027   0.00144   0.00918   0.20960   0.01264   0.11276   0.11304   0.09482   3.06687   1.43048   0.13208   0.09468  
 13 840.3872  13222.993710  x:  0.45570   0.25143   0.04553   0.23086   0.13266   0.11040   0.31905   0.15149   0.06970   0.04270   0.03074   0.01489   0.03034   0.02257   0.01748   0.00296   0.01066   0.01640   0.01094   0.01905   0.06508   0.40006   0.00522   0.06802   0.08763   0.03878   0.03126   0.01349   0.00917   0.02075   0.00141   0.00723   0.21199   0.02325   0.11408   0.11187   0.09791   3.08258   1.43464   0.12869   0.09779  
 14 370.2314  13220.206302  x:  0.46524   0.25489   0.03258   0.23112   0.13517   0.11184   0.32752   0.14461   0.07242   0.04477   0.03043   0.01293   0.02885   0.02077   0.01751   0.00296   0.01055   0.01483   0.01095   0.01876   0.06927   0.41097   0.00796   0.06472   0.08581   0.04084   0.02671   0.00858   0.00907   0.01911   0.00142   0.00965   0.21166   0.02835   0.11543   0.10987   0.09923   3.10149   1.43907   0.12520   0.09661  
 15 498.8834  13217.961461  x:  0.47451   0.25557   0.02405   0.22967   0.13858   0.11536   0.33446   0.13539   0.07520   0.04742   0.02960   0.01988   0.02714   0.02222   0.01462   0.00285   0.01041   0.01184   0.01341   0.01840   0.07008   0.42139   0.00825   0.06213   0.08437   0.03948   0.02539   0.01158   0.00883   0.02153   0.00140   0.00943   0.20938   0.02864   0.11636   0.10781   0.09884   3.12408   1.44391   0.12149   0.09457  
 16 512.4178  13215.343134  x:  0.48634   0.25469   0.02343   0.22676   0.14362   0.12229   0.34239   0.12261   0.07815   0.05187   0.02619   0.02148   0.02817   0.02474   0.01260   0.00277   0.00995   0.01959   0.01508   0.01823   0.06753   0.43425   0.00733   0.06096   0.08383   0.03548   0.02583   0.00920   0.00877   0.02367   0.00139   0.00897   0.20531   0.02695   0.11695   0.10602   0.09754   3.15853   1.45080   0.11633   0.09454  
 17 582.6932  13210.543876  x:  0.50585   0.25091   0.03213   0.22102   0.15148   0.13436   0.35439   0.10243   0.08164   0.05763   0.02565   0.01456   0.03158   0.02378   0.01491   0.00293   0.01050   0.01365   0.01377   0.01891   0.06111   0.45475   0.00785   0.06142   0.08517   0.03208   0.02883   0.01113   0.00907   0.02122   0.00144   0.00922   0.19826   0.02331   0.11723   0.10482   0.09540   3.22367   1.46322   0.10718   0.09650  
 18 892.6476  13207.429579  x:  0.51765   0.24428   0.04070   0.21615   0.15317   0.13822   0.35983   0.09564   0.08115   0.05553   0.03480   0.01913   0.02918   0.02054   0.01798   0.00305   0.01064   0.01572   0.01168   0.01941   0.05890   0.46573   0.00785   0.06408   0.08795   0.03876   0.02469   0.01071   0.00926   0.02002   0.00148   0.00916   0.19524   0.02332   0.11650   0.10678   0.09538   3.27826   1.47278   0.10040   0.09745  
 19 602.6208  13198.890338  x:  0.54260   0.21797   0.05453   0.20311   0.14782   0.13389   0.36602   0.09968   0.07397   0.03936   0.02768   0.01587   0.02064   0.02854   0.01594   0.00312   0.01052   0.01383   0.01462   0.01937   0.06447   0.48475   0.00842   0.07103   0.09242   0.04978   0.02524   0.01007   0.00909   0.02810   0.00152   0.00981   0.19393   0.02870   0.11357   0.11535   0.09878   3.43867   1.49875   0.08275   0.09613  
 20 766.2701  13188.418284  x:  0.56930   0.18307   0.06273   0.19083   0.13693   0.11997   0.36875   0.11725   0.06437   0.03263   0.02242   0.02131   0.03814   0.02149   0.01149   0.00295   0.01012   0.01362   0.01863   0.01890   0.07294   0.50107   0.00790   0.07607   0.09162   0.04209   0.02260   0.01048   0.00887   0.02016   0.00156   0.00954   0.19695   0.03008   0.11029   0.12308   0.10184   3.65513   1.53212   0.06075   0.09416  
 21 1695.8356  13178.912703  x:  0.58623   0.15825   0.06444   0.18845   0.12765   0.10486   0.36675   0.13863   0.06086   0.04989   0.03205   0.01830   0.02973   0.02250   0.01474   0.00310   0.01038   0.01385   0.01613   0.01950   0.07481   0.50625   0.00704   0.07739   0.08688   0.02619   0.02394   0.01029   0.00912   0.02187   0.00157   0.00909   0.20262   0.02712   0.10867   0.12421   0.10208   3.85053   1.56063   0.04269   0.09549  
 22 1784.4589  13170.388397  x:  0.59046   0.14952   0.06133   0.19910   0.12611   0.09741   0.35773   0.15625   0.06810   0.06651   0.02079   0.02137   0.02666   0.02022   0.01888   0.00313   0.01036   0.01429   0.01159   0.01949   0.06160   0.49609   0.00761   0.07319   0.08310   0.04098   0.02564   0.01072   0.00914   0.01796   0.00155   0.00890   0.20745   0.01848   0.11002   0.11504   0.09737   4.03435   1.58481   0.02868   0.09708  
 23 1168.1024  13161.394663  x:  0.58473   0.15502   0.05569   0.21760   0.13116   0.10072   0.34224   0.16816   0.07698   0.06380   0.03036   0.01404   0.03768   0.02609   0.01364   0.00299   0.00997   0.01373   0.01601   0.01886   0.04735   0.47217   0.00995   0.06232   0.08051   0.04765   0.02151   0.01078   0.00880   0.02706   0.00151   0.00970   0.21020   0.01752   0.11361   0.10181   0.09300   4.24122   1.60963   0.01563   0.09593  
 24 1431.6778  13146.527636  x:  0.56349   0.18595   0.05494   0.24864   0.14405   0.11966   0.31511   0.17434   0.08814   0.04658   0.02884   0.01850   0.02647   0.01921   0.01299   0.00307   0.01034   0.01382   0.01762   0.01937   0.04838   0.42231   0.00984   0.04772   0.08178   0.03349   0.02598   0.00989   0.00915   0.01841   0.00157   0.00931   0.21083   0.03233   0.11977   0.08989   0.09202   4.57096   1.64601  -0.00160   0.09936  
 25 1846.4142  13138.980685  x:  0.54275   0.21216   0.04707   0.25760   0.14600   0.12580   0.30114   0.16414   0.08690   0.04512   0.02742   0.01857   0.02978   0.02398   0.02052   0.00303   0.00999   0.01393   0.00819   0.01864   0.06760   0.39272   0.00906   0.05238   0.08496   0.03210   0.02244   0.01046   0.00876   0.02006   0.00143   0.00904   0.20691   0.01990   0.11915   0.09894   0.08974   4.74280   1.66215  -0.00738   0.09673  
 26 1188.6696  13134.441971  x:  0.52335   0.23573   0.04143   0.25745   0.14234   0.12417   0.29515   0.15232   0.07927   0.05321   0.02859   0.01591   0.03006   0.01783   0.01310   0.00290   0.01017   0.01408   0.01534   0.01860   0.07146   0.37521   0.00755   0.06193   0.08633   0.03656   0.02584   0.01055   0.00883   0.02207   0.00143   0.00819   0.20446   0.01832   0.11551   0.11026   0.09353   4.85066   1.67020  -0.00858   0.09866  
 27 1015.3749  13131.937750  x:  0.50845   0.25050   0.03615   0.25284   0.13756   0.11916   0.29408   0.14375   0.07105   0.05301   0.02916   0.01621   0.02959   0.02383   0.01258   0.00285   0.01013   0.01410   0.01534   0.01839   0.06334   0.36849   0.00817   0.06609   0.08462   0.03592   0.02585   0.01045   0.00881   0.01565   0.00142   0.00826   0.20390   0.01886   0.11168   0.11469   0.09713   4.90890   1.67294  -0.00730   0.09852  
 28 724.1909  13130.224709  x:  0.49526   0.26135   0.03242   0.24703   0.13343   0.11405   0.29468   0.13746   0.06514   0.04996   0.02725   0.01650   0.02935   0.02035   0.01568   0.00286   0.01002   0.01412   0.01176   0.01813   0.05535   0.36589   0.00910   0.06748   0.08214   0.03326   0.02537   0.01033   0.00866   0.01946   0.00137   0.00856   0.20422   0.01882   0.10853   0.11527   0.09920   4.94946   1.67389  -0.00519   0.09762  
 29 748.3982  13128.063507  x:  0.46324   0.27705   0.03783   0.22836   0.12850   0.10469   0.30220   0.13305   0.07015   0.04846   0.02800   0.01588   0.02887   0.02021   0.01488   0.00286   0.01004   0.01423   0.01265   0.01822   0.06016   0.37321   0.00812   0.06351   0.07759   0.03436   0.02571   0.01043   0.00870   0.01902   0.00138   0.00816   0.20873   0.01741   0.10542   0.10154   0.09537   5.00226   1.67063   0.00343   0.09645  
 30 197.3079  13127.272545  x:  0.44398   0.27855   0.03564   0.22114   0.13220   0.10633   0.30790   0.13666   0.07253   0.04922   0.02816   0.01579   0.02905   0.02026   0.01496   0.00285   0.01007   0.01433   0.01249   0.01821   0.05856   0.38121   0.00825   0.05970   0.08399   0.03405   0.02596   0.01041   0.00872   0.01901   0.00137   0.00823   0.21102   0.01741   0.11298   0.10683   0.09333   5.02319   1.66630   0.01111   0.09687  
 31 108.4084  13126.832459  x:  0.43093   0.27508   0.03359   0.22313   0.13710   0.11316   0.31355   0.14067   0.07215   0.04924   0.02838   0.01578   0.02909   0.02029   0.01513   0.00285   0.01010   0.01431   0.01225   0.01821   0.05871   0.38810   0.00826   0.06346   0.07900   0.03459   0.02599   0.01051   0.00873   0.01902   0.00136   0.00827   0.21090   0.01721   0.11074   0.10865   0.09564   5.03554   1.66026   0.02057   0.09691  
 32 68.6935  13126.606641  x:  0.42604   0.27171   0.03296   0.22854   0.13646   0.11484   0.31807   0.14054   0.06910   0.05000   0.02828   0.01586   0.02919   0.02034   0.01509   0.00285   0.01012   0.01431   0.01229   0.01822   0.05961   0.39128   0.00819   0.06318   0.08326   0.03457   0.02608   0.01047   0.00873   0.01911   0.00136   0.00828   0.20918   0.01723   0.10803   0.10620   0.09664   5.04258   1.65387   0.03024   0.09654  
 33 49.9704  13126.265950  x:  0.42434   0.26697   0.03404   0.23759   0.13177   0.11256   0.32581   0.13743   0.07266   0.04892   0.02840   0.01602   0.02929   0.02040   0.01504   0.00286   0.01016   0.01438   0.01253   0.01830   0.05987   0.39332   0.00818   0.06525   0.08289   0.03402   0.02614   0.01051   0.00877   0.01917   0.00138   0.00833   0.20590   0.01830   0.11174   0.10759   0.09568   5.05415   1.63942   0.05211   0.09581  
 34 55.7064  13125.885232  x:  0.43021   0.26506   0.03619   0.23897   0.13360   0.11250   0.33168   0.13688   0.07028   0.04971   0.02855   0.01616   0.02929   0.02053   0.01503   0.00289   0.01023   0.01448   0.01284   0.01848   0.06114   0.39217   0.00809   0.05943   0.07977   0.03535   0.02631   0.01056   0.00885   0.01937   0.00139   0.00835   0.20643   0.01805   0.11328   0.11038   0.09607   5.06752   1.61983   0.08234   0.09468  
 35 68.1036  13125.088268  x:  0.44793   0.26353   0.03432   0.23358   0.14054   0.11427   0.33928   0.13977   0.07543   0.04983   0.02915   0.01620   0.02973   0.02077   0.01533   0.00292   0.01040   0.01475   0.01274   0.01869   0.06089   0.38893   0.00822   0.06289   0.08426   0.03514   0.02681   0.01076   0.00898   0.01959   0.00140   0.00850   0.21132   0.01826   0.11092   0.11038   0.09856   5.09625   1.57666   0.15027   0.09295  
 36 174.9800  13124.908621  x:  0.45234   0.26518   0.03361   0.23275   0.13820   0.11802   0.33436   0.14100   0.07245   0.05019   0.02928   0.01618   0.02973   0.02081   0.01541   0.00293   0.01045   0.01478   0.01271   0.01875   0.06134   0.39307   0.00813   0.06564   0.08406   0.03553   0.02698   0.01081   0.00902   0.01961   0.00140   0.00851   0.21262   0.01837   0.11552   0.10763   0.09756   5.10263   1.56810   0.16650   0.09261  
 37 48.0061  13124.751376  x:  0.45529   0.26792   0.03399   0.23505   0.13735   0.11757   0.32368   0.14112   0.07422   0.05009   0.02939   0.01620   0.02978   0.02083   0.01541   0.00293   0.01048   0.01483   0.01280   0.01881   0.06141   0.40210   0.00802   0.06425   0.08437   0.03552   0.02705   0.01084   0.00905   0.01964   0.00141   0.00851   0.21324   0.01843   0.11316   0.11001   0.09777   5.10777   1.56351   0.18083   0.09228  
 38 30.2662  13124.701849  x:  0.45557   0.26821   0.03445   0.23597   0.14034   0.11491   0.32175   0.14067   0.07356   0.04989   0.02940   0.01622   0.02977   0.02084   0.01539   0.00293   0.01049   0.01486   0.01282   0.01881   0.06175   0.40375   0.00795   0.06506   0.08446   0.03545   0.02705   0.01087   0.00905   0.01966   0.00141   0.00850   0.21275   0.01797   0.11464   0.10920   0.09956   5.10893   1.56540   0.18495   0.09228  
 39 10.7961  13123.740302  x:  0.45756   0.26816   0.03280   0.23665   0.14760   0.10998   0.32211   0.14207   0.06891   0.04859   0.02960   0.01593   0.02929   0.02053   0.01518   0.00292   0.01051   0.01476   0.01291   0.01870   0.06168   0.40596   0.00770   0.06846   0.08374   0.03508   0.02737   0.01072   0.00902   0.01930   0.00141   0.00838   0.20705   0.02164   0.11189   0.10995   0.08417   5.12457   1.64348   0.25686   0.09215  
 40 12.5208  13108.316254  x:  0.48166   0.24933   0.01455   0.22019   0.13940   0.11522   0.33679   0.15078   0.07307   0.03577   0.03313   0.01023   0.02500   0.01817   0.01232   0.00229   0.01001   0.01524   0.00931   0.01483   0.06203   0.41861   0.00342   0.05807   0.08107   0.03478   0.03018   0.01082   0.00772   0.01702   0.00119   0.00596   0.14953   0.00894   0.10770   0.11275   0.09621   5.36454   2.87381   1.36781   0.09440  
 41 464.0325  13101.469356  x:  0.48589   0.21749   0.00762   0.22664   0.14044   0.11926   0.33858   0.11537   0.07065   0.02961   0.03400   0.00841   0.02333   0.01752   0.01069   0.00202   0.00979   0.01519   0.00843   0.01311   0.06446   0.42154   0.00180   0.05910   0.08074   0.03436   0.03104   0.01068   0.00709   0.01645   0.00111   0.00510   0.20638   0.00603   0.10630   0.11631   0.09438   5.47891   3.46229   1.89640   0.09550  
 42 1144.6560  13091.794975  x:  0.50535   0.17466   0.02657   0.21600   0.13917   0.11791   0.33507   0.10048   0.07119   0.02810   0.03229   0.01322   0.02114   0.01896   0.00504   0.00150   0.01180   0.01396   0.00830   0.01101   0.06506   0.43167   0.00136   0.05562   0.07989   0.03628   0.03003   0.00931   0.00727   0.01774   0.00083   0.00831   0.21364   0.01502   0.10596   0.11387   0.09317   5.81331   4.30526   2.68680   0.10086  
 43  1.7255  13088.726212  x:  0.50984   0.16850   0.02203   0.20967   0.13995   0.11844   0.32828   0.10760   0.07222   0.03417   0.03093   0.01389   0.02295   0.01886   0.00702   0.00135   0.01324   0.01339   0.00392   0.01025   0.06315   0.43225   0.00177   0.05416   0.07897   0.03761   0.02886   0.00893   0.00779   0.01763   0.00075   0.00951   0.20558   0.01307   0.10728   0.10930   0.09069   6.01153   4.34674   2.71844   0.10251  
 44  0.3659  13087.500970  x:  0.50954   0.17045   0.01781   0.20622   0.14040   0.11844   0.32206   0.11319   0.07267   0.03585   0.03044   0.01327   0.02417   0.01920   0.00440   0.00125   0.01418   0.01339   0.00569   0.00988   0.06218   0.43024   0.00172   0.05341   0.07837   0.03781   0.02825   0.00894   0.00827   0.01764   0.00077   0.00980   0.19755   0.01188   0.10794   0.10632   0.08911   6.13778   4.30143   2.66839   0.10296  
 45  0.4123  13086.548324  x:  0.50687   0.17648   0.01834   0.20604   0.13961   0.11648   0.31547   0.11492   0.07232   0.03089   0.03081   0.01184   0.02351   0.01882   0.00594   0.00140   0.01575   0.01369   0.00550   0.01033   0.06173   0.42626   0.00142   0.05325   0.07810   0.03688   0.02796   0.00942   0.00948   0.01721   0.00095   0.00961   0.19020   0.01140   0.10778   0.10444   0.08801   6.29953   4.20220   2.56305   0.10261  
 46  0.2659  13085.942108  x:  0.50628   0.17493   0.01836   0.21191   0.13808   0.11647   0.32214   0.10863   0.07167   0.03349   0.03075   0.01232   0.02268   0.01830   0.00535   0.00136   0.01709   0.01382   0.00529   0.00998   0.06142   0.42615   0.00198   0.05469   0.07884   0.03627   0.02788   0.00963   0.01078   0.01684   0.00105   0.00925   0.19587   0.01002   0.10597   0.10857   0.09006   6.42095   4.20074   2.55275   0.10103  
 47  0.0836  13085.665167  x:  0.50859   0.17458   0.01744   0.21107   0.13891   0.11796   0.32599   0.11201   0.07183   0.03237   0.03110   0.01217   0.02340   0.01874   0.00485   0.00131   0.01760   0.01395   0.00493   0.00946   0.06190   0.42884   0.00165   0.05438   0.07907   0.03641   0.02852   0.00951   0.01159   0.01719   0.00111   0.00870   0.19850   0.01260   0.10638   0.10865   0.09015   6.44186   4.09306   2.44389   0.10019  
 48  0.1412  13085.423555  x:  0.51226   0.17726   0.01993   0.20934   0.14023   0.11847   0.32694   0.11429   0.07268   0.03231   0.03118   0.01248   0.02401   0.01924   0.00522   0.00140   0.01780   0.01372   0.00532   0.00929   0.06271   0.43220   0.00189   0.05382   0.07905   0.03688   0.02883   0.00921   0.01262   0.01731   0.00130   0.00844   0.20178   0.01105   0.10796   0.10745   0.09001   6.38891   3.86024   2.22489   0.09978  
 49  0.2165  13085.186729  x:  0.51195   0.17701   0.01822   0.20943   0.14024   0.11772   0.32309   0.11204   0.07239   0.03258   0.03099   0.01237   0.02278   0.01852   0.00513   0.00140   0.01756   0.01371   0.00505   0.00833   0.06269   0.43152   0.00167   0.05406   0.07861   0.03689   0.02875   0.00930   0.01357   0.01672   0.00148   0.00866   0.19783   0.01126   0.10802   0.10638   0.08914   6.32106   3.52602   1.89251   0.10009  
 50  0.2879  13085.132400  x:  0.50949   0.17509   0.01818   0.21066   0.13954   0.11771   0.32316   0.11125   0.07235   0.03260   0.03091   0.01221   0.02356   0.01884   0.00519   0.00142   0.01733   0.01378   0.00516   0.00838   0.06222   0.42961   0.00187   0.05425   0.07880   0.03682   0.02854   0.00942   0.01383   0.01706   0.00155   0.00893   0.19750   0.01164   0.10719   0.10749   0.08980   6.29687   3.49519   1.86418   0.10054  
 51  0.0465  13085.107221  x:  0.50733   0.17456   0.01893   0.21005   0.13903   0.11755   0.32282   0.11169   0.07223   0.03263   0.03093   0.01243   0.02348   0.01887   0.00501   0.00141   0.01709   0.01387   0.00507   0.00843   0.06210   0.42791   0.00156   0.05420   0.07885   0.03662   0.02853   0.00946   0.01396   0.01710   0.00159   0.00889   0.19749   0.01129   0.10683   0.10786   0.09004   6.29477   3.50433   1.87005   0.10077  
 52  0.0109  13085.076805  x:  0.50591   0.17546   0.01890   0.20883   0.13900   0.11753   0.32266   0.11240   0.07202   0.03249   0.03099   0.01250   0.02306   0.01871   0.00494   0.00143   0.01672   0.01368   0.00502   0.00869   0.06194   0.42673   0.00181   0.05412   0.07881   0.03634   0.02838   0.00932   0.01416   0.01696   0.00168   0.00904   0.19801   0.01160   0.10701   0.10761   0.08991   6.30175   3.53326   1.89450   0.10086  
 53  0.0256  13085.046025  x:  0.50826   0.17516   0.01853   0.20977   0.13953   0.11749   0.32278   0.11145   0.07216   0.03269   0.03101   0.01232   0.02342   0.01879   0.00497   0.00145   0.01632   0.01374   0.00494   0.00893   0.06235   0.42844   0.00165   0.05416   0.07871   0.03658   0.02851   0.00933   0.01434   0.01693   0.00181   0.00899   0.19791   0.01156   0.10754   0.10699   0.08937   6.31610   3.56510   1.92612   0.10058  
 54  0.0273  13085.030686  x:  0.50978   0.17527   0.01840   0.21032   0.13948   0.11772   0.32354   0.11211   0.07244   0.03228   0.03098   0.01235   0.02332   0.01886   0.00487   0.00145   0.01619   0.01385   0.00489   0.00882   0.06211   0.42979   0.00177   0.05405   0.07878   0.03673   0.02851   0.00943   0.01430   0.01706   0.00189   0.00890   0.19742   0.01120   0.10706   0.10748   0.08990   6.32357   3.59771   1.96271   0.10044  
 55  0.0261  13085.012078  x:  0.51004   0.17593   0.01849   0.21017   0.13934   0.11789   0.32403   0.11226   0.07241   0.03274   0.03091   0.01232   0.02316   0.01871   0.00501   0.00148   0.01618   0.01387   0.00507   0.00878   0.06211   0.43023   0.00171   0.05418   0.07892   0.03681   0.02851   0.00944   0.01412   0.01698   0.00202   0.00869   0.19771   0.01153   0.10680   0.10803   0.09027   6.32316   3.65199   2.02183   0.10054  
 56  0.0415  13084.991469  x:  0.50843   0.17597   0.01874   0.20965   0.13929   0.11760   0.32317   0.11162   0.07208   0.03257   0.03086   0.01229   0.02348   0.01869   0.00494   0.00147   0.01626   0.01371   0.00497   0.00848   0.06214   0.42872   0.00175   0.05432   0.07884   0.03665   0.02841   0.00935   0.01379   0.01692   0.00215   0.00869   0.19783   0.01146   0.10728   0.10752   0.08975   6.32655   3.69745   2.06153   0.10072  
 57  0.0354  13084.982549  x:  0.50809   0.17534   0.01849   0.21004   0.13946   0.11758   0.32302   0.11221   0.07220   0.03265   0.03098   0.01240   0.02324   0.01894   0.00500   0.00149   0.01638   0.01381   0.00497   0.00853   0.06225   0.42837   0.00173   0.05420   0.07879   0.03661   0.02849   0.00938   0.01364   0.01707   0.00223   0.00879   0.19763   0.01146   0.10738   0.10723   0.08958   6.32257   3.69159   2.05370   0.10074  
 58  0.0072  13084.974850  x:  0.50856   0.17582   0.01862   0.20999   0.13944   0.11751   0.32341   0.11206   0.07236   0.03258   0.03111   0.01234   0.02337   0.01873   0.00493   0.00149   0.01658   0.01379   0.00496   0.00867   0.06222   0.42894   0.00170   0.05407   0.07876   0.03660   0.02853   0.00940   0.01358   0.01699   0.00231   0.00889   0.19756   0.01146   0.10707   0.10739   0.08985   6.31575   3.65117   2.01452   0.10061  
 59  0.0308  13084.973331  x:  0.50875   0.17572   0.01861   0.20998   0.13941   0.11766   0.32335   0.11188   0.07223   0.03259   0.03100   0.01234   0.02332   0.01882   0.00491   0.00148   0.01666   0.01377   0.00493   0.00871   0.06218   0.42902   0.00171   0.05426   0.07883   0.03665   0.02848   0.00937   0.01357   0.01702   0.00232   0.00885   0.19773   0.01147   0.10722   0.10748   0.08980   6.31460   3.62597   1.99099   0.10061  
 60  0.0260  13084.973042  x:  0.50867   0.17553   0.01859   0.20999   0.13942   0.11767   0.32328   0.11194   0.07224   0.03258   0.03096   0.01237   0.02334   0.01878   0.00492   0.00148   0.01666   0.01378   0.00492   0.00872   0.06219   0.42892   0.00172   0.05418   0.07882   0.03666   0.02846   0.00938   0.01355   0.01700   0.00232   0.00883   0.19778   0.01147   0.10725   0.10745   0.08977   6.31473   3.61434   1.97938   0.10060  
 61  0.0124  13084.972885  x:  0.50858   0.17559   0.01861   0.20992   0.13941   0.11759   0.32324   0.11194   0.07226   0.03259   0.03096   0.01233   0.02333   0.01880   0.00491   0.00148   0.01664   0.01378   0.00492   0.00872   0.06222   0.42886   0.00172   0.05416   0.07880   0.03667   0.02847   0.00939   0.01353   0.01701   0.00232   0.00882   0.19776   0.01146   0.10720   0.10743   0.08978   6.31557   3.60418   1.96867   0.10061  
 62  0.0090  13084.972801  x:  0.50862   0.17562   0.01860   0.20994   0.13940   0.11761   0.32327   0.11191   0.07225   0.03258   0.03098   0.01236   0.02334   0.01880   0.00491   0.00147   0.01662   0.01378   0.00493   0.00872   0.06221   0.42890   0.00172   0.05422   0.07881   0.03666   0.02848   0.00938   0.01352   0.01700   0.00232   0.00882   0.19774   0.01147   0.10719   0.10744   0.08979   6.31650   3.59739   1.96186   0.10060  
 63  0.0058  13084.972757  x:  0.50870   0.17557   0.01862   0.20999   0.13940   0.11765   0.32330   0.11194   0.07225   0.03260   0.03098   0.01235   0.02333   0.01879   0.00492   0.00147   0.01661   0.01378   0.00493   0.00872   0.06219   0.42895   0.00172   0.05419   0.07882   0.03665   0.02848   0.00938   0.01352   0.01700   0.00232   0.00883   0.19777   0.01147   0.10722   0.10745   0.08979   6.31741   3.59425   1.95901   0.10059  
 64  0.0024  13084.972716  x:  0.50872   0.17567   0.01861   0.20995   0.13943   0.11763   0.32334   0.11192   0.07226   0.03260   0.03097   0.01236   0.02334   0.01880   0.00492   0.00147   0.01662   0.01378   0.00493   0.00871   0.06219   0.42896   0.00171   0.05418   0.07882   0.03666   0.02846   0.00939   0.01352   0.01701   0.00232   0.00884   0.19782   0.01147   0.10722   0.10746   0.08979   6.31795   3.59406   1.95894   0.10059  
 65  0.0002  13084.972643  x:  0.50870   0.17559   0.01862   0.20998   0.13942   0.11761   0.32335   0.11196   0.07225   0.03258   0.03096   0.01235   0.02334   0.01880   0.00492   0.00145   0.01662   0.01377   0.00494   0.00872   0.06221   0.42894   0.00171   0.05422   0.07881   0.03667   0.02845   0.00938   0.01353   0.01700   0.00232   0.00883   0.19780   0.01147   0.10720   0.10744   0.08979   6.31756   3.59715   1.96173   0.10060  
 66  0.0013  13084.972602  x:  0.50866   0.17561   0.01861   0.20997   0.13939   0.11763   0.32329   0.11193   0.07225   0.03259   0.03097   0.01235   0.02334   0.01880   0.00492   0.00145   0.01662   0.01378   0.00493   0.00872   0.06220   0.42892   0.00171   0.05419   0.07882   0.03666   0.02847   0.00938   0.01353   0.01700   0.00232   0.00883   0.19777   0.01147   0.10721   0.10745   0.08979   6.31680   3.59940   1.96399   0.10060  
 67  0.0019  13084.972599  x:  0.50867   0.17561   0.01861   0.20996   0.13941   0.11763   0.32330   0.11193   0.07225   0.03259   0.03097   0.01235   0.02334   0.01880   0.00492   0.00145   0.01662   0.01378   0.00493   0.00872   0.06220   0.42893   0.00172   0.05420   0.07882   0.03666   0.02847   0.00938   0.01353   0.01700   0.00232   0.00883   0.19777   0.01147   0.10721   0.10745   0.08979   6.31679   3.59939   1.96407   0.10060  
 68  0.0001  13084.972599  x:  0.50867   0.17561   0.01861   0.20996   0.13941   0.11763   0.32330   0.11193   0.07225   0.03259   0.03097   0.01235   0.02334   0.01880   0.00492   0.00145   0.01662   0.01378   0.00493   0.00872   0.06220   0.42893   0.00172   0.05419   0.07881   0.03666   0.02847   0.00938   0.01353   0.01700   0.00232   0.00883   0.19777   0.01147   0.10721   0.10745   0.08979   6.31681   3.59939   1.96408   0.10060  
 69  0.0000  13084.972599  x:  0.50867   0.17561   0.01861   0.20996   0.13941   0.11763   0.32330   0.11193   0.07225   0.03259   0.03097   0.01235   0.02334   0.01880   0.00492   0.00145   0.01662   0.01378   0.00493   0.00872   0.06220   0.42893   0.00172   0.05419   0.07881   0.03666   0.02847   0.00938   0.01353   0.01700   0.00232   0.00883   0.19777   0.01147   0.10721   0.10745   0.08979   6.31680   3.59938   1.96407   0.10060  
 70  0.0000  13084.972599  x:  0.50867   0.17561   0.01861   0.20996   0.13941   0.11763   0.32330   0.11193   0.07225   0.03259   0.03097   0.01235   0.02334   0.01880   0.00492   0.00145   0.01662   0.01378   0.00493   0.00872   0.06220   0.42893   0.00172   0.05419   0.07881   0.03666   0.02847   0.00938   0.01353   0.01700   0.00232   0.00883   0.19777   0.01147   0.10721   0.10745   0.08979   6.31681   3.59938   1.96406   0.10060  
 71  0.0000  13084.972599  x:  0.50867   0.17561   0.01861   0.20996   0.13941   0.11763   0.32330   0.11193   0.07225   0.03259   0.03097   0.01235   0.02334   0.01880   0.00492   0.00145   0.01662   0.01378   0.00493   0.00872   0.06220   0.42893   0.00172   0.05419   0.07881   0.03666   0.02847   0.00938   0.01353   0.01700   0.00232   0.00883   0.19777   0.01147   0.10721   0.10745   0.08979   6.31681   3.59938   1.96406   0.10060  
 72  0.0000  13084.972599  x:  0.50867   0.17561   0.01861   0.20996   0.13941   0.11763   0.32330   0.11193   0.07225   0.03259   0.03097   0.01235   0.02334   0.01880   0.00492   0.00145   0.01662   0.01378   0.00493   0.00872   0.06220   0.42893   0.00172   0.05419   0.07881   0.03666   0.02847   0.00938   0.01353   0.01700   0.00232   0.00883   0.19777   0.01147   0.10721   0.10745   0.08979   6.31681   3.59938   1.96406   0.10060  
check convergence!
