Supplemental results for CODEML (seqf: Human_TAS1R1_breaks2_2nd_attempt.txt  treef: TAS1R1_revised_tree_following_error_message.txt)


MLEs of dN/dS (w) for site classes (K=4)

site class             0        1       2a       2b
proportion       0.00000  0.00000  0.76398  0.23602
background w     0.10441  1.00000  0.10441  1.00000
foreground w     0.10441  1.00000 313.55910 313.55910

Naive Empirical Bayes (NEB) probabilities for 4 classes
(amino acids refer to 1st sequence: 1.Tarsier)

   1 M   0.00000 0.00000 0.99204 0.00796 ( 3)
   2 F   0.00000 0.00000 0.68026 0.31974 ( 3)
   3 H   0.00000 0.00000 0.48917 0.51083 ( 4)
   4 H   0.00000 0.00000 0.00047 0.99953 ( 4)
   5 V   0.00000 0.00000 0.00001 0.99999 ( 4)
   6 A   0.00000 0.00000 0.63747 0.36253 ( 3)
   7 H   0.00000 0.00000 0.00726 0.99274 ( 4)
   8 L   0.00000 0.00000 0.95392 0.04608 ( 3)
   9 V   0.00000 0.00000 0.44435 0.55565 ( 4)
  10 G   0.00000 0.00000 0.90202 0.09798 ( 3)
  11 L   0.00000 0.00000 0.94723 0.05277 ( 3)
  12 Q   0.00000 0.00000 0.95069 0.04931 ( 3)
  13 L   0.00000 0.00000 0.94113 0.05887 ( 3)
  14 S   0.00000 0.00000 0.05770 0.94230 ( 4)
  15 I   0.00000 0.00000 0.60477 0.39523 ( 3)
  16 S   0.00000 0.00000 0.89997 0.10003 ( 3)
  17 C   0.00000 0.00000 0.87810 0.12190 ( 3)
  18 C   0.00000 0.00000 0.98581 0.01419 ( 3)
  19 W   0.00000 0.00000 0.68895 0.31105 ( 3)
  20 A   0.00000 0.00000 0.98119 0.01881 ( 3)
  21 F   0.00000 0.00000 0.80062 0.19938 ( 3)
  22 S   0.00000 0.00000 0.48610 0.51390 ( 4)
  23 C   0.00000 0.00000 0.98611 0.01389 ( 3)
  24 H   0.00000 0.00000 0.98319 0.01681 ( 3)
  25 N   0.00000 0.00000 0.08877 0.91123 ( 4)
  26 T   0.00000 0.00000 0.01710 0.98290 ( 4)
  27 E   0.00000 0.00000 0.83665 0.16335 ( 3)
  28 F   0.00000 0.00000 0.03985 0.96015 ( 4)
  29 S   0.00000 0.00000 0.93326 0.06674 ( 3)
  30 P   0.00000 0.00000 0.95631 0.04369 ( 3)
  31 D   0.00000 0.00000 0.92585 0.07415 ( 3)
  32 F   0.00000 0.00000 0.99281 0.00719 ( 3)
  33 S   0.00000 0.00000 0.90461 0.09539 ( 3)
  34 L   0.00000 0.00000 0.98924 0.01076 ( 3)
  35 P   0.00000 0.00000 0.79440 0.20560 ( 3)
  36 G   0.00000 0.00000 0.97160 0.02840 ( 3)
  37 N   0.00000 0.00000 0.70117 0.29883 ( 3)
  38 Y   0.00000 0.00000 0.98524 0.01476 ( 3)
  39 L   0.00000 0.00000 0.98901 0.01099 ( 3)
  40 L   0.00000 0.00000 0.95191 0.04809 ( 3)
  41 A   0.00000 0.00000 0.42242 0.57758 ( 4)
  42 G   0.00000 0.00000 0.98783 0.01217 ( 3)
  43 F   0.00000 0.00000 0.20125 0.79875 ( 4)
  44 F   0.00000 0.00000 0.99275 0.00725 ( 3)
  45 P   0.00000 0.00000 0.60987 0.39013 ( 3)
  46 L   0.00000 0.00000 0.99022 0.00978 ( 3)
  47 H   0.00000 0.00000 0.95049 0.04951 ( 3)
  48 G   0.00000 0.00000 0.13679 0.86321 ( 4)
  49 D   0.00000 0.00000 0.29654 0.70346 ( 4)
  50 C   0.00000 0.00000 0.13620 0.86380 ( 4)
  51 L   0.00000 0.00000 0.67392 0.32608 ( 3)
  52 Q   0.00000 0.00000 0.96368 0.03632 ( 3)
  53 V   0.00000 0.00000 0.98428 0.01572 ( 3)
  54 R   0.00000 0.00000 0.95525 0.04475 ( 3)
  55 H   0.00000 0.00000 0.47497 0.52503 ( 4)
  56 R   0.00000 0.00000 0.88960 0.11040 ( 3)
  57 P   0.00000 0.00000 0.98258 0.01742 ( 3)
  58 E   0.00000 0.00000 0.98186 0.01814 ( 3)
  59 V   0.00000 0.00000 0.98341 0.01659 ( 3)
  60 T   0.00000 0.00000 0.83089 0.16911 ( 3)
  61 L   0.00000 0.00000 0.96169 0.03831 ( 3)
  62 C   0.00000 0.00000 0.92568 0.07432 ( 3)
  63 D   0.00000 0.00000 0.98908 0.01092 ( 3)
  64 R   0.00000 0.00000 0.96790 0.03210 ( 3)
  65 T   0.00000 0.00000 0.00048 0.99952 ( 4)
  66 C   0.00000 0.00000 0.04344 0.95656 ( 4)
  67 G   0.00000 0.00000 0.07118 0.92882 ( 4)
  68 F   0.00000 0.00000 0.99044 0.00956 ( 3)
  69 N   0.00000 0.00000 0.95648 0.04352 ( 3)
  70 G   0.00000 0.00000 0.29591 0.70409 ( 4)
  71 H   0.00000 0.00000 0.97966 0.02034 ( 3)
  72 G   0.00000 0.00000 0.85019 0.14981 ( 3)
  73 Y   0.00000 0.00000 0.41228 0.58772 ( 4)
  74 H   0.00000 0.00000 0.38078 0.61922 ( 4)
  75 L   0.00000 0.00000 0.89328 0.10672 ( 3)
  76 F   0.00000 0.00000 0.93006 0.06994 ( 3)
  77 Q   0.00000 0.00000 0.22253 0.77747 ( 4)
  78 A   0.00000 0.00000 0.34444 0.65556 ( 4)
  79 M   0.00000 0.00000 0.42146 0.57854 ( 4)
  80 R   0.00000 0.00000 0.74951 0.25049 ( 3)
  81 L   0.00000 0.00000 0.68948 0.31052 ( 3)
  82 S   0.00000 0.00000 0.00059 0.99941 ( 4)
  83 I   0.00000 0.00000 0.18990 0.81010 ( 4)
  84 E   0.00000 0.00000 0.19632 0.80368 ( 4)
  85 A   0.00000 0.00000 0.77552 0.22448 ( 3)
  86 I   0.00000 0.00000 0.95080 0.04920 ( 3)
  87 N   0.00000 0.00000 0.98760 0.01240 ( 3)
  88 N   0.00000 0.00000 0.98760 0.01240 ( 3)
  89 S   0.00000 0.00000 0.98507 0.01493 ( 3)
  90 T   0.00000 0.00000 0.97230 0.02770 ( 3)
  91 V   0.00000 0.00000 0.49110 0.50890 ( 4)
  92 L   0.00000 0.00000 0.94471 0.05529 ( 3)
  93 L   0.00000 0.00000 0.94446 0.05554 ( 3)
  94 P   0.00000 0.00000 0.98900 0.01100 ( 3)
  95 N   0.00000 0.00000 0.79392 0.20608 ( 3)
  96 V   0.00000 0.00000 0.11108 0.88892 ( 4)
  97 T   0.00000 0.00000 0.91449 0.08551 ( 3)
  98 L   0.00000 0.00000 0.54448 0.45552 ( 3)
  99 G   0.00000 0.00000 0.97892 0.02108 ( 3)
 100 Y   0.00000 0.00000 0.19795 0.80205 ( 4)
 101 E   0.00000 0.00000 0.00398 0.99602 ( 4)
 102 L   0.00000 0.00000 0.95197 0.04803 ( 3)
 103 Y   0.00000 0.00000 0.08867 0.91133 ( 4)
 104 D   0.00000 0.00000 0.95965 0.04035 ( 3)
 105 V   0.00000 0.00000 0.97905 0.02095 ( 3)
 106 C   0.00000 0.00000 0.98001 0.01999 ( 3)
 107 S   0.00000 0.00000 0.94949 0.05051 ( 3)
 108 E   0.00000 0.00000 0.85948 0.14052 ( 3)
 109 S   0.00000 0.00000 0.93012 0.06988 ( 3)
 110 A   0.00000 0.00000 0.98973 0.01027 ( 3)
 111 N   0.00000 0.00000 0.95134 0.04866 ( 3)
 112 V   0.00000 0.00000 0.97905 0.02095 ( 3)
 113 Y   0.00000 0.00000 0.92763 0.07237 ( 3)
 114 A   0.00000 0.00000 0.98854 0.01146 ( 3)
 115 T   0.00000 0.00000 0.97249 0.02751 ( 3)
 116 L   0.00000 0.00000 0.94471 0.05529 ( 3)
 117 S   0.00000 0.00000 0.09353 0.90647 ( 4)
 118 V   0.00000 0.00000 0.83010 0.16990 ( 3)
 119 L   0.00000 0.00000 0.98755 0.01245 ( 3)
 120 S   0.00000 0.00000 0.98419 0.01581 ( 3)
 121 L   0.00000 0.00000 0.14745 0.85255 ( 4)
 122 P   0.00000 0.00000 0.43360 0.56640 ( 4)
 123 G   0.00000 0.00000 0.97638 0.02362 ( 3)
 124 T   0.00000 0.00000 0.08062 0.91938 ( 4)
 125 R   0.00000 0.00000 0.00001 0.99999 ( 4)
 126 H   0.00000 0.00000 0.98619 0.01381 ( 3)
 127 I   0.00000 0.00000 0.94793 0.05207 ( 3)
 128 D   0.00000 0.00000 0.32349 0.67651 ( 4)
 129 I   0.00000 0.00000 0.90167 0.09833 ( 3)
 130 Q   0.00000 0.00000 0.91624 0.08376 ( 3)
 131 G   0.00000 0.00000 0.45845 0.54155 ( 4)
 132 D   0.00000 0.00000 0.85894 0.14106 ( 3)
 133 F   0.00000 0.00000 0.13057 0.86943 ( 4)
 134 L   0.00000 0.00000 0.98755 0.01245 ( 3)
 135 H   0.00000 0.00000 0.00579 0.99421 ( 4)
 136 Y   0.00000 0.00000 0.92662 0.07338 ( 3)
 137 S   0.00000 0.00000 0.03961 0.96039 ( 4)
 138 P   0.00000 0.00000 0.97302 0.02698 ( 3)
 139 K   0.00000 0.00000 0.79739 0.20261 ( 3)
 140 I   0.00000 0.00000 0.71589 0.28411 ( 3)
 141 V   0.00000 0.00000 0.74527 0.25473 ( 3)
 142 A   0.00000 0.00000 0.96783 0.03217 ( 3)
 143 V   0.00000 0.00000 0.97923 0.02077 ( 3)
 144 I   0.00000 0.00000 0.54451 0.45549 ( 3)
 145 G   0.00000 0.00000 0.81950 0.18050 ( 3)
 146 P   0.00000 0.00000 0.64968 0.35032 ( 3)
 147 D   0.00000 0.00000 0.46888 0.53112 ( 4)
 148 S   0.00000 0.00000 0.00035 0.99965 ( 4)
 149 T   0.00000 0.00000 0.90251 0.09749 ( 3)
 150 D   0.00000 0.00000 0.10003 0.89997 ( 4)
 151 H   0.00000 0.00000 0.00015 0.99985 ( 4)
 152 A   0.00000 0.00000 0.64040 0.35960 ( 3)
 153 A   0.00000 0.00000 0.75680 0.24320 ( 3)
 154 T   0.00000 0.00000 0.65088 0.34912 ( 3)
 155 T   0.00000 0.00000 0.08723 0.91277 ( 4)
 156 A   0.00000 0.00000 0.97008 0.02992 ( 3)
 157 A   0.00000 0.00000 0.88918 0.11082 ( 3)
 158 L   0.00000 0.00000 0.94068 0.05932 ( 3)
 159 L   0.00000 0.00000 0.94901 0.05099 ( 3)
 160 S   0.00000 0.00000 0.88281 0.11719 ( 3)
 161 P   0.00000 0.00000 0.93004 0.06996 ( 3)
 162 F   0.00000 0.00000 0.40847 0.59153 ( 4)
 163 L   0.00000 0.00000 0.94216 0.05784 ( 3)
 164 V   0.00000 0.00000 0.37072 0.62928 ( 4)
 165 P   0.00000 0.00000 0.98869 0.01131 ( 3)
 166 L   0.00000 0.00000 0.17524 0.82476 ( 4)
 167 I   0.00000 0.00000 0.99308 0.00692 ( 3)
 168 S   0.00000 0.00000 0.98986 0.01014 ( 3)
 169 Y   0.00000 0.00000 0.95725 0.04275 ( 3)
 170 E   0.00000 0.00000 0.00407 0.99593 ( 4)
 171 A   0.00000 0.00000 0.99242 0.00758 ( 3)
 172 S   0.00000 0.00000 0.98986 0.01014 ( 3)
 173 S   0.00000 0.00000 0.98918 0.01082 ( 3)
 174 T   0.00000 0.00000 0.00040 0.99960 ( 4)
 175 T   0.00000 0.00000 0.02650 0.97350 ( 4)
 176 L   0.00000 0.00000 0.98552 0.01448 ( 3)
 177 S   0.00000 0.00000 0.47662 0.52338 ( 4)
 178 V   0.00000 0.00000 0.00062 0.99938 ( 4)
 179 K   0.00000 0.00000 0.97990 0.02010 ( 3)
 180 R   0.00000 0.00000 0.23854 0.76146 ( 4)
 181 Q   0.00000 0.00000 0.67910 0.32090 ( 3)
 182 Y   0.00000 0.00000 0.93447 0.06553 ( 3)
 183 P   0.00000 0.00000 0.99013 0.00987 ( 3)
 184 S   0.00000 0.00000 0.94174 0.05826 ( 3)
 185 F   0.00000 0.00000 0.98556 0.01444 ( 3)
 186 L   0.00000 0.00000 0.95197 0.04803 ( 3)
 187 R   0.00000 0.00000 0.98590 0.01410 ( 3)
 188 T   0.00000 0.00000 0.99112 0.00888 ( 3)
 189 I   0.00000 0.00000 0.94639 0.05361 ( 3)
 190 P   0.00000 0.00000 0.99013 0.00987 ( 3)
 191 S   0.00000 0.00000 0.32956 0.67044 ( 4)
 192 D   0.00000 0.00000 0.99143 0.00857 ( 3)
 193 R   0.00000 0.00000 0.34007 0.65993 ( 4)
 194 H   0.00000 0.00000 0.07263 0.92737 ( 4)
 195 Q   0.00000 0.00000 0.96368 0.03632 ( 3)
 196 V   0.00000 0.00000 0.98341 0.01659 ( 3)
 197 E   0.00000 0.00000 0.98277 0.01723 ( 3)
 198 V   0.00000 0.00000 0.54664 0.45336 ( 3)
 199 M   0.00000 0.00000 0.92234 0.07766 ( 3)
 200 V   0.00000 0.00000 0.98341 0.01659 ( 3)
 201 L   0.00000 0.00000 0.66564 0.33436 ( 3)
 202 L   0.00000 0.00000 0.95197 0.04803 ( 3)
 203 L   0.00000 0.00000 0.95177 0.04823 ( 3)
 204 Q   0.00000 0.00000 0.01903 0.98097 ( 4)
 205 R   0.00000 0.00000 0.29466 0.70534 ( 4)
 206 F   0.00000 0.00000 0.99296 0.00704 ( 3)
 207 R   0.00000 0.00000 0.00048 0.99952 ( 4)
 208 W   0.00000 0.00000 0.95441 0.04559 ( 3)
 209 V   0.00000 0.00000 0.46347 0.53653 ( 4)
 210 W   0.00000 0.00000 0.95441 0.04559 ( 3)
 211 I   0.00000 0.00000 0.99423 0.00577 ( 3)
 212 S   0.00000 0.00000 0.94232 0.05768 ( 3)
 213 L   0.00000 0.00000 0.95197 0.04803 ( 3)
 214 V   0.00000 0.00000 0.27913 0.72087 ( 4)
 215 G   0.00000 0.00000 0.98900 0.01100 ( 3)
 216 S   0.00000 0.00000 0.98926 0.01074 ( 3)
 217 Y   0.00000 0.00000 0.00144 0.99856 ( 4)
 218 G   0.00000 0.00000 0.80040 0.19960 ( 3)
 219 D   0.00000 0.00000 0.99187 0.00813 ( 3)
 220 Y   0.00000 0.00000 0.95725 0.04275 ( 3)
 221 G   0.00000 0.00000 0.97918 0.02082 ( 3)
 222 Q   0.00000 0.00000 0.76436 0.23564 ( 3)
 223 Q   0.00000 0.00000 0.12117 0.87883 ( 4)
 224 G   0.00000 0.00000 0.79473 0.20527 ( 3)
 225 V   0.00000 0.00000 0.98095 0.01905 ( 3)
 226 Q   0.00000 0.00000 0.73375 0.26625 ( 3)
 227 A   0.00000 0.00000 0.65358 0.34642 ( 3)
 228 L   0.00000 0.00000 0.95387 0.04613 ( 3)
 229 E   0.00000 0.00000 0.38054 0.61946 ( 4)
 230 N   0.00000 0.00000 0.00981 0.99019 ( 4)
 231 Q   0.00000 0.00000 0.73234 0.26766 ( 3)
 232 A   0.00000 0.00000 0.99242 0.00758 ( 3)
 233 T   0.00000 0.00000 0.97796 0.02204 ( 3)
 234 D   0.00000 0.00000 0.00160 0.99840 ( 4)
 235 Q   0.00000 0.00000 0.71216 0.28784 ( 3)
 236 G   0.00000 0.00000 0.36362 0.63638 ( 4)
 237 I   0.00000 0.00000 0.94546 0.05454 ( 3)
 238 C   0.00000 0.00000 0.98642 0.01358 ( 3)
 239 I   0.00000 0.00000 0.95704 0.04296 ( 3)
 240 A   0.00000 0.00000 0.94801 0.05199 ( 3)
 241 F   0.00000 0.00000 0.99296 0.00704 ( 3)
 242 K   0.00000 0.00000 0.97990 0.02010 ( 3)
 243 D   0.00000 0.00000 0.92177 0.07823 ( 3)
 244 I   0.00000 0.00000 0.43564 0.56436 ( 4)
 245 V   0.00000 0.00000 0.85131 0.14869 ( 3)
 246 P   0.00000 0.00000 0.98772 0.01228 ( 3)
 247 L   0.00000 0.00000 0.92474 0.07526 ( 3)
 248 S   0.00000 0.00000 0.60676 0.39324 ( 3)
 249 A   0.00000 0.00000 0.99242 0.00758 ( 3)
 250 R   0.00000 0.00000 0.00024 0.99976 ( 4)
 251 V   0.00000 0.00000 0.97814 0.02186 ( 3)
 252 G   0.00000 0.00000 0.96727 0.03273 ( 3)
 253 D   0.00000 0.00000 0.95555 0.04445 ( 3)
 254 E   0.00000 0.00000 0.37382 0.62618 ( 4)
 255 R   0.00000 0.00000 0.78595 0.21405 ( 3)
 256 M   0.00000 0.00000 0.99204 0.00796 ( 3)
 257 Q   0.00000 0.00000 0.73450 0.26550 ( 3)
 258 G   0.00000 0.00000 0.00493 0.99507 ( 4)
 259 M   0.00000 0.00000 0.08263 0.91737 ( 4)
 260 M   0.00000 0.00000 0.99204 0.00796 ( 3)
 261 N   0.00000 0.00000 0.00071 0.99929 ( 4)
 262 R   0.00000 0.00000 0.08931 0.91069 ( 4)
 263 L   0.00000 0.00000 0.95197 0.04803 ( 3)
 264 A   0.00000 0.00000 0.93135 0.06865 ( 3)
 265 R   0.00000 0.00000 0.02521 0.97479 ( 4)
 266 A   0.00000 0.00000 0.99093 0.00907 ( 3)
 267 G   0.00000 0.00000 0.00494 0.99506 ( 4)
 268 T   0.00000 0.00000 0.91715 0.08285 ( 3)
 269 T   0.00000 0.00000 0.83948 0.16052 ( 3)
 270 V   0.00000 0.00000 0.99005 0.00995 ( 3)
 271 V   0.00000 0.00000 0.98341 0.01659 ( 3)
 272 V   0.00000 0.00000 0.33500 0.66500 ( 4)
 273 V   0.00000 0.00000 0.94918 0.05082 ( 3)
 274 F   0.00000 0.00000 0.98256 0.01744 ( 3)
 275 S   0.00000 0.00000 0.98855 0.01145 ( 3)
 276 S   0.00000 0.00000 0.00635 0.99365 ( 4)
 277 R   0.00000 0.00000 0.11930 0.88070 ( 4)
 278 R   0.00000 0.00000 0.00032 0.99968 ( 4)
 279 L   0.00000 0.00000 0.09223 0.90777 ( 4)
 280 A   0.00000 0.00000 0.99242 0.00758 ( 3)
 281 R   0.00000 0.00000 0.82006 0.17994 ( 3)
 282 V   0.00000 0.00000 0.98341 0.01659 ( 3)
 283 F   0.00000 0.00000 0.98800 0.01200 ( 3)
 284 F   0.00000 0.00000 0.98977 0.01023 ( 3)
 285 E   0.00000 0.00000 0.98277 0.01723 ( 3)
 286 S   0.00000 0.00000 0.98347 0.01653 ( 3)
 287 V   0.00000 0.00000 0.98341 0.01659 ( 3)
 288 V   0.00000 0.00000 0.98341 0.01659 ( 3)
 289 L   0.00000 0.00000 0.95125 0.04875 ( 3)
 290 A   0.00000 0.00000 0.93062 0.06938 ( 3)
 291 N   0.00000 0.00000 0.91670 0.08330 ( 3)
 292 L   0.00000 0.00000 0.67429 0.32571 ( 3)
 293 T   0.00000 0.00000 0.94166 0.05834 ( 3)
 294 G   0.00000 0.00000 0.98900 0.01100 ( 3)
 295 K   0.00000 0.00000 0.97990 0.02010 ( 3)
 296 V   0.00000 0.00000 0.98341 0.01659 ( 3)
 297 W   0.00000 0.00000 0.95441 0.04559 ( 3)
 298 I   0.00000 0.00000 0.48173 0.51827 ( 4)
 299 A   0.00000 0.00000 0.99242 0.00758 ( 3)
 300 S   0.00000 0.00000 0.87536 0.12464 ( 3)
 301 E   0.00000 0.00000 0.91969 0.08031 ( 3)
 302 D   0.00000 0.00000 0.51252 0.48748 ( 3)
 303 W   0.00000 0.00000 0.95441 0.04559 ( 3)
 304 A   0.00000 0.00000 0.92005 0.07995 ( 3)
 305 I   0.00000 0.00000 0.92271 0.07729 ( 3)
 306 S   0.00000 0.00000 0.98855 0.01145 ( 3)
 307 R   0.00000 0.00000 0.04794 0.95206 ( 4)
 308 H   0.00000 0.00000 0.89601 0.10399 ( 3)
 309 I   0.00000 0.00000 0.99423 0.00577 ( 3)
 310 T   0.00000 0.00000 0.65129 0.34871 ( 3)
 311 G   0.00000 0.00000 0.29387 0.70613 ( 4)
 312 V   0.00000 0.00000 0.98068 0.01932 ( 3)
 313 P   0.00000 0.00000 0.98004 0.01996 ( 3)
 314 G   0.00000 0.00000 0.97733 0.02267 ( 3)
 315 I   0.00000 0.00000 0.99423 0.00577 ( 3)
 316 Q   0.00000 0.00000 0.20336 0.79664 ( 4)
 317 G   0.00000 0.00000 0.43812 0.56188 ( 4)
 318 I   0.00000 0.00000 0.96997 0.03003 ( 3)
 319 G   0.00000 0.00000 0.97672 0.02328 ( 3)
 320 T   0.00000 0.00000 0.00030 0.99970 ( 4)
 321 V   0.00000 0.00000 0.98404 0.01596 ( 3)
 322 L   0.00000 0.00000 0.95197 0.04803 ( 3)
 323 G   0.00000 0.00000 0.95912 0.04088 ( 3)
 324 V   0.00000 0.00000 0.98305 0.01695 ( 3)
 325 A   0.00000 0.00000 0.99242 0.00758 ( 3)
 326 I   0.00000 0.00000 0.99423 0.00577 ( 3)
 327 Q   0.00000 0.00000 0.96368 0.03632 ( 3)
 328 L   0.00000 0.00000 0.02924 0.97076 ( 4)
 329 R   0.00000 0.00000 0.31986 0.68014 ( 4)
 330 L   0.00000 0.00000 0.00013 0.99987 ( 4)
 331 V   0.00000 0.00000 0.92746 0.07254 ( 3)
 332 P   0.00000 0.00000 0.94930 0.05070 ( 3)
 333 G   0.00000 0.00000 0.90331 0.09669 ( 3)
 334 L   0.00000 0.00000 0.95166 0.04834 ( 3)
 335 K   0.00000 0.00000 0.83581 0.16419 ( 3)
 336 E   0.00000 0.00000 0.81036 0.18964 ( 3)
 337 F   0.00000 0.00000 0.68269 0.31731 ( 3)
 338 E   0.00000 0.00000 0.90847 0.09153 ( 3)
 339 E   0.00000 0.00000 0.96158 0.03842 ( 3)
 340 A   0.00000 0.00000 0.99242 0.00758 ( 3)
 341 Y   0.00000 0.00000 0.92570 0.07430 ( 3)
 342 A   0.00000 0.00000 0.93180 0.06820 ( 3)
 343 Q   0.00000 0.00000 0.00093 0.99907 ( 4)
 344 A   0.00000 0.00000 0.53283 0.46717 ( 3)
 345 D   0.00000 0.00000 0.99187 0.00813 ( 3)
 346 K   0.00000 0.00000 0.97990 0.02010 ( 3)
 347 G   0.00000 0.00000 0.00426 0.99574 ( 4)
 348 A   0.00000 0.00000 0.92169 0.07831 ( 3)
 349 P   0.00000 0.00000 0.04064 0.95936 ( 4)
 350 L   0.00000 0.00000 0.62340 0.37660 ( 3)
 351 P   0.00000 0.00000 0.47613 0.52387 ( 4)
 352 C   0.00000 0.00000 0.98459 0.01541 ( 3)
 353 P   0.00000 0.00000 0.00901 0.99099 ( 4)
 354 T   0.00000 0.00000 0.03276 0.96724 ( 4)
 355 G   0.00000 0.00000 0.90253 0.09747 ( 3)
 356 A   0.00000 0.00000 0.88577 0.11423 ( 3)
 357 W   0.00000 0.00000 0.70738 0.29262 ( 3)
 358 C   0.00000 0.00000 0.98642 0.01358 ( 3)
 359 S   0.00000 0.00000 0.98986 0.01014 ( 3)
 360 S   0.00000 0.00000 0.98986 0.01014 ( 3)
 361 N   0.00000 0.00000 0.94621 0.05379 ( 3)
 362 Q   0.00000 0.00000 0.96368 0.03632 ( 3)
 363 L   0.00000 0.00000 0.48397 0.51603 ( 4)
 364 C   0.00000 0.00000 0.98459 0.01541 ( 3)
 365 R   0.00000 0.00000 0.90086 0.09914 ( 3)
 366 E   0.00000 0.00000 0.09018 0.90982 ( 4)
 367 C   0.00000 0.00000 0.98446 0.01554 ( 3)
 368 C   0.00000 0.00000 0.00023 0.99977 ( 4)
 369 A   0.00000 0.00000 0.67744 0.32256 ( 3)
 370 F   0.00000 0.00000 0.99296 0.00704 ( 3)
 371 T   0.00000 0.00000 0.00005 0.99995 ( 4)
 372 A   0.00000 0.00000 0.06970 0.93030 ( 4)
 373 H   0.00000 0.00000 0.98922 0.01078 ( 3)
 374 T   0.00000 0.00000 0.00003 0.99997 ( 4)
 375 T   0.00000 0.00000 0.92259 0.07741 ( 3)
 376 P   0.00000 0.00000 0.98962 0.01038 ( 3)
 377 T   0.00000 0.00000 0.02638 0.97362 ( 4)
 378 L   0.00000 0.00000 0.98253 0.01747 ( 3)
 379 G   0.00000 0.00000 0.00008 0.99992 ( 4)
 380 P   0.00000 0.00000 0.52403 0.47597 ( 3)
 381 F   0.00000 0.00000 0.93113 0.06887 ( 3)
 382 S   0.00000 0.00000 0.98855 0.01145 ( 3)
 383 M   0.00000 0.00000 0.99204 0.00796 ( 3)
 384 S   0.00000 0.00000 0.94472 0.05528 ( 3)
 385 S   0.00000 0.00000 0.60446 0.39554 ( 3)
 386 A   0.00000 0.00000 0.99242 0.00758 ( 3)
 387 Y   0.00000 0.00000 0.98524 0.01476 ( 3)
 388 N   0.00000 0.00000 0.99041 0.00959 ( 3)
 389 V   0.00000 0.00000 0.24196 0.75804 ( 4)
 390 Y   0.00000 0.00000 0.97898 0.02102 ( 3)
 391 Q   0.00000 0.00000 0.02024 0.97976 ( 4)
 392 A   0.00000 0.00000 0.93541 0.06459 ( 3)
 393 V   0.00000 0.00000 0.98341 0.01659 ( 3)
 394 Y   0.00000 0.00000 0.95828 0.04172 ( 3)
 395 T   0.00000 0.00000 0.01852 0.98148 ( 4)
 396 V   0.00000 0.00000 0.98341 0.01659 ( 3)
 397 A   0.00000 0.00000 0.99214 0.00786 ( 3)
 398 H   0.00000 0.00000 0.94690 0.05310 ( 3)
 399 G   0.00000 0.00000 0.98900 0.01100 ( 3)
 400 L   0.00000 0.00000 0.99061 0.00939 ( 3)
 401 H   0.00000 0.00000 0.98945 0.01055 ( 3)
 402 Q   0.00000 0.00000 0.96368 0.03632 ( 3)
 403 L   0.00000 0.00000 0.99061 0.00939 ( 3)
 404 L   0.00000 0.00000 0.95197 0.04803 ( 3)
 405 G   0.00000 0.00000 0.98900 0.01100 ( 3)
 406 C   0.00000 0.00000 0.96204 0.03796 ( 3)
 407 A   0.00000 0.00000 0.91227 0.08773 ( 3)
 408 S   0.00000 0.00000 0.94747 0.05253 ( 3)
 409 G   0.00000 0.00000 0.88046 0.11954 ( 3)
 410 A   0.00000 0.00000 0.83729 0.16271 ( 3)
 411 C   0.00000 0.00000 0.93356 0.06644 ( 3)
 412 S   0.00000 0.00000 0.98855 0.01145 ( 3)
 413 R   0.00000 0.00000 0.97770 0.02230 ( 3)
 414 S   0.00000 0.00000 0.48419 0.51581 ( 4)
 415 Q   0.00000 0.00000 0.00722 0.99278 ( 4)
 416 V   0.00000 0.00000 0.99250 0.00750 ( 3)
 417 Y   0.00000 0.00000 0.36936 0.63064 ( 4)
 418 P   0.00000 0.00000 0.98953 0.01047 ( 3)
 419 W   0.00000 0.00000 0.95441 0.04559 ( 3)
 420 Q   0.00000 0.00000 0.96368 0.03632 ( 3)
 421 L   0.00000 0.00000 0.93991 0.06009 ( 3)
 422 L   0.00000 0.00000 0.94799 0.05201 ( 3)
 423 E   0.00000 0.00000 0.85284 0.14716 ( 3)
 424 Q   0.00000 0.00000 0.96368 0.03632 ( 3)
 425 I   0.00000 0.00000 0.99423 0.00577 ( 3)
 426 H   0.00000 0.00000 0.00774 0.99226 ( 4)
 427 K   0.00000 0.00000 0.97929 0.02071 ( 3)
 428 A   0.00000 0.00000 0.86642 0.13358 ( 3)
 429 N   0.00000 0.00000 0.64588 0.35412 ( 3)
 430 F   0.00000 0.00000 0.99275 0.00725 ( 3)
 431 L   0.00000 0.00000 0.93991 0.06009 ( 3)
 432 L   0.00000 0.00000 0.85554 0.14446 ( 3)
 433 H   0.00000 0.00000 0.98701 0.01299 ( 3)
 434 E   0.00000 0.00000 0.00491 0.99509 ( 4)
 435 D   0.00000 0.00000 0.99187 0.00813 ( 3)
 436 T   0.00000 0.00000 0.94947 0.05053 ( 3)
 437 V   0.00000 0.00000 0.98341 0.01659 ( 3)
 438 T   0.00000 0.00000 0.00165 0.99835 ( 4)
 439 F   0.00000 0.00000 0.67962 0.32038 ( 3)
 440 N   0.00000 0.00000 0.15933 0.84067 ( 4)
 441 D   0.00000 0.00000 0.99187 0.00813 ( 3)
 442 N   0.00000 0.00000 0.96358 0.03642 ( 3)
 443 G   0.00000 0.00000 0.15021 0.84979 ( 4)
 444 D   0.00000 0.00000 0.32451 0.67549 ( 4)
 445 P   0.00000 0.00000 0.90588 0.09412 ( 3)
 446 L   0.00000 0.00000 0.41537 0.58463 ( 4)
 447 S   0.00000 0.00000 0.94343 0.05657 ( 3)
 448 G   0.00000 0.00000 0.89456 0.10544 ( 3)
 449 Y   0.00000 0.00000 0.92570 0.07430 ( 3)
 450 N   0.00000 0.00000 0.09062 0.90938 ( 4)
 451 I   0.00000 0.00000 0.95702 0.04298 ( 3)
 452 I   0.00000 0.00000 0.95704 0.04296 ( 3)
 453 A   0.00000 0.00000 0.93050 0.06950 ( 3)
 454 W   0.00000 0.00000 0.95441 0.04559 ( 3)
 455 D   0.00000 0.00000 0.99187 0.00813 ( 3)
 456 W   0.00000 0.00000 0.95441 0.04559 ( 3)
 457 I   0.00000 0.00000 0.01765 0.98235 ( 4)
 458 G   0.00000 0.00000 0.97478 0.02522 ( 3)
 459 F   0.00000 0.00000 0.50005 0.49995 ( 3)
 460 K   0.00000 0.00000 0.85244 0.14756 ( 3)
 461 W   0.00000 0.00000 0.95441 0.04559 ( 3)
 462 T   0.00000 0.00000 0.99112 0.00888 ( 3)
 463 F   0.00000 0.00000 0.99184 0.00816 ( 3)
 464 T   0.00000 0.00000 0.96957 0.03043 ( 3)
 465 V   0.00000 0.00000 0.40189 0.59811 ( 4)
 466 I   0.00000 0.00000 0.02481 0.97519 ( 4)
 467 G   0.00000 0.00000 0.98072 0.01928 ( 3)
 468 S   0.00000 0.00000 0.98792 0.01208 ( 3)
 469 S   0.00000 0.00000 0.98855 0.01145 ( 3)
 470 T   0.00000 0.00000 0.89950 0.10050 ( 3)
 471 A   0.00000 0.00000 0.15688 0.84312 ( 4)
 472 S   0.00000 0.00000 0.59157 0.40843 ( 3)
 473 P   0.00000 0.00000 0.87197 0.12803 ( 3)
 474 V   0.00000 0.00000 0.63726 0.36274 ( 3)
 475 R   0.00000 0.00000 0.00103 0.99897 ( 4)
 476 L   0.00000 0.00000 0.89171 0.10829 ( 3)
 477 D   0.00000 0.00000 0.90362 0.09638 ( 3)
 478 I   0.00000 0.00000 0.95506 0.04494 ( 3)
 479 N   0.00000 0.00000 0.94621 0.05379 ( 3)
 480 E   0.00000 0.00000 0.85298 0.14702 ( 3)
 481 T   0.00000 0.00000 0.99110 0.00890 ( 3)
 482 K   0.00000 0.00000 0.89877 0.10123 ( 3)
 483 I   0.00000 0.00000 0.99383 0.00617 ( 3)
 484 Q   0.00000 0.00000 0.96368 0.03632 ( 3)
 485 W   0.00000 0.00000 0.95441 0.04559 ( 3)
 486 H   0.00000 0.00000 0.87869 0.12131 ( 3)
 487 R   0.00000 0.00000 0.06914 0.93086 ( 4)
 488 K   0.00000 0.00000 0.97990 0.02010 ( 3)
 489 D   0.00000 0.00000 0.92669 0.07331 ( 3)
 490 N   0.00000 0.00000 0.99066 0.00934 ( 3)
 491 Q   0.00000 0.00000 0.96368 0.03632 ( 3)
 492 V   0.00000 0.00000 0.98305 0.01695 ( 3)
 493 P   0.00000 0.00000 0.94544 0.05456 ( 3)
 494 Q   0.00000 0.00000 0.32115 0.67885 ( 4)
 495 S   0.00000 0.00000 0.93326 0.06674 ( 3)
 496 V   0.00000 0.00000 0.98341 0.01659 ( 3)
 497 C   0.00000 0.00000 0.97122 0.02878 ( 3)
 498 S   0.00000 0.00000 0.98855 0.01145 ( 3)
 499 S   0.00000 0.00000 0.97728 0.02272 ( 3)
 500 D   0.00000 0.00000 0.99136 0.00864 ( 3)
 501 C   0.00000 0.00000 0.93872 0.06128 ( 3)
 502 L   0.00000 0.00000 0.93991 0.06009 ( 3)
 503 E   0.00000 0.00000 0.50617 0.49383 ( 3)
 504 G   0.00000 0.00000 0.97389 0.02611 ( 3)
 505 H   0.00000 0.00000 0.90463 0.09537 ( 3)
 506 Q   0.00000 0.00000 0.96368 0.03632 ( 3)
 507 R   0.00000 0.00000 0.05595 0.94405 ( 4)
 508 V   0.00000 0.00000 0.98341 0.01659 ( 3)
 509 V   0.00000 0.00000 0.95073 0.04927 ( 3)
 510 V   0.00000 0.00000 0.00033 0.99967 ( 4)
 511 G   0.00000 0.00000 0.60082 0.39918 ( 3)
 512 S   0.00000 0.00000 0.93273 0.06727 ( 3)
 513 H   0.00000 0.00000 0.18491 0.81509 ( 4)
 514 H   0.00000 0.00000 0.90703 0.09297 ( 3)
 515 C   0.00000 0.00000 0.93618 0.06382 ( 3)
 516 C   0.00000 0.00000 0.98642 0.01358 ( 3)
 517 F   0.00000 0.00000 0.96391 0.03609 ( 3)
 518 E   0.00000 0.00000 0.85527 0.14473 ( 3)
 519 C   0.00000 0.00000 0.93356 0.06644 ( 3)
 520 V   0.00000 0.00000 0.97364 0.02636 ( 3)
 521 P   0.00000 0.00000 0.98697 0.01303 ( 3)
 522 C   0.00000 0.00000 0.93440 0.06560 ( 3)
 523 E   0.00000 0.00000 0.28625 0.71375 ( 4)
 524 S   0.00000 0.00000 0.61593 0.38407 ( 3)
 525 G   0.00000 0.00000 0.97636 0.02364 ( 3)
 526 T   0.00000 0.00000 0.33469 0.66531 ( 4)
 527 F   0.00000 0.00000 0.57629 0.42371 ( 3)
 528 L   0.00000 0.00000 0.45427 0.54573 ( 4)
 529 N   0.00000 0.00000 0.52253 0.47747 ( 3)
 530 K   0.00000 0.00000 0.33707 0.66293 ( 4)
 531 S   0.00000 0.00000 0.93580 0.06420 ( 3)
 532 D   0.00000 0.00000 0.98908 0.01092 ( 3)
 533 L   0.00000 0.00000 0.88293 0.11707 ( 3)
 534 Y   0.00000 0.00000 0.84444 0.15556 ( 3)
 535 R   0.00000 0.00000 0.11420 0.88580 ( 4)
 536 C   0.00000 0.00000 0.98176 0.01824 ( 3)
 537 Q   0.00000 0.00000 0.96368 0.03632 ( 3)
 538 P   0.00000 0.00000 0.60814 0.39186 ( 3)
 539 C   0.00000 0.00000 0.93356 0.06644 ( 3)
 540 G   0.00000 0.00000 0.97733 0.02267 ( 3)
 541 K   0.00000 0.00000 0.90924 0.09076 ( 3)
 542 E   0.00000 0.00000 0.90847 0.09153 ( 3)
 543 E   0.00000 0.00000 0.98274 0.01726 ( 3)
 544 W   0.00000 0.00000 0.95441 0.04559 ( 3)
 545 A   0.00000 0.00000 0.87873 0.12127 ( 3)
 546 P   0.00000 0.00000 0.94982 0.05018 ( 3)
 547 E   0.00000 0.00000 0.05392 0.94608 ( 4)
 548 G   0.00000 0.00000 0.39309 0.60691 ( 4)
 549 S   0.00000 0.00000 0.98986 0.01014 ( 3)
 550 Q   0.00000 0.00000 0.96368 0.03632 ( 3)
 551 T   0.00000 0.00000 0.90844 0.09156 ( 3)
 552 C   0.00000 0.00000 0.98642 0.01358 ( 3)
 553 F   0.00000 0.00000 0.99214 0.00786 ( 3)
 554 P   0.00000 0.00000 0.51577 0.48423 ( 3)
 555 R   0.00000 0.00000 0.97841 0.02159 ( 3)
 556 T   0.00000 0.00000 0.95077 0.04923 ( 3)
 557 V   0.00000 0.00000 0.98072 0.01928 ( 3)
 558 V   0.00000 0.00000 0.86069 0.13931 ( 3)
 559 F   0.00000 0.00000 0.16430 0.83570 ( 4)
 560 L   0.00000 0.00000 0.95124 0.04876 ( 3)
 561 A   0.00000 0.00000 0.14120 0.85880 ( 4)
 562 W   0.00000 0.00000 0.17577 0.82423 ( 4)
 563 H   0.00000 0.00000 0.16374 0.83626 ( 4)
 564 E   0.00000 0.00000 0.98277 0.01723 ( 3)
 565 C   0.00000 0.00000 0.00902 0.99098 ( 4)
 566 I   0.00000 0.00000 0.92524 0.07476 ( 3)
 567 S   0.00000 0.00000 0.93326 0.06674 ( 3)
 568 W   0.00000 0.00000 0.95441 0.04559 ( 3)
 569 V   0.00000 0.00000 0.98341 0.01659 ( 3)
 570 L   0.00000 0.00000 0.94854 0.05146 ( 3)
 571 L   0.00000 0.00000 0.95161 0.04839 ( 3)
 572 A   0.00000 0.00000 0.42039 0.57961 ( 4)
 573 A   0.00000 0.00000 0.66365 0.33635 ( 3)
 574 N   0.00000 0.00000 0.97568 0.02432 ( 3)
 575 T   0.00000 0.00000 0.78629 0.21371 ( 3)
 576 L   0.00000 0.00000 0.17226 0.82774 ( 4)
 577 L   0.00000 0.00000 0.95026 0.04974 ( 3)
 578 L   0.00000 0.00000 0.95186 0.04814 ( 3)
 579 V   0.00000 0.00000 0.67435 0.32565 ( 3)
 580 V   0.00000 0.00000 0.67342 0.32658 ( 3)
 581 V   0.00000 0.00000 0.68548 0.31452 ( 3)
 582 V   0.00000 0.00000 0.14473 0.85527 ( 4)
 583 G   0.00000 0.00000 0.97833 0.02167 ( 3)
 584 T   0.00000 0.00000 0.62095 0.37905 ( 3)
 585 V   0.00000 0.00000 0.63908 0.36092 ( 3)
 586 G   0.00000 0.00000 0.98654 0.01346 ( 3)
 587 L   0.00000 0.00000 0.95197 0.04803 ( 3)
 588 F   0.00000 0.00000 0.95365 0.04635 ( 3)
 589 A   0.00000 0.00000 0.99194 0.00806 ( 3)
 590 W   0.00000 0.00000 0.95441 0.04559 ( 3)
 591 H   0.00000 0.00000 0.98949 0.01051 ( 3)
 592 Q   0.00000 0.00000 0.35676 0.64324 ( 4)
 593 D   0.00000 0.00000 0.99187 0.00813 ( 3)
 594 T   0.00000 0.00000 0.99024 0.00976 ( 3)
 595 P   0.00000 0.00000 0.93783 0.06217 ( 3)
 596 V   0.00000 0.00000 0.98341 0.01659 ( 3)
 597 V   0.00000 0.00000 0.98281 0.01719 ( 3)
 598 R   0.00000 0.00000 0.97770 0.02230 ( 3)
 599 S   0.00000 0.00000 0.85731 0.14269 ( 3)
 600 A   0.00000 0.00000 0.92107 0.07893 ( 3)
 601 G   0.00000 0.00000 0.97733 0.02267 ( 3)
 602 G   0.00000 0.00000 0.98900 0.01100 ( 3)
 603 W   0.00000 0.00000 0.00373 0.99627 ( 4)
 604 L   0.00000 0.00000 0.95197 0.04803 ( 3)
 605 C   0.00000 0.00000 0.98626 0.01374 ( 3)
 606 F   0.00000 0.00000 0.98256 0.01744 ( 3)
 607 L   0.00000 0.00000 0.97842 0.02158 ( 3)
 608 M   0.00000 0.00000 0.99204 0.00796 ( 3)
 609 L   0.00000 0.00000 0.94901 0.05099 ( 3)
 610 G   0.00000 0.00000 0.98783 0.01217 ( 3)
 611 S   0.00000 0.00000 0.98777 0.01223 ( 3)
 612 L   0.00000 0.00000 0.95197 0.04803 ( 3)
 613 A   0.00000 0.00000 0.89423 0.10577 ( 3)
 614 G   0.00000 0.00000 0.01013 0.98987 ( 4)
 615 A   0.00000 0.00000 0.57896 0.42104 ( 3)
 616 S   0.00000 0.00000 0.98695 0.01305 ( 3)
 617 C   0.00000 0.00000 0.00816 0.99184 ( 4)
 618 S   0.00000 0.00000 0.98986 0.01014 ( 3)
 619 L   0.00000 0.00000 0.91169 0.08831 ( 3)
 620 Y   0.00000 0.00000 0.92570 0.07430 ( 3)
 621 G   0.00000 0.00000 0.98872 0.01128 ( 3)
 622 F   0.00000 0.00000 0.99257 0.00743 ( 3)
 623 F   0.00000 0.00000 0.95365 0.04635 ( 3)
 624 G   0.00000 0.00000 0.97389 0.02611 ( 3)
 625 E   0.00000 0.00000 0.97299 0.02701 ( 3)
 626 P   0.00000 0.00000 0.98864 0.01136 ( 3)
 627 T   0.00000 0.00000 0.52643 0.47357 ( 3)
 628 L   0.00000 0.00000 0.14300 0.85700 ( 4)
 629 P   0.00000 0.00000 0.73472 0.26528 ( 3)
 630 A   0.00000 0.00000 0.48417 0.51583 ( 4)
 631 C   0.00000 0.00000 0.98459 0.01541 ( 3)
 632 L   0.00000 0.00000 0.93969 0.06031 ( 3)
 633 L   0.00000 0.00000 0.95171 0.04829 ( 3)
 634 R   0.00000 0.00000 0.98603 0.01397 ( 3)
 635 Q   0.00000 0.00000 0.96014 0.03986 ( 3)
 636 A   0.00000 0.00000 0.90818 0.09182 ( 3)
 637 I   0.00000 0.00000 0.90274 0.09726 ( 3)
 638 F   0.00000 0.00000 0.95365 0.04635 ( 3)
 639 A   0.00000 0.00000 0.99119 0.00881 ( 3)
 640 L   0.00000 0.00000 0.94740 0.05260 ( 3)
 641 G   0.00000 0.00000 0.93682 0.06318 ( 3)
 642 F   0.00000 0.00000 0.98556 0.01444 ( 3)
 643 T   0.00000 0.00000 0.89713 0.10287 ( 3)
 644 I   0.00000 0.00000 0.94675 0.05325 ( 3)
 645 F   0.00000 0.00000 0.99271 0.00729 ( 3)
 646 L   0.00000 0.00000 0.95172 0.04828 ( 3)
 647 S   0.00000 0.00000 0.98840 0.01160 ( 3)
 648 C   0.00000 0.00000 0.98642 0.01358 ( 3)
 649 L   0.00000 0.00000 0.67429 0.32571 ( 3)
 650 T   0.00000 0.00000 0.87729 0.12271 ( 3)
 651 V   0.00000 0.00000 0.94595 0.05405 ( 3)
 652 R   0.00000 0.00000 0.98566 0.01434 ( 3)
 653 S   0.00000 0.00000 0.98340 0.01660 ( 3)
 654 F   0.00000 0.00000 0.99296 0.00704 ( 3)
 655 Q   0.00000 0.00000 0.88999 0.11001 ( 3)
 656 L   0.00000 0.00000 0.91465 0.08535 ( 3)
 657 V   0.00000 0.00000 0.91770 0.08230 ( 3)
 658 I   0.00000 0.00000 0.99423 0.00577 ( 3)
 659 I   0.00000 0.00000 0.99351 0.00649 ( 3)
 660 F   0.00000 0.00000 0.99296 0.00704 ( 3)
 661 K   0.00000 0.00000 0.97990 0.02010 ( 3)
 662 F   0.00000 0.00000 0.95365 0.04635 ( 3)
 663 S   0.00000 0.00000 0.98773 0.01227 ( 3)
 664 T   0.00000 0.00000 0.54853 0.45147 ( 3)
 665 K   0.00000 0.00000 0.97841 0.02159 ( 3)
 666 V   0.00000 0.00000 0.08703 0.91297 ( 4)
 667 P   0.00000 0.00000 0.97615 0.02385 ( 3)
 668 T   0.00000 0.00000 0.12528 0.87472 ( 4)
 669 F   0.00000 0.00000 0.99296 0.00704 ( 3)
 670 Y   0.00000 0.00000 0.41436 0.58564 ( 4)
 671 H   0.00000 0.00000 0.16583 0.83417 ( 4)
 672 T   0.00000 0.00000 0.57186 0.42814 ( 3)
 673 W   0.00000 0.00000 0.95441 0.04559 ( 3)
 674 V   0.00000 0.00000 0.99136 0.00864 ( 3)
 675 Q   0.00000 0.00000 0.88531 0.11469 ( 3)
 676 N   0.00000 0.00000 0.99066 0.00934 ( 3)
 677 H   0.00000 0.00000 0.98519 0.01481 ( 3)
 678 G   0.00000 0.00000 0.93490 0.06510 ( 3)
 679 A   0.00000 0.00000 0.95629 0.04371 ( 3)
 680 A   0.00000 0.00000 0.06355 0.93645 ( 4)
 681 L   0.00000 0.00000 0.95197 0.04803 ( 3)
 682 F   0.00000 0.00000 0.95365 0.04635 ( 3)
 683 I   0.00000 0.00000 0.65239 0.34761 ( 3)
 684 M   0.00000 0.00000 0.38110 0.61890 ( 4)
 685 I   0.00000 0.00000 0.99386 0.00614 ( 3)
 686 S   0.00000 0.00000 0.90984 0.09016 ( 3)
 687 S   0.00000 0.00000 0.85731 0.14269 ( 3)
 688 M   0.00000 0.00000 0.00646 0.99354 ( 4)
 689 A   0.00000 0.00000 0.07196 0.92804 ( 4)
 690 Q   0.00000 0.00000 0.96368 0.03632 ( 3)
 691 L   0.00000 0.00000 0.94850 0.05150 ( 3)
 692 L   0.00000 0.00000 0.94422 0.05578 ( 3)
 693 I   0.00000 0.00000 0.99423 0.00577 ( 3)
 694 C   0.00000 0.00000 0.93420 0.06580 ( 3)
 695 L   0.00000 0.00000 0.85554 0.14446 ( 3)
 696 T   0.00000 0.00000 0.95040 0.04960 ( 3)
 697 W   0.00000 0.00000 0.95441 0.04559 ( 3)
 698 L   0.00000 0.00000 0.94514 0.05486 ( 3)
 699 A   0.00000 0.00000 0.33039 0.66961 ( 4)
 700 V   0.00000 0.00000 0.86108 0.13892 ( 3)
 701 W   0.00000 0.00000 0.95441 0.04559 ( 3)
 702 T   0.00000 0.00000 0.98876 0.01124 ( 3)
 703 P   0.00000 0.00000 0.87197 0.12803 ( 3)
 704 L   0.00000 0.00000 0.95197 0.04803 ( 3)
 705 P   0.00000 0.00000 0.98854 0.01146 ( 3)
 706 T   0.00000 0.00000 0.82429 0.17571 ( 3)
 707 R   0.00000 0.00000 0.95549 0.04451 ( 3)
 708 E   0.00000 0.00000 0.90847 0.09153 ( 3)
 709 Y   0.00000 0.00000 0.98334 0.01666 ( 3)
 710 Q   0.00000 0.00000 0.21590 0.78410 ( 4)
 711 R   0.00000 0.00000 0.98607 0.01393 ( 3)
 712 F   0.00000 0.00000 0.99214 0.00786 ( 3)
 713 P   0.00000 0.00000 0.98864 0.01136 ( 3)
 714 Q   0.00000 0.00000 0.70542 0.29458 ( 3)
 715 L   0.00000 0.00000 0.95197 0.04803 ( 3)
 716 V   0.00000 0.00000 0.98072 0.01928 ( 3)
 717 V   0.00000 0.00000 0.51974 0.48026 ( 3)
 718 L   0.00000 0.00000 0.93991 0.06009 ( 3)
 719 E   0.00000 0.00000 0.83851 0.16149 ( 3)
 720 C   0.00000 0.00000 0.98642 0.01358 ( 3)
 721 T   0.00000 0.00000 0.87446 0.12554 ( 3)
 722 E   0.00000 0.00000 0.98277 0.01723 ( 3)
 723 T   0.00000 0.00000 0.00073 0.99927 ( 4)
 724 N   0.00000 0.00000 0.87159 0.12841 ( 3)
 725 S   0.00000 0.00000 0.96500 0.03500 ( 3)
 726 L   0.00000 0.00000 0.95197 0.04803 ( 3)
 727 G   0.00000 0.00000 0.98900 0.01100 ( 3)
 728 F   0.00000 0.00000 0.99296 0.00704 ( 3)
 729 M   0.00000 0.00000 0.28969 0.71031 ( 4)
 730 L   0.00000 0.00000 0.95172 0.04828 ( 3)
 731 A   0.00000 0.00000 0.99242 0.00758 ( 3)
 732 F   0.00000 0.00000 0.98923 0.01077 ( 3)
 733 G   0.00000 0.00000 0.00091 0.99909 ( 4)
 734 Y   0.00000 0.00000 0.98524 0.01476 ( 3)
 735 N   0.00000 0.00000 0.94621 0.05379 ( 3)
 736 G   0.00000 0.00000 0.89095 0.10905 ( 3)
 737 L   0.00000 0.00000 0.98894 0.01106 ( 3)
 738 L   0.00000 0.00000 0.98972 0.01028 ( 3)
 739 S   0.00000 0.00000 0.98143 0.01857 ( 3)
 740 V   0.00000 0.00000 0.09612 0.90388 ( 4)
 741 S   0.00000 0.00000 0.98028 0.01972 ( 3)
 742 A   0.00000 0.00000 0.99151 0.00849 ( 3)
 743 F   0.00000 0.00000 0.95365 0.04635 ( 3)
 744 A   0.00000 0.00000 0.99068 0.00932 ( 3)
 745 C   0.00000 0.00000 0.98511 0.01489 ( 3)
 746 S   0.00000 0.00000 0.90933 0.09067 ( 3)
 747 Y   0.00000 0.00000 0.98524 0.01476 ( 3)
 748 L   0.00000 0.00000 0.67446 0.32554 ( 3)
 749 G   0.00000 0.00000 0.98865 0.01135 ( 3)
 750 K   0.00000 0.00000 0.97841 0.02159 ( 3)
 751 D   0.00000 0.00000 0.99187 0.00813 ( 3)
 752 L   0.00000 0.00000 0.95066 0.04934 ( 3)
 753 P   0.00000 0.00000 0.87197 0.12803 ( 3)
 754 E   0.00000 0.00000 0.98277 0.01723 ( 3)
 755 N   0.00000 0.00000 0.99066 0.00934 ( 3)
 756 Y   0.00000 0.00000 0.96413 0.03587 ( 3)
 757 N   0.00000 0.00000 0.90728 0.09272 ( 3)
 758 E   0.00000 0.00000 0.98277 0.01723 ( 3)
 759 A   0.00000 0.00000 0.99194 0.00806 ( 3)
 760 K   0.00000 0.00000 0.89877 0.10123 ( 3)
 761 C   0.00000 0.00000 0.93356 0.06644 ( 3)
 762 V   0.00000 0.00000 0.99250 0.00750 ( 3)
 763 T   0.00000 0.00000 0.98873 0.01127 ( 3)
 764 F   0.00000 0.00000 0.98977 0.01023 ( 3)
 765 G   0.00000 0.00000 0.48933 0.51067 ( 4)
 766 L   0.00000 0.00000 0.95178 0.04822 ( 3)
 767 L   0.00000 0.00000 0.99061 0.00939 ( 3)
 768 L   0.00000 0.00000 0.91334 0.08666 ( 3)
 769 N   0.00000 0.00000 0.89157 0.10843 ( 3)
 770 F   0.00000 0.00000 0.99214 0.00786 ( 3)
 771 V   0.00000 0.00000 0.39849 0.60151 ( 4)
 772 S   0.00000 0.00000 0.98855 0.01145 ( 3)
 773 W   0.00000 0.00000 0.95441 0.04559 ( 3)
 774 I   0.00000 0.00000 0.99423 0.00577 ( 3)
 775 A   0.00000 0.00000 0.55503 0.44497 ( 3)
 776 F   0.00000 0.00000 0.93226 0.06774 ( 3)
 777 F   0.00000 0.00000 0.99253 0.00747 ( 3)
 778 T   0.00000 0.00000 0.99088 0.00912 ( 3)
 779 V   0.00000 0.00000 0.04300 0.95700 ( 4)
 780 A   0.00000 0.00000 0.99158 0.00842 ( 3)
 781 S   0.00000 0.00000 0.90084 0.09916 ( 3)
 782 V   0.00000 0.00000 0.93153 0.06847 ( 3)
 783 Y   0.00000 0.00000 0.86517 0.13483 ( 3)
 784 Q   0.00000 0.00000 0.34159 0.65841 ( 4)
 785 G   0.00000 0.00000 0.89935 0.10065 ( 3)
 786 K   0.00000 0.00000 0.97990 0.02010 ( 3)
 787 Y   0.00000 0.00000 0.98307 0.01693 ( 3)
 788 L   0.00000 0.00000 0.67425 0.32575 ( 3)
 789 P   0.00000 0.00000 0.90254 0.09746 ( 3)
 790 A   0.00000 0.00000 0.81630 0.18370 ( 3)
 791 V   0.00000 0.00000 0.90920 0.09080 ( 3)
 792 N   0.00000 0.00000 0.98186 0.01814 ( 3)
 793 V   0.00000 0.00000 0.42736 0.57264 ( 4)
 794 L   0.00000 0.00000 0.71804 0.28196 ( 3)
 795 A   0.00000 0.00000 0.98024 0.01976 ( 3)
 796 V   0.00000 0.00000 0.00287 0.99713 ( 4)
 797 L   0.00000 0.00000 0.71368 0.28632 ( 3)
 798 S   0.00000 0.00000 0.98986 0.01014 ( 3)
 799 S   0.00000 0.00000 0.98986 0.01014 ( 3)
 800 L   0.00000 0.00000 0.95189 0.04811 ( 3)
 801 S   0.00000 0.00000 0.91013 0.08987 ( 3)
 802 S   0.00000 0.00000 0.98743 0.01257 ( 3)
 803 G   0.00000 0.00000 0.98900 0.01100 ( 3)
 804 F   0.00000 0.00000 0.99296 0.00704 ( 3)
 805 S   0.00000 0.00000 0.82539 0.17461 ( 3)
 806 G   0.00000 0.00000 0.98136 0.01864 ( 3)
 807 Y   0.00000 0.00000 0.92570 0.07430 ( 3)
 808 F   0.00000 0.00000 0.98256 0.01744 ( 3)
 809 L   0.00000 0.00000 0.97970 0.02030 ( 3)
 810 P   0.00000 0.00000 0.98895 0.01105 ( 3)
 811 K   0.00000 0.00000 0.97786 0.02214 ( 3)
 812 C   0.00000 0.00000 0.98642 0.01358 ( 3)
 813 Y   0.00000 0.00000 0.95102 0.04898 ( 3)
 814 V   0.00000 0.00000 0.97859 0.02141 ( 3)
 815 I   0.00000 0.00000 0.99423 0.00577 ( 3)
 816 V   0.00000 0.00000 0.89780 0.10220 ( 3)
 817 C   0.00000 0.00000 0.88342 0.11658 ( 3)
 818 R   0.00000 0.00000 0.98289 0.01711 ( 3)
 819 P   0.00000 0.00000 0.46263 0.53737 ( 4)
 820 D   0.00000 0.00000 0.97968 0.02032 ( 3)
 821 L   0.00000 0.00000 0.98464 0.01536 ( 3)
 822 N   0.00000 0.00000 0.98964 0.01036 ( 3)
 823 S   0.00000 0.00000 0.90984 0.09016 ( 3)
 824 T   0.00000 0.00000 0.88966 0.11034 ( 3)
 825 E   0.00000 0.00000 0.98277 0.01723 ( 3)
 826 H   0.00000 0.00000 0.98949 0.01051 ( 3)
 827 F   0.00000 0.00000 0.99184 0.00816 ( 3)
 828 Q   0.00000 0.00000 0.96368 0.03632 ( 3)
 829 A   0.00000 0.00000 0.99232 0.00768 ( 3)
 830 S   0.00000 0.00000 0.98855 0.01145 ( 3)
 831 I   0.00000 0.00000 0.98473 0.01527 ( 3)
 832 Q   0.00000 0.00000 0.96368 0.03632 ( 3)
 833 D   0.00000 0.00000 0.92489 0.07511 ( 3)
 834 Y   0.00000 0.00000 0.98524 0.01476 ( 3)
 835 T   0.00000 0.00000 0.97851 0.02149 ( 3)
 836 R   0.00000 0.00000 0.97770 0.02230 ( 3)
 837 R   0.00000 0.00000 0.88137 0.11863 ( 3)
 838 W   0.00000 0.00000 0.01869 0.98131 ( 4)
 839 G   0.00000 0.00000 0.05676 0.94324 ( 4)
 840 S   0.00000 0.00000 0.86325 0.13675 ( 3)
 841 T   0.00000 0.00000 0.98663 0.01337 ( 3)


lnL = -10656.826027

Bayes Empirical Bayes (BEB) probabilities for 4 classes (class)
(amino acids refer to 1st sequence: 1.Tarsier)

   1 M   0.45559 0.00353 0.53666 0.00421 ( 3)
   2 F   0.35672 0.10240 0.41896 0.12192 ( 3)
   3 H   0.31027 0.14885 0.36383 0.17704 ( 3)
   4 H   0.00145 0.45767 0.00168 0.53920 ( 4)
   5 V   0.00006 0.45906 0.00007 0.54081 ( 4)
   6 A   0.34176 0.11736 0.40120 0.13968 ( 3)
   7 H   0.01499 0.44413 0.01735 0.52353 ( 4)
   8 L   0.44041 0.01871 0.51857 0.02231 ( 3)
   9 V   0.29247 0.16665 0.34275 0.19813 ( 3)
  10 G   0.42837 0.03075 0.50422 0.03665 ( 3)
  11 L   0.43784 0.02128 0.51551 0.02537 ( 3)
  12 Q   0.43918 0.01994 0.51710 0.02378 ( 3)
  13 L   0.43550 0.02362 0.51272 0.02816 ( 3)
  14 S   0.07597 0.38316 0.08821 0.45267 ( 4)
  15 I   0.33084 0.12828 0.38824 0.15264 ( 3)
  16 S   0.42778 0.03135 0.50351 0.03737 ( 3)
  17 C   0.42106 0.03806 0.49551 0.04536 ( 3)
  18 C   0.45302 0.00611 0.53360 0.00728 ( 3)
  19 W   0.35983 0.09929 0.42266 0.11822 ( 3)
  20 A   0.45114 0.00799 0.53135 0.00952 ( 3)
  21 F   0.39660 0.06252 0.46639 0.07449 ( 3)
  22 S   0.30924 0.14988 0.36261 0.17826 ( 3)
  23 C   0.45314 0.00598 0.53374 0.00713 ( 3)
  24 H   0.45194 0.00718 0.53232 0.00856 ( 3)
  25 N   0.10792 0.35120 0.12550 0.41538 ( 4)
  26 T   0.02652 0.43260 0.03072 0.51016 ( 4)
  27 E   0.40814 0.05099 0.48012 0.06076 ( 3)
  28 F   0.05530 0.40382 0.06415 0.47673 ( 4)
  29 S   0.43251 0.02661 0.50916 0.03172 ( 3)
  30 P   0.44135 0.01777 0.51969 0.02119 ( 3)
  31 D   0.43568 0.02344 0.51293 0.02795 ( 3)
  32 F   0.45592 0.00321 0.53705 0.00383 ( 3)
  33 S   0.42919 0.02994 0.50519 0.03568 ( 3)
  34 L   0.45441 0.00471 0.53526 0.00562 ( 3)
  35 P   0.39462 0.06451 0.46403 0.07685 ( 3)
  36 G   0.44731 0.01181 0.52680 0.01408 ( 3)
  37 N   0.36396 0.09516 0.42757 0.11331 ( 3)
  38 Y   0.45278 0.00634 0.53332 0.00756 ( 3)
  39 L   0.45432 0.00481 0.53515 0.00573 ( 3)
  40 L   0.43964 0.01949 0.51765 0.02323 ( 3)
  41 A   0.25688 0.20224 0.30063 0.24025 ( 3)
  42 G   0.45384 0.00529 0.53457 0.00630 ( 3)
  43 F   0.17057 0.28855 0.19892 0.34196 ( 4)
  44 F   0.45589 0.00324 0.53702 0.00386 ( 3)
  45 P   0.33179 0.12733 0.38936 0.15152 ( 3)
  46 L   0.45482 0.00431 0.53574 0.00514 ( 3)
  47 H   0.43910 0.02002 0.51701 0.02387 ( 3)
  48 G   0.12681 0.33231 0.14760 0.39328 ( 4)
  49 D   0.22501 0.23412 0.26300 0.27788 ( 4)
  50 C   0.12644 0.33269 0.14716 0.39372 ( 4)
  51 L   0.35453 0.10459 0.41637 0.12451 ( 3)
  52 Q   0.44422 0.01490 0.52311 0.01777 ( 3)
  53 V   0.45238 0.00674 0.53283 0.00804 ( 3)
  54 R   0.44093 0.01819 0.51919 0.02169 ( 3)
  55 H   0.30489 0.15423 0.35746 0.18342 ( 3)
  56 R   0.41598 0.04314 0.48946 0.05142 ( 3)
  57 P   0.45170 0.00743 0.53202 0.00886 ( 3)
  58 E   0.45141 0.00771 0.53168 0.00920 ( 3)
  59 V   0.45203 0.00710 0.53242 0.00846 ( 3)
  60 T   0.40727 0.05185 0.47909 0.06179 ( 3)
  61 L   0.44341 0.01572 0.52214 0.01874 ( 3)
  62 C   0.42962 0.02950 0.50572 0.03516 ( 3)
  63 D   0.45435 0.00477 0.53519 0.00569 ( 3)
  64 R   0.44587 0.01325 0.52508 0.01580 ( 3)
  65 T   0.00149 0.45763 0.00172 0.53916 ( 4)
  66 C   0.05955 0.39957 0.06909 0.47179 ( 4)
  67 G   0.09029 0.36884 0.10491 0.43597 ( 4)
  68 F   0.45492 0.00421 0.53586 0.00502 ( 3)
  69 N   0.44142 0.01770 0.51977 0.02111 ( 3)
  70 G   0.22463 0.23449 0.26256 0.27832 ( 4)
  71 H   0.45051 0.00861 0.53062 0.01026 ( 3)
  72 G   0.41235 0.04677 0.48514 0.05574 ( 3)
  73 Y   0.27959 0.17953 0.32749 0.21338 ( 3)
  74 H   0.26602 0.19310 0.31144 0.22943 ( 3)
  75 L   0.42558 0.03355 0.50089 0.03999 ( 3)
  76 F   0.43698 0.02214 0.51448 0.02640 ( 3)
  77 Q   0.18384 0.27528 0.21452 0.32636 ( 4)
  78 A   0.24870 0.21042 0.29097 0.24991 ( 3)
  79 M   0.28421 0.17492 0.33295 0.20792 ( 3)
  80 R   0.38002 0.07910 0.44667 0.09421 ( 3)
  81 L   0.35993 0.09919 0.42278 0.11810 ( 3)
  82 S   0.00181 0.45731 0.00210 0.53878 ( 4)
  83 I   0.16326 0.29586 0.19034 0.35054 ( 4)
  84 E   0.16943 0.28969 0.19758 0.34330 ( 4)
  85 A   0.38865 0.07048 0.45692 0.08396 ( 3)
  86 I   0.43916 0.01997 0.51707 0.02380 ( 3)
  87 N   0.45375 0.00538 0.53446 0.00641 ( 3)
  88 N   0.45375 0.00538 0.53446 0.00641 ( 3)
  89 S   0.45271 0.00641 0.53323 0.00765 ( 3)
  90 T   0.44760 0.01152 0.52714 0.01374 ( 3)
  91 V   0.31109 0.14803 0.36480 0.17607 ( 3)
  92 L   0.43686 0.02226 0.51434 0.02654 ( 3)
  93 L   0.43677 0.02236 0.51423 0.02665 ( 3)
  94 P   0.45432 0.00480 0.53515 0.00573 ( 3)
  95 N   0.39462 0.06450 0.46403 0.07684 ( 3)
  96 V   0.12812 0.33101 0.14913 0.39175 ( 4)
  97 T   0.43222 0.02691 0.50880 0.03208 ( 3)
  98 L   0.30710 0.15202 0.36008 0.18080 ( 3)
  99 G   0.45023 0.00890 0.53027 0.01061 ( 3)
 100 Y   0.16863 0.29049 0.19664 0.34424 ( 4)
 101 E   0.00858 0.45054 0.00993 0.53095 ( 4)
 102 L   0.43966 0.01946 0.51768 0.02320 ( 3)
 103 Y   0.09032 0.36880 0.10495 0.43593 ( 4)
 104 D   0.44261 0.01651 0.52120 0.01968 ( 3)
 105 V   0.45027 0.00885 0.53032 0.01056 ( 3)
 106 C   0.45067 0.00845 0.53080 0.01008 ( 3)
 107 S   0.43870 0.02042 0.51653 0.02435 ( 3)
 108 E   0.41527 0.04385 0.48862 0.05226 ( 3)
 109 S   0.43130 0.02782 0.50772 0.03316 ( 3)
 110 A   0.45462 0.00450 0.53550 0.00537 ( 3)
 111 N   0.43941 0.01971 0.51738 0.02350 ( 3)
 112 V   0.45027 0.00885 0.53032 0.01056 ( 3)
 113 Y   0.43037 0.02876 0.50660 0.03428 ( 3)
 114 A   0.45413 0.00500 0.53492 0.00596 ( 3)
 115 T   0.44768 0.01145 0.52723 0.01365 ( 3)
 116 L   0.43686 0.02226 0.51434 0.02654 ( 3)
 117 S   0.09302 0.36609 0.10810 0.43278 ( 4)
 118 V   0.40599 0.05313 0.47756 0.06331 ( 3)
 119 L   0.45371 0.00541 0.53442 0.00645 ( 3)
 120 S   0.45236 0.00677 0.53281 0.00807 ( 3)
 121 L   0.13447 0.32465 0.15657 0.38431 ( 4)
 122 P   0.26176 0.19736 0.30640 0.23448 ( 3)
 123 G   0.44921 0.00991 0.52906 0.01182 ( 3)
 124 T   0.08215 0.37697 0.09542 0.44546 ( 4)
 125 R   0.00005 0.45907 0.00006 0.54081 ( 4)
 126 H   0.45317 0.00596 0.53377 0.00710 ( 3)
 127 I   0.43813 0.02099 0.51586 0.02502 ( 3)
 128 D   0.23877 0.22035 0.27924 0.26164 ( 3)
 129 I   0.42819 0.03093 0.50400 0.03687 ( 3)
 130 Q   0.42603 0.03309 0.50144 0.03944 ( 3)
 131 G   0.27228 0.18684 0.31884 0.22204 ( 3)
 132 D   0.41519 0.04394 0.48851 0.05236 ( 3)
 133 F   0.12222 0.33690 0.14222 0.39866 ( 4)
 134 L   0.45371 0.00541 0.53442 0.00645 ( 3)
 135 H   0.01215 0.44697 0.01406 0.52682 ( 4)
 136 Y   0.42997 0.02915 0.50613 0.03475 ( 3)
 137 S   0.05515 0.40398 0.06397 0.47691 ( 4)
 138 P   0.44786 0.01126 0.52746 0.01342 ( 3)
 139 K   0.39571 0.06341 0.46533 0.07555 ( 3)
 140 I   0.36893 0.09020 0.43347 0.10741 ( 3)
 141 V   0.37856 0.08056 0.44493 0.09595 ( 3)
 142 A   0.44581 0.01331 0.52501 0.01587 ( 3)
 143 V   0.45034 0.00878 0.53040 0.01047 ( 3)
 144 I   0.30878 0.15034 0.36207 0.17881 ( 3)
 145 G   0.40273 0.05639 0.47369 0.06719 ( 3)
 146 P   0.34609 0.11303 0.40634 0.13454 ( 3)
 147 D   0.30247 0.15665 0.35459 0.18628 ( 3)
 148 S   0.00111 0.45801 0.00129 0.53959 ( 4)
 149 T   0.42851 0.03061 0.50439 0.03649 ( 3)
 150 D   0.11853 0.34059 0.13791 0.40296 ( 4)
 151 H   0.00050 0.45862 0.00058 0.54030 ( 4)
 152 A   0.34281 0.11631 0.40244 0.13844 ( 3)
 153 A   0.38636 0.07277 0.45420 0.08668 ( 3)
 154 T   0.35435 0.10478 0.41614 0.12473 ( 3)
 155 T   0.08785 0.37127 0.10206 0.43882 ( 4)
 156 A   0.44673 0.01240 0.52609 0.01478 ( 3)
 157 A   0.42441 0.03471 0.49950 0.04137 ( 3)
 158 L   0.43532 0.02380 0.51250 0.02838 ( 3)
 159 L   0.43851 0.02061 0.51631 0.02457 ( 3)
 160 S   0.42250 0.03663 0.49722 0.04366 ( 3)
 161 P   0.43128 0.02784 0.50769 0.03319 ( 3)
 162 F   0.27765 0.18147 0.32520 0.21568 ( 3)
 163 L   0.43589 0.02323 0.51318 0.02770 ( 3)
 164 V   0.26090 0.19822 0.30539 0.23549 ( 3)
 165 P   0.45419 0.00493 0.53500 0.00588 ( 3)
 166 L   0.15373 0.30539 0.17915 0.36173 ( 4)
 167 I   0.45602 0.00311 0.53717 0.00370 ( 3)
 168 S   0.45468 0.00444 0.53558 0.00530 ( 3)
 169 Y   0.44170 0.01742 0.52010 0.02078 ( 3)
 170 E   0.00876 0.45036 0.01014 0.53074 ( 4)
 171 A   0.45575 0.00338 0.53685 0.00403 ( 3)
 172 S   0.45468 0.00444 0.53558 0.00530 ( 3)
 173 S   0.45440 0.00472 0.53525 0.00563 ( 3)
 174 T   0.00126 0.45786 0.00146 0.53942 ( 4)
 175 T   0.03865 0.42047 0.04479 0.49609 ( 4)
 176 L   0.45288 0.00625 0.53343 0.00745 ( 3)
 177 S   0.30568 0.15345 0.35839 0.18249 ( 3)
 178 V   0.00191 0.45721 0.00221 0.53867 ( 4)
 179 K   0.45063 0.00849 0.53075 0.01013 ( 3)
 180 R   0.19322 0.26590 0.22555 0.31532 ( 4)
 181 Q   0.35639 0.10273 0.41858 0.12230 ( 3)
 182 Y   0.43296 0.02616 0.50969 0.03119 ( 3)
 183 P   0.45479 0.00433 0.53571 0.00517 ( 3)
 184 S   0.43574 0.02338 0.51300 0.02788 ( 3)
 185 F   0.45291 0.00622 0.53346 0.00741 ( 3)
 186 L   0.43966 0.01946 0.51768 0.02320 ( 3)
 187 R   0.45305 0.00607 0.53363 0.00724 ( 3)
 188 T   0.45520 0.00392 0.53620 0.00468 ( 3)
 189 I   0.44197 0.01715 0.52043 0.02045 ( 3)
 190 P   0.45479 0.00433 0.53571 0.00517 ( 3)
 191 S   0.24179 0.21733 0.28281 0.25807 ( 3)
 192 D   0.45533 0.00379 0.53635 0.00452 ( 3)
 193 R   0.24696 0.21216 0.28892 0.25196 ( 3)
 194 H   0.09179 0.36734 0.10666 0.43422 ( 4)
 195 Q   0.44422 0.01490 0.52311 0.01777 ( 3)
 196 V   0.45203 0.00710 0.53242 0.00846 ( 3)
 197 E   0.45178 0.00734 0.53212 0.00876 ( 3)
 198 V   0.33153 0.12759 0.38906 0.15182 ( 3)
 199 M   0.43463 0.02449 0.51168 0.02920 ( 3)
 200 V   0.45203 0.00710 0.53242 0.00846 ( 3)
 201 L   0.35165 0.10747 0.41294 0.12794 ( 3)
 202 L   0.43966 0.01946 0.51768 0.02320 ( 3)
 203 L   0.43958 0.01954 0.51758 0.02330 ( 3)
 204 Q   0.02872 0.43040 0.03327 0.50761 ( 4)
 205 R   0.22420 0.23492 0.26205 0.27883 ( 4)
 206 F   0.45598 0.00315 0.53712 0.00375 ( 3)
 207 R   0.00149 0.45763 0.00173 0.53915 ( 4)
 208 W   0.44063 0.01850 0.51883 0.02205 ( 3)
 209 V   0.30031 0.15882 0.35202 0.18885 ( 3)
 210 W   0.44063 0.01850 0.51883 0.02205 ( 3)
 211 I   0.45652 0.00261 0.53776 0.00311 ( 3)
 212 S   0.43594 0.02318 0.51324 0.02764 ( 3)
 213 L   0.43966 0.01946 0.51768 0.02320 ( 3)
 214 V   0.21554 0.24358 0.25185 0.28903 ( 4)
 215 G   0.45432 0.00480 0.53515 0.00573 ( 3)
 216 S   0.45443 0.00469 0.53528 0.00559 ( 3)
 217 Y   0.00330 0.45582 0.00382 0.53706 ( 4)
 218 G   0.39659 0.06253 0.46638 0.07450 ( 3)
 219 D   0.45552 0.00361 0.53657 0.00430 ( 3)
 220 Y   0.44170 0.01742 0.52010 0.02078 ( 3)
 221 G   0.45033 0.00879 0.53040 0.01048 ( 3)
 222 Q   0.38502 0.07410 0.45261 0.08827 ( 3)
 223 Q   0.11505 0.34407 0.13383 0.40705 ( 4)
 224 G   0.39484 0.06429 0.46429 0.07659 ( 3)
 225 V   0.45103 0.00809 0.53123 0.00965 ( 3)
 226 Q   0.37496 0.08416 0.44065 0.10023 ( 3)
 227 A   0.34729 0.11183 0.40777 0.13311 ( 3)
 228 L   0.44039 0.01873 0.51854 0.02233 ( 3)
 229 E   0.26567 0.19346 0.31102 0.22986 ( 3)
 230 N   0.01977 0.43935 0.02289 0.51799 ( 4)
 231 Q   0.37450 0.08462 0.44010 0.10078 ( 3)
 232 A   0.45575 0.00338 0.53685 0.00403 ( 3)
 233 T   0.44983 0.00929 0.52981 0.01107 ( 3)
 234 D   0.00366 0.45546 0.00424 0.53664 ( 4)
 235 Q   0.36772 0.09140 0.43204 0.10884 ( 3)
 236 G   0.25779 0.20133 0.30171 0.23917 ( 3)
 237 I   0.44169 0.01743 0.52009 0.02079 ( 3)
 238 C   0.45327 0.00585 0.53389 0.00698 ( 3)
 239 I   0.44164 0.01748 0.52004 0.02084 ( 3)
 240 A   0.43815 0.02097 0.51588 0.02500 ( 3)
 241 F   0.45598 0.00315 0.53712 0.00375 ( 3)
 242 K   0.45063 0.00849 0.53075 0.01013 ( 3)
 243 D   0.43443 0.02470 0.51144 0.02944 ( 3)
 244 I   0.28617 0.17296 0.33528 0.20560 ( 3)
 245 V   0.41263 0.04649 0.48547 0.05541 ( 3)
 246 P   0.45379 0.00533 0.53452 0.00636 ( 3)
 247 L   0.43536 0.02377 0.51254 0.02833 ( 3)
 248 S   0.33066 0.12846 0.38802 0.15286 ( 3)
 249 A   0.45575 0.00338 0.53685 0.00403 ( 3)
 250 R   0.00078 0.45834 0.00090 0.53998 ( 4)
 251 V   0.44990 0.00922 0.52988 0.01099 ( 3)
 252 G   0.44561 0.01352 0.52476 0.01612 ( 3)
 253 D   0.44106 0.01806 0.51934 0.02154 ( 3)
 254 E   0.26263 0.19649 0.30743 0.23344 ( 3)
 255 R   0.39212 0.06700 0.46106 0.07982 ( 3)
 256 M   0.45559 0.00353 0.53666 0.00421 ( 3)
 257 Q   0.37521 0.08391 0.44095 0.09993 ( 3)
 258 G   0.01059 0.44854 0.01225 0.52863 ( 4)
 259 M   0.10178 0.35734 0.11833 0.42255 ( 4)
 260 M   0.45559 0.00353 0.53666 0.00421 ( 3)
 261 N   0.00218 0.45695 0.00252 0.53836 ( 4)
 262 R   0.10837 0.35075 0.12603 0.41485 ( 4)
 263 L   0.43966 0.01946 0.51768 0.02320 ( 3)
 264 A   0.43735 0.02177 0.51492 0.02595 ( 3)
 265 R   0.03699 0.42214 0.04286 0.49802 ( 4)
 266 A   0.45512 0.00400 0.53611 0.00477 ( 3)
 267 G   0.01050 0.44862 0.01215 0.52872 ( 4)
 268 T   0.43302 0.02610 0.50976 0.03112 ( 3)
 269 T   0.40900 0.05012 0.48115 0.05973 ( 3)
 270 V   0.45474 0.00438 0.53565 0.00522 ( 3)
 271 V   0.45203 0.00710 0.53242 0.00846 ( 3)
 272 V   0.24398 0.21514 0.28540 0.25548 ( 3)
 273 V   0.43859 0.02053 0.51640 0.02448 ( 3)
 274 F   0.45168 0.00744 0.53201 0.00887 ( 3)
 275 S   0.45414 0.00498 0.53493 0.00594 ( 3)
 276 S   0.01330 0.44582 0.01540 0.52548 ( 4)
 277 R   0.11531 0.34382 0.13414 0.40674 ( 4)
 278 R   0.00101 0.45811 0.00117 0.53971 ( 4)
 279 L   0.09221 0.36691 0.10715 0.43373 ( 4)
 280 A   0.45575 0.00338 0.53685 0.00403 ( 3)
 281 R   0.40294 0.05618 0.47393 0.06694 ( 3)
 282 V   0.45203 0.00710 0.53242 0.00846 ( 3)
 283 F   0.45390 0.00522 0.53466 0.00622 ( 3)
 284 F   0.45464 0.00449 0.53553 0.00535 ( 3)
 285 E   0.45178 0.00734 0.53212 0.00876 ( 3)
 286 S   0.45206 0.00706 0.53245 0.00842 ( 3)
 287 V   0.45203 0.00710 0.53242 0.00846 ( 3)
 288 V   0.45203 0.00710 0.53242 0.00846 ( 3)
 289 L   0.43938 0.01974 0.51734 0.02354 ( 3)
 290 A   0.43713 0.02199 0.51465 0.02622 ( 3)
 291 N   0.43290 0.02622 0.50962 0.03126 ( 3)
 292 L   0.35467 0.10445 0.41653 0.12435 ( 3)
 293 T   0.43571 0.02341 0.51297 0.02791 ( 3)
 294 G   0.45432 0.00480 0.53515 0.00573 ( 3)
 295 K   0.45063 0.00849 0.53075 0.01013 ( 3)
 296 V   0.45203 0.00710 0.53242 0.00846 ( 3)
 297 W   0.44063 0.01850 0.51883 0.02205 ( 3)
 298 I   0.30749 0.15163 0.36054 0.18034 ( 3)
 299 A   0.45575 0.00338 0.53685 0.00403 ( 3)
 300 S   0.41058 0.04854 0.48304 0.05785 ( 3)
 301 E   0.42735 0.03177 0.50301 0.03787 ( 3)
 302 D   0.31904 0.14009 0.37423 0.16665 ( 3)
 303 W   0.44063 0.01850 0.51883 0.02205 ( 3)
 304 A   0.43389 0.02523 0.51080 0.03008 ( 3)
 305 I   0.43462 0.02450 0.51166 0.02921 ( 3)
 306 S   0.45414 0.00498 0.53493 0.00594 ( 3)
 307 R   0.05297 0.40615 0.06143 0.47945 ( 4)
 308 H   0.42653 0.03260 0.50202 0.03886 ( 3)
 309 I   0.45652 0.00261 0.53776 0.00311 ( 3)
 310 T   0.34663 0.11249 0.40698 0.13390 ( 3)
 311 G   0.22372 0.23540 0.26149 0.27939 ( 4)
 312 V   0.45092 0.00820 0.53110 0.00978 ( 3)
 313 P   0.45067 0.00845 0.53080 0.01008 ( 3)
 314 G   0.44960 0.00953 0.52952 0.01136 ( 3)
 315 I   0.45652 0.00261 0.53776 0.00311 ( 3)
 316 Q   0.17200 0.28712 0.20060 0.34028 ( 4)
 317 G   0.29017 0.16895 0.34002 0.20086 ( 3)
 318 I   0.44665 0.01247 0.52601 0.01487 ( 3)
 319 G   0.44935 0.00977 0.52922 0.01165 ( 3)
 320 T   0.00097 0.45816 0.00112 0.53976 ( 4)
 321 V   0.45228 0.00684 0.53272 0.00816 ( 3)
 322 L   0.43966 0.01946 0.51768 0.02320 ( 3)
 323 G   0.44245 0.01668 0.52099 0.01988 ( 3)
 324 V   0.45188 0.00724 0.53224 0.00864 ( 3)
 325 A   0.45575 0.00338 0.53685 0.00403 ( 3)
 326 I   0.45652 0.00261 0.53776 0.00311 ( 3)
 327 Q   0.44422 0.01490 0.52311 0.01777 ( 3)
 328 L   0.04221 0.41691 0.04893 0.49195 ( 4)
 329 R   0.23707 0.22205 0.27724 0.26364 ( 3)
 330 L   0.00043 0.45869 0.00050 0.54038 ( 4)
 331 V   0.43610 0.02302 0.51343 0.02745 ( 3)
 332 P   0.43863 0.02049 0.51645 0.02443 ( 3)
 333 G   0.42877 0.03035 0.50469 0.03618 ( 3)
 334 L   0.43954 0.01958 0.51753 0.02335 ( 3)
 335 K   0.40789 0.05123 0.47983 0.06104 ( 3)
 336 E   0.39977 0.05935 0.47017 0.07071 ( 3)
 337 F   0.35757 0.10155 0.41998 0.12090 ( 3)
 338 E   0.42310 0.03602 0.49795 0.04293 ( 3)
 339 E   0.44338 0.01574 0.52211 0.01877 ( 3)
 340 A   0.45575 0.00338 0.53685 0.00403 ( 3)
 341 Y   0.42963 0.02949 0.50572 0.03516 ( 3)
 342 A   0.43749 0.02163 0.51509 0.02579 ( 3)
 343 Q   0.00227 0.45685 0.00263 0.53825 ( 4)
 344 A   0.30260 0.15652 0.35475 0.18613 ( 3)
 345 D   0.45552 0.00361 0.53657 0.00430 ( 3)
 346 K   0.45063 0.00849 0.53075 0.01013 ( 3)
 347 G   0.00913 0.45000 0.01056 0.53032 ( 4)
 348 A   0.43439 0.02474 0.51139 0.02949 ( 3)
 349 P   0.05619 0.40293 0.06518 0.47570 ( 4)
 350 L   0.02639 0.12728 0.58360 0.26273 ( 3)
 351 P   0.27934 0.17978 0.32719 0.21368 ( 3)
 352 C   0.45252 0.00660 0.53300 0.00787 ( 3)
 353 P   0.01826 0.44086 0.02114 0.51974 ( 4)
 354 T   0.04662 0.41250 0.05405 0.48683 ( 4)
 355 G   0.42853 0.03060 0.50440 0.03647 ( 3)
 356 A   0.42340 0.03572 0.49830 0.04258 ( 3)
 357 W   0.36613 0.09299 0.43015 0.11073 ( 3)
 358 C   0.45327 0.00585 0.53389 0.00698 ( 3)
 359 S   0.45468 0.00444 0.53558 0.00530 ( 3)
 360 S   0.45468 0.00444 0.53558 0.00530 ( 3)
 361 N   0.43747 0.02165 0.51507 0.02581 ( 3)
 362 Q   0.44422 0.01490 0.52311 0.01777 ( 3)
 363 L   0.30826 0.15086 0.36145 0.17942 ( 3)
 364 C   0.45252 0.00660 0.53300 0.00787 ( 3)
 365 R   0.42020 0.03891 0.49450 0.04638 ( 3)
 366 E   0.09091 0.36821 0.10564 0.43524 ( 4)
 367 C   0.45247 0.00665 0.53294 0.00794 ( 3)
 368 C   0.00066 0.45846 0.00076 0.54012 ( 4)
 369 A   0.35576 0.10336 0.41782 0.12306 ( 3)
 370 F   0.45598 0.00315 0.53712 0.00375 ( 3)
 371 T   0.00020 0.45892 0.00024 0.54064 ( 4)
 372 A   0.07261 0.38651 0.08430 0.45659 ( 4)
 373 H   0.45441 0.00471 0.53526 0.00562 ( 3)
 374 T   0.00013 0.45899 0.00015 0.54073 ( 4)
 375 T   0.43471 0.02441 0.51178 0.02910 ( 3)
 376 P   0.45458 0.00455 0.53545 0.00542 ( 3)
 377 T   0.03852 0.42060 0.04465 0.49623 ( 4)
 378 L   0.45167 0.00746 0.53198 0.00889 ( 3)
 379 G   0.00029 0.45883 0.00034 0.54054 ( 4)
 380 P   0.32327 0.13586 0.37924 0.16163 ( 3)
 381 F   0.43731 0.02182 0.51487 0.02601 ( 3)
 382 S   0.45414 0.00498 0.53493 0.00594 ( 3)
 383 M   0.45559 0.00353 0.53666 0.00421 ( 3)
 384 S   0.43690 0.02222 0.51438 0.02650 ( 3)
 385 S   0.32980 0.12932 0.38700 0.15388 ( 3)
 386 A   0.45575 0.00338 0.53685 0.00403 ( 3)
 387 Y   0.45278 0.00634 0.53332 0.00756 ( 3)
 388 N   0.45491 0.00421 0.53585 0.00503 ( 3)
 389 V   0.19543 0.26369 0.22815 0.31273 ( 4)
 390 Y   0.45025 0.00887 0.53030 0.01058 ( 3)
 391 Q   0.03025 0.42887 0.03504 0.50584 ( 4)
 392 A   0.43332 0.02580 0.51012 0.03076 ( 3)
 393 V   0.45203 0.00710 0.53242 0.00846 ( 3)
 394 Y   0.44210 0.01702 0.52058 0.02030 ( 3)
 395 T   0.02801 0.43111 0.03244 0.50844 ( 4)
 396 V   0.45203 0.00710 0.53242 0.00846 ( 3)
 397 A   0.45563 0.00350 0.53671 0.00417 ( 3)
 398 H   0.43773 0.02139 0.51538 0.02550 ( 3)
 399 G   0.45432 0.00480 0.53515 0.00573 ( 3)
 400 L   0.45498 0.00414 0.53594 0.00494 ( 3)
 401 H   0.45451 0.00462 0.53537 0.00550 ( 3)
 402 Q   0.44422 0.01490 0.52311 0.01777 ( 3)
 403 L   0.45498 0.00414 0.53594 0.00494 ( 3)
 404 L   0.43966 0.01946 0.51768 0.02320 ( 3)
 405 G   0.45432 0.00480 0.53515 0.00573 ( 3)
 406 C   0.44358 0.01554 0.52235 0.01853 ( 3)
 407 A   0.43144 0.02769 0.50787 0.03300 ( 3)
 408 S   0.43793 0.02119 0.51561 0.02527 ( 3)
 409 G   0.41250 0.04662 0.48532 0.05556 ( 3)
 410 A   0.40823 0.05089 0.48024 0.06064 ( 3)
 411 C   0.43263 0.02649 0.50930 0.03158 ( 3)
 412 S   0.45414 0.00498 0.53493 0.00594 ( 3)
 413 R   0.44975 0.00937 0.52970 0.01118 ( 3)
 414 S   0.30854 0.15059 0.36178 0.17910 ( 3)
 415 Q   0.01177 0.44734 0.01363 0.52725 ( 4)
 416 V   0.45577 0.00335 0.53688 0.00400 ( 3)
 417 Y   0.26084 0.19828 0.30532 0.23556 ( 3)
 418 P   0.45454 0.00459 0.53541 0.00547 ( 3)
 419 W   0.44063 0.01850 0.51883 0.02205 ( 3)
 420 Q   0.44422 0.01490 0.52311 0.01777 ( 3)
 421 L   0.43504 0.02408 0.51217 0.02871 ( 3)
 422 L   0.43813 0.02100 0.51585 0.02503 ( 3)
 423 E   0.41320 0.04592 0.48615 0.05473 ( 3)
 424 Q   0.44422 0.01490 0.52311 0.01777 ( 3)
 425 I   0.45652 0.00261 0.53776 0.00311 ( 3)
 426 H   0.01589 0.44324 0.01839 0.52249 ( 4)
 427 K   0.45038 0.00874 0.53045 0.01042 ( 3)
 428 A   0.41737 0.04176 0.49111 0.04977 ( 3)
 429 N   0.34480 0.11432 0.40480 0.13608 ( 3)
 430 F   0.45589 0.00324 0.53702 0.00386 ( 3)
 431 L   0.43504 0.02408 0.51217 0.02871 ( 3)
 432 L   0.40311 0.05601 0.47414 0.06674 ( 3)
 433 H   0.45350 0.00562 0.53417 0.00671 ( 3)
 434 E   0.01043 0.44869 0.01207 0.52880 ( 4)
 435 D   0.45552 0.00361 0.53657 0.00430 ( 3)
 436 T   0.43870 0.02042 0.51654 0.02434 ( 3)
 437 V   0.45203 0.00710 0.53242 0.00846 ( 3)
 438 T   0.00380 0.45533 0.00439 0.53649 ( 4)
 439 F   0.35661 0.10251 0.41884 0.12204 ( 3)
 440 N   0.14299 0.31613 0.16655 0.37433 ( 4)
 441 D   0.45552 0.00361 0.53657 0.00430 ( 3)
 442 N   0.44417 0.01495 0.52305 0.01783 ( 3)
 443 G   0.13640 0.32272 0.15884 0.38205 ( 4)
 444 D   0.23889 0.22023 0.27939 0.26149 ( 3)
 445 P   0.42956 0.02957 0.50563 0.03525 ( 3)
 446 L   0.28025 0.17887 0.32828 0.21260 ( 3)
 447 S   0.43640 0.02272 0.51380 0.02708 ( 3)
 448 G   0.42608 0.03304 0.50149 0.03938 ( 3)
 449 Y   0.42963 0.02949 0.50572 0.03516 ( 3)
 450 N   0.10952 0.34960 0.12737 0.41351 ( 4)
 451 I   0.44160 0.01752 0.51998 0.02090 ( 3)
 452 I   0.44164 0.01748 0.52004 0.02084 ( 3)
 453 A   0.43710 0.02203 0.51461 0.02626 ( 3)
 454 W   0.44063 0.01850 0.51883 0.02205 ( 3)
 455 D   0.45552 0.00361 0.53657 0.00430 ( 3)
 456 W   0.44063 0.01850 0.51883 0.02205 ( 3)
 457 I   0.02684 0.43228 0.03108 0.50980 ( 4)
 458 G   0.44857 0.01054 0.52831 0.01257 ( 3)
 459 F   0.31459 0.14453 0.36896 0.17192 ( 3)
 460 K   0.41310 0.04603 0.48603 0.05485 ( 3)
 461 W   0.44063 0.01850 0.51883 0.02205 ( 3)
 462 T   0.45520 0.00392 0.53620 0.00468 ( 3)
 463 F   0.45551 0.00362 0.53656 0.00432 ( 3)
 464 T   0.44650 0.01262 0.52582 0.01505 ( 3)
 465 V   0.27443 0.18469 0.32139 0.21949 ( 3)
 466 I   0.03836 0.42076 0.04446 0.49642 ( 4)
 467 G   0.45094 0.00818 0.53112 0.00976 ( 3)
 468 S   0.45388 0.00524 0.53462 0.00625 ( 3)
 469 S   0.45414 0.00498 0.53493 0.00594 ( 3)
 470 T   0.41971 0.03941 0.49390 0.04698 ( 3)
 471 A   0.14129 0.31783 0.16456 0.37632 ( 4)
 472 S   0.32506 0.13406 0.38137 0.15951 ( 3)
 473 P   0.40932 0.04980 0.48154 0.05934 ( 3)
 474 V   0.34165 0.11747 0.40106 0.13982 ( 3)
 475 R   0.00252 0.45660 0.00292 0.53796 ( 4)
 476 L   0.41672 0.04240 0.49035 0.05053 ( 3)
 477 D   0.42884 0.03028 0.50478 0.03610 ( 3)
 478 I   0.44088 0.01824 0.51913 0.02174 ( 3)
 479 N   0.43747 0.02165 0.51507 0.02581 ( 3)
 480 E   0.41324 0.04588 0.48620 0.05468 ( 3)
 481 T   0.45520 0.00393 0.53619 0.00469 ( 3)
 482 K   0.41944 0.03968 0.49358 0.04730 ( 3)
 483 I   0.45634 0.00278 0.53756 0.00332 ( 3)
 484 Q   0.44422 0.01490 0.52311 0.01777 ( 3)
 485 W   0.44063 0.01850 0.51883 0.02205 ( 3)
 486 H   0.42119 0.03793 0.49567 0.04521 ( 3)
 487 R   0.07211 0.38700 0.08372 0.45716 ( 4)
 488 K   0.45063 0.00849 0.53075 0.01013 ( 3)
 489 D   0.43594 0.02318 0.51324 0.02763 ( 3)
 490 N   0.45501 0.00411 0.53597 0.00490 ( 3)
 491 Q   0.44422 0.01490 0.52311 0.01777 ( 3)
 492 V   0.45188 0.00724 0.53224 0.00864 ( 3)
 493 P   0.43715 0.02197 0.51469 0.02619 ( 3)
 494 Q   0.23774 0.22138 0.27803 0.26285 ( 3)
 495 S   0.43251 0.02661 0.50916 0.03172 ( 3)
 496 V   0.45203 0.00710 0.53242 0.00846 ( 3)
 497 C   0.44717 0.01195 0.52663 0.01425 ( 3)
 498 S   0.45414 0.00498 0.53493 0.00594 ( 3)
 499 S   0.44956 0.00956 0.52947 0.01140 ( 3)
 500 D   0.45530 0.00382 0.53632 0.00456 ( 3)
 501 C   0.43459 0.02453 0.51163 0.02924 ( 3)
 502 L   0.43504 0.02408 0.51217 0.02871 ( 3)
 503 E   0.29207 0.16705 0.34227 0.19861 ( 3)
 504 G   0.44823 0.01089 0.52789 0.01299 ( 3)
 505 H   0.42919 0.02993 0.50520 0.03568 ( 3)
 506 Q   0.44422 0.01490 0.52311 0.01777 ( 3)
 507 R   0.06004 0.39907 0.06967 0.47122 ( 4)
 508 V   0.45203 0.00710 0.53242 0.00846 ( 3)
 509 V   0.43918 0.01994 0.51710 0.02378 ( 3)
 510 V   0.00105 0.45807 0.00122 0.53966 ( 4)
 511 G   0.32846 0.13066 0.38541 0.15547 ( 3)
 512 S   0.43781 0.02132 0.51546 0.02542 ( 3)
 513 H   0.16007 0.29905 0.18659 0.35429 ( 4)
 514 H   0.42992 0.02920 0.50607 0.03481 ( 3)
 515 C   0.43363 0.02549 0.51049 0.03039 ( 3)
 516 C   0.45327 0.00585 0.53389 0.00698 ( 3)
 517 F   0.44429 0.01483 0.52319 0.01769 ( 3)
 518 E   0.41395 0.04517 0.48704 0.05383 ( 3)
 519 C   0.43263 0.02649 0.50930 0.03158 ( 3)
 520 V   0.44812 0.01101 0.52775 0.01313 ( 3)
 521 P   0.45348 0.00564 0.53415 0.00673 ( 3)
 522 C   0.43294 0.02618 0.50967 0.03121 ( 3)
 523 E   0.21967 0.23946 0.25670 0.28417 ( 4)
 524 S   0.33394 0.12518 0.39192 0.14896 ( 3)
 525 G   0.44921 0.00992 0.52905 0.01182 ( 3)
 526 T   0.24619 0.21293 0.28801 0.25287 ( 3)
 527 F   0.34166 0.11746 0.40108 0.13979 ( 3)
 528 L   0.29660 0.16252 0.34763 0.19324 ( 3)
 529 N   0.32289 0.13623 0.37881 0.16207 ( 3)
 530 K   0.24549 0.21363 0.28718 0.25370 ( 3)
 531 S   0.43348 0.02564 0.51031 0.03057 ( 3)
 532 D   0.45435 0.00477 0.53519 0.00569 ( 3)
 533 L   0.42241 0.03671 0.49712 0.04375 ( 3)
 534 Y   0.41058 0.04855 0.48302 0.05785 ( 3)
 535 R   0.10936 0.34976 0.12718 0.41370 ( 4)
 536 C   0.45138 0.00775 0.53164 0.00924 ( 3)
 537 Q   0.44422 0.01490 0.52311 0.01777 ( 3)
 538 P   0.33115 0.12797 0.38861 0.15227 ( 3)
 539 C   0.43263 0.02649 0.50930 0.03158 ( 3)
 540 G   0.44960 0.00953 0.52952 0.01136 ( 3)
 541 K   0.42337 0.03575 0.49827 0.04261 ( 3)
 542 E   0.42310 0.03602 0.49795 0.04293 ( 3)
 543 E   0.45177 0.00735 0.53211 0.00877 ( 3)
 544 W   0.44063 0.01850 0.51883 0.02205 ( 3)
 545 A   0.41187 0.04725 0.48457 0.05631 ( 3)
 546 P   0.43885 0.02027 0.51671 0.02417 ( 3)
 547 E   0.07165 0.38747 0.08318 0.45770 ( 4)
 548 G   0.24380 0.21532 0.28518 0.25570 ( 3)
 549 S   0.45468 0.00444 0.53558 0.00530 ( 3)
 550 Q   0.44422 0.01490 0.52311 0.01777 ( 3)
 551 T   0.43037 0.02876 0.50659 0.03428 ( 3)
 552 C   0.45327 0.00585 0.53389 0.00698 ( 3)
 553 F   0.45563 0.00350 0.53671 0.00417 ( 3)
 554 P   0.29589 0.16323 0.34679 0.19408 ( 3)
 555 R   0.45002 0.00910 0.53002 0.01085 ( 3)
 556 T   0.43920 0.01992 0.51713 0.02375 ( 3)
 557 V   0.45094 0.00818 0.53112 0.00975 ( 3)
 558 V   0.41558 0.04354 0.48899 0.05189 ( 3)
 559 F   0.14640 0.31272 0.17055 0.37033 ( 4)
 560 L   0.43938 0.01974 0.51734 0.02353 ( 3)
 561 A   0.13001 0.32911 0.15135 0.38953 ( 4)
 562 W   0.15418 0.30494 0.17968 0.36120 ( 4)
 563 H   0.14595 0.31318 0.17002 0.37086 ( 4)
 564 E   0.45178 0.00734 0.53212 0.00876 ( 3)
 565 C   0.01831 0.44081 0.02120 0.51968 ( 4)
 566 I   0.43547 0.02366 0.51267 0.02820 ( 3)
 567 S   0.43251 0.02661 0.50916 0.03172 ( 3)
 568 W   0.44063 0.01850 0.51883 0.02205 ( 3)
 569 V   0.45203 0.00710 0.53242 0.00846 ( 3)
 570 L   0.43830 0.02082 0.51605 0.02483 ( 3)
 571 L   0.43952 0.01960 0.51751 0.02337 ( 3)
 572 A   0.25599 0.20313 0.29958 0.24130 ( 3)
 573 A   0.35103 0.10809 0.41220 0.12867 ( 3)
 574 N   0.44895 0.01017 0.52874 0.01213 ( 3)
 575 T   0.39212 0.06701 0.46105 0.07983 ( 3)
 576 L   0.15171 0.30741 0.17678 0.36410 ( 4)
 577 L   0.43898 0.02014 0.51686 0.02401 ( 3)
 578 L   0.43961 0.01951 0.51762 0.02326 ( 3)
 579 V   0.35470 0.10442 0.41656 0.12431 ( 3)
 580 V   0.35437 0.10475 0.41617 0.12471 ( 3)
 581 V   0.35855 0.10058 0.42113 0.11974 ( 3)
 582 V   0.13254 0.32658 0.15431 0.38657 ( 4)
 583 G   0.44999 0.00913 0.52999 0.01089 ( 3)
 584 T   0.33583 0.12329 0.39416 0.14672 ( 3)
 585 V   0.34234 0.11678 0.40189 0.13899 ( 3)
 586 G   0.45331 0.00582 0.53394 0.00694 ( 3)
 587 L   0.43966 0.01946 0.51768 0.02320 ( 3)
 588 F   0.44033 0.01879 0.51848 0.02240 ( 3)
 589 A   0.45555 0.00358 0.53661 0.00427 ( 3)
 590 W   0.44063 0.01850 0.51883 0.02205 ( 3)
 591 H   0.45452 0.00460 0.53539 0.00549 ( 3)
 592 Q   0.22697 0.23215 0.26532 0.27556 ( 4)
 593 D   0.45552 0.00361 0.53657 0.00430 ( 3)
 594 T   0.45484 0.00429 0.53576 0.00511 ( 3)
 595 P   0.43425 0.02487 0.51123 0.02965 ( 3)
 596 V   0.45203 0.00710 0.53242 0.00846 ( 3)
 597 V   0.45178 0.00734 0.53212 0.00876 ( 3)
 598 R   0.44975 0.00937 0.52970 0.01118 ( 3)
 599 S   0.40380 0.05532 0.47496 0.06592 ( 3)
 600 A   0.42786 0.03126 0.50361 0.03727 ( 3)
 601 G   0.44960 0.00953 0.52952 0.01136 ( 3)
 602 G   0.45432 0.00480 0.53515 0.00573 ( 3)
 603 W   0.00809 0.45103 0.00937 0.53151 ( 4)
 604 L   0.43966 0.01946 0.51768 0.02320 ( 3)
 605 C   0.45320 0.00592 0.53382 0.00706 ( 3)
 606 F   0.45168 0.00744 0.53201 0.00887 ( 3)
 607 L   0.45000 0.00912 0.53001 0.01087 ( 3)
 608 M   0.45559 0.00353 0.53666 0.00421 ( 3)
 609 L   0.43851 0.02061 0.51631 0.02457 ( 3)
 610 G   0.45384 0.00529 0.53457 0.00630 ( 3)
 611 S   0.45382 0.00531 0.53455 0.00633 ( 3)
 612 L   0.43966 0.01946 0.51768 0.02320 ( 3)
 613 A   0.41769 0.04142 0.49151 0.04937 ( 3)
 614 G   0.01611 0.44301 0.01865 0.52223 ( 4)
 615 A   0.32034 0.13878 0.37577 0.16511 ( 3)
 616 S   0.45348 0.00564 0.53415 0.00673 ( 3)
 617 C   0.01670 0.44242 0.01933 0.52154 ( 4)
 618 S   0.45468 0.00444 0.53558 0.00530 ( 3)
 619 L   0.43129 0.02783 0.50770 0.03318 ( 3)
 620 Y   0.42963 0.02949 0.50572 0.03516 ( 3)
 621 G   0.45420 0.00492 0.53501 0.00587 ( 3)
 622 F   0.45581 0.00331 0.53692 0.00395 ( 3)
 623 F   0.44033 0.01879 0.51848 0.02240 ( 3)
 624 G   0.44823 0.01089 0.52789 0.01299 ( 3)
 625 E   0.44786 0.01126 0.52745 0.01343 ( 3)
 626 P   0.45417 0.00495 0.53497 0.00590 ( 3)
 627 T   0.30005 0.15907 0.35173 0.18915 ( 3)
 628 L   0.13139 0.32774 0.15295 0.38792 ( 4)
 629 P   0.37512 0.08400 0.44084 0.10004 ( 3)
 630 A   0.28303 0.17609 0.33156 0.20932 ( 3)
 631 C   0.45252 0.00660 0.53300 0.00787 ( 3)
 632 L   0.43494 0.02418 0.51205 0.02883 ( 3)
 633 L   0.43956 0.01956 0.51756 0.02332 ( 3)
 634 R   0.45310 0.00602 0.53370 0.00718 ( 3)
 635 Q   0.44284 0.01628 0.52147 0.01941 ( 3)
 636 A   0.43026 0.02886 0.50647 0.03441 ( 3)
 637 I   0.42856 0.03056 0.50445 0.03643 ( 3)
 638 F   0.44033 0.01879 0.51848 0.02240 ( 3)
 639 A   0.45523 0.00389 0.53623 0.00464 ( 3)
 640 L   0.43790 0.02123 0.51557 0.02531 ( 3)
 641 G   0.43386 0.02526 0.51077 0.03011 ( 3)
 642 F   0.45291 0.00622 0.53346 0.00741 ( 3)
 643 T   0.42694 0.03218 0.50252 0.03836 ( 3)
 644 I   0.44209 0.01704 0.52056 0.02031 ( 3)
 645 F   0.45587 0.00325 0.53700 0.00388 ( 3)
 646 L   0.43956 0.01956 0.51756 0.02332 ( 3)
 647 S   0.45408 0.00505 0.53486 0.00602 ( 3)
 648 C   0.45327 0.00585 0.53389 0.00698 ( 3)
 649 L   0.35467 0.10445 0.41653 0.12435 ( 3)
 650 T   0.41133 0.04779 0.48392 0.05696 ( 3)
 651 V   0.43735 0.02177 0.51492 0.02595 ( 3)
 652 R   0.45295 0.00617 0.53352 0.00736 ( 3)
 653 S   0.45203 0.00709 0.53243 0.00845 ( 3)
 654 F   0.45598 0.00315 0.53712 0.00375 ( 3)
 655 Q   0.41611 0.04300 0.48962 0.05126 ( 3)
 656 L   0.42540 0.03372 0.50068 0.04020 ( 3)
 657 V   0.43310 0.02602 0.50986 0.03102 ( 3)
 658 I   0.45652 0.00261 0.53776 0.00311 ( 3)
 659 I   0.45621 0.00292 0.53740 0.00348 ( 3)
 660 F   0.45598 0.00315 0.53712 0.00375 ( 3)
 661 K   0.45063 0.00849 0.53075 0.01013 ( 3)
 662 F   0.44033 0.01879 0.51848 0.02240 ( 3)
 663 S   0.45380 0.00532 0.53453 0.00635 ( 3)
 664 T   0.33213 0.12699 0.38976 0.15111 ( 3)
 665 K   0.45003 0.00909 0.53003 0.01084 ( 3)
 666 V   0.08764 0.37148 0.10182 0.43907 ( 4)
 667 P   0.44911 0.01001 0.52894 0.01194 ( 3)
 668 T   0.11875 0.34037 0.13817 0.40271 ( 4)
 669 F   0.45598 0.00315 0.53712 0.00375 ( 3)
 670 Y   0.28045 0.17867 0.32851 0.21237 ( 3)
 671 H   0.14746 0.31166 0.17179 0.36908 ( 4)
 672 T   0.34010 0.11902 0.39923 0.14165 ( 3)
 673 W   0.44063 0.01850 0.51883 0.02205 ( 3)
 674 V   0.45530 0.00383 0.53631 0.00457 ( 3)
 675 Q   0.41436 0.04476 0.48753 0.05335 ( 3)
 676 N   0.45501 0.00411 0.53597 0.00490 ( 3)
 677 H   0.45275 0.00637 0.53328 0.00760 ( 3)
 678 G   0.43313 0.02599 0.50990 0.03098 ( 3)
 679 A   0.44134 0.01778 0.51968 0.02120 ( 3)
 680 A   0.08221 0.37691 0.09549 0.44539 ( 4)
 681 L   0.43966 0.01946 0.51768 0.02320 ( 3)
 682 F   0.44033 0.01879 0.51848 0.02240 ( 3)
 683 I   0.35050 0.10862 0.41158 0.12930 ( 3)
 684 M   0.26569 0.19344 0.31104 0.22983 ( 3)
 685 I   0.45636 0.00277 0.53757 0.00330 ( 3)
 686 S   0.43081 0.02831 0.50712 0.03375 ( 3)
 687 S   0.40380 0.05532 0.47496 0.06592 ( 3)
 688 M   0.01344 0.44568 0.01556 0.52532 ( 4)
 689 A   0.09119 0.36793 0.10596 0.43491 ( 4)
 690 Q   0.44422 0.01490 0.52311 0.01777 ( 3)
 691 L   0.43833 0.02080 0.51608 0.02479 ( 3)
 692 L   0.43669 0.02243 0.51413 0.02675 ( 3)
 693 I   0.45652 0.00261 0.53776 0.00311 ( 3)
 694 C   0.43287 0.02625 0.50959 0.03129 ( 3)
 695 L   0.40311 0.05601 0.47414 0.06674 ( 3)
 696 T   0.43907 0.02005 0.51698 0.02390 ( 3)
 697 W   0.44063 0.01850 0.51883 0.02205 ( 3)
 698 L   0.43704 0.02208 0.51455 0.02632 ( 3)
 699 A   0.24215 0.21697 0.28323 0.25765 ( 3)
 700 V   0.41569 0.04343 0.48912 0.05176 ( 3)
 701 W   0.44063 0.01850 0.51883 0.02205 ( 3)
 702 T   0.45422 0.00490 0.53503 0.00584 ( 3)
 703 P   0.40932 0.04980 0.48154 0.05934 ( 3)
 704 L   0.43966 0.01946 0.51768 0.02320 ( 3)
 705 P   0.45413 0.00499 0.53492 0.00595 ( 3)
 706 T   0.40419 0.05493 0.47543 0.06545 ( 3)
 707 R   0.44100 0.01812 0.51927 0.02161 ( 3)
 708 E   0.42310 0.03602 0.49795 0.04293 ( 3)
 709 Y   0.45201 0.00711 0.53240 0.00848 ( 3)
 710 Q   0.17976 0.27936 0.20972 0.33116 ( 4)
 711 R   0.45312 0.00600 0.53372 0.00716 ( 3)
 712 F   0.45563 0.00350 0.53671 0.00417 ( 3)
 713 P   0.45417 0.00495 0.53497 0.00590 ( 3)
 714 Q   0.36543 0.09369 0.42932 0.11156 ( 3)
 715 L   0.43966 0.01946 0.51768 0.02320 ( 3)
 716 V   0.45094 0.00818 0.53112 0.00975 ( 3)
 717 V   0.32185 0.13727 0.37757 0.16331 ( 3)
 718 L   0.43504 0.02408 0.51217 0.02871 ( 3)
 719 E   0.40872 0.05040 0.48081 0.06006 ( 3)
 720 C   0.45327 0.00585 0.53389 0.00698 ( 3)
 721 T   0.41026 0.04886 0.48266 0.05823 ( 3)
 722 E   0.45178 0.00734 0.53212 0.00876 ( 3)
 723 T   0.00221 0.45691 0.00256 0.53832 ( 4)
 724 N   0.41898 0.04015 0.49303 0.04785 ( 3)
 725 S   0.44472 0.01440 0.52370 0.01718 ( 3)
 726 L   0.43966 0.01946 0.51768 0.02320 ( 3)
 727 G   0.45432 0.00480 0.53515 0.00573 ( 3)
 728 F   0.45598 0.00315 0.53712 0.00375 ( 3)
 729 M   0.22151 0.23761 0.25888 0.28200 ( 4)
 730 L   0.43956 0.01956 0.51756 0.02332 ( 3)
 731 A   0.45575 0.00338 0.53685 0.00403 ( 3)
 732 F   0.45441 0.00471 0.53525 0.00562 ( 3)
 733 G   0.00272 0.45641 0.00314 0.53773 ( 4)
 734 Y   0.45278 0.00634 0.53332 0.00756 ( 3)
 735 N   0.43747 0.02165 0.51507 0.02581 ( 3)
 736 G   0.42497 0.03415 0.50017 0.04071 ( 3)
 737 L   0.45429 0.00484 0.53511 0.00577 ( 3)
 738 L   0.45461 0.00451 0.53549 0.00538 ( 3)
 739 S   0.45124 0.00788 0.53148 0.00940 ( 3)
 740 V   0.11461 0.34451 0.13332 0.40755 ( 4)
 741 S   0.45077 0.00836 0.53092 0.00996 ( 3)
 742 A   0.45536 0.00376 0.53639 0.00449 ( 3)
 743 F   0.44033 0.01879 0.51848 0.02240 ( 3)
 744 A   0.45502 0.00411 0.53598 0.00490 ( 3)
 745 C   0.45273 0.00639 0.53325 0.00762 ( 3)
 746 S   0.43065 0.02847 0.50693 0.03394 ( 3)
 747 Y   0.45278 0.00634 0.53332 0.00756 ( 3)
 748 L   0.35473 0.10439 0.41660 0.12428 ( 3)
 749 G   0.45417 0.00495 0.53497 0.00590 ( 3)
 750 K   0.45003 0.00909 0.53003 0.01084 ( 3)
 751 D   0.45552 0.00361 0.53657 0.00430 ( 3)
 752 L   0.43915 0.01997 0.51707 0.02381 ( 3)
 753 P   0.40932 0.04980 0.48154 0.05934 ( 3)
 754 E   0.45178 0.00734 0.53212 0.00876 ( 3)
 755 N   0.45501 0.00411 0.53597 0.00490 ( 3)
 756 Y   0.44440 0.01472 0.52333 0.01755 ( 3)
 757 N   0.43001 0.02911 0.50617 0.03470 ( 3)
 758 E   0.45178 0.00734 0.53212 0.00876 ( 3)
 759 A   0.45555 0.00358 0.53661 0.00427 ( 3)
 760 K   0.41944 0.03968 0.49358 0.04730 ( 3)
 761 C   0.43263 0.02649 0.50930 0.03158 ( 3)
 762 V   0.45577 0.00335 0.53688 0.00400 ( 3)
 763 T   0.45421 0.00492 0.53501 0.00586 ( 3)
 764 F   0.45464 0.00449 0.53553 0.00535 ( 3)
 765 G   0.31061 0.14852 0.36423 0.17664 ( 3)
 766 L   0.43959 0.01954 0.51759 0.02329 ( 3)
 767 L   0.45498 0.00414 0.53594 0.00494 ( 3)
 768 L   0.43182 0.02731 0.50832 0.03255 ( 3)
 769 N   0.42520 0.03393 0.50044 0.04044 ( 3)
 770 F   0.45563 0.00350 0.53671 0.00417 ( 3)
 771 V   0.27341 0.18571 0.32018 0.22069 ( 3)
 772 S   0.45414 0.00498 0.53493 0.00594 ( 3)
 773 W   0.44063 0.01850 0.51883 0.02205 ( 3)
 774 I   0.45652 0.00261 0.53776 0.00311 ( 3)
 775 A   0.33425 0.12488 0.39227 0.14860 ( 3)
 776 F   0.43765 0.02147 0.51528 0.02560 ( 3)
 777 F   0.45580 0.00333 0.53691 0.00397 ( 3)
 778 T   0.45511 0.00402 0.53608 0.00479 ( 3)
 779 V   0.05902 0.40010 0.06847 0.47240 ( 4)
 780 A   0.45539 0.00373 0.53642 0.00445 ( 3)
 781 S   0.42804 0.03108 0.50383 0.03705 ( 3)
 782 V   0.43736 0.02176 0.51493 0.02595 ( 3)
 783 Y   0.41704 0.04209 0.49072 0.05016 ( 3)
 784 Q   0.24769 0.21144 0.28977 0.25111 ( 3)
 785 G   0.42755 0.03157 0.50324 0.03763 ( 3)
 786 K   0.45063 0.00849 0.53075 0.01013 ( 3)
 787 Y   0.45190 0.00722 0.53226 0.00862 ( 3)
 788 L   0.35465 0.10447 0.41651 0.12437 ( 3)
 789 P   0.42852 0.03060 0.50440 0.03648 ( 3)
 790 A   0.40168 0.05744 0.47243 0.06844 ( 3)
 791 V   0.43047 0.02865 0.50672 0.03416 ( 3)
 792 N   0.45141 0.00771 0.53168 0.00920 ( 3)
 793 V   0.28580 0.17332 0.33484 0.20603 ( 3)
 794 L   0.36963 0.08950 0.43430 0.10657 ( 3)
 795 A   0.45074 0.00838 0.53088 0.01000 ( 3)
 796 V   0.00637 0.45275 0.00738 0.53350 ( 4)
 797 L   0.36816 0.09096 0.43256 0.10832 ( 3)
 798 S   0.45468 0.00444 0.53558 0.00530 ( 3)
 799 S   0.45468 0.00444 0.53558 0.00530 ( 3)
 800 L   0.43963 0.01949 0.51764 0.02324 ( 3)
 801 S   0.43090 0.02823 0.50723 0.03365 ( 3)
 802 S   0.45368 0.00545 0.53438 0.00649 ( 3)
 803 G   0.45432 0.00480 0.53515 0.00573 ( 3)
 804 F   0.45598 0.00315 0.53712 0.00375 ( 3)
 805 S   0.40459 0.05454 0.47589 0.06498 ( 3)
 806 G   0.45120 0.00792 0.53143 0.00944 ( 3)
 807 Y   0.42963 0.02949 0.50572 0.03516 ( 3)
 808 F   0.45168 0.00744 0.53201 0.00887 ( 3)
 809 L   0.45052 0.00860 0.53062 0.01026 ( 3)
 810 P   0.45429 0.00483 0.53512 0.00576 ( 3)
 811 K   0.44981 0.00931 0.52977 0.01111 ( 3)
 812 C   0.45327 0.00585 0.53389 0.00698 ( 3)
 813 Y   0.43932 0.01980 0.51726 0.02361 ( 3)
 814 V   0.45008 0.00904 0.53009 0.01078 ( 3)
 815 I   0.45652 0.00261 0.53776 0.00311 ( 3)
 816 V   0.42704 0.03209 0.50263 0.03825 ( 3)
 817 C   0.42270 0.03642 0.49746 0.04341 ( 3)
 818 R   0.45182 0.00730 0.53217 0.00871 ( 3)
 819 P   0.27405 0.18507 0.32094 0.21994 ( 3)
 820 D   0.45054 0.00859 0.53064 0.01024 ( 3)
 821 L   0.45252 0.00661 0.53300 0.00788 ( 3)
 822 N   0.45459 0.00453 0.53547 0.00541 ( 3)
 823 S   0.43081 0.02832 0.50712 0.03375 ( 3)
 824 T   0.41597 0.04315 0.48945 0.05143 ( 3)
 825 E   0.45178 0.00734 0.53212 0.00876 ( 3)
 826 H   0.45452 0.00460 0.53539 0.00549 ( 3)
 827 F   0.45551 0.00362 0.53656 0.00432 ( 3)
 828 Q   0.44422 0.01490 0.52311 0.01777 ( 3)
 829 A   0.45570 0.00342 0.53679 0.00408 ( 3)
 830 S   0.45414 0.00498 0.53493 0.00594 ( 3)
 831 I   0.45256 0.00656 0.53305 0.00783 ( 3)
 832 Q   0.44422 0.01490 0.52311 0.01777 ( 3)
 833 D   0.43539 0.02374 0.51258 0.02830 ( 3)
 834 Y   0.45278 0.00634 0.53332 0.00756 ( 3)
 835 T   0.45007 0.00905 0.53008 0.01079 ( 3)
 836 R   0.44975 0.00937 0.52970 0.01118 ( 3)
 837 R   0.42203 0.03709 0.49667 0.04421 ( 3)
 838 W   0.02832 0.43080 0.03280 0.50807 ( 4)
 839 G   0.07471 0.38442 0.08674 0.45414 ( 4)
 840 S   0.41643 0.04269 0.49000 0.05088 ( 3)
 841 T   0.45335 0.00578 0.53398 0.00689 ( 3)

