

TREE # 1

  0  0.0000  10766.052726  x:  0.26385   0.11577   0.08596   0.00000   0.06063   0.05075   0.04950   0.04981   0.05520   0.02619   0.00368   0.00258   0.00477   0.02271   0.00778   0.00197   0.00852   0.00766   0.00524   0.00418   0.00162   0.00718   0.00615   0.00626   0.01824   0.14125   0.01212   0.02718   0.01864   0.01586   0.00123   0.00887   0.00574   0.00380   0.00237   0.05365   0.19416   0.06079   0.10998   0.00040   0.10813   0.08203   3.00000   1.16374   0.04304   0.25098   2.82902  
  1 99.0000  10755.402841  x:  0.26399   0.11620   0.08621   0.00459   0.06082   0.05082   0.04975   0.05018   0.05553   0.02611   0.00374   0.00249   0.00570   0.02285   0.00849   0.00034   0.00894   0.00761   0.00573   0.00392   0.00000   0.00685   0.00670   0.00676   0.01864   0.14143   0.01210   0.02712   0.01885   0.01595   0.00158   0.00875   0.00652   0.00437   0.00151   0.05444   0.19428   0.06125   0.11023   0.00824   0.10823   0.08257   3.00013   1.16387   0.04292   0.24914   2.82901  
  2 3113.0187  10754.178523  x:  0.26406   0.11639   0.08631   0.00538   0.06090   0.05083   0.04983   0.05034   0.05567   0.02607   0.00376   0.00247   0.00600   0.02291   0.00875   0.00145   0.00910   0.00759   0.00588   0.00384   0.00113   0.00673   0.00689   0.00693   0.01880   0.14152   0.01209   0.02710   0.01894   0.01598   0.00157   0.00871   0.00677   0.00454   0.00134   0.05478   0.19434   0.06142   0.11031   0.00997   0.10826   0.08278   3.00018   1.16393   0.04287   0.24834   2.82901  
  3 3310.7565  10748.389092  x:  0.26473   0.11814   0.08717   0.00243   0.06146   0.05086   0.05038   0.05187   0.05704   0.02568   0.00385   0.00256   0.00748   0.02341   0.01048   0.00133   0.01021   0.00749   0.00663   0.00358   0.00114   0.00596   0.00793   0.00792   0.02024   0.14235   0.01198   0.02691   0.01972   0.01629   0.00000   0.00852   0.00804   0.00517   0.00225   0.05800   0.19485   0.06280   0.11096   0.01169   0.10834   0.08451   3.00072   1.16448   0.04238   0.24053   2.82898  
  4 948.7868  10744.391804  x:  0.26529   0.11960   0.08788   0.00000   0.06192   0.05087   0.05085   0.05314   0.05817   0.02536   0.00391   0.00262   0.00863   0.02382   0.01185   0.00124   0.01109   0.00741   0.00721   0.00340   0.00114   0.00536   0.00875   0.00869   0.02142   0.14304   0.01189   0.02676   0.02036   0.01656   0.00054   0.00839   0.00904   0.00565   0.00285   0.06066   0.19529   0.06393   0.11148   0.01294   0.10840   0.08594   3.00116   1.16494   0.04197   0.23404   2.82895  
  5 18204.7311  10712.093541  x:  0.27228   0.13691   0.09666   0.00680   0.06780   0.05172   0.05697   0.06765   0.07117   0.02164   0.00378   0.00248   0.01440   0.02767   0.02173   0.00041   0.01704   0.00721   0.00906   0.00479   0.00141   0.00414   0.01270   0.01248   0.03321   0.15154   0.01061   0.02527   0.02671   0.01913   0.00148   0.00801   0.01370   0.00576   0.00045   0.09147   0.20058   0.07674   0.11748   0.00439   0.10895   0.10241   3.00669   1.17054   0.03701   0.15390   2.82864  
  6 3330.7706  10707.999932  x:  0.27423   0.14125   0.09880   0.00856   0.06918   0.05197   0.05831   0.07086   0.07407   0.02113   0.00381   0.00250   0.01393   0.02803   0.02221   0.00038   0.01690   0.00743   0.00827   0.00454   0.00163   0.00604   0.01203   0.01185   0.03505   0.15382   0.01027   0.02516   0.02749   0.01933   0.00196   0.00837   0.01301   0.00515   0.00639   0.09877   0.20204   0.07978   0.11908   0.00386   0.10919   0.10646   3.00823   1.17202   0.03572   0.13241   2.82855  
  7 5524.5006  10696.883894  x:  0.27728   0.14673   0.10125   0.00520   0.07050   0.05226   0.05920   0.07372   0.07673   0.02183   0.00400   0.00272   0.00918   0.02694   0.01816   0.00037   0.01299   0.00801   0.00515   0.00294   0.00181   0.00838   0.00775   0.00777   0.03453   0.15711   0.00990   0.02572   0.02636   0.01842   0.00132   0.00860   0.00820   0.00281   0.00359   0.10695   0.20428   0.08313   0.12132   0.00712   0.10975   0.11128   3.01063   1.17404   0.03399   0.10250   2.82841  
  8 2537.8718  10695.370955  x:  0.27808   0.14775   0.10158   0.00481   0.07056   0.05228   0.05911   0.07376   0.07680   0.02229   0.00378   0.00232   0.00791   0.02636   0.01617   0.00041   0.01174   0.00782   0.00613   0.00455   0.00180   0.00783   0.00742   0.00747   0.03343   0.15786   0.00989   0.02591   0.02551   0.01801   0.00123   0.00859   0.00757   0.00582   0.00333   0.10813   0.20482   0.08348   0.12173   0.00743   0.10987   0.11199   3.01130   1.17446   0.03366   0.09680   2.82837  
  9 1133.6707  10694.433241  x:  0.27907   0.14852   0.10160   0.00501   0.07026   0.05222   0.05863   0.07299   0.07616   0.02298   0.00380   0.00304   0.00775   0.02557   0.01352   0.00049   0.01104   0.00736   0.00752   0.00380   0.00172   0.00613   0.00873   0.00872   0.03115   0.15862   0.01001   0.02609   0.02409   0.01754   0.00128   0.00879   0.00871   0.00528   0.00354   0.10849   0.20542   0.08329   0.12197   0.00723   0.10993   0.11220   3.01221   1.17481   0.03343   0.09319   2.82831  
 10 452.9735  10694.204993  x:  0.27956   0.14883   0.10155   0.00499   0.07006   0.05215   0.05836   0.07252   0.07577   0.02314   0.00378   0.00206   0.00824   0.02539   0.01305   0.00053   0.01133   0.00739   0.00735   0.00402   0.00167   0.00617   0.00902   0.00899   0.03011   0.15895   0.01010   0.02610   0.02361   0.01747   0.00128   0.00872   0.00912   0.00497   0.00353   0.10854   0.20569   0.08310   0.12203   0.00720   0.10994   0.11220   3.01270   1.17496   0.03335   0.09232   2.82828  
 11 304.5602  10693.951052  x:  0.28059   0.14945   0.10142   0.00498   0.06962   0.05199   0.05780   0.07153   0.07495   0.02326   0.00380   0.00264   0.00932   0.02524   0.01299   0.00060   0.01223   0.00758   0.00664   0.00458   0.00159   0.00676   0.00916   0.00911   0.02822   0.15960   0.01030   0.02604   0.02294   0.01749   0.00129   0.00846   0.00953   0.00507   0.00342   0.10862   0.20624   0.08267   0.12212   0.00715   0.10991   0.11215   3.01377   1.17525   0.03320   0.09121   2.82821  
 12 315.2995  10693.753704  x:  0.28190   0.15025   0.10128   0.00513   0.06912   0.05180   0.05722   0.07041   0.07407   0.02300   0.00376   0.00251   0.00964   0.02539   0.01393   0.00065   0.01283   0.00754   0.00681   0.00363   0.00152   0.00661   0.00884   0.00881   0.02659   0.16037   0.01049   0.02591   0.02278   0.01767   0.00131   0.00847   0.00928   0.00558   0.00341   0.10878   0.20694   0.08214   0.12221   0.00698   0.10983   0.11209   3.01523   1.17562   0.03303   0.09055   2.82812  
 13 212.8968  10693.587994  x:  0.28355   0.15128   0.10115   0.00515   0.06860   0.05159   0.05667   0.06921   0.07319   0.02253   0.00385   0.00255   0.00929   0.02569   0.01508   0.00071   0.01282   0.00738   0.00730   0.00427   0.00147   0.00612   0.00868   0.00866   0.02550   0.16129   0.01063   0.02575   0.02307   0.01786   0.00131   0.00869   0.00896   0.00501   0.00351   0.10908   0.20779   0.08154   0.12230   0.00705   0.10972   0.11204   3.01718   1.17609   0.03282   0.09024   2.82800  
 14 233.0383  10693.366603  x:  0.28664   0.15321   0.10105   0.00512   0.06792   0.05134   0.05608   0.06750   0.07216   0.02203   0.00350   0.00251   0.00841   0.02608   0.01559   0.00074   0.01180   0.00752   0.00697   0.00417   0.00143   0.00685   0.00939   0.00936   0.02554   0.16285   0.01066   0.02561   0.02404   0.01789   0.00129   0.00852   0.00938   0.00514   0.00339   0.10977   0.20935   0.08055   0.12243   0.00710   0.10949   0.11202   3.02114   1.17703   0.03241   0.09043   2.82774  
 15 183.4689  10693.165909  x:  0.29005   0.15528   0.10105   0.00517   0.06745   0.05122   0.05578   0.06602   0.07147   0.02211   0.00470   0.00248   0.00862   0.02620   0.01506   0.00075   0.01146   0.00758   0.00659   0.00411   0.00142   0.00661   0.00930   0.00926   0.02656   0.16445   0.01056   0.02559   0.02473   0.01777   0.00129   0.00845   0.00951   0.00534   0.00343   0.11055   0.21103   0.07958   0.12255   0.00708   0.10924   0.11202   3.02584   1.17814   0.03194   0.09099   2.82745  
 16 308.7781  10692.818928  x:  0.29568   0.15864   0.10116   0.00521   0.06693   0.05116   0.05558   0.06396   0.07071   0.02266   0.00369   0.00256   0.00948   0.02616   0.01374   0.00076   0.01176   0.00754   0.00665   0.00414   0.00144   0.00611   0.00867   0.00863   0.02862   0.16696   0.01031   0.02566   0.02534   0.01757   0.00129   0.00854   0.00932   0.00525   0.00354   0.11177   0.21379   0.07809   0.12275   0.00713   0.10889   0.11204   3.03401   1.18004   0.03114   0.09211   2.82693  
 17 644.8241  10692.657966  x:  0.29846   0.16005   0.10137   0.00513   0.06714   0.05138   0.05592   0.06365   0.07088   0.02306   0.00393   0.00255   0.00916   0.02584   0.01352   0.00072   0.01253   0.00741   0.00762   0.00410   0.00147   0.00703   0.00878   0.00877   0.02928   0.16794   0.01018   0.02582   0.02450   0.01766   0.00129   0.00870   0.00890   0.00510   0.00341   0.11210   0.21507   0.07758   0.12283   0.00719   0.10885   0.11202   3.03894   1.18116   0.03069   0.09280   2.82662  
 18 257.0341  10692.372688  x:  0.30301   0.16190   0.10197   0.00513   0.06813   0.05205   0.05704   0.06426   0.07189   0.02349   0.00386   0.00254   0.00804   0.02519   0.01417   0.00064   0.01308   0.00766   0.00673   0.00415   0.00155   0.00637   0.00911   0.00912   0.02945   0.16910   0.01015   0.02618   0.02218   0.01798   0.00131   0.00869   0.00872   0.00522   0.00352   0.11213   0.21704   0.07714   0.12295   0.00724   0.10902   0.11197   3.04867   1.18332   0.02986   0.09405   2.82600  
 19 306.6039  10691.992821  x:  0.30853   0.16333   0.10288   0.00506   0.06982   0.05292   0.05860   0.06626   0.07373   0.02329   0.00386   0.00255   0.00900   0.02495   0.01481   0.00052   0.01119   0.00725   0.00711   0.00419   0.00166   0.00674   0.00850   0.00844   0.02807   0.16981   0.01049   0.02648   0.02110   0.01789   0.00132   0.00846   0.00975   0.00514   0.00349   0.11117   0.21919   0.07716   0.12310   0.00717   0.10961   0.11181   3.06371   1.18655   0.02868   0.09545   2.82503  
 20 329.4542  10691.424113  x:  0.31575   0.16402   0.10400   0.00491   0.07188   0.05359   0.06004   0.06971   0.07618   0.02250   0.00388   0.00257   0.00962   0.02546   0.01372   0.00049   0.01140   0.00846   0.00714   0.00414   0.00170   0.00660   0.00901   0.00910   0.02522   0.16982   0.01070   0.02647   0.02357   0.01737   0.00128   0.00915   0.00840   0.00524   0.00346   0.10853   0.22165   0.07779   0.12332   0.00726   0.11080   0.11146   3.08859   1.19176   0.02689   0.09677   2.82344  
 21 478.2446  10691.041177  x:  0.31949   0.16362   0.10434   0.00487   0.07239   0.05343   0.06002   0.07142   0.07705   0.02259   0.00389   0.00256   0.00867   0.02587   0.01308   0.00055   0.01262   0.00670   0.00677   0.00415   0.00165   0.00659   0.00888   0.00884   0.02436   0.16928   0.01071   0.02621   0.02515   0.01752   0.00126   0.00848   0.00904   0.00528   0.00349   0.10637   0.22265   0.07842   0.12347   0.00734   0.11157   0.11125   3.10571   1.19523   0.02577   0.09699   2.82233  
 22 613.3332  10690.198697  x:  0.32597   0.16090   0.10408   0.00499   0.07150   0.05186   0.05786   0.07364   0.07721   0.02432   0.00394   0.00255   0.00748   0.02634   0.01352   0.00076   0.01345   0.00894   0.00756   0.00418   0.00144   0.00649   0.00821   0.00792   0.02554   0.16694   0.01072   0.02544   0.02593   0.01860   0.00125   0.00793   0.01115   0.00511   0.00350   0.10065   0.22356   0.08018   0.12379   0.00724   0.11308   0.11083   3.14867   1.20371   0.02325   0.09601   2.81954  
 23 687.0963  10688.672255  x:  0.33533   0.15552   0.10300   0.00521   0.06904   0.04924   0.05380   0.07602   0.07636   0.02593   0.00382   0.00254   0.00917   0.02654   0.01538   0.00105   0.01222   0.00738   0.00689   0.00416   0.00112   0.00660   0.00894   0.00926   0.02920   0.16251   0.01048   0.02483   0.02492   0.01930   0.00126   0.00983   0.00960   0.00532   0.00335   0.09145   0.22407   0.08328   0.12427   0.00700   0.11514   0.11039   3.22481   1.21855   0.01899   0.09387   2.81459  
 24 1878.9814  10687.757983  x:  0.33802   0.15273   0.10203   0.00531   0.06780   0.04932   0.05326   0.07578   0.07513   0.02278   0.00379   0.00254   0.00978   0.02612   0.01554   0.00100   0.01229   0.00750   0.00732   0.00415   0.00117   0.00627   0.00962   0.00916   0.03083   0.16029   0.00995   0.02571   0.02374   0.01761   0.00133   0.00682   0.00843   0.00502   0.00352   0.08906   0.22306   0.08483   0.12432   0.00691   0.11516   0.11071   3.26840   1.22683   0.01680   0.09323   2.81174  
 25 1077.7981  10686.595983  x:  0.33929   0.14943   0.10059   0.00517   0.06664   0.05064   0.05422   0.07426   0.07312   0.01815   0.00380   0.00253   0.00939   0.02544   0.01501   0.00077   0.01327   0.00763   0.00714   0.00412   0.00139   0.00641   0.00914   0.00855   0.03193   0.15776   0.00963   0.02690   0.02269   0.01578   0.00131   0.00911   0.00998   0.00526   0.00332   0.08867   0.22056   0.08656   0.12413   0.00695   0.11413   0.11155   3.32828   1.23803   0.01402   0.09306   2.80780  
 26 1710.0517  10682.714088  x:  0.33683   0.14334   0.09748   0.00496   0.06582   0.05497   0.05936   0.06889   0.06871   0.02004   0.00378   0.00251   0.00932   0.02497   0.01459   0.00000   0.01274   0.00754   0.00707   0.00410   0.00214   0.00636   0.00788   0.00987   0.03062   0.15339   0.01074   0.02720   0.02365   0.01820   0.00125   0.00865   0.00965   0.00520   0.00331   0.09426   0.21235   0.08939   0.12298   0.00702   0.10960   0.11408   3.47264   1.26464   0.00782   0.09448   2.79826  
 27 1879.8708  10681.862858  x:  0.33581   0.14279   0.09729   0.00494   0.06595   0.05490   0.05959   0.06831   0.06856   0.02063   0.00377   0.00251   0.00926   0.02517   0.01464   0.00000   0.01259   0.00750   0.00702   0.00410   0.00074   0.00639   0.00895   0.00879   0.03023   0.15309   0.01034   0.02675   0.02359   0.01776   0.00125   0.00881   0.00955   0.00522   0.00330   0.09560   0.21102   0.08946   0.12273   0.00703   0.10895   0.11430   3.49578   1.26885   0.00690   0.09493   2.79672  
 28 2625.9075  10680.811693  x:  0.33275   0.14137   0.09690   0.00491   0.06627   0.05412   0.05963   0.06679   0.06831   0.02222   0.00376   0.00249   0.00910   0.02581   0.01473   0.00000   0.01229   0.00741   0.00689   0.00409   0.00157   0.00644   0.01144   0.00631   0.02905   0.15244   0.00925   0.02532   0.02336   0.01638   0.00126   0.00917   0.00930   0.00524   0.00327   0.09921   0.20739   0.08945   0.12200   0.00708   0.10729   0.11474   3.56057   1.28061   0.00438   0.09615   2.79240  
 29 4798.6685  10678.560810  x:  0.32353   0.14143   0.09824   0.00499   0.06781   0.04785   0.05498   0.06607   0.07124   0.02278   0.00375   0.00247   0.00846   0.02738   0.01420   0.00000   0.01209   0.00743   0.00686   0.00406   0.00144   0.00643   0.00881   0.00839   0.02693   0.15402   0.00832   0.02223   0.02149   0.01233   0.00131   0.00891   0.00931   0.00518   0.00330   0.10672   0.20148   0.08662   0.12037   0.00731   0.10555   0.11376   3.67568   1.30112   0.00043   0.09910   2.78464  
 30 2393.3118  10676.964311  x:  0.31460   0.14262   0.10000   0.00501   0.06874   0.04298   0.04999   0.06632   0.07422   0.02041   0.00374   0.00247   0.00854   0.02703   0.01234   0.00000   0.01175   0.00741   0.00682   0.00401   0.00145   0.00640   0.00929   0.00771   0.02595   0.15656   0.01051   0.02357   0.02045   0.01611   0.00125   0.00885   0.00884   0.00521   0.00330   0.11159   0.19788   0.08284   0.11906   0.00760   0.10526   0.11175   3.76260   1.31640  -0.00222   0.10106   2.77874  
 31 2633.5524  10675.922191  x:  0.30545   0.14514   0.10169   0.00509   0.06796   0.04481   0.04752   0.06715   0.07532   0.02138   0.00372   0.00246   0.00857   0.02409   0.01361   0.00000   0.01178   0.00739   0.00679   0.00402   0.00144   0.00639   0.00911   0.00789   0.02573   0.16011   0.00809   0.02778   0.02210   0.01580   0.00125   0.00891   0.00918   0.00520   0.00329   0.11146   0.19803   0.07771   0.11837   0.00762   0.10721   0.10803   3.81866   1.32580  -0.00321   0.10093   2.77480  
 32 849.7222  10675.177797  x:  0.29677   0.14808   0.10290   0.00506   0.06663   0.04788   0.04790   0.06785   0.07528   0.02164   0.00371   0.00245   0.00849   0.02400   0.01408   0.00000   0.01209   0.00734   0.00681   0.00403   0.00145   0.00636   0.00950   0.00768   0.02678   0.16363   0.01118   0.02650   0.02237   0.01438   0.00127   0.00887   0.00914   0.00518   0.00328   0.10931   0.20003   0.07325   0.11818   0.00768   0.10958   0.10449   3.86062   1.33249  -0.00340   0.10019   2.77176  
 33 883.4639  10674.671461  x:  0.29024   0.15071   0.10343   0.00494   0.06575   0.04928   0.04962   0.06823   0.07465   0.02064   0.00370   0.00245   0.00874   0.02553   0.01353   0.00000   0.01197   0.00735   0.00683   0.00401   0.00144   0.00632   0.00938   0.00783   0.02727   0.16607   0.00925   0.02393   0.02171   0.01585   0.00124   0.00879   0.00909   0.00519   0.00325   0.10699   0.20261   0.07083   0.11838   0.00777   0.11126   0.10242   3.88774   1.33651  -0.00307   0.09968   2.76973  
 34 782.6952  10674.338338  x:  0.28420   0.15424   0.10268   0.00492   0.06617   0.04631   0.05267   0.06782   0.07329   0.02108   0.00370   0.00245   0.00871   0.02676   0.01363   0.00000   0.01204   0.00736   0.00684   0.00402   0.00145   0.00633   0.00942   0.00785   0.02730   0.16743   0.00943   0.02572   0.02163   0.01549   0.00125   0.00883   0.00917   0.00520   0.00323   0.10414   0.20739   0.07228   0.11935   0.00770   0.11156   0.10314   3.90633   1.33842  -0.00151   0.09980   2.76810  
 35 190.5005  10674.183867  x:  0.28114   0.15662   0.10193   0.00494   0.06704   0.04624   0.05203   0.06756   0.07303   0.02089   0.00370   0.00245   0.00873   0.02465   0.01375   0.00000   0.01199   0.00735   0.00684   0.00402   0.00144   0.00633   0.00941   0.00782   0.02718   0.16748   0.00948   0.02463   0.02201   0.01559   0.00124   0.00881   0.00914   0.00520   0.00324   0.10283   0.21067   0.07432   0.11997   0.00762   0.11090   0.10478   3.91482   1.33862   0.00027   0.10027   2.76719  
 36 126.0713  10674.116428  x:  0.27988   0.15792   0.10155   0.00495   0.06730   0.04753   0.05058   0.06743   0.07343   0.02101   0.00371   0.00245   0.00869   0.02576   0.01356   0.00000   0.01198   0.00737   0.00684   0.00402   0.00145   0.00634   0.00939   0.00783   0.02704   0.16696   0.00950   0.02502   0.02172   0.01559   0.00124   0.00884   0.00914   0.00521   0.00324   0.10236   0.21239   0.07531   0.12010   0.00761   0.11017   0.10590   3.91877   1.33808   0.00207   0.10050   2.76659  
 37 72.1295  10673.981277  x:  0.27982   0.15996   0.10203   0.00495   0.06478   0.04731   0.05122   0.06747   0.07552   0.02105   0.00371   0.00246   0.00867   0.02551   0.01358   0.00000   0.01197   0.00738   0.00684   0.00402   0.00145   0.00635   0.00939   0.00782   0.02665   0.16313   0.00957   0.02501   0.02180   0.01560   0.00124   0.00885   0.00914   0.00521   0.00324   0.10217   0.21461   0.07347   0.11876   0.00767   0.10812   0.10694   3.92738   1.33236   0.01311   0.09972   2.76411  
 38 27.6840  10673.604543  x:  0.28185   0.16248   0.10315   0.00493   0.07030   0.04722   0.05117   0.06705   0.07336   0.02106   0.00373   0.00247   0.00876   0.02571   0.01377   0.00000   0.01210   0.00741   0.00686   0.00404   0.00146   0.00638   0.00944   0.00788   0.02739   0.15785   0.00969   0.02512   0.02204   0.01568   0.00125   0.00887   0.00920   0.00521   0.00326   0.10282   0.21715   0.07053   0.11785   0.00769   0.10893   0.10588   3.95251   1.31244   0.05076   0.09674   2.75582  
 39 89.9590  10672.727467  x:  0.28764   0.16411   0.10473   0.00503   0.06729   0.04827   0.05166   0.06982   0.07314   0.02166   0.00379   0.00251   0.00863   0.02565   0.01339   0.00000   0.01201   0.00754   0.00689   0.00410   0.00148   0.00657   0.00939   0.00790   0.02693   0.16228   0.00993   0.02564   0.02190   0.01585   0.00128   0.00907   0.00911   0.00525   0.00335   0.10692   0.21850   0.07643   0.12278   0.00746   0.11589   0.10511   4.01039   1.26469   0.14152   0.09382   2.73570  
 40 234.2311  10672.496086  x:  0.28925   0.16173   0.10384   0.00503   0.06892   0.04848   0.05239   0.06825   0.07636   0.02164   0.00380   0.00252   0.00871   0.02575   0.01368   0.00000   0.01214   0.00757   0.00692   0.00412   0.00149   0.00658   0.00946   0.00795   0.02735   0.16824   0.00982   0.02561   0.02229   0.01597   0.00128   0.00908   0.00921   0.00526   0.00334   0.10410   0.21779   0.07570   0.12315   0.00743   0.11350   0.10755   4.02572   1.25243   0.16634   0.09185   2.72982  
 41 146.4281  10672.478180  x:  0.28936   0.16148   0.10458   0.00502   0.06881   0.04848   0.05230   0.06938   0.07528   0.02166   0.00380   0.00252   0.00870   0.02576   0.01364   0.00000   0.01213   0.00757   0.00692   0.00412   0.00149   0.00658   0.00946   0.00794   0.02738   0.16908   0.00982   0.02564   0.02225   0.01596   0.00128   0.00909   0.00920   0.00526   0.00334   0.10389   0.21777   0.07558   0.12241   0.00746   0.11248   0.10822   4.02665   1.25230   0.16841   0.09184   2.72890  
 42 16.4303  10672.305258  x:  0.28931   0.15957   0.10541   0.00497   0.06880   0.04855   0.05239   0.06768   0.07581   0.02165   0.00380   0.00252   0.00867   0.02574   0.01361   0.00000   0.01210   0.00757   0.00691   0.00411   0.00149   0.00658   0.00943   0.00794   0.02736   0.17004   0.00979   0.02560   0.02224   0.01597   0.00127   0.00908   0.00917   0.00525   0.00332   0.10430   0.21987   0.07803   0.11580   0.00755   0.11371   0.10682   4.02862   1.27600   0.19179   0.09165   2.70647  
 43  6.6356  10666.109316  x:  0.28852   0.12260   0.10592   0.00411   0.06722   0.04897   0.05162   0.06349   0.07137   0.02276   0.00381   0.00248   0.00767   0.02478   0.01136   0.00000   0.01092   0.00751   0.00660   0.00395   0.00137   0.00656   0.00854   0.00780   0.02357   0.16707   0.01020   0.02602   0.02117   0.01591   0.00114   0.00905   0.00835   0.00513   0.00260   0.10761   0.24653   0.06682   0.12466   0.00862   0.11295   0.10481   4.09190   2.14001   1.01882   0.09595   1.90072  
 44 208.2371  10658.521492  x:  0.29307   0.14333   0.09053   0.00304   0.06565   0.04983   0.05244   0.06211   0.06566   0.02373   0.00378   0.00243   0.00672   0.02389   0.00924   0.00000   0.00982   0.00739   0.00628   0.00377   0.00122   0.00643   0.00765   0.00769   0.02013   0.16323   0.01074   0.02617   0.02019   0.01586   0.00095   0.00894   0.00756   0.00500   0.00170   0.08184   0.21726   0.07080   0.11801   0.01004   0.10717   0.09522   4.16202   3.10544   1.94319   0.09827   1.00000  
 45 2369.4092  10658.145353  x:  0.29312   0.14536   0.09751   0.00291   0.06557   0.05015   0.05268   0.05821   0.06549   0.02385   0.00379   0.00243   0.00667   0.02387   0.00913   0.00000   0.00976   0.00740   0.00628   0.00376   0.00122   0.00643   0.00762   0.00770   0.01993   0.16221   0.01078   0.02619   0.02018   0.01590   0.00094   0.00895   0.00755   0.00501   0.00164   0.07832   0.21350   0.07087   0.11829   0.00997   0.11066   0.10008   4.16648   3.16595   2.00094   0.09905   1.00000  
 46 487.5217  10658.143438  x:  0.29311   0.14536   0.09793   0.00291   0.06559   0.05016   0.05269   0.05804   0.06553   0.02384   0.00379   0.00243   0.00668   0.02387   0.00914   0.00000   0.00977   0.00740   0.00628   0.00376   0.00122   0.00643   0.00762   0.00770   0.01994   0.16219   0.01077   0.02619   0.02019   0.01590   0.00094   0.00895   0.00755   0.00501   0.00164   0.07825   0.21350   0.07111   0.11849   0.00998   0.11029   0.09967   4.16652   3.16628   2.00126   0.09902   1.00000  
 47  5.3577  10658.143367  x:  0.29311   0.14536   0.09793   0.00291   0.06559   0.05016   0.05269   0.05804   0.06553   0.02384   0.00379   0.00243   0.00668   0.02387   0.00914   0.00002   0.00977   0.00740   0.00628   0.00376   0.00122   0.00643   0.00762   0.00770   0.01994   0.16219   0.01077   0.02619   0.02019   0.01590   0.00094   0.00895   0.00755   0.00501   0.00164   0.07825   0.21350   0.07111   0.11849   0.00998   0.11029   0.09967   4.16652   3.16629   2.00126   0.09902   1.00000  
 48  9.4838  10657.852604  x:  0.29442   0.14505   0.09743   0.00289   0.06531   0.05038   0.05278   0.05794   0.06500   0.02402   0.00377   0.00243   0.00671   0.02386   0.00968   0.00000   0.00982   0.00740   0.00626   0.00377   0.00120   0.00639   0.00756   0.00766   0.02054   0.16121   0.01086   0.02625   0.02022   0.01603   0.00094   0.00885   0.00750   0.00497   0.00158   0.07801   0.21241   0.07125   0.11839   0.01010   0.11025   0.09948   4.19642   3.23790   2.07350   0.10022   1.00000  
 49  0.4356  10657.371357  x:  0.29959   0.14342   0.09631   0.00265   0.06448   0.05129   0.05316   0.05803   0.06398   0.02489   0.00373   0.00246   0.00674   0.02378   0.00949   0.00006   0.00995   0.00749   0.00614   0.00371   0.00109   0.00616   0.00739   0.00735   0.02147   0.15778   0.01111   0.02655   0.02034   0.01646   0.00096   0.00845   0.00745   0.00473   0.00124   0.07914   0.21010   0.07175   0.11840   0.01079   0.10972   0.09872   4.34326   3.63488   2.46998   0.10456   1.00000  
 50  0.6004  10657.300919  x:  0.29977   0.14372   0.09631   0.00285   0.06465   0.05117   0.05306   0.05817   0.06422   0.02497   0.00376   0.00246   0.00681   0.02392   0.01039   0.00018   0.00997   0.00744   0.00621   0.00371   0.00105   0.00607   0.00747   0.00744   0.02145   0.15836   0.01112   0.02647   0.02033   0.01651   0.00104   0.00843   0.00750   0.00472   0.00154   0.07844   0.21031   0.07176   0.11839   0.01087   0.10975   0.09888   4.36474   3.81945   2.65481   0.10495   1.00000  
 51  0.3006  10657.232172  x:  0.29897   0.14379   0.09654   0.00272   0.06491   0.05088   0.05291   0.05811   0.06434   0.02490   0.00376   0.00245   0.00668   0.02389   0.01066   0.00035   0.00985   0.00737   0.00618   0.00369   0.00096   0.00633   0.00734   0.00748   0.02176   0.15955   0.01100   0.02639   0.02018   0.01640   0.00109   0.00863   0.00734   0.00480   0.00128   0.07819   0.21133   0.07159   0.11838   0.01118   0.10978   0.09906   4.37997   4.18175   3.01525   0.10376   1.00000  
 52  0.2970  10657.141633  x:  0.29841   0.14362   0.09669   0.00281   0.06485   0.05090   0.05303   0.05788   0.06406   0.02468   0.00374   0.00245   0.00683   0.02377   0.00973   0.00049   0.01006   0.00748   0.00621   0.00374   0.00080   0.00627   0.00753   0.00752   0.02166   0.15932   0.01097   0.02644   0.02033   0.01629   0.00123   0.00859   0.00760   0.00481   0.00151   0.07894   0.21120   0.07164   0.11829   0.01159   0.10981   0.09894   4.38506   4.84536   3.68217   0.10304   1.00000  
 53  0.4947  10657.095541  x:  0.29911   0.14323   0.09647   0.00273   0.06468   0.05105   0.05307   0.05832   0.06449   0.02470   0.00377   0.00245   0.00673   0.02389   0.01005   0.00056   0.00979   0.00744   0.00620   0.00371   0.00066   0.00615   0.00741   0.00745   0.02065   0.15851   0.01110   0.02645   0.02030   0.01635   0.00130   0.00849   0.00742   0.00474   0.00144   0.07874   0.21106   0.07158   0.11831   0.01178   0.10966   0.09881   4.36427   5.33800   4.17371   0.10343   1.00000  
 54  0.4188  10657.068793  x:  0.29932   0.14356   0.09636   0.00273   0.06476   0.05106   0.05300   0.05827   0.06440   0.02479   0.00376   0.00246   0.00674   0.02392   0.01013   0.00065   0.00994   0.00741   0.00620   0.00370   0.00054   0.00617   0.00742   0.00745   0.02171   0.15889   0.01105   0.02645   0.02022   0.01641   0.00135   0.00850   0.00744   0.00474   0.00141   0.07831   0.21110   0.07153   0.11833   0.01175   0.10976   0.09891   4.34015   5.82973   4.66599   0.10389   1.00000  
 55  0.4520  10657.055824  x:  0.29838   0.14354   0.09654   0.00271   0.06479   0.05104   0.05305   0.05783   0.06393   0.02486   0.00375   0.00245   0.00680   0.02379   0.01010   0.00075   0.00994   0.00746   0.00618   0.00372   0.00044   0.00625   0.00749   0.00749   0.02128   0.15911   0.01106   0.02647   0.02031   0.01640   0.00137   0.00851   0.00751   0.00475   0.00143   0.07917   0.21104   0.07157   0.11830   0.01157   0.10979   0.09883   4.34185   6.27170   5.10883   0.10392   1.00000  
 56  0.2935  10657.041865  x:  0.29844   0.14328   0.09651   0.00265   0.06473   0.05100   0.05306   0.05825   0.06443   0.02487   0.00376   0.00246   0.00673   0.02385   0.00994   0.00089   0.00988   0.00744   0.00619   0.00371   0.00031   0.00618   0.00738   0.00747   0.02126   0.15897   0.01104   0.02646   0.02033   0.01636   0.00136   0.00851   0.00742   0.00473   0.00148   0.07842   0.21106   0.07160   0.11836   0.01122   0.10971   0.09882   4.35074   6.90619   5.74204   0.10382   1.00000  
 57  0.3961  10657.036112  x:  0.29903   0.14351   0.09642   0.00262   0.06476   0.05103   0.05303   0.05814   0.06431   0.02481   0.00376   0.00245   0.00675   0.02389   0.01010   0.00095   0.00994   0.00744   0.00619   0.00371   0.00026   0.00620   0.00749   0.00746   0.02140   0.15882   0.01105   0.02645   0.02021   0.01638   0.00132   0.00851   0.00748   0.00474   0.00143   0.07862   0.21114   0.07158   0.11843   0.01097   0.10976   0.09894   4.35147   7.25598   6.09141   0.10378   1.00000  
 58  0.3184  10657.032654  x:  0.29878   0.14348   0.09644   0.00262   0.06476   0.05103   0.05299   0.05800   0.06405   0.02475   0.00375   0.00246   0.00677   0.02382   0.01009   0.00093   0.00991   0.00742   0.00620   0.00372   0.00026   0.00619   0.00735   0.00750   0.02145   0.15898   0.01106   0.02644   0.02031   0.01640   0.00127   0.00851   0.00745   0.00476   0.00143   0.07874   0.21102   0.07157   0.11837   0.01090   0.10979   0.09885   4.35055   7.54699   6.38275   0.10379   1.00000  
 59  0.1581  10657.027501  x:  0.29853   0.14330   0.09643   0.00267   0.06472   0.05103   0.05301   0.05810   0.06422   0.02475   0.00375   0.00246   0.00674   0.02381   0.01002   0.00086   0.00991   0.00744   0.00619   0.00373   0.00032   0.00620   0.00750   0.00748   0.02134   0.15900   0.01106   0.02644   0.02033   0.01640   0.00117   0.00854   0.00744   0.00478   0.00142   0.07846   0.21095   0.07158   0.11833   0.01100   0.10975   0.09878   4.34924   7.94219   6.77813   0.10385   1.00000  
 60  0.2424  10657.025306  x:  0.29881   0.14346   0.09647   0.00272   0.06474   0.05102   0.05302   0.05815   0.06433   0.02480   0.00376   0.00245   0.00675   0.02387   0.01005   0.00085   0.00993   0.00744   0.00619   0.00371   0.00036   0.00620   0.00743   0.00746   0.02136   0.15887   0.01106   0.02645   0.02024   0.01639   0.00115   0.00853   0.00748   0.00476   0.00142   0.07871   0.21113   0.07158   0.11840   0.01115   0.10976   0.09889   4.34854   8.11834   6.95417   0.10382   1.00000  
 61  0.1909  10657.024406  x:  0.29889   0.14343   0.09641   0.00275   0.06476   0.05102   0.05301   0.05809   0.06417   0.02483   0.00376   0.00246   0.00676   0.02386   0.01008   0.00084   0.00991   0.00743   0.00620   0.00371   0.00036   0.00619   0.00745   0.00748   0.02141   0.15891   0.01105   0.02645   0.02027   0.01639   0.00117   0.00852   0.00744   0.00476   0.00142   0.07857   0.21111   0.07155   0.11836   0.01124   0.10974   0.09888   4.34987   8.33936   7.17480   0.10379   1.00000  
 62  0.1564  10657.023212  x:  0.29879   0.14346   0.09645   0.00276   0.06474   0.05102   0.05300   0.05813   0.06430   0.02482   0.00375   0.00246   0.00673   0.02383   0.01008   0.00084   0.00995   0.00744   0.00619   0.00372   0.00035   0.00621   0.00743   0.00747   0.02136   0.15898   0.01105   0.02645   0.02031   0.01639   0.00119   0.00853   0.00749   0.00477   0.00141   0.07860   0.21101   0.07158   0.11833   0.01125   0.10978   0.09883   4.35161   9.00730   7.84373   0.10375   1.00000  
 63  0.2963  10657.022165  x:  0.29880   0.14346   0.09649   0.00274   0.06474   0.05104   0.05302   0.05812   0.06428   0.02478   0.00375   0.00245   0.00677   0.02386   0.01004   0.00084   0.00989   0.00744   0.00620   0.00372   0.00036   0.00619   0.00745   0.00746   0.02138   0.15889   0.01105   0.02646   0.02024   0.01639   0.00119   0.00853   0.00743   0.00476   0.00142   0.07873   0.21111   0.07158   0.11838   0.01119   0.10975   0.09887   4.35016   9.81864   8.65456   0.10379   1.00000  
 64  0.5531  10657.021480  x:  0.29884   0.14338   0.09641   0.00273   0.06475   0.05101   0.05301   0.05810   0.06418   0.02480   0.00376   0.00245   0.00675   0.02388   0.01006   0.00081   0.00993   0.00744   0.00620   0.00371   0.00040   0.00619   0.00743   0.00747   0.02136   0.15888   0.01106   0.02645   0.02026   0.01639   0.00118   0.00852   0.00748   0.00476   0.00142   0.07852   0.21113   0.07154   0.11837   0.01119   0.10972   0.09887   4.34882  10.59150   9.42665   0.10383   1.00000  
 65  0.5883  10657.020940  x:  0.29883   0.14348   0.09645   0.00272   0.06476   0.05102   0.05302   0.05813   0.06430   0.02482   0.00375   0.00246   0.00674   0.02384   0.01009   0.00074   0.00993   0.00743   0.00619   0.00371   0.00047   0.00620   0.00744   0.00747   0.02139   0.15895   0.01105   0.02645   0.02030   0.01639   0.00119   0.00852   0.00746   0.00476   0.00143   0.07868   0.21104   0.07159   0.11836   0.01122   0.10978   0.09888   4.34981  11.64210  10.47831   0.10378   1.00000  
 66  0.6920  10657.020675  x:  0.29879   0.14343   0.09645   0.00272   0.06474   0.05102   0.05301   0.05811   0.06425   0.02481   0.00375   0.00246   0.00677   0.02386   0.01006   0.00068   0.00991   0.00744   0.00620   0.00371   0.00052   0.00620   0.00744   0.00746   0.02137   0.15892   0.01105   0.02645   0.02025   0.01639   0.00119   0.00853   0.00747   0.00476   0.00143   0.07862   0.21109   0.07156   0.11836   0.01120   0.10975   0.09885   4.35004  12.53294  11.36882   0.10379   1.00000  
 67  0.7302  10657.020616  x:  0.29881   0.14343   0.09645   0.00272   0.06475   0.05102   0.05302   0.05811   0.06424   0.02481   0.00376   0.00246   0.00675   0.02386   0.01006   0.00065   0.00992   0.00744   0.00620   0.00371   0.00055   0.00620   0.00744   0.00747   0.02138   0.15890   0.01105   0.02645   0.02027   0.01639   0.00119   0.00853   0.00746   0.00476   0.00143   0.07863   0.21110   0.07157   0.11837   0.01119   0.10975   0.09887   4.34976  12.95477  11.79047   0.10380   1.00000  
 68  0.5032  10657.020607  x:  0.29882   0.14343   0.09644   0.00272   0.06475   0.05102   0.05301   0.05811   0.06425   0.02480   0.00376   0.00246   0.00676   0.02386   0.01006   0.00064   0.00992   0.00744   0.00619   0.00371   0.00056   0.00620   0.00744   0.00747   0.02138   0.15891   0.01105   0.02645   0.02027   0.01639   0.00119   0.00852   0.00746   0.00476   0.00142   0.07863   0.21109   0.07157   0.11837   0.01119   0.10975   0.09887   4.34976  13.10543  11.94118   0.10380   1.00000  
 69  0.2010  10657.020606  x:  0.29881   0.14344   0.09644   0.00272   0.06475   0.05102   0.05301   0.05811   0.06425   0.02481   0.00376   0.00246   0.00675   0.02386   0.01006   0.00064   0.00992   0.00744   0.00619   0.00371   0.00056   0.00620   0.00744   0.00747   0.02138   0.15891   0.01105   0.02645   0.02027   0.01639   0.00119   0.00853   0.00746   0.00476   0.00142   0.07863   0.21109   0.07157   0.11837   0.01119   0.10975   0.09887   4.34983  13.17715  12.01292   0.10380   1.00000  
 70  0.0637  10657.020603  x:  0.29881   0.14343   0.09644   0.00273   0.06475   0.05102   0.05301   0.05811   0.06425   0.02481   0.00376   0.00246   0.00675   0.02386   0.01006   0.00065   0.00992   0.00744   0.00619   0.00371   0.00056   0.00620   0.00744   0.00747   0.02137   0.15891   0.01105   0.02645   0.02027   0.01639   0.00119   0.00853   0.00746   0.00476   0.00142   0.07863   0.21109   0.07157   0.11837   0.01118   0.10975   0.09887   4.34979  13.34079  12.17652   0.10380   1.00000  
 71  0.0438  10657.020595  x:  0.29882   0.14343   0.09644   0.00273   0.06475   0.05102   0.05301   0.05811   0.06425   0.02481   0.00376   0.00246   0.00675   0.02386   0.01006   0.00066   0.00991   0.00744   0.00619   0.00371   0.00055   0.00620   0.00744   0.00747   0.02138   0.15891   0.01105   0.02645   0.02027   0.01639   0.00119   0.00852   0.00746   0.00476   0.00142   0.07863   0.21109   0.07157   0.11837   0.01118   0.10975   0.09887   4.34973  13.93613  12.77186   0.10380   1.00000  
 72  0.2097  10657.020587  x:  0.29881   0.14344   0.09644   0.00272   0.06475   0.05102   0.05301   0.05811   0.06425   0.02481   0.00376   0.00245   0.00675   0.02386   0.01007   0.00065   0.00992   0.00743   0.00619   0.00371   0.00055   0.00620   0.00744   0.00747   0.02138   0.15892   0.01105   0.02645   0.02027   0.01639   0.00119   0.00852   0.00746   0.00476   0.00142   0.07862   0.21108   0.07156   0.11837   0.01119   0.10975   0.09886   4.34982  14.96915  13.80494   0.10380   1.00000  
 73  0.6402  10657.020584  x:  0.29881   0.14343   0.09644   0.00272   0.06475   0.05102   0.05301   0.05811   0.06425   0.02480   0.00376   0.00246   0.00675   0.02386   0.01006   0.00065   0.00992   0.00744   0.00619   0.00371   0.00055   0.00620   0.00744   0.00747   0.02138   0.15891   0.01105   0.02645   0.02027   0.01639   0.00119   0.00853   0.00746   0.00476   0.00142   0.07863   0.21109   0.07157   0.11837   0.01119   0.10975   0.09887   4.34980  15.60458  14.44034   0.10380   1.00000  
 74  0.5616  10657.020583  x:  0.29881   0.14343   0.09644   0.00272   0.06475   0.05102   0.05301   0.05811   0.06425   0.02481   0.00376   0.00246   0.00675   0.02385   0.01006   0.00065   0.00992   0.00744   0.00619   0.00371   0.00055   0.00620   0.00744   0.00747   0.02138   0.15891   0.01105   0.02645   0.02027   0.01639   0.00119   0.00853   0.00746   0.00476   0.00142   0.07863   0.21109   0.07157   0.11837   0.01119   0.10975   0.09887   4.34979  16.48732  15.32307   0.10380   1.00000  
 75  0.4801  10657.020582  x:  0.29881   0.14344   0.09644   0.00272   0.06475   0.05102   0.05301   0.05811   0.06425   0.02481   0.00376   0.00246   0.00675   0.02386   0.01006   0.00065   0.00992   0.00744   0.00619   0.00371   0.00055   0.00620   0.00744   0.00747   0.02138   0.15891   0.01105   0.02645   0.02027   0.01639   0.00119   0.00853   0.00746   0.00476   0.00142   0.07863   0.21108   0.07157   0.11837   0.01119   0.10975   0.09887   4.34980  17.82304  16.65881   0.10380   1.00000  
 76  0.7786  10657.020582  x:  0.29881   0.14343   0.09644   0.00272   0.06475   0.05102   0.05301   0.05811   0.06425   0.02481   0.00376   0.00246   0.00675   0.02386   0.01006   0.00065   0.00992   0.00744   0.00619   0.00371   0.00055   0.00620   0.00744   0.00747   0.02138   0.15891   0.01105   0.02645   0.02027   0.01639   0.00119   0.00853   0.00746   0.00476   0.00142   0.07863   0.21109   0.07157   0.11837   0.01119   0.10975   0.09887   4.34980  17.78833  16.62409   0.10380   1.00000  
 77  0.0492  10657.020582  x:  0.29881   0.14343   0.09644   0.00272   0.06475   0.05102   0.05301   0.05811   0.06425   0.02481   0.00376   0.00246   0.00675   0.02386   0.01006   0.00065   0.00992   0.00744   0.00619   0.00371   0.00055   0.00620   0.00744   0.00747   0.02138   0.15891   0.01105   0.02645   0.02027   0.01639   0.00119   0.00853   0.00746   0.00476   0.00142   0.07863   0.21109   0.07157   0.11837   0.01119   0.10975   0.09887   4.34979  18.13219  16.96795   0.10380   1.00000  
 78  0.5062  10657.020582  x:  0.29881   0.14343   0.09644   0.00272   0.06475   0.05102   0.05301   0.05811   0.06425   0.02481   0.00376   0.00246   0.00675   0.02386   0.01006   0.00065   0.00992   0.00744   0.00619   0.00371   0.00055   0.00620   0.00744   0.00747   0.02138   0.15891   0.01105   0.02645   0.02027   0.01639   0.00119   0.00853   0.00746   0.00476   0.00142   0.07863   0.21109   0.07157   0.11837   0.01119   0.10975   0.09887   4.34979  18.06366  16.89942   0.10380   1.00000  
 79  0.1262  10657.020582  x:  0.29881   0.14343   0.09644   0.00272   0.06475   0.05102   0.05301   0.05811   0.06425   0.02481   0.00376   0.00246   0.00675   0.02386   0.01006   0.00065   0.00992   0.00744   0.00619   0.00371   0.00055   0.00620   0.00744   0.00747   0.02138   0.15891   0.01105   0.02645   0.02027   0.01639   0.00119   0.00853   0.00746   0.00476   0.00142   0.07863   0.21109   0.07157   0.11837   0.01119   0.10975   0.09887   4.34980  18.16314  16.99890   0.10380   1.00000  
 80  0.1196  10657.020582  x:  0.29881   0.14343   0.09644   0.00272   0.06475   0.05102   0.05301   0.05811   0.06425   0.02481   0.00376   0.00246   0.00675   0.02386   0.01006   0.00065   0.00992   0.00744   0.00619   0.00371   0.00055   0.00620   0.00744   0.00747   0.02138   0.15891   0.01105   0.02645   0.02027   0.01639   0.00119   0.00853   0.00746   0.00476   0.00142   0.07863   0.21109   0.07157   0.11837   0.01119   0.10975   0.09887   4.34980  18.14774  16.98350   0.10380   1.00000  
 81  0.0544  10657.020582  x:  0.29881   0.14343   0.09644   0.00272   0.06475   0.05102   0.05301   0.05811   0.06425   0.02481   0.00376   0.00246   0.00675   0.02386   0.01006   0.00065   0.00992   0.00744   0.00619   0.00371   0.00055   0.00620   0.00744   0.00747   0.02138   0.15891   0.01105   0.02645   0.02027   0.01639   0.00119   0.00853   0.00746   0.00476   0.00142   0.07863   0.21109   0.07157   0.11837   0.01119   0.10975   0.09887   4.34979  18.15944  16.99520   0.10380   1.00000  
 82  0.0222  10657.020582  x:  0.29881   0.14343   0.09644   0.00272   0.06475   0.05102   0.05301   0.05811   0.06425   0.02481   0.00376   0.00246   0.00675   0.02386   0.01006   0.00065   0.00992   0.00744   0.00619   0.00371   0.00055   0.00620   0.00744   0.00747   0.02138   0.15891   0.01105   0.02645   0.02027   0.01639   0.00119   0.00853   0.00746   0.00476   0.00142   0.07863   0.21109   0.07157   0.11837   0.01119   0.10975   0.09887   4.34979  18.15652  16.99228   0.10380   1.00000  
 83  0.0104  10657.020582  x:  0.29881   0.14343   0.09644   0.00272   0.06475   0.05102   0.05301   0.05811   0.06425   0.02481   0.00376   0.00246   0.00675   0.02386   0.01006   0.00065   0.00992   0.00744   0.00619   0.00371   0.00055   0.00620   0.00744   0.00747   0.02138   0.15891   0.01105   0.02645   0.02027   0.01639   0.00119   0.00853   0.00746   0.00476   0.00142   0.07863   0.21109   0.07157   0.11837   0.01119   0.10975   0.09887   4.34980  18.15918  16.99494   0.10380   1.00000  
 84  0.0024  10657.020582  x:  0.29881   0.14343   0.09644   0.00272   0.06475   0.05102   0.05301   0.05811   0.06425   0.02481   0.00376   0.00246   0.00675   0.02386   0.01006   0.00065   0.00992   0.00744   0.00619   0.00371   0.00055   0.00620   0.00744   0.00747   0.02138   0.15891   0.01105   0.02645   0.02027   0.01639   0.00119   0.00853   0.00746   0.00476   0.00142   0.07863   0.21109   0.07157   0.11837   0.01119   0.10975   0.09887   4.34980  18.17797  17.01373   0.10380   1.00000  
 85  0.0033  10657.020582  x:  0.29881   0.14343   0.09644   0.00272   0.06475   0.05102   0.05301   0.05811   0.06425   0.02481   0.00376   0.00246   0.00675   0.02386   0.01006   0.00065   0.00992   0.00744   0.00619   0.00371   0.00055   0.00620   0.00744   0.00747   0.02138   0.15891   0.01105   0.02645   0.02027   0.01639   0.00119   0.00853   0.00746   0.00476   0.00142   0.07863   0.21109   0.07157   0.11837   0.01119   0.10975   0.09887   4.34980  18.17791  17.01367   0.10380   1.00000  
 86  0.0139  10657.020582  x:  0.29881   0.14343   0.09644   0.00272   0.06475   0.05102   0.05301   0.05811   0.06425   0.02481   0.00376   0.00246   0.00675   0.02386   0.01006   0.00065   0.00992   0.00744   0.00619   0.00371   0.00055   0.00620   0.00744   0.00747   0.02138   0.15891   0.01105   0.02645   0.02027   0.01639   0.00119   0.00853   0.00746   0.00476   0.00142   0.07863   0.21109   0.07157   0.11837   0.01119   0.10975   0.09887   4.34980  18.17804  17.01380   0.10380   1.00000  
 87  0.0004  10657.020582  x:  0.29881   0.14343   0.09644   0.00272   0.06475   0.05102   0.05301   0.05811   0.06425   0.02481   0.00376   0.00246   0.00675   0.02386   0.01006   0.00065   0.00992   0.00744   0.00619   0.00371   0.00055   0.00620   0.00744   0.00747   0.02138   0.15891   0.01105   0.02645   0.02027   0.01639   0.00119   0.00853   0.00746   0.00476   0.00142   0.07863   0.21109   0.07157   0.11837   0.01119   0.10975   0.09887   4.34980  18.17807  17.01383   0.10380   1.00000  
 88  0.0003  10657.020582  x:  0.29881   0.14343   0.09644   0.00272   0.06475   0.05102   0.05301   0.05811   0.06425   0.02481   0.00376   0.00246   0.00675   0.02386   0.01006   0.00065   0.00992   0.00744   0.00619   0.00371   0.00055   0.00620   0.00744   0.00747   0.02138   0.15891   0.01105   0.02645   0.02027   0.01639   0.00119   0.00853   0.00746   0.00476   0.00142   0.07863   0.21109   0.07157   0.11837   0.01119   0.10975   0.09887   4.34980  18.17807  17.01383   0.10380   1.00000  
 89  0.0014  10657.020582  x:  0.29881   0.14343   0.09644   0.00272   0.06475   0.05102   0.05301   0.05811   0.06425   0.02481   0.00376   0.00246   0.00675   0.02386   0.01006   0.00065   0.00992   0.00744   0.00619   0.00371   0.00055   0.00620   0.00744   0.00747   0.02138   0.15891   0.01105   0.02645   0.02027   0.01639   0.00119   0.00853   0.00746   0.00476   0.00142   0.07863   0.21109   0.07157   0.11837   0.01119   0.10975   0.09887   4.34980  18.17807  17.01383   0.10380   1.00000  
check convergence!
