

TREE # 1

  0  0.0000  10761.147170  x:  0.26385   0.11577   0.08596   0.00000   0.06063   0.05075   0.04950   0.04981   0.05520   0.02619   0.00368   0.00258   0.00477   0.02271   0.00778   0.00197   0.00852   0.00766   0.00524   0.00418   0.00162   0.00718   0.00615   0.00626   0.01824   0.14125   0.01212   0.02718   0.01864   0.01586   0.00123   0.00887   0.00574   0.00380   0.00237   0.05365   0.19416   0.06079   0.10998   0.00040   0.10813   0.08203   3.00000   1.16374   0.04304   0.25098   2.82902  
  1 99.0000  10750.490224  x:  0.26399   0.11620   0.08621   0.00461   0.06083   0.05082   0.04975   0.05018   0.05553   0.02611   0.00374   0.00249   0.00570   0.02287   0.00845   0.00034   0.00895   0.00761   0.00573   0.00392   0.00000   0.00685   0.00668   0.00676   0.01864   0.14143   0.01210   0.02712   0.01885   0.01595   0.00158   0.00875   0.00652   0.00438   0.00151   0.05445   0.19428   0.06125   0.11023   0.00827   0.10824   0.08257   3.00013   1.16386   0.04292   0.24911   2.82901  
  2 3116.9221  10749.251191  x:  0.26406   0.11639   0.08631   0.00542   0.06090   0.05084   0.04983   0.05034   0.05567   0.02608   0.00376   0.00247   0.00600   0.02294   0.00869   0.00144   0.00910   0.00759   0.00588   0.00384   0.00113   0.00673   0.00685   0.00693   0.01880   0.14152   0.01209   0.02710   0.01894   0.01599   0.00157   0.00871   0.00677   0.00454   0.00133   0.05479   0.19434   0.06142   0.11032   0.01003   0.10826   0.08278   3.00018   1.16392   0.04286   0.24830   2.82901  
  3 3393.2593  10743.398188  x:  0.26473   0.11814   0.08717   0.00250   0.06145   0.05086   0.05039   0.05187   0.05702   0.02572   0.00385   0.00256   0.00746   0.02353   0.01030   0.00133   0.01021   0.00749   0.00663   0.00359   0.00115   0.00596   0.00782   0.00791   0.02023   0.14235   0.01198   0.02692   0.01971   0.01629   0.00000   0.00853   0.00804   0.00516   0.00226   0.05799   0.19486   0.06279   0.11096   0.01176   0.10834   0.08450   3.00071   1.16444   0.04236   0.24045   2.82900  
  4 951.1576  10739.200995  x:  0.26531   0.11964   0.08791   0.00000   0.06193   0.05088   0.05086   0.05317   0.05817   0.02541   0.00391   0.00262   0.00863   0.02403   0.01163   0.00124   0.01111   0.00741   0.00722   0.00340   0.00115   0.00535   0.00861   0.00870   0.02143   0.14306   0.01189   0.02676   0.02038   0.01658   0.00055   0.00839   0.00906   0.00566   0.00290   0.06073   0.19530   0.06396   0.11150   0.01305   0.10841   0.08598   3.00117   1.16488   0.04193   0.23369   2.82899  
  5 18485.1893  10705.347119  x:  0.27254   0.13752   0.09699   0.00689   0.06800   0.05177   0.05720   0.06813   0.07148   0.02179   0.00377   0.00247   0.01449   0.02889   0.02105   0.00037   0.01724   0.00721   0.00912   0.00483   0.00146   0.00412   0.01224   0.01260   0.03355   0.15181   0.01058   0.02527   0.02690   0.01923   0.00148   0.00800   0.01385   0.00574   0.00051   0.09252   0.20079   0.07718   0.11771   0.00443   0.10901   0.10299   3.00685   1.17036   0.03666   0.15008   2.82889  
  6 3411.2974  10700.416145  x:  0.27470   0.14220   0.09929   0.00847   0.06945   0.05204   0.05857   0.07147   0.07449   0.02138   0.00383   0.00253   0.01350   0.02929   0.02095   0.00038   0.01669   0.00751   0.00797   0.00437   0.00171   0.00671   0.01108   0.01154   0.03524   0.15431   0.01022   0.02523   0.02753   0.01933   0.00197   0.00850   0.01267   0.00495   0.00709   0.10028   0.20241   0.08041   0.11946   0.00429   0.10930   0.10732   3.00854   1.17188   0.03521   0.12638   2.82886  
  7 4599.4894  10690.393140  x:  0.27751   0.14708   0.10142   0.00500   0.07055   0.05229   0.05924   0.07382   0.07665   0.02214   0.00397   0.00263   0.00876   0.02814   0.01670   0.00038   0.01273   0.00797   0.00515   0.00302   0.00184   0.00799   0.00705   0.00759   0.03434   0.15730   0.00990   0.02580   0.02619   0.01834   0.00127   0.00853   0.00799   0.00295   0.00357   0.10742   0.20447   0.08330   0.12148   0.00748   0.10983   0.11155   3.01075   1.17355   0.03362   0.09934   2.82882  
  8 2370.1305  10689.112168  x:  0.27826   0.14796   0.10167   0.00467   0.07055   0.05230   0.05910   0.07373   0.07660   0.02258   0.00378   0.00239   0.00763   0.02746   0.01480   0.00041   0.01156   0.00779   0.00622   0.00451   0.00183   0.00772   0.00720   0.00746   0.03316   0.15796   0.00989   0.02599   0.02531   0.01793   0.00120   0.00860   0.00754   0.00578   0.00328   0.10834   0.20496   0.08353   0.12182   0.00771   0.10993   0.11211   3.01137   1.17387   0.03332   0.09448   2.82880  
  9 951.7616  10688.283695  x:  0.27927   0.14869   0.10166   0.00485   0.07020   0.05221   0.05858   0.07285   0.07586   0.02327   0.00383   0.00288   0.00772   0.02643   0.01244   0.00048   0.01097   0.00739   0.00742   0.00362   0.00174   0.00679   0.00881   0.00879   0.03075   0.15871   0.01002   0.02614   0.02385   0.01747   0.00125   0.00895   0.00880   0.00519   0.00340   0.10859   0.20556   0.08327   0.12203   0.00747   0.10999   0.11226   3.01231   1.17414   0.03309   0.09119   2.82878  
 10 412.8179  10688.071234  x:  0.27982   0.14904   0.10159   0.00484   0.06997   0.05213   0.05826   0.07230   0.07540   0.02343   0.00378   0.00204   0.00830   0.02614   0.01222   0.00052   0.01135   0.00745   0.00712   0.00409   0.00169   0.00671   0.00892   0.00899   0.02959   0.15907   0.01013   0.02613   0.02335   0.01742   0.00125   0.00885   0.00916   0.00484   0.00343   0.10863   0.20587   0.08305   0.12210   0.00746   0.10998   0.11225   3.01287   1.17426   0.03299   0.09034   2.82877  
 11 270.6083  10687.848767  x:  0.28079   0.14963   0.10147   0.00487   0.06955   0.05197   0.05774   0.07136   0.07462   0.02353   0.00378   0.00273   0.00920   0.02585   0.01252   0.00059   0.01218   0.00760   0.00649   0.00459   0.00162   0.00681   0.00872   0.00899   0.02783   0.15968   0.01031   0.02606   0.02278   0.01746   0.00127   0.00857   0.00941   0.00491   0.00339   0.10869   0.20639   0.08263   0.12218   0.00741   0.10994   0.11220   3.01389   1.17446   0.03284   0.08936   2.82875  
 12 355.5093  10687.673372  x:  0.28191   0.15032   0.10136   0.00498   0.06912   0.05180   0.05725   0.07039   0.07385   0.02334   0.00381   0.00250   0.00950   0.02584   0.01335   0.00064   0.01272   0.00758   0.00667   0.00370   0.00155   0.00692   0.00846   0.00877   0.02642   0.16034   0.01048   0.02594   0.02263   0.01761   0.00128   0.00848   0.00925   0.00544   0.00332   0.10882   0.20698   0.08218   0.12225   0.00725   0.10987   0.11215   3.01514   1.17468   0.03267   0.08877   2.82873  
 13 250.0899  10687.496578  x:  0.28378   0.15151   0.10123   0.00498   0.06854   0.05156   0.05665   0.06907   0.07289   0.02274   0.00379   0.00256   0.00891   0.02620   0.01454   0.00070   0.01258   0.00735   0.00749   0.00414   0.00150   0.00677   0.00859   0.00867   0.02541   0.16135   0.01063   0.02575   0.02312   0.01784   0.00127   0.00885   0.00888   0.00488   0.00338   0.10918   0.20794   0.08151   0.12234   0.00733   0.10972   0.11212   3.01737   1.17505   0.03238   0.08849   2.82868  
 14 188.2978  10687.260678  x:  0.28712   0.15363   0.10115   0.00501   0.06783   0.05129   0.05605   0.06724   0.07182   0.02214   0.00381   0.00251   0.00824   0.02679   0.01473   0.00073   0.01165   0.00767   0.00636   0.00407   0.00147   0.00664   0.00916   0.00921   0.02563   0.16302   0.01065   0.02559   0.02421   0.01791   0.00126   0.00870   0.00930   0.00517   0.00339   0.10995   0.20962   0.08045   0.12247   0.00737   0.10943   0.11212   3.02169   1.17575   0.03185   0.08876   2.82860  
 15 190.3205  10686.867839  x:  0.29361   0.15764   0.10121   0.00498   0.06701   0.05109   0.05558   0.06451   0.07066   0.02252   0.00370   0.00256   0.00932   0.02722   0.01308   0.00075   0.01152   0.00745   0.00711   0.00407   0.00145   0.00737   0.00833   0.00884   0.02776   0.16600   0.01038   0.02561   0.02525   0.01762   0.00125   0.00830   0.00949   0.00507   0.00329   0.11144   0.21282   0.07864   0.12269   0.00740   0.10893   0.11218   3.03081   1.17721   0.03076   0.08991   2.82842  
 16 292.7206  10686.678275  x:  0.29685   0.15945   0.10141   0.00507   0.06706   0.05125   0.05582   0.06383   0.07063   0.02316   0.00421   0.00255   0.00916   0.02690   0.01277   0.00073   0.01237   0.00755   0.00688   0.00404   0.00149   0.00644   0.00847   0.00854   0.02876   0.16725   0.01022   0.02579   0.02462   0.01760   0.00127   0.00902   0.00882   0.00516   0.00348   0.11198   0.21435   0.07795   0.12279   0.00741   0.10880   0.11220   3.03611   1.17803   0.03015   0.09066   2.82831  
 17 286.6865  10686.533929  x:  0.29917   0.16057   0.10165   0.00503   0.06738   0.05153   0.05624   0.06380   0.07094   0.02361   0.00332   0.00257   0.00868   0.02646   0.01303   0.00069   0.01275   0.00758   0.00679   0.00399   0.00152   0.00660   0.00874   0.00866   0.02917   0.16798   0.01016   0.02598   0.02366   0.01767   0.00127   0.00910   0.00864   0.00514   0.00346   0.11217   0.21540   0.07760   0.12286   0.00746   0.10881   0.11220   3.04057   1.17869   0.02966   0.09127   2.82822  
 18 336.3533  10686.339616  x:  0.30245   0.16193   0.10209   0.00494   0.06809   0.05201   0.05703   0.06423   0.07166   0.02401   0.00399   0.00254   0.00802   0.02579   0.01369   0.00063   0.01266   0.00754   0.00692   0.00409   0.00158   0.00745   0.00890   0.00898   0.02929   0.16881   0.01019   0.02624   0.02218   0.01780   0.00127   0.00866   0.00892   0.00507   0.00331   0.11218   0.21682   0.07729   0.12295   0.00750   0.10895   0.11216   3.04766   1.17973   0.02891   0.09215   2.82808  
 19 502.0921  10686.015027  x:  0.30721   0.16324   0.10288   0.00501   0.06954   0.05279   0.05836   0.06591   0.07324   0.02359   0.00384   0.00257   0.00869   0.02540   0.01422   0.00053   0.01108   0.00755   0.00698   0.00411   0.00168   0.00640   0.00793   0.00864   0.02814   0.16945   0.01046   0.02646   0.02145   0.01787   0.00130   0.00844   0.00948   0.00504   0.00357   0.11139   0.21870   0.07728   0.12309   0.00741   0.10948   0.11203   3.06058   1.18154   0.02762   0.09333   2.82782  
 20 334.3409  10685.479303  x:  0.31442   0.16420   0.10405   0.00472   0.07170   0.05361   0.05994   0.06926   0.07574   0.02235   0.00392   0.00257   0.00965   0.02589   0.01312   0.00047   0.01122   0.00762   0.00679   0.00407   0.00174   0.00739   0.00904   0.00847   0.02533   0.16964   0.01068   0.02645   0.02311   0.01761   0.00124   0.00952   0.00861   0.00523   0.00325   0.10899   0.22124   0.07781   0.12335   0.00753   0.11069   0.11169   3.08448   1.18477   0.02536   0.09473   2.82734  
 21 516.8798  10685.054570  x:  0.31888   0.16385   0.10448   0.00475   0.07237   0.05348   0.05999   0.07130   0.07683   0.02264   0.00388   0.00258   0.00820   0.02669   0.01226   0.00055   0.01294   0.00757   0.00702   0.00408   0.00168   0.00677   0.00820   0.00909   0.02420   0.16909   0.01068   0.02619   0.02474   0.01759   0.00124   0.00817   0.00897   0.00509   0.00348   0.10648   0.22250   0.07851   0.12355   0.00760   0.11164   0.11142   3.10436   1.18733   0.02361   0.09498   2.82693  
 22 545.5132  10683.725113  x:  0.32911   0.15957   0.10401   0.00490   0.07088   0.05089   0.05651   0.07472   0.07697   0.02723   0.00387   0.00256   0.00812   0.02831   0.01393   0.00087   0.01243   0.00754   0.00688   0.00411   0.00134   0.00717   0.00836   0.00810   0.02623   0.16550   0.01085   0.02533   0.02586   0.01823   0.00121   0.00981   0.01082   0.00525   0.00324   0.09731   0.22403   0.08124   0.12415   0.00739   0.11419   0.11066   3.17245   1.19565   0.01807   0.09319   2.82554  
 23 603.4283  10682.685364  x:  0.33466   0.15607   0.10316   0.00512   0.06923   0.04963   0.05436   0.07580   0.07609   0.02600   0.00392   0.00256   0.00965   0.02803   0.01469   0.00099   0.01167   0.00766   0.00706   0.00406   0.00121   0.00665   0.00920   0.00974   0.02879   0.16271   0.01035   0.02550   0.02477   0.01817   0.00127   0.00786   0.00793   0.00503   0.00345   0.09202   0.22405   0.08329   0.12449   0.00723   0.11529   0.11056   3.22416   1.20177   0.01408   0.09186   2.82448  
 24 1305.3380  10681.406137  x:  0.33860   0.15199   0.10172   0.00506   0.06733   0.04965   0.05347   0.07542   0.07422   0.01997   0.00384   0.00256   0.00928   0.02632   0.01427   0.00091   0.01297   0.00718   0.00696   0.00403   0.00128   0.00677   0.00850   0.00921   0.03159   0.15958   0.00963   0.02624   0.02273   0.01758   0.00127   0.00899   0.00949   0.00519   0.00327   0.08861   0.22263   0.08560   0.12465   0.00723   0.11532   0.11109   3.28874   1.20917   0.00935   0.09085   2.82315  
 25 1383.4791  10678.805229  x:  0.33769   0.14566   0.09860   0.00494   0.06615   0.05399   0.05820   0.07062   0.06980   0.02050   0.00381   0.00256   0.00889   0.02403   0.01402   0.00017   0.01298   0.01084   0.00798   0.00401   0.00201   0.00646   0.01042   0.00623   0.03109   0.15513   0.01177   0.02607   0.02416   0.01777   0.00126   0.00718   0.01000   0.00479   0.00338   0.09288   0.21531   0.08887   0.12375   0.00720   0.11118   0.11372   3.42980   1.22467  -0.00026   0.09168   2.82021  
 26 1029.5101  10677.592874  x:  0.33703   0.14421   0.09789   0.00488   0.06602   0.05494   0.05936   0.06936   0.06883   0.02106   0.00381   0.00256   0.00891   0.02385   0.01403   0.00000   0.01281   0.01022   0.00777   0.00400   0.00217   0.00654   0.00991   0.00698   0.03067   0.15416   0.01185   0.02596   0.02447   0.01781   0.00124   0.00759   0.00978   0.00486   0.00333   0.09438   0.21331   0.08955   0.12347   0.00722   0.11004   0.11438   3.46651   1.22866  -0.00272   0.09204   2.81944  
 27 6126.4581  10676.740346  x:  0.33598   0.14367   0.09774   0.00488   0.06616   0.05479   0.05951   0.06882   0.06876   0.02124   0.00380   0.00255   0.00887   0.02447   0.01392   0.00000   0.01267   0.00892   0.00744   0.00400   0.00078   0.00642   0.01036   0.00634   0.03023   0.15391   0.01113   0.02588   0.02412   0.01773   0.00125   0.00714   0.00977   0.00487   0.00339   0.09576   0.21199   0.08961   0.12321   0.00724   0.10940   0.11460   3.49082   1.23125  -0.00428   0.09248   2.81893  
 28 2752.0207  10675.908539  x:  0.33352   0.14267   0.09755   0.00489   0.06644   0.05398   0.05930   0.06775   0.06878   0.02160   0.00379   0.00252   0.00880   0.02601   0.01364   0.00000   0.01245   0.00671   0.00687   0.00400   0.00149   0.00621   0.01115   0.00521   0.02917   0.15356   0.00962   0.02567   0.02324   0.01752   0.00126   0.00634   0.00976   0.00489   0.00350   0.09862   0.20925   0.08949   0.12263   0.00730   0.10817   0.11489   3.54264   1.23674  -0.00759   0.09339   2.81784  
 29 4583.3777  10673.817343  x:  0.32490   0.14248   0.09871   0.00487   0.06780   0.04842   0.05524   0.06680   0.07146   0.02133   0.00376   0.00253   0.00851   0.03064   0.01245   0.00000   0.01203   0.00992   0.00756   0.00397   0.00149   0.00645   0.01043   0.00562   0.02669   0.15492   0.00727   0.02544   0.01965   0.01676   0.00127   0.00704   0.00967   0.00480   0.00337   0.10589   0.20349   0.08687   0.12099   0.00755   0.10640   0.11406   3.65842   1.24871  -0.01463   0.09596   2.81538  
 30 2984.3568  10672.600822  x:  0.31773   0.14344   0.10018   0.00495   0.06851   0.04466   0.05136   0.06694   0.07394   0.02079   0.00374   0.00253   0.00826   0.03044   0.01169   0.00000   0.01212   0.00910   0.00733   0.00394   0.00147   0.00644   0.01036   0.00560   0.02621   0.15705   0.01230   0.02594   0.01882   0.01670   0.00127   0.00701   0.00935   0.00483   0.00340   0.10979   0.20063   0.08371   0.11989   0.00772   0.10625   0.11238   3.73105   1.25602  -0.01882   0.09734   2.81382  
 31 2465.1091  10671.224273  x:  0.30730   0.14626   0.10247   0.00504   0.06837   0.04381   0.04735   0.06799   0.07613   0.02102   0.00374   0.00252   0.00823   0.02383   0.01247   0.00000   0.01192   0.00890   0.00728   0.00394   0.00144   0.00639   0.01033   0.00551   0.02597   0.16106   0.01014   0.02683   0.02192   0.01728   0.00124   0.00690   0.00944   0.00481   0.00341   0.11121   0.19979   0.07792   0.11888   0.00784   0.10807   0.10845   3.80417   1.26294  -0.02252   0.09777   2.81222  
 32 1192.5957  10670.106723  x:  0.29411   0.15104   0.10421   0.00492   0.06621   0.04902   0.04909   0.06876   0.07564   0.02068   0.00373   0.00251   0.00838   0.02607   0.01276   0.00000   0.01214   0.00889   0.00731   0.00393   0.00144   0.00632   0.01042   0.00564   0.02730   0.16637   0.01029   0.02422   0.02117   0.01624   0.00125   0.00688   0.00949   0.00481   0.00336   0.10730   0.20328   0.07114   0.11873   0.00796   0.11191   0.10297   3.86635   1.26802  -0.02472   0.09636   2.81078  
 33 573.9538  10669.842443  x:  0.28974   0.15328   0.10403   0.00487   0.06605   0.04822   0.05101   0.06862   0.07477   0.02066   0.00373   0.00251   0.00848   0.02692   0.01249   0.00000   0.01218   0.00891   0.00732   0.00393   0.00145   0.00633   0.01044   0.00566   0.02738   0.16764   0.01022   0.02665   0.02117   0.01826   0.00122   0.00689   0.00954   0.00483   0.00334   0.10537   0.20599   0.07110   0.11922   0.00796   0.11255   0.10265   3.88159   1.26878  -0.02470   0.09619   2.81039  
 34 268.5154  10669.606641  x:  0.28518   0.15628   0.10333   0.00489   0.06665   0.04619   0.05261   0.06838   0.07377   0.02083   0.00373   0.00251   0.00844   0.02650   0.01292   0.00000   0.01219   0.00890   0.00733   0.00393   0.00145   0.00631   0.01045   0.00566   0.02733   0.16846   0.01025   0.02682   0.02140   0.01628   0.00125   0.00688   0.00957   0.00482   0.00335   0.10332   0.20994   0.07296   0.12010   0.00786   0.11250   0.10380   3.89481   1.26887  -0.02401   0.09653   2.81000  
 35 213.2606  10669.500027  x:  0.28294   0.15807   0.10282   0.00487   0.06720   0.04606   0.05217   0.06829   0.07361   0.02071   0.00373   0.00252   0.00843   0.02609   0.01258   0.00000   0.01214   0.00889   0.00732   0.00393   0.00145   0.00633   0.01042   0.00564   0.02727   0.16848   0.01025   0.02520   0.02122   0.01730   0.00123   0.00689   0.00952   0.00483   0.00334   0.10241   0.21231   0.07445   0.12057   0.00784   0.11205   0.10499   3.90087   1.26848  -0.02319   0.09691   2.80979  
 36 144.5759  10669.442889  x:  0.28179   0.15925   0.10246   0.00489   0.06743   0.04744   0.05065   0.06819   0.07401   0.02083   0.00374   0.00252   0.00842   0.02639   0.01261   0.00000   0.01214   0.00891   0.00732   0.00393   0.00145   0.00634   0.01042   0.00564   0.02712   0.16795   0.01031   0.02592   0.02121   0.01708   0.00124   0.00690   0.00953   0.00483   0.00335   0.10196   0.21387   0.07530   0.12066   0.00781   0.11134   0.10600   3.90426   1.26761  -0.02197   0.09709   2.80961  
 37 62.7269  10669.354063  x:  0.28168   0.16081   0.10267   0.00489   0.06566   0.04716   0.05124   0.06805   0.07583   0.02083   0.00374   0.00252   0.00841   0.02629   0.01263   0.00000   0.01213   0.00890   0.00732   0.00394   0.00145   0.00634   0.01042   0.00565   0.02685   0.16472   0.01035   0.02581   0.02127   0.01710   0.00123   0.00691   0.00953   0.00484   0.00334   0.10167   0.21576   0.07364   0.11950   0.00786   0.10953   0.10681   3.91002   1.26197  -0.01503   0.09638   2.80896  
 38 22.3311  10669.117991  x:  0.28320   0.16268   0.10358   0.00487   0.07010   0.04708   0.05115   0.06792   0.07365   0.02083   0.00375   0.00253   0.00847   0.02653   0.01274   0.00000   0.01223   0.00895   0.00735   0.00395   0.00146   0.00637   0.01044   0.00568   0.02745   0.16052   0.01045   0.02590   0.02141   0.01717   0.00124   0.00693   0.00958   0.00484   0.00336   0.10241   0.21785   0.07157   0.11886   0.00788   0.11033   0.10583   3.92616   1.24250   0.00882   0.09419   2.80679  
 39 58.7397  10668.552848  x:  0.28770   0.16416   0.10516   0.00497   0.06699   0.04801   0.05155   0.07024   0.07355   0.02137   0.00380   0.00256   0.00836   0.02661   0.01247   0.00000   0.01215   0.00907   0.00737   0.00399   0.00148   0.00654   0.01033   0.00568   0.02697   0.16324   0.01068   0.02637   0.02131   0.01729   0.00126   0.00709   0.00952   0.00487   0.00344   0.10597   0.21921   0.07596   0.12263   0.00770   0.11593   0.10530   3.96455   1.19395   0.06842   0.09197   2.80130  
 40 170.3930  10668.358346  x:  0.28935   0.16223   0.10421   0.00496   0.06882   0.04817   0.05220   0.06864   0.07647   0.02136   0.00381   0.00257   0.00843   0.02678   0.01272   0.00000   0.01228   0.00909   0.00741   0.00401   0.00149   0.00655   0.01037   0.00573   0.02739   0.16872   0.01058   0.02634   0.02167   0.01739   0.00126   0.00711   0.00960   0.00488   0.00344   0.10349   0.21856   0.07566   0.12327   0.00766   0.11425   0.10727   3.97787   1.17704   0.08951   0.09005   2.79922  
 41 133.1134  10668.343476  x:  0.28947   0.16206   0.10484   0.00496   0.06868   0.04818   0.05214   0.06969   0.07557   0.02138   0.00382   0.00257   0.00843   0.02680   0.01269   0.00000   0.01227   0.00909   0.00741   0.00401   0.00149   0.00655   0.01037   0.00572   0.02741   0.16955   0.01058   0.02637   0.02163   0.01739   0.00126   0.00711   0.00960   0.00488   0.00344   0.10320   0.21844   0.07552   0.12260   0.00768   0.11324   0.10789   3.97875   1.17612   0.09102   0.09002   2.79892  
 42 15.1123  10668.258831  x:  0.28954   0.16201   0.10504   0.00492   0.06867   0.04824   0.05222   0.06863   0.07585   0.02138   0.00381   0.00257   0.00841   0.02676   0.01268   0.00000   0.01225   0.00907   0.00739   0.00401   0.00148   0.00655   0.01034   0.00574   0.02740   0.17019   0.01055   0.02634   0.02164   0.01738   0.00126   0.00712   0.00957   0.00488   0.00341   0.10286   0.21867   0.07758   0.11772   0.00775   0.11394   0.10675   3.98055   1.18166   0.09631   0.08985   2.79348  
 43  2.1118  10659.038775  x:  0.29218   0.15188   0.10113   0.00258   0.06545   0.05018   0.05275   0.05574   0.06501   0.02418   0.00371   0.00246   0.00669   0.02357   0.00929   0.00000   0.00967   0.00730   0.00628   0.00372   0.00123   0.00657   0.00749   0.00689   0.01962   0.16112   0.01098   0.02637   0.01999   0.01627   0.00087   0.00864   0.00757   0.00496   0.00109   0.07280   0.20539   0.07079   0.11657   0.01020   0.11415   0.10450   4.15266   1.78035   0.61137   0.09865   2.23311  
 44 50.1760  10658.628133  x:  0.29224   0.14772   0.09622   0.00252   0.06532   0.05005   0.05255   0.05776   0.06456   0.02424   0.00370   0.00245   0.00659   0.02336   0.00912   0.00000   0.00954   0.00721   0.00622   0.00370   0.00121   0.00656   0.00735   0.00694   0.01928   0.16165   0.01098   0.02633   0.01988   0.01618   0.00085   0.00870   0.00745   0.00495   0.00099   0.07429   0.20952   0.07135   0.11751   0.01047   0.10892   0.09718   4.16088   1.80910   0.63619   0.09845   2.20614  
 45 251.3443  10658.585309  x:  0.29199   0.14457   0.09616   0.00252   0.06527   0.05003   0.05248   0.05778   0.06448   0.02427   0.00370   0.00245   0.00657   0.02334   0.00908   0.00000   0.00951   0.00720   0.00621   0.00370   0.00121   0.00657   0.00733   0.00694   0.01919   0.16191   0.01098   0.02634   0.01985   0.01617   0.00085   0.00871   0.00743   0.00495   0.00098   0.07567   0.21246   0.07031   0.11714   0.01047   0.10994   0.09824   4.16179   1.81230   0.63889   0.09865   2.20315  
 46 26.6644  10658.585131  x:  0.29199   0.14457   0.09617   0.00252   0.06527   0.05003   0.05248   0.05778   0.06448   0.02427   0.00370   0.00245   0.00657   0.02334   0.00908   0.00003   0.00951   0.00720   0.00621   0.00370   0.00121   0.00657   0.00733   0.00694   0.01919   0.16191   0.01098   0.02634   0.01985   0.01617   0.00085   0.00871   0.00743   0.00495   0.00098   0.07567   0.21246   0.07031   0.11714   0.01047   0.10994   0.09824   4.16179   1.81230   0.63889   0.09865   2.20315  
 47 15.1333  10658.583884  x:  0.29196   0.14438   0.09668   0.00252   0.06528   0.05004   0.05248   0.05756   0.06452   0.02427   0.00370   0.00245   0.00657   0.02334   0.00908   0.00003   0.00951   0.00720   0.00621   0.00370   0.00121   0.00657   0.00733   0.00694   0.01920   0.16189   0.01098   0.02634   0.01986   0.01618   0.00085   0.00871   0.00743   0.00495   0.00098   0.07567   0.21262   0.07043   0.11728   0.01047   0.10980   0.09811   4.16184   1.81249   0.63906   0.09865   2.20295  
 48  3.4073  10657.718807  x:  0.29707   0.14150   0.09534   0.00315   0.06461   0.05086   0.05282   0.05752   0.06320   0.02463   0.00372   0.00245   0.00674   0.02371   0.01038   0.00001   0.00989   0.00719   0.00624   0.00378   0.00117   0.00598   0.00733   0.00761   0.02133   0.15898   0.01108   0.02643   0.02028   0.01639   0.00103   0.00845   0.00740   0.00480   0.00228   0.07707   0.21200   0.07089   0.11833   0.01053   0.10911   0.09723   4.25814   2.17072   1.00661   0.10334   1.77320  
 49  1.2219  10657.235218  x:  0.30123   0.14372   0.09700   0.00272   0.06448   0.05157   0.05339   0.05798   0.06406   0.02501   0.00377   0.00246   0.00668   0.02399   0.01033   0.00007   0.00998   0.00755   0.00610   0.00371   0.00110   0.00634   0.00723   0.00765   0.02255   0.15738   0.01109   0.02655   0.02051   0.01643   0.00098   0.00858   0.00728   0.00474   0.00140   0.08035   0.20986   0.07214   0.11891   0.01087   0.11009   0.09969   4.35840   2.57423   1.41776   0.10473   1.20298  
 50  0.8283  10657.130794  x:  0.30042   0.14352   0.09679   0.00272   0.06459   0.05136   0.05319   0.05812   0.06430   0.02502   0.00377   0.00246   0.00677   0.02396   0.01014   0.00013   0.00996   0.00752   0.00613   0.00370   0.00107   0.00625   0.00745   0.00758   0.02180   0.15807   0.01106   0.02650   0.02036   0.01641   0.00100   0.00856   0.00745   0.00473   0.00137   0.07926   0.21039   0.07188   0.11866   0.01096   0.10995   0.09937   4.37048   2.67670   1.51628   0.10460   1.00000  
 51  0.4435  10657.096820  x:  0.29845   0.14347   0.09633   0.00277   0.06481   0.05094   0.05294   0.05812   0.06424   0.02481   0.00376   0.00245   0.00672   0.02381   0.01001   0.00023   0.00990   0.00740   0.00622   0.00371   0.00100   0.00615   0.00737   0.00744   0.02118   0.15923   0.01103   0.02643   0.02021   0.01638   0.00106   0.00856   0.00744   0.00477   0.00144   0.07846   0.21124   0.07151   0.11828   0.01107   0.10965   0.09875   4.36228   2.78477   1.61908   0.10366   1.00000  
 52  0.1348  10657.081851  x:  0.29853   0.14320   0.09626   0.00279   0.06475   0.05085   0.05292   0.05813   0.06420   0.02472   0.00375   0.00245   0.00684   0.02387   0.01007   0.00033   0.00992   0.00741   0.00619   0.00373   0.00090   0.00624   0.00760   0.00742   0.02137   0.15905   0.01105   0.02643   0.02025   0.01639   0.00113   0.00849   0.00757   0.00480   0.00134   0.07815   0.21134   0.07142   0.11827   0.01120   0.10974   0.09870   4.35108   2.97934   1.81417   0.10331   1.00000  
 53  0.1177  10657.058914  x:  0.29921   0.14352   0.09666   0.00280   0.06470   0.05106   0.05310   0.05820   0.06443   0.02476   0.00375   0.00245   0.00675   0.02387   0.00994   0.00051   0.00991   0.00746   0.00618   0.00372   0.00069   0.00617   0.00746   0.00747   0.02116   0.15855   0.01109   0.02645   0.02035   0.01639   0.00127   0.00848   0.00748   0.00476   0.00144   0.07901   0.21087   0.07168   0.11845   0.01148   0.10977   0.09897   4.34232   3.39463   2.23255   0.10347   1.00000  
 54  0.2517  10657.051330  x:  0.29892   0.14342   0.09648   0.00275   0.06475   0.05107   0.05303   0.05808   0.06422   0.02482   0.00375   0.00245   0.00673   0.02384   0.01013   0.00060   0.00991   0.00743   0.00621   0.00371   0.00060   0.00619   0.00736   0.00747   0.02147   0.15896   0.01105   0.02646   0.02024   0.01638   0.00130   0.00853   0.00742   0.00475   0.00142   0.07851   0.21108   0.07154   0.11831   0.01155   0.10975   0.09889   4.34755   3.59122   2.42764   0.10375   1.00000  
 55  0.2238  10657.045388  x:  0.29854   0.14351   0.09631   0.00268   0.06480   0.05099   0.05298   0.05808   0.06414   0.02484   0.00376   0.00246   0.00680   0.02389   0.01001   0.00074   0.00991   0.00741   0.00617   0.00371   0.00047   0.00623   0.00752   0.00747   0.02145   0.15912   0.01103   0.02645   0.02026   0.01638   0.00132   0.00851   0.00750   0.00474   0.00145   0.07873   0.21121   0.07152   0.11829   0.01145   0.10970   0.09875   4.35485   3.87035   2.70605   0.10389   1.00000  
 56  0.1514  10657.039232  x:  0.29889   0.14341   0.09646   0.00260   0.06474   0.05100   0.05305   0.05825   0.06439   0.02481   0.00376   0.00246   0.00675   0.02388   0.01012   0.00085   0.00993   0.00747   0.00621   0.00371   0.00036   0.00618   0.00745   0.00747   0.02120   0.15886   0.01107   0.02644   0.02031   0.01640   0.00130   0.00850   0.00748   0.00475   0.00142   0.07863   0.21111   0.07162   0.11840   0.01118   0.10975   0.09892   4.35611   4.17214   3.00823   0.10374   1.00000  
 57  0.1938  10657.035836  x:  0.29899   0.14342   0.09650   0.00261   0.06473   0.05103   0.05305   0.05811   0.06427   0.02479   0.00375   0.00246   0.00675   0.02381   0.01002   0.00088   0.00992   0.00743   0.00620   0.00371   0.00032   0.00618   0.00741   0.00747   0.02146   0.15884   0.01106   0.02645   0.02025   0.01638   0.00127   0.00852   0.00745   0.00475   0.00144   0.07857   0.21104   0.07159   0.11842   0.01098   0.10978   0.09893   4.35121   4.34046   3.17636   0.10366   1.00000  
 58  0.1556  10657.033405  x:  0.29868   0.14349   0.09641   0.00268   0.06476   0.05103   0.05300   0.05800   0.06410   0.02480   0.00376   0.00245   0.00675   0.02390   0.01012   0.00089   0.00990   0.00742   0.00619   0.00372   0.00031   0.00622   0.00744   0.00747   0.02137   0.15894   0.01106   0.02645   0.02027   0.01639   0.00124   0.00852   0.00746   0.00476   0.00144   0.07875   0.21104   0.07155   0.11837   0.01091   0.10976   0.09882   4.34663   4.49681   3.33251   0.10379   1.00000  
 59  0.1021  10657.029208  x:  0.29852   0.14335   0.09636   0.00276   0.06476   0.05103   0.05299   0.05825   0.06436   0.02484   0.00376   0.00246   0.00674   0.02388   0.01002   0.00089   0.00995   0.00747   0.00618   0.00372   0.00031   0.00620   0.00745   0.00746   0.02136   0.15902   0.01103   0.02644   0.02031   0.01639   0.00119   0.00853   0.00746   0.00476   0.00140   0.07847   0.21123   0.07156   0.11837   0.01106   0.10971   0.09879   4.34557   4.85319   3.68857   0.10397   1.00000  
 60  0.1641  10657.026720  x:  0.29887   0.14348   0.09647   0.00276   0.06474   0.05102   0.05302   0.05808   0.06424   0.02480   0.00375   0.00245   0.00677   0.02381   0.01006   0.00091   0.00988   0.00742   0.00619   0.00371   0.00029   0.00617   0.00744   0.00747   0.02134   0.15887   0.01105   0.02646   0.02023   0.01639   0.00116   0.00853   0.00745   0.00476   0.00141   0.07865   0.21105   0.07157   0.11838   0.01123   0.10975   0.09889   4.34962   5.19745   4.03304   0.10384   1.00000  
 61  0.2610  10657.025815  x:  0.29891   0.14343   0.09646   0.00274   0.06475   0.05101   0.05302   0.05809   0.06422   0.02480   0.00376   0.00245   0.00674   0.02389   0.01007   0.00093   0.00994   0.00745   0.00620   0.00371   0.00027   0.00620   0.00743   0.00747   0.02140   0.15891   0.01106   0.02645   0.02028   0.01639   0.00116   0.00853   0.00747   0.00477   0.00143   0.07862   0.21108   0.07157   0.11836   0.01126   0.10976   0.09888   4.35095   5.44586   4.28193   0.10374   1.00000  
 62  0.2251  10657.024689  x:  0.29868   0.14342   0.09641   0.00272   0.06476   0.05104   0.05300   0.05821   0.06433   0.02479   0.00376   0.00246   0.00679   0.02383   0.01008   0.00094   0.00991   0.00744   0.00618   0.00372   0.00026   0.00622   0.00746   0.00748   0.02138   0.15897   0.01104   0.02645   0.02030   0.01639   0.00116   0.00853   0.00742   0.00477   0.00142   0.07865   0.21115   0.07156   0.11835   0.01122   0.10975   0.09883   4.35045   5.95907   4.79506   0.10371   1.00000  
 63  0.1939  10657.022701  x:  0.29875   0.14347   0.09642   0.00271   0.06474   0.05104   0.05300   0.05806   0.06419   0.02483   0.00375   0.00246   0.00672   0.02384   0.01004   0.00087   0.00990   0.00744   0.00619   0.00370   0.00033   0.00618   0.00743   0.00748   0.02135   0.15887   0.01105   0.02645   0.02025   0.01639   0.00118   0.00854   0.00752   0.00475   0.00141   0.07862   0.21108   0.07157   0.11837   0.01119   0.10975   0.09887   4.34812   6.87883   5.71437   0.10382   1.00000  
 64  0.4176  10657.021285  x:  0.29892   0.14342   0.09647   0.00273   0.06475   0.05102   0.05303   0.05808   0.06424   0.02481   0.00375   0.00245   0.00678   0.02389   0.01007   0.00074   0.00995   0.00743   0.00621   0.00371   0.00046   0.00619   0.00744   0.00747   0.02136   0.15890   0.01106   0.02646   0.02025   0.01639   0.00120   0.00853   0.00744   0.00476   0.00144   0.07858   0.21107   0.07157   0.11838   0.01120   0.10975   0.09889   4.34829   7.73478   6.57066   0.10385   1.00000  
 65  0.6150  10657.020801  x:  0.29880   0.14343   0.09645   0.00273   0.06476   0.05102   0.05302   0.05814   0.06427   0.02480   0.00376   0.00246   0.00674   0.02385   0.01007   0.00066   0.00990   0.00744   0.00619   0.00372   0.00055   0.00620   0.00744   0.00746   0.02139   0.15894   0.01105   0.02645   0.02028   0.01639   0.00119   0.00852   0.00746   0.00476   0.00143   0.07865   0.21109   0.07157   0.11836   0.01119   0.10975   0.09886   4.34988   8.29295   7.12877   0.10380   1.00000  
 66  0.5552  10657.020737  x:  0.29880   0.14344   0.09644   0.00272   0.06475   0.05102   0.05301   0.05811   0.06424   0.02480   0.00376   0.00245   0.00676   0.02385   0.01006   0.00063   0.00992   0.00744   0.00619   0.00371   0.00057   0.00620   0.00744   0.00747   0.02137   0.15891   0.01105   0.02645   0.02027   0.01639   0.00119   0.00852   0.00746   0.00476   0.00142   0.07863   0.21108   0.07157   0.11837   0.01118   0.10975   0.09886   4.35006   8.54078   7.37651   0.10380   1.00000  
 67  0.2979  10657.020712  x:  0.29883   0.14343   0.09645   0.00272   0.06475   0.05102   0.05301   0.05811   0.06425   0.02481   0.00375   0.00246   0.00675   0.02386   0.01006   0.00063   0.00992   0.00743   0.00620   0.00371   0.00058   0.00620   0.00744   0.00747   0.02138   0.15891   0.01105   0.02645   0.02027   0.01639   0.00119   0.00853   0.00746   0.00476   0.00143   0.07861   0.21109   0.07157   0.11837   0.01119   0.10975   0.09888   4.34973   8.80615   7.64190   0.10380   1.00000  
 68  0.1804  10657.020659  x:  0.29881   0.14343   0.09645   0.00272   0.06476   0.05103   0.05302   0.05812   0.06426   0.02481   0.00376   0.00246   0.00676   0.02386   0.01007   0.00064   0.00991   0.00744   0.00619   0.00372   0.00057   0.00620   0.00743   0.00747   0.02138   0.15894   0.01105   0.02645   0.02027   0.01639   0.00119   0.00853   0.00747   0.00476   0.00143   0.07864   0.21108   0.07156   0.11837   0.01119   0.10975   0.09886   4.34921   9.55218   8.38804   0.10380   1.00000  
 69  0.2511  10657.020618  x:  0.29879   0.14344   0.09644   0.00272   0.06475   0.05102   0.05301   0.05811   0.06424   0.02480   0.00376   0.00246   0.00675   0.02386   0.01006   0.00065   0.00992   0.00743   0.00619   0.00371   0.00055   0.00620   0.00744   0.00747   0.02137   0.15891   0.01105   0.02645   0.02027   0.01639   0.00119   0.00852   0.00746   0.00476   0.00142   0.07864   0.21109   0.07157   0.11836   0.01119   0.10975   0.09886   4.34952  10.21564   9.05137   0.10380   1.00000  
 70  0.4716  10657.020599  x:  0.29882   0.14343   0.09644   0.00272   0.06475   0.05102   0.05301   0.05811   0.06425   0.02481   0.00376   0.00246   0.00676   0.02386   0.01006   0.00066   0.00991   0.00744   0.00619   0.00371   0.00055   0.00620   0.00744   0.00747   0.02138   0.15890   0.01105   0.02645   0.02027   0.01639   0.00119   0.00852   0.00746   0.00476   0.00142   0.07862   0.21109   0.07157   0.11837   0.01119   0.10975   0.09887   4.34981  10.80032   9.63606   0.10380   1.00000  
 71  0.5168  10657.020590  x:  0.29882   0.14343   0.09645   0.00272   0.06475   0.05102   0.05302   0.05811   0.06425   0.02481   0.00376   0.00246   0.00675   0.02385   0.01006   0.00065   0.00992   0.00744   0.00619   0.00371   0.00055   0.00620   0.00744   0.00747   0.02138   0.15892   0.01105   0.02645   0.02027   0.01639   0.00119   0.00853   0.00746   0.00476   0.00142   0.07863   0.21108   0.07157   0.11837   0.01119   0.10975   0.09887   4.34995  11.71117  10.54694   0.10380   1.00000  
 72  0.5470  10657.020586  x:  0.29881   0.14343   0.09644   0.00272   0.06475   0.05102   0.05301   0.05811   0.06425   0.02481   0.00376   0.00246   0.00675   0.02386   0.01006   0.00065   0.00991   0.00744   0.00619   0.00371   0.00055   0.00620   0.00744   0.00747   0.02138   0.15891   0.01105   0.02645   0.02027   0.01639   0.00119   0.00853   0.00746   0.00476   0.00142   0.07863   0.21109   0.07157   0.11837   0.01119   0.10975   0.09887   4.34983  12.36748  11.20323   0.10380   1.00000  
 73  0.4776  10657.020584  x:  0.29881   0.14343   0.09644   0.00272   0.06475   0.05102   0.05301   0.05811   0.06425   0.02481   0.00376   0.00246   0.00675   0.02386   0.01006   0.00065   0.00992   0.00743   0.00619   0.00371   0.00055   0.00620   0.00744   0.00747   0.02138   0.15891   0.01105   0.02645   0.02027   0.01639   0.00119   0.00853   0.00746   0.00476   0.00142   0.07862   0.21109   0.07157   0.11837   0.01119   0.10975   0.09887   4.34975  13.14877  11.98453   0.10380   1.00000  
 74  0.5656  10657.020583  x:  0.29881   0.14343   0.09644   0.00272   0.06475   0.05102   0.05301   0.05811   0.06425   0.02481   0.00376   0.00246   0.00675   0.02386   0.01006   0.00065   0.00992   0.00744   0.00619   0.00371   0.00055   0.00620   0.00744   0.00747   0.02138   0.15892   0.01105   0.02645   0.02027   0.01639   0.00119   0.00853   0.00746   0.00476   0.00142   0.07863   0.21108   0.07157   0.11837   0.01119   0.10975   0.09887   4.34979  13.80142  12.63718   0.10380   1.00000  
 75  0.4888  10657.020582  x:  0.29881   0.14344   0.09644   0.00272   0.06475   0.05102   0.05301   0.05811   0.06425   0.02481   0.00376   0.00246   0.00675   0.02386   0.01006   0.00065   0.00992   0.00744   0.00619   0.00371   0.00055   0.00620   0.00744   0.00747   0.02138   0.15891   0.01105   0.02645   0.02027   0.01639   0.00119   0.00852   0.00746   0.00476   0.00142   0.07863   0.21109   0.07157   0.11837   0.01119   0.10975   0.09887   4.34981  15.14587  13.98164   0.10380   1.00000  
 76  0.6047  10657.020582  x:  0.29881   0.14344   0.09644   0.00272   0.06475   0.05102   0.05301   0.05811   0.06425   0.02481   0.00376   0.00246   0.00675   0.02386   0.01006   0.00065   0.00992   0.00744   0.00619   0.00371   0.00055   0.00620   0.00744   0.00747   0.02138   0.15891   0.01105   0.02645   0.02027   0.01639   0.00119   0.00852   0.00746   0.00476   0.00142   0.07863   0.21109   0.07157   0.11837   0.01119   0.10975   0.09887   4.34980  14.95398  13.78974   0.10380   1.00000  
 77  0.7272  10657.020582  x:  0.29881   0.14343   0.09644   0.00272   0.06475   0.05102   0.05301   0.05811   0.06425   0.02481   0.00376   0.00246   0.00675   0.02386   0.01006   0.00065   0.00992   0.00744   0.00619   0.00371   0.00055   0.00620   0.00744   0.00747   0.02138   0.15891   0.01105   0.02645   0.02027   0.01639   0.00119   0.00853   0.00746   0.00476   0.00142   0.07863   0.21109   0.07157   0.11837   0.01119   0.10975   0.09887   4.34979  14.99787  13.83363   0.10380   1.00000  
 78  0.0812  10657.020582  x:  0.29881   0.14343   0.09644   0.00272   0.06475   0.05102   0.05301   0.05811   0.06425   0.02481   0.00376   0.00246   0.00675   0.02386   0.01006   0.00065   0.00992   0.00744   0.00619   0.00371   0.00055   0.00620   0.00744   0.00747   0.02138   0.15891   0.01105   0.02645   0.02027   0.01639   0.00119   0.00853   0.00746   0.00476   0.00142   0.07863   0.21109   0.07157   0.11837   0.01119   0.10975   0.09887   4.34979  15.10384  13.93960   0.10380   1.00000  
 79  0.2648  10657.020582  x:  0.29881   0.14343   0.09644   0.00272   0.06475   0.05102   0.05301   0.05811   0.06425   0.02481   0.00376   0.00246   0.00675   0.02386   0.01006   0.00065   0.00992   0.00744   0.00619   0.00371   0.00055   0.00620   0.00744   0.00747   0.02138   0.15892   0.01105   0.02645   0.02027   0.01639   0.00119   0.00853   0.00746   0.00476   0.00142   0.07863   0.21108   0.07157   0.11837   0.01119   0.10975   0.09887   4.34981  16.17218  15.00794   0.10380   1.00000  
 80  0.1889  10657.020582  x:  0.29881   0.14343   0.09644   0.00272   0.06475   0.05102   0.05301   0.05811   0.06425   0.02481   0.00376   0.00246   0.00675   0.02386   0.01006   0.00065   0.00992   0.00744   0.00619   0.00371   0.00055   0.00620   0.00744   0.00747   0.02138   0.15892   0.01105   0.02645   0.02027   0.01639   0.00119   0.00853   0.00746   0.00476   0.00142   0.07863   0.21108   0.07157   0.11837   0.01119   0.10975   0.09887   4.34982  17.24051  16.07628   0.10380   1.00000  
 81  6.5030  10657.020582  x:  0.29881   0.14343   0.09644   0.00272   0.06475   0.05102   0.05301   0.05811   0.06425   0.02481   0.00376   0.00246   0.00675   0.02386   0.01006   0.00065   0.00992   0.00744   0.00619   0.00371   0.00055   0.00620   0.00744   0.00747   0.02138   0.15891   0.01105   0.02645   0.02027   0.01639   0.00119   0.00853   0.00746   0.00476   0.00142   0.07863   0.21109   0.07157   0.11837   0.01119   0.10975   0.09887   4.34981  16.67587  15.51163   0.10380   1.00000  
 82  1.5148  10657.020582  x:  0.29881   0.14343   0.09644   0.00272   0.06475   0.05102   0.05301   0.05811   0.06425   0.02481   0.00376   0.00246   0.00675   0.02386   0.01006   0.00065   0.00992   0.00744   0.00619   0.00371   0.00055   0.00620   0.00744   0.00747   0.02138   0.15891   0.01105   0.02645   0.02027   0.01639   0.00119   0.00853   0.00746   0.00476   0.00142   0.07863   0.21109   0.07157   0.11837   0.01119   0.10975   0.09887   4.34978  16.76624  15.60200   0.10380   1.00000  
 83  0.4140  10657.020582  x:  0.29881   0.14343   0.09644   0.00272   0.06475   0.05102   0.05301   0.05811   0.06425   0.02481   0.00376   0.00246   0.00675   0.02386   0.01006   0.00065   0.00992   0.00744   0.00619   0.00371   0.00055   0.00620   0.00744   0.00747   0.02138   0.15891   0.01105   0.02645   0.02027   0.01639   0.00119   0.00853   0.00746   0.00476   0.00142   0.07863   0.21109   0.07157   0.11837   0.01119   0.10975   0.09887   4.34980  16.76578  15.60154   0.10380   1.00000  
 84  0.0005  10657.020582  x:  0.29881   0.14343   0.09644   0.00272   0.06475   0.05102   0.05301   0.05811   0.06425   0.02481   0.00376   0.00246   0.00675   0.02386   0.01006   0.00065   0.00992   0.00744   0.00619   0.00371   0.00055   0.00620   0.00744   0.00747   0.02138   0.15891   0.01105   0.02645   0.02027   0.01639   0.00119   0.00853   0.00746   0.00476   0.00142   0.07863   0.21109   0.07157   0.11837   0.01119   0.10975   0.09887   4.34980  16.76548  15.60124   0.10380   1.00000  
 85  0.0004  10657.020582  x:  0.29881   0.14343   0.09644   0.00272   0.06475   0.05102   0.05301   0.05811   0.06425   0.02481   0.00376   0.00246   0.00675   0.02386   0.01006   0.00065   0.00992   0.00744   0.00619   0.00371   0.00055   0.00620   0.00744   0.00747   0.02138   0.15891   0.01105   0.02645   0.02027   0.01639   0.00119   0.00853   0.00746   0.00476   0.00142   0.07863   0.21109   0.07157   0.11837   0.01119   0.10975   0.09887   4.34979  16.76530  15.60106   0.10380   1.00000  
 86  0.0002  10657.020582  x:  0.29881   0.14343   0.09644   0.00272   0.06475   0.05102   0.05301   0.05811   0.06425   0.02481   0.00376   0.00246   0.00675   0.02386   0.01006   0.00065   0.00992   0.00744   0.00619   0.00371   0.00055   0.00620   0.00744   0.00747   0.02138   0.15891   0.01105   0.02645   0.02027   0.01639   0.00119   0.00853   0.00746   0.00476   0.00142   0.07863   0.21109   0.07157   0.11837   0.01119   0.10975   0.09887   4.34980  16.76544  15.60120   0.10380   1.00000  
 87  0.0001  10657.020582  x:  0.29881   0.14343   0.09644   0.00272   0.06475   0.05102   0.05301   0.05811   0.06425   0.02481   0.00376   0.00246   0.00675   0.02386   0.01006   0.00065   0.00992   0.00744   0.00619   0.00371   0.00055   0.00620   0.00744   0.00747   0.02138   0.15891   0.01105   0.02645   0.02027   0.01639   0.00119   0.00853   0.00746   0.00476   0.00142   0.07863   0.21109   0.07157   0.11837   0.01119   0.10975   0.09887   4.34980  16.76544  15.60120   0.10380   1.00000  
 88  0.0011  10657.020582  x:  0.29881   0.14343   0.09644   0.00272   0.06475   0.05102   0.05301   0.05811   0.06425   0.02481   0.00376   0.00246   0.00675   0.02386   0.01006   0.00065   0.00992   0.00744   0.00619   0.00371   0.00055   0.00620   0.00744   0.00747   0.02138   0.15891   0.01105   0.02645   0.02027   0.01639   0.00119   0.00853   0.00746   0.00476   0.00142   0.07863   0.21109   0.07157   0.11837   0.01119   0.10975   0.09887   4.34980  16.76544  15.60120   0.10380   1.00000  
 89  0.0000  10657.020582  x:  0.29881   0.14343   0.09644   0.00272   0.06475   0.05102   0.05301   0.05811   0.06425   0.02481   0.00376   0.00246   0.00675   0.02386   0.01006   0.00065   0.00992   0.00744   0.00619   0.00371   0.00055   0.00620   0.00744   0.00747   0.02138   0.15891   0.01105   0.02645   0.02027   0.01639   0.00119   0.00853   0.00746   0.00476   0.00142   0.07863   0.21109   0.07157   0.11837   0.01119   0.10975   0.09887   4.34980  16.76544  15.60120   0.10380   1.00000  
check convergence!
