

TREE # 1

  0  0.0000  10759.367719  x:  0.26385   0.11577   0.08596   0.00000   0.06063   0.05075   0.04950   0.04981   0.05520   0.02619   0.00368   0.00258   0.00477   0.02271   0.00778   0.00197   0.00852   0.00766   0.00524   0.00418   0.00162   0.00718   0.00615   0.00626   0.01824   0.14125   0.01212   0.02718   0.01864   0.01586   0.00123   0.00887   0.00574   0.00380   0.00237   0.05365   0.19416   0.06079   0.10998   0.00040   0.10813   0.08203   3.00000   1.16374   0.04304   0.25098  
  1 99.0000  10748.686171  x:  0.26399   0.11620   0.08621   0.00460   0.06083   0.05082   0.04975   0.05018   0.05553   0.02611   0.00374   0.00249   0.00570   0.02287   0.00845   0.00034   0.00895   0.00761   0.00573   0.00392   0.00000   0.00682   0.00670   0.00676   0.01864   0.14143   0.01210   0.02712   0.01885   0.01595   0.00158   0.00875   0.00652   0.00438   0.00152   0.05445   0.19428   0.06125   0.11023   0.00825   0.10824   0.08257   3.00012   1.16386   0.04291   0.24911  
  2 3118.7089  10747.453621  x:  0.26406   0.11639   0.08631   0.00540   0.06090   0.05084   0.04983   0.05034   0.05567   0.02608   0.00376   0.00247   0.00600   0.02294   0.00869   0.00146   0.00911   0.00759   0.00588   0.00384   0.00115   0.00670   0.00689   0.00693   0.01880   0.14152   0.01209   0.02710   0.01894   0.01599   0.00157   0.00871   0.00677   0.00454   0.00134   0.05479   0.19434   0.06142   0.11032   0.01000   0.10826   0.08278   3.00018   1.16391   0.04286   0.24830  
  3 3314.9876  10741.533201  x:  0.26474   0.11815   0.08718   0.00245   0.06146   0.05086   0.05039   0.05188   0.05703   0.02572   0.00385   0.00256   0.00747   0.02354   0.01031   0.00135   0.01022   0.00749   0.00664   0.00359   0.00115   0.00586   0.00793   0.00792   0.02024   0.14235   0.01199   0.02692   0.01972   0.01630   0.00000   0.00853   0.00805   0.00517   0.00225   0.05802   0.19486   0.06280   0.11096   0.01173   0.10834   0.08452   3.00072   1.16443   0.04235   0.24038  
  4 956.8973  10737.412862  x:  0.26531   0.11962   0.08790   0.00000   0.06193   0.05088   0.05086   0.05316   0.05816   0.02542   0.00391   0.00262   0.00862   0.02403   0.01161   0.00126   0.01110   0.00742   0.00722   0.00340   0.00115   0.00521   0.00876   0.00870   0.02142   0.14305   0.01190   0.02677   0.02037   0.01658   0.00055   0.00840   0.00906   0.00565   0.00285   0.06070   0.19530   0.06395   0.11150   0.01298   0.10841   0.08596   3.00116   1.16486   0.04192   0.23374  
  5 18637.0921  10703.823777  x:  0.27243   0.13723   0.09686   0.00683   0.06793   0.05178   0.05712   0.06789   0.07127   0.02187   0.00378   0.00248   0.01442   0.02883   0.02091   0.00043   0.01716   0.00723   0.00911   0.00480   0.00141   0.00403   0.01277   0.01256   0.03336   0.15168   0.01063   0.02532   0.02681   0.01921   0.00148   0.00802   0.01380   0.00578   0.00045   0.09199   0.20071   0.07697   0.11763   0.00442   0.10901   0.10271   3.00675   1.17014   0.03667   0.15141  
  6 3417.8587  10699.869570  x:  0.27430   0.14136   0.09891   0.00850   0.06924   0.05202   0.05839   0.07095   0.07402   0.02142   0.00381   0.00250   0.01398   0.02934   0.02127   0.00041   0.01704   0.00742   0.00838   0.00457   0.00162   0.00591   0.01216   0.01198   0.03512   0.15385   0.01031   0.02522   0.02756   0.01940   0.00194   0.00836   0.01317   0.00521   0.00614   0.09894   0.20211   0.07987   0.11915   0.00393   0.10925   0.10656   3.00820   1.17144   0.03538   0.13078  
  7 5667.0043  10688.806495  x:  0.27731   0.14674   0.10131   0.00512   0.07053   0.05231   0.05927   0.07373   0.07658   0.02206   0.00401   0.00272   0.00920   0.02832   0.01719   0.00041   0.01313   0.00801   0.00521   0.00292   0.00180   0.00832   0.00788   0.00789   0.03456   0.15709   0.00992   0.02577   0.02640   0.01847   0.00130   0.00862   0.00838   0.00286   0.00342   0.10694   0.20433   0.08314   0.12137   0.00722   0.10983   0.11128   3.01054   1.17321   0.03362   0.10124  
  8 2522.1456  10687.321849  x:  0.27809   0.14774   0.10163   0.00474   0.07058   0.05233   0.05917   0.07376   0.07662   0.02249   0.00378   0.00231   0.00793   0.02766   0.01530   0.00044   0.01188   0.00781   0.00615   0.00459   0.00179   0.00771   0.00751   0.00755   0.03347   0.15781   0.00990   0.02596   0.02555   0.01806   0.00121   0.00860   0.00769   0.00579   0.00320   0.10807   0.20486   0.08348   0.12176   0.00753   0.10994   0.11197   3.01119   1.17356   0.03328   0.09572  
  9 1108.5130  10686.433521  x:  0.27905   0.14847   0.10164   0.00497   0.07028   0.05225   0.05869   0.07299   0.07597   0.02315   0.00380   0.00304   0.00775   0.02666   0.01294   0.00051   0.01112   0.00735   0.00752   0.00381   0.00172   0.00596   0.00871   0.00870   0.03124   0.15854   0.01002   0.02611   0.02416   0.01759   0.00127   0.00876   0.00869   0.00532   0.00342   0.10840   0.20543   0.08328   0.12198   0.00730   0.11000   0.11215   3.01207   1.17381   0.03303   0.09233  
 10 439.4769  10686.192780  x:  0.27957   0.14880   0.10159   0.00495   0.07006   0.05218   0.05840   0.07248   0.07555   0.02336   0.00378   0.00204   0.00824   0.02633   0.01251   0.00055   0.01137   0.00737   0.00739   0.00402   0.00167   0.00603   0.00904   0.00901   0.03013   0.15888   0.01011   0.02612   0.02363   0.01750   0.00127   0.00869   0.00913   0.00498   0.00341   0.10846   0.20572   0.08308   0.12205   0.00727   0.11000   0.11216   3.01258   1.17391   0.03294   0.09141  
 11 311.1215  10685.934246  x:  0.28059   0.14942   0.10146   0.00494   0.06961   0.05201   0.05783   0.07149   0.07472   0.02353   0.00379   0.00264   0.00926   0.02595   0.01254   0.00062   0.01218   0.00756   0.00675   0.00458   0.00159   0.00670   0.00924   0.00919   0.02821   0.15953   0.01031   0.02606   0.02292   0.01749   0.00128   0.00846   0.00961   0.00505   0.00328   0.10854   0.20627   0.08266   0.12214   0.00722   0.10997   0.11211   3.01364   1.17409   0.03276   0.09027  
 12 332.5132  10685.737956  x:  0.28188   0.15022   0.10133   0.00509   0.06912   0.05181   0.05725   0.07039   0.07384   0.02331   0.00376   0.00251   0.00959   0.02595   0.01353   0.00067   0.01280   0.00754   0.00679   0.00367   0.00152   0.00648   0.00891   0.00887   0.02660   0.16028   0.01051   0.02593   0.02276   0.01767   0.00130   0.00846   0.00937   0.00561   0.00328   0.10872   0.20695   0.08214   0.12222   0.00704   0.10989   0.11206   3.01506   1.17430   0.03256   0.08962  
 13 211.6301  10685.581968  x:  0.28344   0.15121   0.10121   0.00511   0.06862   0.05160   0.05673   0.06926   0.07300   0.02285   0.00384   0.00254   0.00928   0.02621   0.01459   0.00073   0.01287   0.00739   0.00725   0.00429   0.00147   0.00597   0.00871   0.00870   0.02561   0.16114   0.01064   0.02578   0.02308   0.01788   0.00130   0.00867   0.00903   0.00503   0.00338   0.10902   0.20776   0.08158   0.12231   0.00712   0.10977   0.11203   3.01691   1.17456   0.03230   0.08933  
 14 219.7815  10685.362369  x:  0.28655   0.15317   0.10111   0.00506   0.06792   0.05133   0.05611   0.06751   0.07194   0.02221   0.00350   0.00251   0.00840   0.02677   0.01499   0.00076   0.01195   0.00744   0.00728   0.00415   0.00143   0.00682   0.00938   0.00935   0.02562   0.16270   0.01068   0.02562   0.02411   0.01796   0.00127   0.00851   0.00934   0.00512   0.00324   0.10976   0.20933   0.08058   0.12243   0.00718   0.10951   0.11202   3.02088   1.17511   0.03179   0.08952  
 15 184.1655  10685.167547  x:  0.28983   0.15520   0.10111   0.00512   0.06744   0.05120   0.05579   0.06604   0.07124   0.02219   0.00459   0.00248   0.00856   0.02709   0.01443   0.00078   0.01156   0.00758   0.00667   0.00413   0.00142   0.00649   0.00936   0.00932   0.02651   0.16423   0.01058   0.02559   0.02481   0.01787   0.00127   0.00845   0.00951   0.00534   0.00330   0.11054   0.21095   0.07964   0.12255   0.00717   0.10926   0.11203   3.02537   1.17571   0.03121   0.09004  
 16 316.3497  10684.880533  x:  0.29451   0.15803   0.10121   0.00516   0.06700   0.05115   0.05561   0.06431   0.07060   0.02265   0.00360   0.00255   0.00933   0.02726   0.01327   0.00078   0.01177   0.00761   0.00642   0.00418   0.00143   0.00593   0.00885   0.00881   0.02814   0.16630   0.01038   0.02567   0.02526   0.01768   0.00128   0.00854   0.00944   0.00529   0.00341   0.11161   0.21325   0.07841   0.12271   0.00721   0.10894   0.11207   3.03215   1.17660   0.03036   0.09096  
 17 567.8067  10684.718831  x:  0.29738   0.15960   0.10138   0.00511   0.06706   0.05130   0.05583   0.06374   0.07060   0.02320   0.00391   0.00255   0.00944   0.02698   0.01287   0.00076   0.01241   0.00740   0.00751   0.00409   0.00145   0.00667   0.00866   0.00864   0.02901   0.16739   0.01024   0.02581   0.02473   0.01764   0.00128   0.00864   0.00909   0.00516   0.00331   0.11208   0.21460   0.07781   0.12279   0.00723   0.10884   0.11208   3.03690   1.17720   0.02978   0.09163  
 18 342.1295  10684.433108  x:  0.30209   0.16166   0.10196   0.00510   0.06797   0.05197   0.05691   0.06412   0.07151   0.02397   0.00386   0.00254   0.00817   0.02597   0.01372   0.00068   0.01299   0.00763   0.00690   0.00416   0.00153   0.00638   0.00916   0.00917   0.02952   0.16869   0.01018   0.02618   0.02248   0.01786   0.00130   0.00862   0.00869   0.00520   0.00338   0.11226   0.21668   0.07726   0.12293   0.00730   0.10897   0.11204   3.04657   1.17837   0.02866   0.09289  
 19 253.2707  10684.084881  x:  0.30735   0.16308   0.10283   0.00503   0.06956   0.05282   0.05839   0.06594   0.07324   0.02355   0.00385   0.00255   0.00882   0.02549   0.01443   0.00057   0.01121   0.00720   0.00705   0.00419   0.00164   0.00655   0.00850   0.00842   0.02832   0.16940   0.01049   0.02643   0.02153   0.01792   0.00131   0.00860   0.00998   0.00518   0.00336   0.11140   0.21875   0.07723   0.12309   0.00724   0.10955   0.11189   3.06067   1.17997   0.02714   0.09417  
 20 275.3436  10683.539764  x:  0.31463   0.16394   0.10400   0.00489   0.07171   0.05360   0.05996   0.06931   0.07574   0.02235   0.00387   0.00256   0.00961   0.02602   0.01330   0.00052   0.01139   0.00857   0.00730   0.00415   0.00169   0.00647   0.00892   0.00902   0.02548   0.16954   0.01069   0.02644   0.02333   0.01763   0.00128   0.00881   0.00858   0.00521   0.00335   0.10889   0.22130   0.07776   0.12334   0.00731   0.11077   0.11154   3.08495   1.18261   0.02464   0.09549  
 21 474.5760  10683.185034  x:  0.31833   0.16369   0.10438   0.00484   0.07231   0.05352   0.06006   0.07099   0.07667   0.02252   0.00390   0.00256   0.00887   0.02666   0.01263   0.00057   0.01259   0.00671   0.00678   0.00416   0.00166   0.00648   0.00901   0.00898   0.02451   0.16914   0.01072   0.02625   0.02466   0.01763   0.00125   0.00862   0.00884   0.00530   0.00335   0.10687   0.22237   0.07832   0.12350   0.00739   0.11153   0.11133   3.10105   1.18425   0.02308   0.09572  
 22 604.3249  10682.418034  x:  0.32475   0.16142   0.10429   0.00493   0.07172   0.05214   0.05827   0.07329   0.07704   0.02498   0.00392   0.00255   0.00733   0.02781   0.01296   0.00075   0.01367   0.00845   0.00725   0.00419   0.00148   0.00636   0.00845   0.00814   0.02514   0.16719   0.01076   0.02566   0.02585   0.01809   0.00124   0.00846   0.01106   0.00522   0.00336   0.10156   0.22350   0.07991   0.12387   0.00732   0.11307   0.11091   3.14070   1.18809   0.01948   0.09487  
 23 652.5299  10681.021386  x:  0.33385   0.15657   0.10338   0.00517   0.06952   0.04969   0.05458   0.07563   0.07633   0.02712   0.00386   0.00254   0.00946   0.02843   0.01492   0.00100   0.01175   0.00741   0.00707   0.00417   0.00120   0.00648   0.00909   0.00959   0.02843   0.16331   0.01063   0.02527   0.02522   0.01852   0.00127   0.00916   0.00908   0.00527   0.00328   0.09292   0.22424   0.08281   0.12443   0.00706   0.11513   0.11051   3.21220   1.19477   0.01320   0.09278  
 24 1453.9117  10679.740735  x:  0.33812   0.15252   0.10201   0.00524   0.06758   0.04960   0.05349   0.07540   0.07450   0.02141   0.00384   0.00254   0.00956   0.02682   0.01466   0.00096   0.01273   0.00753   0.00740   0.00416   0.00124   0.00616   0.00967   0.00850   0.03130   0.16019   0.00975   0.02611   0.02329   0.01757   0.00131   0.00687   0.00920   0.00507   0.00337   0.08921   0.22299   0.08516   0.12464   0.00698   0.11530   0.11103   3.27610   1.20041   0.00793   0.09166  
 25 1028.9565  10678.968805  x:  0.33924   0.15016   0.10100   0.00512   0.06673   0.05039   0.05400   0.07442   0.07310   0.01880   0.00385   0.00254   0.00925   0.02574   0.01428   0.00082   0.01351   0.00759   0.00708   0.00412   0.00137   0.00639   0.00904   0.00888   0.03221   0.15845   0.00978   0.02642   0.02274   0.01731   0.00127   0.01014   0.01011   0.00538   0.00315   0.08883   0.22130   0.08647   0.12455   0.00703   0.11462   0.11167   3.32032   1.20419   0.00441   0.09143  
 26 1656.2066  10674.789401  x:  0.33692   0.14310   0.09747   0.00491   0.06593   0.05551   0.05997   0.06841   0.06806   0.02116   0.00383   0.00251   0.00905   0.02388   0.01417   0.00000   0.01291   0.00749   0.00712   0.00411   0.00217   0.00628   0.00732   0.01044   0.03067   0.15359   0.01134   0.02612   0.02468   0.01824   0.00123   0.00868   0.00981   0.00522   0.00320   0.09537   0.21200   0.09006   0.12335   0.00706   0.10937   0.11487   3.49312   1.21845  -0.00885   0.09279  
 27 1796.8250  10673.788939  x:  0.33587   0.14229   0.09716   0.00487   0.06606   0.05569   0.06048   0.06760   0.06775   0.02165   0.00383   0.00251   0.00909   0.02439   0.01414   0.00000   0.01266   0.00747   0.00705   0.00411   0.00071   0.00634   0.00868   0.00916   0.03016   0.15313   0.01084   0.02596   0.02450   0.01807   0.00123   0.00908   0.00962   0.00525   0.00317   0.09696   0.21035   0.09029   0.12306   0.00709   0.10852   0.11523   3.52318   1.22088  -0.01110   0.09324  
 28 3235.3508  10672.818366  x:  0.33337   0.14068   0.09660   0.00481   0.06629   0.05555   0.06103   0.06595   0.06723   0.02262   0.00383   0.00249   0.00914   0.02575   0.01401   0.00000   0.01222   0.00744   0.00693   0.00410   0.00164   0.00643   0.01118   0.00682   0.02894   0.15232   0.00968   0.02556   0.02395   0.01759   0.00122   0.00981   0.00926   0.00531   0.00312   0.10033   0.20684   0.09056   0.12241   0.00714   0.10683   0.11584   3.58845   1.22611  -0.01594   0.09421  
 29 5805.1072  10670.295531  x:  0.32339   0.14062   0.09803   0.00485   0.06795   0.04899   0.05634   0.06497   0.07055   0.02201   0.00382   0.00248   0.00868   0.03134   0.01273   0.00000   0.01189   0.00746   0.00689   0.00406   0.00148   0.00640   0.00865   0.00872   0.02620   0.15400   0.00748   0.02491   0.01963   0.01533   0.00127   0.00935   0.00923   0.00526   0.00316   0.10879   0.20024   0.08749   0.12058   0.00743   0.10488   0.11484   3.72341   1.23643  -0.02547   0.09717  
 30 2152.7565  10669.090749  x:  0.31616   0.14172   0.09953   0.00491   0.06860   0.04544   0.05252   0.06525   0.07298   0.02137   0.00383   0.00248   0.00845   0.03045   0.01180   0.00000   0.01192   0.00745   0.00686   0.00403   0.00150   0.00639   0.00918   0.00807   0.02581   0.15620   0.01236   0.02565   0.01916   0.01666   0.00125   0.00929   0.00888   0.00525   0.00317   0.11251   0.19759   0.08422   0.11953   0.00761   0.10489   0.11303   3.79555   1.24173  -0.03033   0.09844  
 31 2199.7313  10667.762825  x:  0.30621   0.14445   0.10167   0.00499   0.06847   0.04451   0.04865   0.06640   0.07497   0.02162   0.00381   0.00246   0.00847   0.02433   0.01244   0.00000   0.01168   0.00739   0.00681   0.00403   0.00149   0.00638   0.00919   0.00794   0.02546   0.15994   0.00953   0.02678   0.02199   0.01789   0.00121   0.00937   0.00898   0.00525   0.00317   0.11401   0.19692   0.07877   0.11862   0.00773   0.10665   0.10933   3.86656   1.24653  -0.03470   0.09889  
 32 1306.1195  10666.807436  x:  0.29538   0.14835   0.10311   0.00494   0.06680   0.04870   0.04956   0.06725   0.07453   0.02171   0.00380   0.00245   0.00850   0.02512   0.01323   0.00000   0.01192   0.00735   0.00685   0.00403   0.00149   0.00635   0.00930   0.00799   0.02657   0.16422   0.01037   0.02463   0.02201   0.01474   0.00125   0.00933   0.00906   0.00523   0.00314   0.11112   0.19992   0.07322   0.11852   0.00779   0.10978   0.10485   3.91913   1.24943  -0.03726   0.09781  
 33 608.2944  10666.431225  x:  0.29003   0.15062   0.10336   0.00485   0.06612   0.04988   0.05114   0.06737   0.07382   0.02129   0.00380   0.00246   0.00867   0.02688   0.01264   0.00000   0.01194   0.00737   0.00687   0.00402   0.00149   0.00633   0.00929   0.00806   0.02693   0.16606   0.00979   0.02484   0.02130   0.01761   0.00121   0.00927   0.00908   0.00525   0.00312   0.10905   0.20238   0.07151   0.11877   0.00785   0.11107   0.10331   3.94094   1.25033  -0.03802   0.09730  
 34 617.6059  10666.161932  x:  0.28495   0.15370   0.10266   0.00485   0.06654   0.04770   0.05338   0.06699   0.07273   0.02159   0.00381   0.00246   0.00867   0.02710   0.01297   0.00000   0.01200   0.00737   0.00688   0.00403   0.00150   0.00633   0.00932   0.00809   0.02687   0.16706   0.00991   0.02731   0.02161   0.01681   0.00122   0.00932   0.00916   0.00525   0.00311   0.10666   0.20659   0.07291   0.11965   0.00776   0.11117   0.10408   3.95647   1.25020  -0.03776   0.09742  
 35 185.0157  10666.011344  x:  0.28182   0.15609   0.10198   0.00484   0.06727   0.04675   0.05351   0.06676   0.07243   0.02144   0.00381   0.00246   0.00865   0.02631   0.01279   0.00000   0.01193   0.00737   0.00688   0.00403   0.00150   0.00633   0.00932   0.00804   0.02682   0.16720   0.00990   0.02516   0.02155   0.01699   0.00121   0.00931   0.00910   0.00526   0.00311   0.10530   0.20985   0.07484   0.12031   0.00772   0.11060   0.10559   3.96499   1.24952  -0.03701   0.09788  
 36 151.7278  10665.950396  x:  0.28058   0.15739   0.10161   0.00486   0.06755   0.04822   0.05184   0.06662   0.07292   0.02154   0.00381   0.00246   0.00863   0.02659   0.01275   0.00000   0.01192   0.00738   0.00688   0.00403   0.00150   0.00634   0.00930   0.00806   0.02665   0.16664   0.00995   0.02570   0.02148   0.01700   0.00122   0.00932   0.00910   0.00526   0.00312   0.10480   0.21154   0.07583   0.12042   0.00769   0.10979   0.10677   3.96860   1.24843  -0.03586   0.09811  
 37 55.9668  10665.867988  x:  0.28061   0.15902   0.10211   0.00486   0.06571   0.04798   0.05244   0.06662   0.07446   0.02156   0.00381   0.00246   0.00862   0.02650   0.01277   0.00000   0.01192   0.00739   0.00687   0.00403   0.00150   0.00634   0.00931   0.00805   0.02638   0.16357   0.01000   0.02564   0.02154   0.01700   0.00121   0.00933   0.00910   0.00526   0.00312   0.10451   0.21304   0.07422   0.11921   0.00774   0.10818   0.10766   3.97399   1.24215  -0.02940   0.09744  
 38 20.3642  10665.646745  x:  0.28220   0.16114   0.10300   0.00484   0.07004   0.04792   0.05231   0.06637   0.07249   0.02156   0.00383   0.00247   0.00868   0.02674   0.01288   0.00000   0.01202   0.00741   0.00690   0.00405   0.00151   0.00636   0.00933   0.00811   0.02697   0.15960   0.01010   0.02572   0.02168   0.01707   0.00122   0.00935   0.00915   0.00526   0.00313   0.10497   0.21461   0.07228   0.11856   0.00775   0.10901   0.10692   3.98919   1.22077  -0.00741   0.09523  
 39 60.0652  10665.133433  x:  0.28654   0.16267   0.10383   0.00493   0.06743   0.04878   0.05275   0.06831   0.07286   0.02205   0.00388   0.00250   0.00858   0.02687   0.01265   0.00000   0.01193   0.00752   0.00691   0.00409   0.00152   0.00647   0.00932   0.00810   0.02655   0.16274   0.01029   0.02617   0.02161   0.01720   0.00124   0.00949   0.00907   0.00529   0.00320   0.10801   0.21561   0.07686   0.12254   0.00757   0.11418   0.10615   4.02425   1.16910   0.04574   0.09295  
 40 163.7479  10664.990227  x:  0.28779   0.16057   0.10330   0.00492   0.06882   0.04893   0.05332   0.06721   0.07513   0.02203   0.00389   0.00251   0.00864   0.02699   0.01286   0.00000   0.01205   0.00754   0.00694   0.00410   0.00153   0.00648   0.00938   0.00815   0.02692   0.16757   0.01020   0.02613   0.02192   0.01729   0.00124   0.00950   0.00915   0.00530   0.00320   0.10585   0.21535   0.07618   0.12277   0.00755   0.11223   0.10803   4.03411   1.15445   0.06086   0.09135  
 41 104.4753  10664.980061  x:  0.28786   0.16027   0.10390   0.00492   0.06870   0.04894   0.05324   0.06807   0.07431   0.02205   0.00389   0.00251   0.00864   0.02701   0.01283   0.00000   0.01204   0.00754   0.00694   0.00410   0.00153   0.00648   0.00937   0.00814   0.02692   0.16821   0.01020   0.02616   0.02187   0.01729   0.00124   0.00951   0.00914   0.00530   0.00320   0.10580   0.21546   0.07611   0.12221   0.00757   0.11164   0.10859   4.03471   1.15361   0.06176   0.09137  
 42 11.9824  10664.940927  x:  0.28774   0.15832   0.10440   0.00490   0.06869   0.04896   0.05325   0.06719   0.07461   0.02206   0.00389   0.00251   0.00862   0.02698   0.01281   0.00000   0.01202   0.00754   0.00693   0.00410   0.00153   0.00648   0.00936   0.00814   0.02689   0.16852   0.01019   0.02615   0.02187   0.01729   0.00124   0.00950   0.00912   0.00530   0.00319   0.10658   0.21752   0.07681   0.11953   0.00760   0.11262   0.10827   4.03567   1.15396   0.06222   0.09135  
 43  1.4432  10664.461005  x:  0.28730   0.14747   0.10338   0.00481   0.06841   0.04881   0.05277   0.06792   0.07382   0.02224   0.00388   0.00250   0.00845   0.02671   0.01248   0.00000   0.01180   0.00753   0.00687   0.00407   0.00151   0.00649   0.00923   0.00808   0.02617   0.16701   0.01026   0.02621   0.02166   0.01719   0.00123   0.00947   0.00896   0.00527   0.00310   0.11016   0.22731   0.07233   0.12560   0.00778   0.11088   0.10665   4.04632   1.16166   0.06506   0.09213  
 44  7.6676  10658.015660  x:  0.29138   0.14390   0.09076   0.00296   0.06508   0.04993   0.05246   0.06055   0.06464   0.02419   0.00377   0.00243   0.00674   0.02381   0.00921   0.00000   0.00950   0.00737   0.00622   0.00374   0.00122   0.00639   0.00782   0.00760   0.01947   0.16197   0.01090   0.02642   0.01983   0.01628   0.00093   0.00890   0.00732   0.00503   0.00167   0.07929   0.21418   0.06607   0.11760   0.01001   0.11478   0.10486   4.17783   1.26197   0.09768   0.09922  
 45 39.0561  10657.593537  x:  0.29166   0.14396   0.09610   0.00277   0.06504   0.05014   0.05251   0.05771   0.06441   0.02423   0.00376   0.00243   0.00667   0.02359   0.00912   0.00000   0.00940   0.00736   0.00619   0.00372   0.00120   0.00637   0.00775   0.00759   0.01928   0.16156   0.01089   0.02635   0.01983   0.01624   0.00091   0.00885   0.00726   0.00501   0.00156   0.07605   0.21318   0.06971   0.11838   0.01024   0.10941   0.09820   4.18703   1.26897   0.09999   0.09914  
 46 99.7613  10657.593131  x:  0.29165   0.14393   0.09635   0.00277   0.06504   0.05015   0.05251   0.05759   0.06441   0.02424   0.00376   0.00243   0.00667   0.02359   0.00912   0.00000   0.00940   0.00736   0.00619   0.00372   0.00120   0.00637   0.00775   0.00759   0.01928   0.16153   0.01089   0.02635   0.01983   0.01624   0.00091   0.00885   0.00726   0.00501   0.00156   0.07601   0.21316   0.06968   0.11848   0.01024   0.10953   0.09837   4.18706   1.26899   0.10001   0.09916  
 47  1.5166  10657.592872  x:  0.29165   0.14393   0.09635   0.00277   0.06504   0.05015   0.05251   0.05759   0.06441   0.02424   0.00376   0.00243   0.00667   0.02359   0.00912   0.00003   0.00940   0.00736   0.00619   0.00372   0.00120   0.00637   0.00775   0.00759   0.01928   0.16153   0.01089   0.02635   0.01983   0.01624   0.00091   0.00885   0.00726   0.00501   0.00156   0.07601   0.21316   0.06968   0.11848   0.01024   0.10953   0.09837   4.18706   1.26899   0.10001   0.09916  
 48 18.5780  10657.089283  x:  0.29816   0.14310   0.09637   0.00280   0.06452   0.05100   0.05292   0.05746   0.06365   0.02463   0.00372   0.00246   0.00665   0.02382   0.01066   0.00010   0.01005   0.00739   0.00622   0.00377   0.00113   0.00625   0.00727   0.00747   0.02223   0.15865   0.01105   0.02647   0.02035   0.01642   0.00095   0.00851   0.00744   0.00484   0.00146   0.07801   0.21092   0.07148   0.11842   0.01051   0.11003   0.09859   4.28533   1.34695   0.18882   0.10294  
 49  0.2376  10657.010503  x:  0.29944   0.14339   0.09670   0.00272   0.06471   0.05123   0.05313   0.05818   0.06436   0.02488   0.00376   0.00246   0.00678   0.02387   0.00992   0.00014   0.00994   0.00747   0.00617   0.00371   0.00108   0.00617   0.00746   0.00739   0.02138   0.15841   0.01108   0.02648   0.02037   0.01640   0.00097   0.00851   0.00748   0.00475   0.00134   0.07942   0.21080   0.07184   0.11855   0.01074   0.10990   0.09905   4.33944   1.43282   0.27453   0.10362  
 50  0.1336  10656.986288  x:  0.29890   0.14351   0.09643   0.00282   0.06479   0.05102   0.05296   0.05823   0.06437   0.02490   0.00377   0.00246   0.00679   0.02389   0.01008   0.00019   0.00990   0.00744   0.00620   0.00369   0.00103   0.00608   0.00749   0.00750   0.02117   0.15905   0.01105   0.02643   0.02022   0.01639   0.00105   0.00853   0.00749   0.00475   0.00148   0.07815   0.21106   0.07151   0.11837   0.01092   0.10968   0.09893   4.36497   1.54243   0.38066   0.10366  
 51  0.1191  10656.968353  x:  0.29852   0.14347   0.09633   0.00275   0.06479   0.05086   0.05290   0.05800   0.06414   0.02480   0.00375   0.00245   0.00667   0.02383   0.01007   0.00027   0.00987   0.00740   0.00618   0.00370   0.00095   0.00621   0.00736   0.00748   0.02145   0.15932   0.01101   0.02643   0.02016   0.01637   0.00109   0.00859   0.00739   0.00479   0.00136   0.07831   0.21135   0.07136   0.11832   0.01119   0.10967   0.09885   4.37299   1.69829   0.53501   0.10302  
 52  0.1499  10656.951282  x:  0.29891   0.14336   0.09651   0.00280   0.06474   0.05097   0.05307   0.05796   0.06413   0.02469   0.00375   0.00245   0.00678   0.02383   0.01003   0.00038   0.00998   0.00744   0.00621   0.00375   0.00085   0.00623   0.00745   0.00745   0.02144   0.15886   0.01106   0.02645   0.02035   0.01640   0.00119   0.00853   0.00752   0.00479   0.00146   0.07914   0.21118   0.07166   0.11838   0.01140   0.10978   0.09881   4.36107   1.90702   0.74738   0.10286  
 53  0.1836  10656.944247  x:  0.29918   0.14343   0.09647   0.00276   0.06473   0.05107   0.05306   0.05826   0.06436   0.02477   0.00376   0.00246   0.00678   0.02388   0.01012   0.00044   0.00990   0.00744   0.00620   0.00372   0.00078   0.00618   0.00745   0.00745   0.02134   0.15876   0.01108   0.02645   0.02030   0.01640   0.00122   0.00852   0.00745   0.00476   0.00142   0.07850   0.21100   0.07165   0.11835   0.01148   0.10981   0.09894   4.35018   2.02798   0.86811   0.10319  
 54  0.1267  10656.942083  x:  0.29883   0.14349   0.09646   0.00274   0.06477   0.05104   0.05299   0.05807   0.06423   0.02484   0.00376   0.00246   0.00673   0.02386   0.01002   0.00048   0.00992   0.00743   0.00619   0.00370   0.00073   0.00615   0.00742   0.00748   0.02141   0.15900   0.01104   0.02646   0.02024   0.01638   0.00123   0.00852   0.00747   0.00475   0.00143   0.07862   0.21112   0.07150   0.11834   0.01143   0.10974   0.09885   4.34778   2.09279   0.93169   0.10342  
 55  0.0622  10656.940286  x:  0.29861   0.14345   0.09646   0.00271   0.06478   0.05100   0.05302   0.05804   0.06422   0.02484   0.00375   0.00245   0.00677   0.02386   0.01010   0.00054   0.00991   0.00743   0.00619   0.00372   0.00066   0.00619   0.00745   0.00746   0.02132   0.15907   0.01104   0.02645   0.02027   0.01638   0.00123   0.00853   0.00746   0.00476   0.00142   0.07879   0.21121   0.07153   0.11838   0.01125   0.10973   0.09885   4.34943   2.16367   1.00225   0.10345  
 56  0.0429  10656.939528  x:  0.29880   0.14345   0.09646   0.00270   0.06476   0.05101   0.05304   0.05815   0.06428   0.02482   0.00376   0.00246   0.00676   0.02387   0.01006   0.00058   0.00992   0.00744   0.00620   0.00372   0.00063   0.00618   0.00744   0.00746   0.02140   0.15895   0.01105   0.02645   0.02029   0.01639   0.00122   0.00852   0.00746   0.00476   0.00143   0.07861   0.21114   0.07160   0.11839   0.01115   0.10977   0.09889   4.35081   2.19116   1.02997   0.10338  
 57  0.0345  10656.939406  x:  0.29890   0.14345   0.09645   0.00270   0.06475   0.05103   0.05302   0.05811   0.06425   0.02480   0.00376   0.00246   0.00675   0.02385   0.01007   0.00059   0.00991   0.00744   0.00619   0.00371   0.00062   0.00617   0.00744   0.00747   0.02137   0.15890   0.01106   0.02645   0.02026   0.01639   0.00121   0.00852   0.00746   0.00476   0.00143   0.07864   0.21108   0.07157   0.11838   0.01114   0.10976   0.09887   4.35108   2.19428   1.03306   0.10334  
 58  0.0032  10656.939220  x:  0.29890   0.14344   0.09645   0.00271   0.06476   0.05104   0.05300   0.05810   0.06424   0.02479   0.00375   0.00246   0.00677   0.02387   0.01006   0.00062   0.00992   0.00744   0.00619   0.00371   0.00059   0.00617   0.00744   0.00747   0.02138   0.15895   0.01105   0.02645   0.02026   0.01638   0.00119   0.00853   0.00747   0.00476   0.00142   0.07860   0.21109   0.07154   0.11837   0.01117   0.10975   0.09886   4.35084   2.20272   1.04145   0.10334  
 59  0.0029  10656.939141  x:  0.29886   0.14345   0.09646   0.00272   0.06476   0.05103   0.05301   0.05812   0.06426   0.02480   0.00375   0.00246   0.00675   0.02386   0.01006   0.00063   0.00991   0.00743   0.00619   0.00371   0.00057   0.00617   0.00744   0.00747   0.02138   0.15895   0.01105   0.02645   0.02028   0.01639   0.00119   0.00853   0.00746   0.00476   0.00142   0.07864   0.21111   0.07157   0.11838   0.01119   0.10976   0.09887   4.35074   2.20926   1.04805   0.10336  
 60  0.0086  10656.939135  x:  0.29886   0.14345   0.09645   0.00272   0.06475   0.05103   0.05302   0.05812   0.06426   0.02481   0.00376   0.00246   0.00675   0.02386   0.01006   0.00064   0.00992   0.00744   0.00619   0.00371   0.00057   0.00618   0.00744   0.00747   0.02138   0.15893   0.01105   0.02645   0.02027   0.01639   0.00119   0.00853   0.00746   0.00476   0.00142   0.07863   0.21111   0.07157   0.11838   0.01119   0.10976   0.09887   4.35077   2.21111   1.04989   0.10336  
 61  0.0026  10656.939133  x:  0.29886   0.14345   0.09645   0.00272   0.06475   0.05102   0.05302   0.05812   0.06425   0.02481   0.00376   0.00246   0.00675   0.02386   0.01006   0.00064   0.00992   0.00744   0.00619   0.00371   0.00057   0.00618   0.00744   0.00747   0.02138   0.15893   0.01105   0.02645   0.02027   0.01639   0.00119   0.00853   0.00746   0.00476   0.00142   0.07863   0.21111   0.07157   0.11837   0.01119   0.10976   0.09887   4.35080   2.21150   1.05028   0.10336  
 62  0.0003  10656.939129  x:  0.29887   0.14345   0.09645   0.00272   0.06476   0.05102   0.05302   0.05812   0.06426   0.02481   0.00375   0.00246   0.00675   0.02386   0.01006   0.00065   0.00992   0.00744   0.00619   0.00371   0.00056   0.00618   0.00744   0.00747   0.02138   0.15894   0.01105   0.02645   0.02027   0.01639   0.00119   0.00853   0.00746   0.00476   0.00142   0.07863   0.21111   0.07157   0.11837   0.01119   0.10976   0.09887   4.35081   2.20903   1.04783   0.10336  
 63  0.0010  10656.939127  x:  0.29886   0.14345   0.09645   0.00272   0.06476   0.05103   0.05302   0.05812   0.06426   0.02481   0.00376   0.00246   0.00675   0.02386   0.01006   0.00065   0.00992   0.00744   0.00619   0.00371   0.00055   0.00618   0.00744   0.00747   0.02138   0.15893   0.01105   0.02645   0.02027   0.01639   0.00119   0.00853   0.00746   0.00476   0.00142   0.07863   0.21111   0.07157   0.11838   0.01119   0.10976   0.09887   4.35079   2.20583   1.04463   0.10336  
 64  0.0036  10656.939126  x:  0.29886   0.14345   0.09645   0.00272   0.06475   0.05103   0.05302   0.05812   0.06425   0.02481   0.00376   0.00246   0.00675   0.02386   0.01006   0.00065   0.00992   0.00744   0.00619   0.00371   0.00055   0.00618   0.00744   0.00747   0.02138   0.15893   0.01105   0.02645   0.02027   0.01639   0.00119   0.00853   0.00746   0.00476   0.00142   0.07863   0.21111   0.07157   0.11838   0.01119   0.10976   0.09887   4.35078   2.20508   1.04388   0.10336  
 65  0.0011  10656.939126  x:  0.29886   0.14345   0.09645   0.00272   0.06475   0.05103   0.05302   0.05812   0.06426   0.02481   0.00376   0.00246   0.00675   0.02386   0.01006   0.00065   0.00992   0.00744   0.00619   0.00371   0.00055   0.00618   0.00744   0.00747   0.02138   0.15893   0.01105   0.02645   0.02027   0.01639   0.00119   0.00853   0.00746   0.00476   0.00142   0.07863   0.21111   0.07157   0.11838   0.01119   0.10976   0.09887   4.35078   2.20504   1.04384   0.10336  
 66  0.0000  10656.939126  x:  0.29886   0.14345   0.09645   0.00272   0.06475   0.05103   0.05302   0.05812   0.06426   0.02481   0.00376   0.00246   0.00675   0.02386   0.01006   0.00065   0.00992   0.00744   0.00619   0.00371   0.00055   0.00618   0.00744   0.00747   0.02138   0.15893   0.01105   0.02645   0.02027   0.01639   0.00119   0.00853   0.00746   0.00476   0.00142   0.07863   0.21111   0.07157   0.11838   0.01119   0.10976   0.09887   4.35078   2.20508   1.04387   0.10336  
 67  0.0000  10656.939126  x:  0.29886   0.14345   0.09645   0.00272   0.06475   0.05103   0.05302   0.05812   0.06426   0.02481   0.00376   0.00246   0.00675   0.02386   0.01006   0.00065   0.00992   0.00744   0.00619   0.00371   0.00055   0.00618   0.00744   0.00747   0.02138   0.15893   0.01105   0.02645   0.02027   0.01639   0.00119   0.00853   0.00746   0.00476   0.00142   0.07863   0.21111   0.07157   0.11838   0.01119   0.10976   0.09887   4.35078   2.20507   1.04387   0.10336  