Supplemental results for CODEML (seqf: Human_TAS1R1_breaks2_2nd_attempt.txt  treef: TAS1R1_revised_tree_following_error_message.txt)


MLEs of dN/dS (w) for site classes (K=4)

site class             0        1       2a       2b
proportion       0.76104  0.23596  0.00229  0.00071
background w     0.10350  1.00000  0.10350  1.00000
foreground w     0.10350  1.00000 738.07417 738.07417

Naive Empirical Bayes (NEB) probabilities for 4 classes
(amino acids refer to 1st sequence: 1.Tarsier)

   1 M   0.99186 0.00806 0.00008 0.00000 ( 1)
   2 F   0.66254 0.31845 0.01770 0.00131 ( 1)
   3 H   0.47755 0.51153 0.00945 0.00147 ( 2)
   4 H   0.00044 0.99907 0.00000 0.00049 ( 2)
   5 V   0.00001 0.95168 0.00004 0.04826 ( 2)
   6 A   0.63357 0.36637 0.00003 0.00002 ( 1)
   7 H   0.00694 0.99283 0.00000 0.00023 ( 2)
   8 L   0.95342 0.04647 0.00011 0.00001 ( 1)
   9 V   0.43750 0.56224 0.00008 0.00018 ( 2)
  10 G   0.90016 0.09974 0.00009 0.00002 ( 1)
  11 L   0.94640 0.05307 0.00051 0.00003 ( 1)
  12 Q   0.95012 0.04981 0.00007 0.00001 ( 1)
  13 L   0.94063 0.05931 0.00006 0.00000 ( 1)
  14 S   0.05595 0.94372 0.00001 0.00032 ( 2)
  15 I   0.59897 0.40046 0.00028 0.00029 ( 1)
  16 S   0.89808 0.10185 0.00007 0.00001 ( 1)
  17 C   0.87581 0.12412 0.00006 0.00001 ( 1)
  18 C   0.98558 0.01436 0.00006 0.00000 ( 1)
  19 W   0.68493 0.31502 0.00003 0.00002 ( 1)
  20 A   0.97920 0.01893 0.00182 0.00005 ( 1)
  21 F   0.79710 0.20260 0.00021 0.00009 ( 1)
  22 S   0.47946 0.52032 0.00008 0.00014 ( 2)
  23 C   0.98588 0.01405 0.00006 0.00000 ( 1)
  24 H   0.98286 0.01704 0.00010 0.00000 ( 1)
  25 N   0.08557 0.91358 0.00029 0.00056 ( 2)
  26 T   0.01650 0.98285 0.00001 0.00064 ( 2)
  27 E   0.83396 0.16556 0.00037 0.00010 ( 1)
  28 F   0.03827 0.96036 0.00025 0.00112 ( 2)
  29 S   0.93276 0.06721 0.00003 0.00000 ( 1)
  30 P   0.95595 0.04400 0.00005 0.00000 ( 1)
  31 D   0.92427 0.07562 0.00010 0.00001 ( 1)
  32 F   0.99263 0.00728 0.00010 0.00000 ( 1)
  33 S   0.90273 0.09719 0.00007 0.00001 ( 1)
  34 L   0.98864 0.01084 0.00050 0.00001 ( 1)
  35 P   0.79158 0.20812 0.00021 0.00009 ( 1)
  36 G   0.96936 0.02869 0.00186 0.00008 ( 1)
  37 N   0.68134 0.29687 0.02041 0.00138 ( 1)
  38 Y   0.98501 0.01492 0.00007 0.00000 ( 1)
  39 L   0.98876 0.01110 0.00013 0.00000 ( 1)
  40 L   0.95139 0.04848 0.00013 0.00001 ( 1)
  41 A   0.41884 0.58114 0.00001 0.00002 ( 2)
  42 G   0.98759 0.01231 0.00010 0.00000 ( 1)
  43 F   0.19075 0.78057 0.01753 0.01115 ( 2)
  44 F   0.99256 0.00734 0.00010 0.00000 ( 1)
  45 P   0.60590 0.39405 0.00003 0.00002 ( 1)
  46 L   0.98998 0.00989 0.00013 0.00000 ( 1)
  47 H   0.94946 0.05005 0.00045 0.00003 ( 1)
  48 G   0.13307 0.85876 0.00459 0.00357 ( 2)
  49 D   0.29075 0.70873 0.00020 0.00031 ( 2)
  50 C   0.13322 0.86675 0.00000 0.00003 ( 2)
  51 L   0.66995 0.32993 0.00007 0.00005 ( 1)
  52 Q   0.96323 0.03670 0.00006 0.00000 ( 1)
  53 V   0.98402 0.01587 0.00011 0.00000 ( 1)
  54 R   0.95472 0.04515 0.00012 0.00001 ( 1)
  55 H   0.46753 0.53234 0.00004 0.00009 ( 2)
  56 R   0.88893 0.11105 0.00001 0.00000 ( 1)
  57 P   0.98225 0.01759 0.00016 0.00000 ( 1)
  58 E   0.98158 0.01834 0.00007 0.00000 ( 1)
  59 V   0.98314 0.01675 0.00011 0.00000 ( 1)
  60 T   0.82778 0.17212 0.00007 0.00003 ( 1)
  61 L   0.95949 0.03862 0.00178 0.00011 ( 1)
  62 C   0.92508 0.07489 0.00003 0.00000 ( 1)
  63 D   0.98884 0.01106 0.00010 0.00000 ( 1)
  64 R   0.96724 0.03231 0.00043 0.00002 ( 1)
  65 T   0.00045 0.99619 0.00001 0.00335 ( 2)
  66 C   0.04182 0.95447 0.00086 0.00285 ( 2)
  67 G   0.06854 0.93045 0.00031 0.00070 ( 2)
  68 F   0.99022 0.00969 0.00010 0.00000 ( 1)
  69 N   0.95608 0.04388 0.00004 0.00000 ( 1)
  70 G   0.29036 0.70937 0.00006 0.00021 ( 2)
  71 H   0.97928 0.02061 0.00010 0.00000 ( 1)
  72 G   0.84752 0.15196 0.00041 0.00010 ( 1)
  73 Y   0.40528 0.59463 0.00003 0.00007 ( 2)
  74 H   0.37354 0.62633 0.00003 0.00009 ( 2)
  75 L   0.89152 0.10808 0.00033 0.00006 ( 1)
  76 F   0.92855 0.07135 0.00009 0.00001 ( 1)
  77 Q   0.21767 0.78225 0.00001 0.00007 ( 2)
  78 A   0.33763 0.66214 0.00005 0.00018 ( 2)
  79 M   0.41387 0.58602 0.00003 0.00008 ( 2)
  80 R   0.74607 0.25386 0.00005 0.00002 ( 1)
  81 L   0.68637 0.31245 0.00076 0.00043 ( 1)
  82 S   0.00056 0.99650 0.00001 0.00293 ( 2)
  83 I   0.18551 0.81347 0.00014 0.00088 ( 2)
  84 E   0.19156 0.80833 0.00001 0.00009 ( 2)
  85 A   0.67666 0.19870 0.12029 0.00435 ( 1)
  86 I   0.94851 0.04955 0.00181 0.00013 ( 1)
  87 N   0.98736 0.01256 0.00008 0.00000 ( 1)
  88 N   0.98736 0.01256 0.00008 0.00000 ( 1)
  89 S   0.98482 0.01511 0.00007 0.00000 ( 1)
  90 T   0.97195 0.02798 0.00006 0.00000 ( 1)
  91 V   0.48199 0.51526 0.00232 0.00043 ( 2)
  92 L   0.94413 0.05576 0.00010 0.00001 ( 1)
  93 L   0.94387 0.05601 0.00010 0.00001 ( 1)
  94 P   0.98878 0.01112 0.00009 0.00000 ( 1)
  95 N   0.79124 0.20869 0.00005 0.00002 ( 1)
  96 V   0.10745 0.89231 0.00002 0.00023 ( 2)
  97 T   0.91281 0.08710 0.00008 0.00001 ( 1)
  98 L   0.54030 0.45944 0.00012 0.00014 ( 1)
  99 G   0.97679 0.02126 0.00188 0.00006 ( 1)
 100 Y   0.19421 0.80574 0.00001 0.00004 ( 2)
 101 E   0.00380 0.99602 0.00000 0.00018 ( 2)
 102 L   0.95146 0.04843 0.00011 0.00001 ( 1)
 103 Y   0.08657 0.91338 0.00000 0.00005 ( 2)
 104 D   0.95881 0.04075 0.00041 0.00003 ( 1)
 105 V   0.97873 0.02116 0.00011 0.00000 ( 1)
 106 C   0.97968 0.02025 0.00006 0.00000 ( 1)
 107 S   0.94890 0.05097 0.00012 0.00001 ( 1)
 108 E   0.85708 0.14279 0.00010 0.00003 ( 1)
 109 S   0.92771 0.07038 0.00174 0.00018 ( 1)
 110 A   0.98950 0.01039 0.00011 0.00000 ( 1)
 111 N   0.95038 0.04917 0.00042 0.00003 ( 1)
 112 V   0.97873 0.02116 0.00011 0.00000 ( 1)
 113 Y   0.92709 0.07287 0.00003 0.00000 ( 1)
 114 A   0.98830 0.01159 0.00011 0.00000 ( 1)
 115 T   0.97214 0.02779 0.00006 0.00000 ( 1)
 116 L   0.94413 0.05576 0.00010 0.00001 ( 1)
 117 S   0.09072 0.90544 0.00159 0.00225 ( 2)
 118 V   0.82731 0.17257 0.00009 0.00003 ( 1)
 119 L   0.98728 0.01259 0.00013 0.00000 ( 1)
 120 S   0.98394 0.01599 0.00007 0.00000 ( 1)
 121 L   0.14462 0.85438 0.00015 0.00086 ( 2)
 122 P   0.43001 0.56997 0.00001 0.00001 ( 2)
 123 G   0.97607 0.02386 0.00007 0.00000 ( 1)
 124 T   0.07858 0.92051 0.00006 0.00086 ( 2)
 125 R   0.00001 0.99927 0.00000 0.00072 ( 2)
 126 H   0.98592 0.01398 0.00009 0.00000 ( 1)
 127 I   0.94750 0.05247 0.00002 0.00000 ( 1)
 128 D   0.31447 0.67790 0.00559 0.00203 ( 2)
 129 I   0.89967 0.10014 0.00016 0.00003 ( 1)
 130 Q   0.91563 0.08431 0.00005 0.00000 ( 1)
 131 G   0.45386 0.54561 0.00020 0.00032 ( 2)
 132 D   0.85703 0.14268 0.00024 0.00005 ( 1)
 133 F   0.12735 0.87142 0.00065 0.00058 ( 2)
 134 L   0.98728 0.01259 0.00013 0.00000 ( 1)
 135 H   0.00552 0.99432 0.00000 0.00016 ( 2)
 136 Y   0.92544 0.07409 0.00042 0.00005 ( 1)
 137 S   0.03835 0.96139 0.00001 0.00025 ( 2)
 138 P   0.97256 0.02731 0.00013 0.00001 ( 1)
 139 K   0.79369 0.20624 0.00005 0.00002 ( 1)
 140 I   0.70782 0.28580 0.00607 0.00031 ( 1)
 141 V   0.74148 0.25832 0.00013 0.00007 ( 1)
 142 A   0.96740 0.03250 0.00010 0.00001 ( 1)
 143 V   0.97891 0.02098 0.00011 0.00000 ( 1)
 144 I   0.53979 0.46015 0.00003 0.00003 ( 1)
 145 G   0.81663 0.18329 0.00006 0.00002 ( 1)
 146 P   0.64590 0.35405 0.00003 0.00002 ( 1)
 147 D   0.46135 0.53850 0.00005 0.00011 ( 2)
 148 S   0.00033 0.99833 0.00000 0.00134 ( 2)
 149 T   0.90061 0.09930 0.00008 0.00002 ( 1)
 150 D   0.09635 0.90254 0.00043 0.00068 ( 2)
 151 H   0.00014 0.99507 0.00000 0.00479 ( 2)
 152 A   0.63651 0.36344 0.00003 0.00002 ( 1)
 153 A   0.75243 0.24744 0.00008 0.00005 ( 1)
 154 T   0.64521 0.35469 0.00005 0.00005 ( 1)
 155 T   0.08540 0.91454 0.00000 0.00005 ( 2)
 156 A   0.96983 0.03009 0.00007 0.00000 ( 1)
 157 A   0.88591 0.11210 0.00169 0.00030 ( 1)
 158 L   0.94006 0.05982 0.00011 0.00001 ( 1)
 159 L   0.94848 0.05141 0.00011 0.00001 ( 1)
 160 S   0.88053 0.11939 0.00006 0.00001 ( 1)
 161 P   0.92948 0.07047 0.00004 0.00000 ( 1)
 162 F   0.40195 0.59767 0.00011 0.00027 ( 2)
 163 L   0.94156 0.05832 0.00011 0.00001 ( 1)
 164 V   0.36427 0.63558 0.00004 0.00011 ( 2)
 165 P   0.98847 0.01143 0.00009 0.00000 ( 1)
 166 L   0.17161 0.82826 0.00002 0.00012 ( 2)
 167 I   0.99288 0.00701 0.00011 0.00000 ( 1)
 168 S   0.98966 0.01027 0.00007 0.00000 ( 1)
 169 Y   0.95660 0.04309 0.00029 0.00002 ( 1)
 170 E   0.00389 0.99361 0.00007 0.00243 ( 2)
 171 A   0.99223 0.00766 0.00011 0.00000 ( 1)
 172 S   0.98966 0.01027 0.00007 0.00000 ( 1)
 173 S   0.98896 0.01096 0.00007 0.00000 ( 1)
 174 T   0.00038 0.99723 0.00000 0.00238 ( 2)
 175 T   0.02561 0.97418 0.00000 0.00021 ( 2)
 176 L   0.98521 0.01463 0.00016 0.00000 ( 1)
 177 S   0.46913 0.53076 0.00004 0.00007 ( 2)
 178 V   0.00059 0.99915 0.00000 0.00026 ( 2)
 179 K   0.97963 0.02031 0.00006 0.00000 ( 1)
 180 R   0.23371 0.76621 0.00002 0.00007 ( 2)
 181 Q   0.67479 0.32512 0.00005 0.00003 ( 1)
 182 Y   0.93337 0.06616 0.00043 0.00004 ( 1)
 183 P   0.98993 0.00998 0.00009 0.00000 ( 1)
 184 S   0.94068 0.05884 0.00045 0.00004 ( 1)
 185 F   0.98521 0.01459 0.00019 0.00000 ( 1)
 186 L   0.95146 0.04843 0.00011 0.00001 ( 1)
 187 R   0.98566 0.01425 0.00008 0.00000 ( 1)
 188 T   0.99093 0.00899 0.00008 0.00000 ( 1)
 189 I   0.94520 0.05468 0.00011 0.00001 ( 1)
 190 P   0.98993 0.00998 0.00009 0.00000 ( 1)
 191 S   0.32317 0.67660 0.00005 0.00018 ( 2)
 192 D   0.99122 0.00867 0.00010 0.00000 ( 1)
 193 R   0.33300 0.66517 0.00141 0.00042 ( 2)
 194 H   0.07010 0.92934 0.00015 0.00041 ( 2)
 195 Q   0.96323 0.03670 0.00006 0.00000 ( 1)
 196 V   0.98314 0.01675 0.00011 0.00000 ( 1)
 197 E   0.98250 0.01742 0.00007 0.00000 ( 1)
 198 V   0.48567 0.41606 0.09679 0.00148 ( 1)
 199 M   0.92070 0.07922 0.00007 0.00001 ( 1)
 200 V   0.98314 0.01675 0.00011 0.00000 ( 1)
 201 L   0.66159 0.33829 0.00007 0.00005 ( 1)
 202 L   0.95146 0.04843 0.00011 0.00001 ( 1)
 203 L   0.95125 0.04864 0.00011 0.00001 ( 1)
 204 Q   0.01837 0.98143 0.00000 0.00019 ( 2)
 205 R   0.28880 0.71113 0.00002 0.00006 ( 2)
 206 F   0.99278 0.00713 0.00010 0.00000 ( 1)
 207 R   0.00045 0.99889 0.00000 0.00066 ( 2)
 208 W   0.95393 0.04603 0.00004 0.00000 ( 1)
 209 V   0.45625 0.53831 0.00215 0.00329 ( 2)
 210 W   0.95393 0.04603 0.00004 0.00000 ( 1)
 211 I   0.99405 0.00584 0.00011 0.00000 ( 1)
 212 S   0.94146 0.05811 0.00040 0.00003 ( 1)
 213 L   0.95146 0.04843 0.00011 0.00001 ( 1)
 214 V   0.27377 0.72567 0.00010 0.00045 ( 2)
 215 G   0.98878 0.01112 0.00010 0.00000 ( 1)
 216 S   0.98906 0.01087 0.00007 0.00000 ( 1)
 217 Y   0.00137 0.99095 0.00019 0.00749 ( 2)
 218 G   0.79723 0.20254 0.00016 0.00007 ( 1)
 219 D   0.99166 0.00823 0.00010 0.00000 ( 1)
 220 Y   0.95660 0.04309 0.00029 0.00002 ( 1)
 221 G   0.97890 0.02102 0.00007 0.00000 ( 1)
 222 Q   0.76114 0.23866 0.00014 0.00006 ( 1)
 223 Q   0.11791 0.87718 0.00256 0.00235 ( 2)
 224 G   0.79154 0.20838 0.00006 0.00002 ( 1)
 225 V   0.98065 0.01924 0.00011 0.00000 ( 1)
 226 Q   0.72986 0.27006 0.00005 0.00002 ( 1)
 227 A   0.64926 0.35056 0.00010 0.00009 ( 1)
 228 L   0.95337 0.04652 0.00011 0.00001 ( 1)
 229 E   0.37373 0.62616 0.00003 0.00007 ( 2)
 230 N   0.00934 0.99011 0.00003 0.00053 ( 2)
 231 Q   0.72843 0.27150 0.00005 0.00002 ( 1)
 232 A   0.99223 0.00766 0.00011 0.00000 ( 1)
 233 T   0.97756 0.02231 0.00012 0.00000 ( 1)
 234 D   0.00153 0.99611 0.00000 0.00235 ( 2)
 235 Q   0.70807 0.29186 0.00005 0.00003 ( 1)
 236 G   0.35674 0.64302 0.00006 0.00018 ( 2)
 237 I   0.94427 0.05562 0.00011 0.00001 ( 1)
 238 C   0.98620 0.01373 0.00006 0.00000 ( 1)
 239 I   0.95661 0.04333 0.00005 0.00000 ( 1)
 240 A   0.94757 0.05238 0.00005 0.00000 ( 1)
 241 F   0.99278 0.00713 0.00010 0.00000 ( 1)
 242 K   0.97963 0.02031 0.00006 0.00000 ( 1)
 243 D   0.92011 0.07978 0.00010 0.00001 ( 1)
 244 I   0.42941 0.57046 0.00005 0.00008 ( 2)
 245 V   0.84885 0.15103 0.00009 0.00003 ( 1)
 246 P   0.98748 0.01242 0.00009 0.00000 ( 1)
 247 L   0.90055 0.07477 0.02438 0.00030 ( 1)
 248 S   0.60285 0.39711 0.00002 0.00002 ( 1)
 249 A   0.99223 0.00766 0.00011 0.00000 ( 1)
 250 R   0.00023 0.99206 0.00001 0.00770 ( 2)
 251 V   0.97782 0.02207 0.00011 0.00000 ( 1)
 252 G   0.96661 0.03297 0.00040 0.00002 ( 1)
 253 D   0.95511 0.04483 0.00005 0.00000 ( 1)
 254 E   0.36705 0.63285 0.00003 0.00007 ( 2)
 255 R   0.78346 0.21638 0.00012 0.00004 ( 1)
 256 M   0.99186 0.00806 0.00008 0.00000 ( 1)
 257 Q   0.73062 0.26930 0.00005 0.00002 ( 1)
 258 G   0.00475 0.99483 0.00000 0.00042 ( 2)
 259 M   0.07968 0.92019 0.00001 0.00012 ( 2)
 260 M   0.99186 0.00806 0.00008 0.00000 ( 1)
 261 N   0.00067 0.98650 0.00056 0.01227 ( 2)
 262 R   0.08603 0.91293 0.00039 0.00066 ( 2)
 263 L   0.95146 0.04843 0.00011 0.00001 ( 1)
 264 A   0.92996 0.06993 0.00010 0.00001 ( 1)
 265 R   0.02419 0.96882 0.00117 0.00582 ( 2)
 266 A   0.99036 0.00914 0.00049 0.00001 ( 1)
 267 G   0.00471 0.99462 0.00002 0.00065 ( 2)
 268 T   0.91566 0.08420 0.00012 0.00002 ( 1)
 269 T   0.83680 0.16301 0.00015 0.00005 ( 1)
 270 V   0.98980 0.01005 0.00015 0.00000 ( 1)
 271 V   0.98314 0.01675 0.00011 0.00000 ( 1)
 272 V   0.32901 0.67049 0.00011 0.00039 ( 2)
 273 V   0.94872 0.05121 0.00007 0.00000 ( 1)
 274 F   0.98219 0.01767 0.00014 0.00000 ( 1)
 275 S   0.98835 0.01158 0.00007 0.00000 ( 1)
 276 S   0.00610 0.99241 0.00001 0.00148 ( 2)
 277 R   0.11643 0.88348 0.00001 0.00009 ( 2)
 278 R   0.00030 0.99910 0.00000 0.00060 ( 2)
 279 L   0.09069 0.90877 0.00005 0.00050 ( 2)
 280 A   0.99223 0.00766 0.00011 0.00000 ( 1)
 281 R   0.81715 0.18279 0.00005 0.00001 ( 1)
 282 V   0.98314 0.01675 0.00011 0.00000 ( 1)
 283 F   0.98773 0.01217 0.00010 0.00000 ( 1)
 284 F   0.98929 0.01034 0.00036 0.00001 ( 1)
 285 E   0.98250 0.01742 0.00007 0.00000 ( 1)
 286 S   0.98321 0.01669 0.00010 0.00000 ( 1)
 287 V   0.98314 0.01675 0.00011 0.00000 ( 1)
 288 V   0.98314 0.01675 0.00011 0.00000 ( 1)
 289 L   0.95073 0.04916 0.00011 0.00001 ( 1)
 290 A   0.92920 0.07069 0.00010 0.00001 ( 1)
 291 N   0.91499 0.08492 0.00007 0.00001 ( 1)
 292 L   0.67032 0.32956 0.00007 0.00005 ( 1)
 293 T   0.94119 0.05877 0.00004 0.00000 ( 1)
 294 G   0.98878 0.01112 0.00010 0.00000 ( 1)
 295 K   0.97963 0.02031 0.00006 0.00000 ( 1)
 296 V   0.98314 0.01675 0.00011 0.00000 ( 1)
 297 W   0.95393 0.04603 0.00004 0.00000 ( 1)
 298 I   0.47514 0.52388 0.00039 0.00060 ( 2)
 299 A   0.99223 0.00766 0.00011 0.00000 ( 1)
 300 S   0.87397 0.12555 0.00040 0.00007 ( 1)
 301 E   0.91911 0.08086 0.00002 0.00000 ( 1)
 302 D   0.50141 0.48898 0.00841 0.00121 ( 1)
 303 W   0.95393 0.04603 0.00004 0.00000 ( 1)
 304 A   0.91843 0.08146 0.00010 0.00002 ( 1)
 305 I   0.92103 0.07885 0.00010 0.00002 ( 1)
 306 S   0.98835 0.01158 0.00007 0.00000 ( 1)
 307 R   0.04688 0.95309 0.00000 0.00002 ( 2)
 308 H   0.89395 0.10595 0.00008 0.00002 ( 1)
 309 I   0.99405 0.00584 0.00011 0.00000 ( 1)
 310 T   0.64634 0.35310 0.00031 0.00025 ( 1)
 311 G   0.28813 0.71177 0.00002 0.00008 ( 2)
 312 V   0.98038 0.01951 0.00011 0.00000 ( 1)
 313 P   0.97965 0.02015 0.00019 0.00001 ( 1)
 314 G   0.97704 0.02289 0.00007 0.00000 ( 1)
 315 I   0.99405 0.00584 0.00011 0.00000 ( 1)
 316 Q   0.19881 0.80110 0.00001 0.00008 ( 2)
 317 G   0.43113 0.56866 0.00007 0.00014 ( 2)
 318 I   0.96922 0.03033 0.00043 0.00002 ( 1)
 319 G   0.97642 0.02351 0.00007 0.00000 ( 1)
 320 T   0.00029 0.99943 0.00000 0.00028 ( 2)
 321 V   0.98378 0.01611 0.00011 0.00000 ( 1)
 322 L   0.95146 0.04843 0.00011 0.00001 ( 1)
 323 G   0.95883 0.04112 0.00005 0.00000 ( 1)
 324 V   0.98278 0.01711 0.00011 0.00000 ( 1)
 325 A   0.99223 0.00766 0.00011 0.00000 ( 1)
 326 I   0.99405 0.00584 0.00011 0.00000 ( 1)
 327 Q   0.96323 0.03670 0.00006 0.00000 ( 1)
 328 L   0.02825 0.96877 0.00057 0.00241 ( 2)
 329 R   0.31379 0.68614 0.00002 0.00006 ( 2)
 330 L   0.00012 0.99936 0.00000 0.00052 ( 2)
 331 V   0.92602 0.07382 0.00014 0.00002 ( 1)
 332 P   0.94828 0.05122 0.00047 0.00004 ( 1)
 333 G   0.90142 0.09848 0.00009 0.00002 ( 1)
 334 L   0.95114 0.04874 0.00011 0.00001 ( 1)
 335 K   0.83305 0.16689 0.00005 0.00001 ( 1)
 336 E   0.80732 0.19256 0.00009 0.00004 ( 1)
 337 F   0.67767 0.32177 0.00033 0.00024 ( 1)
 338 E   0.90781 0.09217 0.00002 0.00000 ( 1)
 339 E   0.96101 0.03888 0.00011 0.00001 ( 1)
 340 A   0.99223 0.00766 0.00011 0.00000 ( 1)
 341 Y   0.92515 0.07481 0.00003 0.00000 ( 1)
 342 A   0.93041 0.06948 0.00010 0.00001 ( 1)
 343 Q   0.00090 0.99499 0.00007 0.00404 ( 2)
 344 A   0.52928 0.47070 0.00001 0.00001 ( 1)
 345 D   0.99166 0.00823 0.00010 0.00000 ( 1)
 346 K   0.97963 0.02031 0.00006 0.00000 ( 1)
 347 G   0.00405 0.99279 0.00001 0.00315 ( 2)
 348 A   0.92011 0.07978 0.00010 0.00001 ( 1)
 349 P   0.03918 0.96057 0.00001 0.00025 ( 2)
 350 L   0.11997 0.70731 0.13003 0.04268 ( 2)
 351 P   0.47186 0.52809 0.00002 0.00003 ( 2)
 352 C   0.98401 0.01554 0.00044 0.00001 ( 1)
 353 P   0.00862 0.99112 0.00000 0.00026 ( 2)
 354 T   0.03073 0.93687 0.00666 0.02575 ( 2)
 355 G   0.90065 0.09924 0.00009 0.00002 ( 1)
 356 A   0.86866 0.11389 0.01712 0.00033 ( 1)
 357 W   0.70349 0.29646 0.00003 0.00002 ( 1)
 358 C   0.98620 0.01373 0.00006 0.00000 ( 1)
 359 S   0.98966 0.01027 0.00007 0.00000 ( 1)
 360 S   0.98966 0.01027 0.00007 0.00000 ( 1)
 361 N   0.94573 0.05423 0.00004 0.00000 ( 1)
 362 Q   0.96323 0.03670 0.00006 0.00000 ( 1)
 363 L   0.47674 0.52307 0.00006 0.00012 ( 2)
 364 C   0.98401 0.01554 0.00044 0.00001 ( 1)
 365 R   0.89955 0.09998 0.00041 0.00006 ( 1)
 366 E   0.08799 0.91145 0.00004 0.00053 ( 2)
 367 C   0.98421 0.01572 0.00006 0.00000 ( 1)
 368 C   0.00018 0.81768 0.01262 0.16952 ( 2)
 369 A   0.67260 0.32682 0.00034 0.00024 ( 1)
 370 F   0.99278 0.00713 0.00010 0.00000 ( 1)
 371 T   0.00004 0.99876 0.00000 0.00120 ( 2)
 372 A   0.06824 0.93172 0.00000 0.00004 ( 2)
 373 H   0.98900 0.01091 0.00009 0.00000 ( 1)
 374 T   0.00003 0.99850 0.00000 0.00147 ( 2)
 375 T   0.91744 0.07860 0.00390 0.00005 ( 1)
 376 P   0.98940 0.01050 0.00009 0.00000 ( 1)
 377 T   0.02554 0.96815 0.00018 0.00614 ( 2)
 378 L   0.98214 0.01762 0.00023 0.00001 ( 1)
 379 G   0.00008 0.99806 0.00000 0.00186 ( 2)
 380 P   0.51171 0.47660 0.01026 0.00143 ( 1)
 381 F   0.92964 0.07026 0.00009 0.00001 ( 1)
 382 S   0.98835 0.01158 0.00007 0.00000 ( 1)
 383 M   0.99186 0.00806 0.00008 0.00000 ( 1)
 384 S   0.94424 0.05573 0.00003 0.00000 ( 1)
 385 S   0.60055 0.39941 0.00002 0.00002 ( 1)
 386 A   0.99223 0.00766 0.00011 0.00000 ( 1)
 387 Y   0.98501 0.01492 0.00007 0.00000 ( 1)
 388 N   0.99021 0.00971 0.00008 0.00000 ( 1)
 389 V   0.23679 0.75871 0.00322 0.00128 ( 2)
 390 Y   0.97867 0.02125 0.00008 0.00000 ( 1)
 391 Q   0.01956 0.98030 0.00000 0.00014 ( 2)
 392 A   0.93486 0.06508 0.00005 0.00000 ( 1)
 393 V   0.98314 0.01675 0.00011 0.00000 ( 1)
 394 Y   0.95764 0.04204 0.00029 0.00002 ( 1)
 395 T   0.01790 0.98163 0.00005 0.00043 ( 2)
 396 V   0.98314 0.01675 0.00011 0.00000 ( 1)
 397 A   0.99195 0.00794 0.00011 0.00000 ( 1)
 398 H   0.94641 0.05354 0.00004 0.00000 ( 1)
 399 G   0.98878 0.01112 0.00010 0.00000 ( 1)
 400 L   0.99038 0.00949 0.00013 0.00000 ( 1)
 401 H   0.98923 0.01068 0.00009 0.00000 ( 1)
 402 Q   0.96323 0.03670 0.00006 0.00000 ( 1)
 403 L   0.99038 0.00949 0.00013 0.00000 ( 1)
 404 L   0.95146 0.04843 0.00011 0.00001 ( 1)
 405 G   0.98878 0.01112 0.00010 0.00000 ( 1)
 406 C   0.96167 0.03826 0.00007 0.00000 ( 1)
 407 A   0.91059 0.08929 0.00010 0.00002 ( 1)
 408 S   0.94652 0.05302 0.00042 0.00003 ( 1)
 409 G   0.87902 0.12049 0.00042 0.00007 ( 1)
 410 A   0.83424 0.16559 0.00013 0.00004 ( 1)
 411 C   0.93303 0.06694 0.00003 0.00000 ( 1)
 412 S   0.98835 0.01158 0.00007 0.00000 ( 1)
 413 R   0.97742 0.02253 0.00005 0.00000 ( 1)
 414 S   0.47528 0.52218 0.00214 0.00040 ( 2)
 415 Q   0.00698 0.99300 0.00000 0.00002 ( 2)
 416 V   0.99227 0.00757 0.00015 0.00000 ( 1)
 417 Y   0.36387 0.63592 0.00007 0.00015 ( 2)
 418 P   0.98931 0.01059 0.00009 0.00000 ( 1)
 419 W   0.95393 0.04603 0.00004 0.00000 ( 1)
 420 Q   0.96323 0.03670 0.00006 0.00000 ( 1)
 421 L   0.93940 0.06054 0.00006 0.00000 ( 1)
 422 L   0.94738 0.05246 0.00015 0.00001 ( 1)
 423 E   0.85022 0.14969 0.00006 0.00002 ( 1)
 424 Q   0.96323 0.03670 0.00006 0.00000 ( 1)
 425 I   0.99405 0.00584 0.00011 0.00000 ( 1)
 426 H   0.00738 0.99245 0.00000 0.00017 ( 2)
 427 K   0.97901 0.02093 0.00006 0.00000 ( 1)
 428 A   0.80484 0.12684 0.06659 0.00173 ( 1)
 429 N   0.64183 0.35813 0.00002 0.00002 ( 1)
 430 F   0.99256 0.00734 0.00010 0.00000 ( 1)
 431 L   0.93940 0.06054 0.00006 0.00000 ( 1)
 432 L   0.85406 0.14539 0.00046 0.00009 ( 1)
 433 H   0.98675 0.01315 0.00010 0.00000 ( 1)
 434 E   0.00469 0.99518 0.00000 0.00013 ( 2)
 435 D   0.99166 0.00823 0.00010 0.00000 ( 1)
 436 T   0.94846 0.05105 0.00046 0.00004 ( 1)
 437 V   0.98314 0.01675 0.00011 0.00000 ( 1)
 438 T   0.00158 0.99822 0.00000 0.00020 ( 2)
 439 F   0.67566 0.32429 0.00003 0.00002 ( 1)
 440 N   0.15583 0.84412 0.00001 0.00004 ( 2)
 441 D   0.99166 0.00823 0.00010 0.00000 ( 1)
 442 N   0.96276 0.03677 0.00045 0.00002 ( 1)
 443 G   0.14664 0.85317 0.00002 0.00017 ( 2)
 444 D   0.31768 0.68209 0.00005 0.00019 ( 2)
 445 P   0.90406 0.09584 0.00009 0.00002 ( 1)
 446 L   0.40863 0.59115 0.00006 0.00017 ( 2)
 447 S   0.94294 0.05702 0.00003 0.00000 ( 1)
 448 G   0.89279 0.10705 0.00013 0.00002 ( 1)
 449 Y   0.92515 0.07481 0.00003 0.00000 ( 1)
 450 N   0.08770 0.91198 0.00002 0.00031 ( 2)
 451 I   0.95668 0.04330 0.00002 0.00000 ( 1)
 452 I   0.95661 0.04333 0.00005 0.00000 ( 1)
 453 A   0.92911 0.07078 0.00010 0.00001 ( 1)
 454 W   0.95393 0.04603 0.00004 0.00000 ( 1)
 455 D   0.99166 0.00823 0.00010 0.00000 ( 1)
 456 W   0.95393 0.04603 0.00004 0.00000 ( 1)
 457 I   0.01703 0.98012 0.00034 0.00250 ( 2)
 458 G   0.97442 0.02550 0.00007 0.00000 ( 1)
 459 F   0.44496 0.45963 0.09375 0.00167 ( 2)
 460 K   0.84991 0.15003 0.00005 0.00001 ( 1)
 461 W   0.95393 0.04603 0.00004 0.00000 ( 1)
 462 T   0.99093 0.00899 0.00008 0.00000 ( 1)
 463 F   0.99129 0.00823 0.00047 0.00001 ( 1)
 464 T   0.96925 0.03066 0.00008 0.00000 ( 1)
 465 V   0.39621 0.60339 0.00010 0.00030 ( 2)
 466 I   0.02355 0.97397 0.00043 0.00204 ( 2)
 467 G   0.98037 0.01952 0.00010 0.00000 ( 1)
 468 S   0.98771 0.01221 0.00007 0.00000 ( 1)
 469 S   0.98835 0.01158 0.00007 0.00000 ( 1)
 470 T   0.89899 0.10099 0.00002 0.00000 ( 1)
 471 A   0.01061 0.05832 0.87534 0.05573 ( 3)
 472 S   0.58760 0.41236 0.00002 0.00002 ( 1)
 473 P   0.87131 0.12867 0.00002 0.00000 ( 1)
 474 V   0.63330 0.36662 0.00005 0.00003 ( 1)
 475 R   0.00100 0.99862 0.00000 0.00039 ( 2)
 476 L   0.89068 0.10889 0.00038 0.00006 ( 1)
 477 D   0.90160 0.09828 0.00010 0.00002 ( 1)
 478 I   0.95470 0.04528 0.00002 0.00000 ( 1)
 479 N   0.94573 0.05423 0.00004 0.00000 ( 1)
 480 E   0.85039 0.14953 0.00006 0.00002 ( 1)
 481 T   0.99091 0.00900 0.00008 0.00000 ( 1)
 482 K   0.89811 0.10187 0.00002 0.00000 ( 1)
 483 I   0.99364 0.00625 0.00011 0.00000 ( 1)
 484 Q   0.96323 0.03670 0.00006 0.00000 ( 1)
 485 W   0.95393 0.04603 0.00004 0.00000 ( 1)
 486 H   0.87631 0.12359 0.00008 0.00002 ( 1)
 487 R   0.06757 0.93162 0.00031 0.00050 ( 2)
 488 K   0.97963 0.02031 0.00006 0.00000 ( 1)
 489 D   0.92513 0.07476 0.00010 0.00001 ( 1)
 490 N   0.99046 0.00946 0.00008 0.00000 ( 1)
 491 Q   0.96323 0.03670 0.00006 0.00000 ( 1)
 492 V   0.98278 0.01711 0.00011 0.00000 ( 1)
 493 P   0.94438 0.05512 0.00046 0.00004 ( 1)
 494 Q   0.31330 0.67939 0.00564 0.00168 ( 2)
 495 S   0.93276 0.06721 0.00003 0.00000 ( 1)
 496 V   0.98314 0.01675 0.00011 0.00000 ( 1)
 497 C   0.97077 0.02914 0.00009 0.00000 ( 1)
 498 S   0.98835 0.01158 0.00007 0.00000 ( 1)
 499 S   0.97688 0.02287 0.00024 0.00001 ( 1)
 500 D   0.99115 0.00875 0.00010 0.00000 ( 1)
 501 C   0.93823 0.06174 0.00003 0.00000 ( 1)
 502 L   0.93940 0.06054 0.00006 0.00000 ( 1)
 503 E   0.50206 0.49791 0.00001 0.00001 ( 1)
 504 G   0.97327 0.02626 0.00046 0.00002 ( 1)
 505 H   0.90271 0.09720 0.00008 0.00001 ( 1)
 506 Q   0.96323 0.03670 0.00006 0.00000 ( 1)
 507 R   0.05476 0.94522 0.00000 0.00002 ( 2)
 508 V   0.98314 0.01675 0.00011 0.00000 ( 1)
 509 V   0.94834 0.04968 0.00185 0.00014 ( 1)
 510 V   0.00031 0.99908 0.00000 0.00061 ( 2)
 511 G   0.59682 0.40313 0.00003 0.00002 ( 1)
 512 S   0.92740 0.06839 0.00416 0.00005 ( 1)
 513 H   0.18087 0.81904 0.00001 0.00008 ( 2)
 514 H   0.90514 0.09476 0.00008 0.00001 ( 1)
 515 C   0.93573 0.06424 0.00003 0.00000 ( 1)
 516 C   0.98620 0.01373 0.00006 0.00000 ( 1)
 517 F   0.96305 0.03649 0.00043 0.00003 ( 1)
 518 E   0.85269 0.14723 0.00006 0.00002 ( 1)
 519 C   0.93303 0.06694 0.00003 0.00000 ( 1)
 520 V   0.97310 0.02661 0.00028 0.00001 ( 1)
 521 P   0.98673 0.01318 0.00009 0.00000 ( 1)
 522 C   0.93387 0.06610 0.00003 0.00000 ( 1)
 523 E   0.28027 0.71963 0.00002 0.00009 ( 2)
 524 S   0.56004 0.35535 0.07787 0.00674 ( 1)
 525 G   0.97605 0.02388 0.00007 0.00000 ( 1)
 526 T   0.32793 0.67195 0.00003 0.00009 ( 2)
 527 F   0.56878 0.43110 0.00006 0.00007 ( 1)
 528 L   0.44707 0.55275 0.00006 0.00012 ( 2)
 529 N   0.51499 0.48490 0.00004 0.00007 ( 1)
 530 K   0.33073 0.66919 0.00002 0.00006 ( 2)
 531 S   0.93524 0.06472 0.00003 0.00000 ( 1)
 532 D   0.98884 0.01106 0.00010 0.00000 ( 1)
 533 L   0.88072 0.11914 0.00012 0.00003 ( 1)
 534 Y   0.84169 0.15823 0.00006 0.00002 ( 1)
 535 R   0.11201 0.88795 0.00001 0.00004 ( 2)
 536 C   0.98148 0.01846 0.00006 0.00000 ( 1)
 537 Q   0.96323 0.03670 0.00006 0.00000 ( 1)
 538 P   0.60417 0.39578 0.00003 0.00002 ( 1)
 539 C   0.93303 0.06694 0.00003 0.00000 ( 1)
 540 G   0.97704 0.02289 0.00007 0.00000 ( 1)
 541 K   0.90796 0.09158 0.00041 0.00005 ( 1)
 542 E   0.90781 0.09217 0.00002 0.00000 ( 1)
 543 E   0.98248 0.01745 0.00007 0.00000 ( 1)
 544 W   0.95393 0.04603 0.00004 0.00000 ( 1)
 545 A   0.87808 0.12189 0.00002 0.00000 ( 1)
 546 P   0.94942 0.05053 0.00004 0.00000 ( 1)
 547 E   0.05202 0.94786 0.00000 0.00011 ( 2)
 548 G   0.38967 0.61031 0.00001 0.00001 ( 2)
 549 S   0.98966 0.01027 0.00007 0.00000 ( 1)
 550 Q   0.96323 0.03670 0.00006 0.00000 ( 1)
 551 T   0.90660 0.09291 0.00043 0.00006 ( 1)
 552 C   0.98620 0.01373 0.00006 0.00000 ( 1)
 553 F   0.99194 0.00796 0.00010 0.00000 ( 1)
 554 P   0.51256 0.48742 0.00001 0.00001 ( 1)
 555 R   0.97776 0.02176 0.00046 0.00001 ( 1)
 556 T   0.94977 0.04974 0.00046 0.00003 ( 1)
 557 V   0.98010 0.01939 0.00049 0.00001 ( 1)
 558 V   0.85834 0.14154 0.00009 0.00002 ( 1)
 559 F   0.16064 0.83930 0.00001 0.00005 ( 2)
 560 L   0.95030 0.04916 0.00050 0.00003 ( 1)
 561 A   0.13811 0.86182 0.00001 0.00006 ( 2)
 562 W   0.17182 0.82812 0.00001 0.00005 ( 2)
 563 H   0.15962 0.83973 0.00008 0.00057 ( 2)
 564 E   0.98250 0.01742 0.00007 0.00000 ( 1)
 565 C   0.00853 0.98547 0.00211 0.00389 ( 2)
 566 I   0.92383 0.07599 0.00016 0.00002 ( 1)
 567 S   0.93276 0.06721 0.00003 0.00000 ( 1)
 568 W   0.95393 0.04603 0.00004 0.00000 ( 1)
 569 V   0.98314 0.01675 0.00011 0.00000 ( 1)
 570 L   0.94799 0.05188 0.00012 0.00001 ( 1)
 571 L   0.95070 0.04877 0.00050 0.00003 ( 1)
 572 A   0.41680 0.58317 0.00001 0.00002 ( 2)
 573 A   0.65989 0.34005 0.00003 0.00002 ( 1)
 574 N   0.97546 0.02449 0.00006 0.00000 ( 1)
 575 T   0.78334 0.21616 0.00036 0.00014 ( 1)
 576 L   0.16850 0.83136 0.00002 0.00012 ( 2)
 577 L   0.94730 0.05001 0.00252 0.00017 ( 1)
 578 L   0.95134 0.04855 0.00011 0.00001 ( 1)
 579 V   0.66092 0.32502 0.01319 0.00088 ( 1)
 580 V   0.66001 0.32595 0.01317 0.00088 ( 1)
 581 V   0.67185 0.31389 0.01341 0.00085 ( 1)
 582 V   0.14164 0.85821 0.00002 0.00013 ( 2)
 583 G   0.97620 0.02186 0.00188 0.00006 ( 1)
 584 T   0.61703 0.38292 0.00002 0.00002 ( 1)
 585 V   0.63276 0.36362 0.00336 0.00025 ( 1)
 586 G   0.98628 0.01362 0.00010 0.00000 ( 1)
 587 L   0.95146 0.04843 0.00011 0.00001 ( 1)
 588 F   0.95320 0.04675 0.00004 0.00000 ( 1)
 589 A   0.99175 0.00815 0.00011 0.00000 ( 1)
 590 W   0.95393 0.04603 0.00004 0.00000 ( 1)
 591 H   0.98927 0.01064 0.00009 0.00000 ( 1)
 592 Q   0.35037 0.64062 0.00749 0.00151 ( 2)
 593 D   0.99166 0.00823 0.00010 0.00000 ( 1)
 594 T   0.99004 0.00987 0.00008 0.00000 ( 1)
 595 P   0.93733 0.06262 0.00004 0.00000 ( 1)
 596 V   0.98314 0.01675 0.00011 0.00000 ( 1)
 597 V   0.98253 0.01736 0.00011 0.00000 ( 1)
 598 R   0.97742 0.02253 0.00005 0.00000 ( 1)
 599 S   0.85666 0.14332 0.00001 0.00000 ( 1)
 600 A   0.92034 0.07957 0.00008 0.00001 ( 1)
 601 G   0.97704 0.02289 0.00007 0.00000 ( 1)
 602 G   0.98878 0.01112 0.00010 0.00000 ( 1)
 603 W   0.00358 0.99431 0.00006 0.00205 ( 2)
 604 L   0.95146 0.04843 0.00011 0.00001 ( 1)
 605 C   0.98604 0.01390 0.00006 0.00000 ( 1)
 606 F   0.98219 0.01767 0.00014 0.00000 ( 1)
 607 L   0.97800 0.02183 0.00017 0.00001 ( 1)
 608 M   0.99186 0.00806 0.00008 0.00000 ( 1)
 609 L   0.94847 0.05141 0.00011 0.00001 ( 1)
 610 G   0.98759 0.01231 0.00010 0.00000 ( 1)
 611 S   0.98756 0.01237 0.00007 0.00000 ( 1)
 612 L   0.95146 0.04843 0.00011 0.00001 ( 1)
 613 A   0.89368 0.10629 0.00002 0.00000 ( 1)
 614 G   0.00962 0.97004 0.00145 0.01890 ( 2)
 615 A   0.56772 0.41883 0.01237 0.00108 ( 1)
 616 S   0.98670 0.01323 0.00007 0.00000 ( 1)
 617 C   0.00780 0.99204 0.00000 0.00016 ( 2)
 618 S   0.98966 0.01027 0.00007 0.00000 ( 1)
 619 L   0.90996 0.08990 0.00012 0.00002 ( 1)
 620 Y   0.92515 0.07481 0.00003 0.00000 ( 1)
 621 G   0.98849 0.01141 0.00010 0.00000 ( 1)
 622 F   0.99238 0.00753 0.00010 0.00000 ( 1)
 623 F   0.95320 0.04675 0.00004 0.00000 ( 1)
 624 G   0.97327 0.02626 0.00046 0.00002 ( 1)
 625 E   0.97231 0.02729 0.00038 0.00001 ( 1)
 626 P   0.98807 0.01144 0.00048 0.00001 ( 1)
 627 T   0.52285 0.47712 0.00001 0.00001 ( 1)
 628 L   0.13987 0.85984 0.00003 0.00027 ( 2)
 629 P   0.73104 0.26856 0.00025 0.00015 ( 1)
 630 A   0.47922 0.52022 0.00023 0.00033 ( 2)
 631 C   0.98401 0.01554 0.00044 0.00001 ( 1)
 632 L   0.93910 0.06077 0.00013 0.00001 ( 1)
 633 L   0.95119 0.04870 0.00011 0.00001 ( 1)
 634 R   0.98579 0.01412 0.00008 0.00000 ( 1)
 635 Q   0.95966 0.04027 0.00007 0.00000 ( 1)
 636 A   0.90627 0.09322 0.00044 0.00007 ( 1)
 637 I   0.88504 0.09696 0.01772 0.00028 ( 1)
 638 F   0.95320 0.04675 0.00004 0.00000 ( 1)
 639 A   0.99063 0.00888 0.00049 0.00001 ( 1)
 640 L   0.94633 0.05314 0.00049 0.00004 ( 1)
 641 G   0.93632 0.06364 0.00004 0.00000 ( 1)
 642 F   0.98521 0.01459 0.00019 0.00000 ( 1)
 643 T   0.89561 0.10416 0.00020 0.00003 ( 1)
 644 I   0.94557 0.05431 0.00011 0.00001 ( 1)
 645 F   0.99252 0.00738 0.00010 0.00000 ( 1)
 646 L   0.95120 0.04869 0.00011 0.00001 ( 1)
 647 S   0.98820 0.01173 0.00007 0.00000 ( 1)
 648 C   0.98620 0.01373 0.00006 0.00000 ( 1)
 649 L   0.67032 0.32956 0.00007 0.00005 ( 1)
 650 T   0.87666 0.12332 0.00002 0.00000 ( 1)
 651 V   0.94547 0.05445 0.00007 0.00001 ( 1)
 652 R   0.98541 0.01450 0.00008 0.00000 ( 1)
 653 S   0.98311 0.01682 0.00007 0.00000 ( 1)
 654 F   0.99278 0.00713 0.00010 0.00000 ( 1)
 655 Q   0.88927 0.11071 0.00002 0.00000 ( 1)
 656 L   0.91378 0.08606 0.00015 0.00002 ( 1)
 657 V   0.91610 0.08373 0.00014 0.00002 ( 1)
 658 I   0.99405 0.00584 0.00011 0.00000 ( 1)
 659 I   0.99332 0.00657 0.00011 0.00000 ( 1)
 660 F   0.99278 0.00713 0.00010 0.00000 ( 1)
 661 K   0.97963 0.02031 0.00006 0.00000 ( 1)
 662 F   0.95320 0.04675 0.00004 0.00000 ( 1)
 663 S   0.98752 0.01241 0.00007 0.00000 ( 1)
 664 T   0.54130 0.45859 0.00005 0.00006 ( 1)
 665 K   0.97812 0.02182 0.00006 0.00000 ( 1)
 666 V   0.08519 0.91477 0.00000 0.00004 ( 2)
 667 P   0.97572 0.02414 0.00013 0.00001 ( 1)
 668 T   0.12247 0.87732 0.00002 0.00019 ( 2)
 669 F   0.99278 0.00713 0.00010 0.00000 ( 1)
 670 Y   0.40736 0.59255 0.00003 0.00007 ( 2)
 671 H   0.16275 0.83595 0.00018 0.00112 ( 2)
 672 T   0.56272 0.43433 0.00261 0.00034 ( 1)
 673 W   0.95393 0.04603 0.00004 0.00000 ( 1)
 674 V   0.99077 0.00870 0.00052 0.00001 ( 1)
 675 Q   0.88456 0.11542 0.00002 0.00000 ( 1)
 676 N   0.99046 0.00946 0.00008 0.00000 ( 1)
 677 H   0.98491 0.01498 0.00011 0.00000 ( 1)
 678 G   0.93438 0.06557 0.00004 0.00000 ( 1)
 679 A   0.95591 0.04404 0.00005 0.00000 ( 1)
 680 A   0.06132 0.93473 0.00125 0.00271 ( 2)
 681 L   0.95146 0.04843 0.00011 0.00001 ( 1)
 682 F   0.95320 0.04675 0.00004 0.00000 ( 1)
 683 I   0.60429 0.32871 0.06530 0.00170 ( 1)
 684 M   0.37455 0.62515 0.00008 0.00022 ( 2)
 685 I   0.99367 0.00622 0.00011 0.00000 ( 1)
 686 S   0.90803 0.09190 0.00007 0.00001 ( 1)
 687 S   0.85666 0.14332 0.00001 0.00000 ( 1)
 688 M   0.00618 0.99355 0.00000 0.00027 ( 2)
 689 A   0.06997 0.92967 0.00002 0.00034 ( 2)
 690 Q   0.96323 0.03670 0.00006 0.00000 ( 1)
 691 L   0.94796 0.05193 0.00011 0.00001 ( 1)
 692 L   0.94374 0.05619 0.00006 0.00000 ( 1)
 693 I   0.99405 0.00584 0.00011 0.00000 ( 1)
 694 C   0.93367 0.06630 0.00003 0.00000 ( 1)
 695 L   0.85406 0.14539 0.00046 0.00009 ( 1)
 696 T   0.95000 0.04996 0.00004 0.00000 ( 1)
 697 W   0.95393 0.04603 0.00004 0.00000 ( 1)
 698 L   0.94462 0.05528 0.00010 0.00001 ( 1)
 699 A   0.32520 0.67391 0.00024 0.00065 ( 2)
 700 V   0.85873 0.14115 0.00009 0.00002 ( 1)
 701 W   0.95393 0.04603 0.00004 0.00000 ( 1)
 702 T   0.98855 0.01137 0.00008 0.00000 ( 1)
 703 P   0.87131 0.12867 0.00002 0.00000 ( 1)
 704 L   0.95146 0.04843 0.00011 0.00001 ( 1)
 705 P   0.98797 0.01154 0.00048 0.00001 ( 1)
 706 T   0.82104 0.17882 0.00010 0.00004 ( 1)
 707 R   0.95496 0.04491 0.00012 0.00001 ( 1)
 708 E   0.90781 0.09217 0.00002 0.00000 ( 1)
 709 Y   0.98308 0.01684 0.00007 0.00000 ( 1)
 710 Q   0.21116 0.78875 0.00001 0.00008 ( 2)
 711 R   0.98583 0.01408 0.00008 0.00000 ( 1)
 712 F   0.99194 0.00796 0.00010 0.00000 ( 1)
 713 P   0.98807 0.01144 0.00048 0.00001 ( 1)
 714 Q   0.70124 0.29868 0.00005 0.00003 ( 1)
 715 L   0.95146 0.04843 0.00011 0.00001 ( 1)
 716 V   0.98010 0.01939 0.00049 0.00001 ( 1)
 717 V   0.51095 0.48671 0.00202 0.00032 ( 1)
 718 L   0.93940 0.06054 0.00006 0.00000 ( 1)
 719 E   0.83583 0.16370 0.00038 0.00010 ( 1)
 720 C   0.98620 0.01373 0.00006 0.00000 ( 1)
 721 T   0.87382 0.12616 0.00002 0.00000 ( 1)
 722 E   0.98250 0.01742 0.00007 0.00000 ( 1)
 723 T   0.00068 0.98935 0.00006 0.00990 ( 2)
 724 N   0.86908 0.13083 0.00007 0.00002 ( 1)
 725 S   0.96440 0.03531 0.00027 0.00002 ( 1)
 726 L   0.95146 0.04843 0.00011 0.00001 ( 1)
 727 G   0.98878 0.01112 0.00010 0.00000 ( 1)
 728 F   0.99278 0.00713 0.00010 0.00000 ( 1)
 729 M   0.28358 0.71624 0.00004 0.00014 ( 2)
 730 L   0.95119 0.04869 0.00011 0.00001 ( 1)
 731 A   0.99223 0.00766 0.00011 0.00000 ( 1)
 732 F   0.98899 0.01091 0.00010 0.00000 ( 1)
 733 G   0.00086 0.99502 0.00002 0.00410 ( 2)
 734 Y   0.98501 0.01492 0.00007 0.00000 ( 1)
 735 N   0.94573 0.05423 0.00004 0.00000 ( 1)
 736 G   0.88886 0.11104 0.00009 0.00002 ( 1)
 737 L   0.98869 0.01118 0.00013 0.00000 ( 1)
 738 L   0.98947 0.01039 0.00013 0.00000 ( 1)
 739 S   0.98119 0.01872 0.00008 0.00000 ( 1)
 740 V   0.09298 0.90674 0.00001 0.00026 ( 2)
 741 S   0.97994 0.01993 0.00013 0.00000 ( 1)
 742 A   0.99130 0.00859 0.00011 0.00000 ( 1)
 743 F   0.95320 0.04675 0.00004 0.00000 ( 1)
 744 A   0.98873 0.00936 0.00188 0.00002 ( 1)
 745 C   0.98487 0.01507 0.00006 0.00000 ( 1)
 746 S   0.90751 0.09242 0.00007 0.00001 ( 1)
 747 Y   0.98501 0.01492 0.00007 0.00000 ( 1)
 748 L   0.67049 0.32939 0.00007 0.00005 ( 1)
 749 G   0.98842 0.01148 0.00010 0.00000 ( 1)
 750 K   0.97812 0.02182 0.00006 0.00000 ( 1)
 751 D   0.99166 0.00823 0.00010 0.00000 ( 1)
 752 L   0.95007 0.04977 0.00015 0.00001 ( 1)
 753 P   0.87131 0.12867 0.00002 0.00000 ( 1)
 754 E   0.98250 0.01742 0.00007 0.00000 ( 1)
 755 N   0.99046 0.00946 0.00008 0.00000 ( 1)
 756 Y   0.96388 0.03607 0.00005 0.00000 ( 1)
 757 N   0.90538 0.09453 0.00007 0.00001 ( 1)
 758 E   0.98250 0.01742 0.00007 0.00000 ( 1)
 759 A   0.99175 0.00815 0.00011 0.00000 ( 1)
 760 K   0.89811 0.10187 0.00002 0.00000 ( 1)
 761 C   0.93303 0.06694 0.00003 0.00000 ( 1)
 762 V   0.99227 0.00757 0.00015 0.00000 ( 1)
 763 T   0.98851 0.01140 0.00008 0.00000 ( 1)
 764 F   0.98929 0.01034 0.00036 0.00001 ( 1)
 765 G   0.48043 0.51703 0.00216 0.00039 ( 2)
 766 L   0.95126 0.04862 0.00011 0.00001 ( 1)
 767 L   0.99038 0.00949 0.00013 0.00000 ( 1)
 768 L   0.91187 0.08792 0.00018 0.00003 ( 1)
 769 N   0.88938 0.11014 0.00041 0.00008 ( 1)
 770 F   0.99194 0.00796 0.00010 0.00000 ( 1)
 771 V   0.39189 0.60796 0.00004 0.00010 ( 2)
 772 S   0.98835 0.01158 0.00007 0.00000 ( 1)
 773 W   0.95393 0.04603 0.00004 0.00000 ( 1)
 774 I   0.99405 0.00584 0.00011 0.00000 ( 1)
 775 A   0.54787 0.45198 0.00006 0.00009 ( 1)
 776 F   0.93079 0.06911 0.00009 0.00001 ( 1)
 777 F   0.99234 0.00756 0.00010 0.00000 ( 1)
 778 T   0.99070 0.00922 0.00008 0.00000 ( 1)
 779 V   0.04177 0.95789 0.00001 0.00033 ( 2)
 780 A   0.99138 0.00852 0.00011 0.00000 ( 1)
 781 S   0.89886 0.10106 0.00007 0.00001 ( 1)
 782 V   0.93014 0.06970 0.00014 0.00002 ( 1)
 783 Y   0.86274 0.13718 0.00006 0.00002 ( 1)
 784 Q   0.33588 0.66393 0.00005 0.00014 ( 2)
 785 G   0.89742 0.10247 0.00009 0.00002 ( 1)
 786 K   0.97963 0.02031 0.00006 0.00000 ( 1)
 787 Y   0.98280 0.01712 0.00007 0.00000 ( 1)
 788 L   0.67027 0.32961 0.00007 0.00005 ( 1)
 789 P   0.90055 0.09935 0.00009 0.00002 ( 1)
 790 A   0.81335 0.18656 0.00007 0.00002 ( 1)
 791 V   0.90740 0.09244 0.00014 0.00002 ( 1)
 792 N   0.98150 0.01833 0.00017 0.00001 ( 1)
 793 V   0.42183 0.57793 0.00008 0.00015 ( 2)
 794 L   0.71468 0.28520 0.00008 0.00004 ( 1)
 795 A   0.97984 0.02000 0.00015 0.00001 ( 1)
 796 V   0.00277 0.99677 0.00000 0.00045 ( 2)
 797 L   0.71004 0.28984 0.00008 0.00004 ( 1)
 798 S   0.98966 0.01027 0.00007 0.00000 ( 1)
 799 S   0.98966 0.01027 0.00007 0.00000 ( 1)
 800 L   0.95138 0.04851 0.00011 0.00001 ( 1)
 801 S   0.90832 0.09160 0.00007 0.00001 ( 1)
 802 S   0.98720 0.01272 0.00007 0.00000 ( 1)
 803 G   0.98878 0.01112 0.00010 0.00000 ( 1)
 804 F   0.99278 0.00713 0.00010 0.00000 ( 1)
 805 S   0.82253 0.17726 0.00016 0.00006 ( 1)
 806 G   0.98064 0.01881 0.00054 0.00001 ( 1)
 807 Y   0.92515 0.07481 0.00003 0.00000 ( 1)
 808 F   0.98219 0.01767 0.00014 0.00000 ( 1)
 809 L   0.97925 0.02055 0.00019 0.00001 ( 1)
 810 P   0.98872 0.01119 0.00009 0.00000 ( 1)
 811 K   0.97756 0.02238 0.00006 0.00000 ( 1)
 812 C   0.98620 0.01373 0.00006 0.00000 ( 1)
 813 Y   0.95071 0.04926 0.00003 0.00000 ( 1)
 814 V   0.97827 0.02162 0.00011 0.00000 ( 1)
 815 I   0.99405 0.00584 0.00011 0.00000 ( 1)
 816 V   0.87960 0.10178 0.01831 0.00031 ( 1)
 817 C   0.88116 0.11878 0.00006 0.00001 ( 1)
 818 R   0.98261 0.01731 0.00009 0.00000 ( 1)
 819 P   0.45667 0.54108 0.00087 0.00139 ( 2)
 820 D   0.97945 0.02047 0.00008 0.00000 ( 1)
 821 L   0.98433 0.01551 0.00015 0.00000 ( 1)
 822 N   0.98943 0.01048 0.00008 0.00000 ( 1)
 823 S   0.90803 0.09189 0.00007 0.00001 ( 1)
 824 T   0.88826 0.11126 0.00042 0.00007 ( 1)
 825 E   0.98250 0.01742 0.00007 0.00000 ( 1)
 826 H   0.98927 0.01064 0.00009 0.00000 ( 1)
 827 F   0.99129 0.00823 0.00047 0.00001 ( 1)
 828 Q   0.96323 0.03670 0.00006 0.00000 ( 1)
 829 A   0.99212 0.00777 0.00011 0.00000 ( 1)
 830 S   0.98835 0.01158 0.00007 0.00000 ( 1)
 831 I   0.98438 0.01547 0.00015 0.00000 ( 1)
 832 Q   0.96323 0.03670 0.00006 0.00000 ( 1)
 833 D   0.92332 0.07657 0.00010 0.00001 ( 1)
 834 Y   0.98501 0.01492 0.00007 0.00000 ( 1)
 835 T   0.97823 0.02170 0.00006 0.00000 ( 1)
 836 R   0.97742 0.02253 0.00005 0.00000 ( 1)
 837 R   0.87918 0.12073 0.00008 0.00002 ( 1)
 838 W   0.01755 0.96396 0.00401 0.01448 ( 2)
 839 G   0.05476 0.94508 0.00001 0.00016 ( 2)
 840 S   0.86071 0.13921 0.00006 0.00002 ( 1)
 841 T   0.98638 0.01353 0.00008 0.00000 ( 1)


lnL = -10655.298743

Bayes Empirical Bayes (BEB) probabilities for 4 classes (class)
(amino acids refer to 1st sequence: 1.Tarsier)

   1 M   0.97611 0.00885 0.01483 0.00021 ( 1)
   2 F   0.63047 0.21284 0.14627 0.01042 ( 1)
   3 H   0.53588 0.30156 0.14611 0.01645 ( 1)
   4 H   0.00274 0.96835 0.00009 0.02881 ( 2)
   5 V   0.00010 0.87397 0.00051 0.12542 ( 2)
   6 A   0.69651 0.27825 0.01699 0.00826 ( 1)
   7 H   0.02841 0.94425 0.00058 0.02677 ( 2)
   8 L   0.93048 0.04601 0.02216 0.00135 ( 1)
   9 V   0.58906 0.39083 0.00982 0.01029 ( 1)
  10 G   0.90625 0.07674 0.01508 0.00194 ( 1)
  11 L   0.92035 0.05195 0.02604 0.00166 ( 1)
  12 Q   0.92935 0.04920 0.02008 0.00137 ( 1)
  13 L   0.91755 0.05785 0.02288 0.00173 ( 1)
  14 S   0.14522 0.82594 0.00368 0.02517 ( 2)
  15 I   0.67433 0.30537 0.01225 0.00806 ( 1)
  16 S   0.90505 0.07825 0.01478 0.00193 ( 1)
  17 C   0.88800 0.09468 0.01497 0.00236 ( 1)
  18 C   0.96811 0.01525 0.01627 0.00038 ( 1)
  19 W   0.73840 0.23799 0.01682 0.00679 ( 1)
  20 A   0.96084 0.01981 0.01881 0.00054 ( 1)
  21 F   0.82795 0.15343 0.01455 0.00407 ( 1)
  22 S   0.62491 0.35332 0.01210 0.00967 ( 1)
  23 C   0.96842 0.01494 0.01627 0.00037 ( 1)
  24 H   0.96581 0.01796 0.01579 0.00044 ( 1)
  25 N   0.19934 0.74144 0.02976 0.02946 ( 2)
  26 T   0.05028 0.91975 0.00127 0.02870 ( 2)
  27 E   0.85179 0.12487 0.01970 0.00364 ( 1)
  28 F   0.10147 0.84097 0.01967 0.03789 ( 2)
  29 S   0.90999 0.06505 0.02302 0.00194 ( 1)
  30 P   0.93190 0.04363 0.02317 0.00130 ( 1)
  31 D   0.92529 0.05885 0.01441 0.00144 ( 1)
  32 F   0.97713 0.00804 0.01463 0.00019 ( 1)
  33 S   0.90893 0.07486 0.01439 0.00182 ( 1)
  34 L   0.96843 0.01169 0.01956 0.00032 ( 1)
  35 P   0.82362 0.15753 0.01474 0.00412 ( 1)
  36 G   0.95133 0.02935 0.01850 0.00082 ( 1)
  37 N   0.64377 0.19805 0.14850 0.00968 ( 1)
  38 Y   0.96706 0.01581 0.01673 0.00040 ( 1)
  39 L   0.97153 0.01200 0.01617 0.00030 ( 1)
  40 L   0.92782 0.04785 0.02290 0.00143 ( 1)
  41 A   0.50865 0.46006 0.01581 0.01548 ( 1)
  42 G   0.97037 0.01320 0.01610 0.00033 ( 1)
  43 F   0.30323 0.59159 0.07433 0.03085 ( 2)
  44 F   0.97707 0.00811 0.01463 0.00019 ( 1)
  45 P   0.67367 0.30035 0.01694 0.00903 ( 1)
  46 L   0.97282 0.01075 0.01615 0.00027 ( 1)
  47 H   0.93048 0.04953 0.01865 0.00134 ( 1)
  48 G   0.21596 0.64513 0.09301 0.04590 ( 2)
  49 D   0.44278 0.53115 0.01100 0.01508 ( 2)
  50 C   0.24364 0.72785 0.00627 0.02224 ( 2)
  51 L   0.72556 0.24963 0.01741 0.00740 ( 1)
  52 Q   0.94190 0.03685 0.02023 0.00102 ( 1)
  53 V   0.96479 0.01677 0.01799 0.00044 ( 1)
  54 R   0.93527 0.04493 0.01859 0.00121 ( 1)
  55 H   0.61606 0.36438 0.01022 0.00933 ( 1)
  56 R   0.86679 0.10423 0.02560 0.00338 ( 1)
  57 P   0.96487 0.01851 0.01616 0.00047 ( 1)
  58 E   0.96287 0.01921 0.01743 0.00049 ( 1)
  59 V   0.96392 0.01764 0.01797 0.00047 ( 1)
  60 T   0.85518 0.12832 0.01336 0.00314 ( 1)
  61 L   0.94135 0.03890 0.01868 0.00107 ( 1)
  62 C   0.90306 0.07206 0.02273 0.00215 ( 1)
  63 D   0.97264 0.01194 0.01513 0.00029 ( 1)
  64 R   0.94351 0.03261 0.02292 0.00097 ( 1)
  65 T   0.00274 0.94350 0.00076 0.05299 ( 2)
  66 C   0.10753 0.81657 0.03036 0.04555 ( 2)
  67 G   0.16488 0.76839 0.03228 0.03445 ( 2)
  68 F   0.97461 0.01054 0.01459 0.00025 ( 1)
  69 N   0.93313 0.04355 0.02206 0.00126 ( 1)
  70 G   0.44313 0.53287 0.00902 0.01498 ( 2)
  71 H   0.96220 0.02151 0.01575 0.00053 ( 1)
  72 G   0.86395 0.11512 0.01776 0.00317 ( 1)
  73 Y   0.56053 0.41890 0.00984 0.01072 ( 1)
  74 H   0.53129 0.44861 0.00879 0.01130 ( 1)
  75 L   0.89557 0.08283 0.01914 0.00246 ( 1)
  76 F   0.92906 0.05567 0.01394 0.00134 ( 1)
  77 Q   0.35860 0.61610 0.00786 0.01743 ( 2)
  78 A   0.49453 0.48519 0.00801 0.01227 ( 1)
  79 M   0.57107 0.41011 0.00881 0.01001 ( 1)
  80 R   0.78628 0.19156 0.01680 0.00536 ( 1)
  81 L   0.73628 0.23533 0.02089 0.00750 ( 1)
  82 S   0.00334 0.94537 0.00083 0.05045 ( 2)
  83 I   0.31710 0.65694 0.00688 0.01908 ( 2)
  84 E   0.32992 0.64689 0.00611 0.01709 ( 2)
  85 A   0.62426 0.13275 0.23441 0.00858 ( 1)
  86 I   0.92733 0.04909 0.02204 0.00154 ( 1)
  87 N   0.97104 0.01346 0.01518 0.00032 ( 1)
  88 N   0.97104 0.01346 0.01518 0.00032 ( 1)
  89 S   0.96782 0.01601 0.01577 0.00039 ( 1)
  90 T   0.95310 0.02862 0.01755 0.00074 ( 1)
  91 V   0.56689 0.31759 0.10191 0.01362 ( 1)
  92 L   0.92178 0.05466 0.02196 0.00161 ( 1)
  93 L   0.92153 0.05490 0.02196 0.00161 ( 1)
  94 P   0.97198 0.01200 0.01572 0.00030 ( 1)
  95 N   0.81935 0.15677 0.01933 0.00455 ( 1)
  96 V   0.24740 0.72942 0.00410 0.01907 ( 2)
  97 T   0.91671 0.06737 0.01428 0.00163 ( 1)
  98 L   0.61889 0.35468 0.01562 0.01081 ( 1)
  99 G   0.95866 0.02211 0.01862 0.00062 ( 1)
 100 Y   0.32768 0.64361 0.00871 0.02000 ( 2)
 101 E   0.01624 0.95701 0.00032 0.02643 ( 2)
 102 L   0.92863 0.04784 0.02212 0.00140 ( 1)
 103 Y   0.17289 0.79761 0.00460 0.02490 ( 2)
 104 D   0.94044 0.04090 0.01757 0.00108 ( 1)
 105 V   0.95952 0.02201 0.01789 0.00058 ( 1)
 106 C   0.96219 0.02111 0.01619 0.00052 ( 1)
 107 S   0.92919 0.05038 0.01907 0.00137 ( 1)
 108 E   0.87234 0.10839 0.01641 0.00286 ( 1)
 109 S   0.90872 0.06823 0.02106 0.00199 ( 1)
 110 A   0.97337 0.01127 0.01509 0.00028 ( 1)
 111 N   0.93196 0.04876 0.01798 0.00130 ( 1)
 112 V   0.95952 0.02201 0.01789 0.00058 ( 1)
 113 Y   0.90406 0.07017 0.02363 0.00213 ( 1)
 114 A   0.97210 0.01250 0.01509 0.00031 ( 1)
 115 T   0.95328 0.02843 0.01755 0.00073 ( 1)
 116 L   0.92178 0.05466 0.02196 0.00161 ( 1)
 117 S   0.16642 0.74547 0.04695 0.04117 ( 2)
 118 V   0.84988 0.13072 0.01591 0.00349 ( 1)
 119 L   0.97004 0.01351 0.01611 0.00034 ( 1)
 120 S   0.96693 0.01690 0.01576 0.00041 ( 1)
 121 L   0.25787 0.70526 0.01013 0.02673 ( 2)
 122 P   0.51872 0.44959 0.01642 0.01527 ( 1)
 123 G   0.95622 0.02460 0.01853 0.00065 ( 1)
 124 T   0.15703 0.81382 0.00398 0.02518 ( 2)
 125 R   0.00010 0.95633 0.00002 0.04355 ( 2)
 126 H   0.96896 0.01489 0.01578 0.00037 ( 1)
 127 I   0.92632 0.05161 0.02063 0.00144 ( 1)
 128 D   0.42888 0.46075 0.08880 0.02157 ( 2)
 129 I   0.90638 0.07726 0.01438 0.00198 ( 1)
 130 Q   0.89069 0.08033 0.02638 0.00261 ( 1)
 131 G   0.54340 0.43029 0.01337 0.01294 ( 1)
 132 D   0.86736 0.10751 0.02194 0.00320 ( 1)
 133 F   0.21539 0.67824 0.06747 0.03890 ( 2)
 134 L   0.97004 0.01351 0.01611 0.00034 ( 1)
 135 H   0.02300 0.95199 0.00039 0.02462 ( 2)
 136 Y   0.90709 0.07166 0.01927 0.00198 ( 1)
 137 S   0.10521 0.86691 0.00251 0.02536 ( 2)
 138 P   0.95540 0.02806 0.01584 0.00070 ( 1)
 139 K   0.82492 0.15569 0.01534 0.00405 ( 1)
 140 I   0.62217 0.17842 0.18947 0.00995 ( 1)
 141 V   0.78344 0.19528 0.01579 0.00549 ( 1)
 142 A   0.94858 0.03302 0.01753 0.00087 ( 1)
 143 V   0.95969 0.02183 0.01790 0.00058 ( 1)
 144 I   0.62344 0.35232 0.01415 0.01009 ( 1)
 145 G   0.84151 0.13842 0.01637 0.00370 ( 1)
 146 P   0.70591 0.26830 0.01773 0.00806 ( 1)
 147 D   0.61108 0.37003 0.00967 0.00922 ( 1)
 148 S   0.00205 0.94868 0.00060 0.04867 ( 2)
 149 T   0.90746 0.07651 0.01416 0.00187 ( 1)
 150 D   0.21632 0.71277 0.03997 0.03094 ( 2)
 151 H   0.00093 0.94986 0.00024 0.04897 ( 2)
 152 A   0.69888 0.27591 0.01703 0.00818 ( 1)
 153 A   0.80461 0.17843 0.01255 0.00441 ( 1)
 154 T   0.72928 0.25309 0.01144 0.00618 ( 1)
 155 T   0.16792 0.79946 0.00531 0.02731 ( 2)
 156 A   0.94600 0.03050 0.02261 0.00089 ( 1)
 157 A   0.89251 0.08570 0.01935 0.00244 ( 1)
 158 L   0.91797 0.05841 0.02190 0.00172 ( 1)
 159 L   0.92582 0.05064 0.02205 0.00149 ( 1)
 160 S   0.89232 0.09130 0.01415 0.00223 ( 1)
 161 P   0.90727 0.06807 0.02263 0.00203 ( 1)
 162 F   0.55604 0.42187 0.01038 0.01171 ( 1)
 163 L   0.91939 0.05702 0.02191 0.00168 ( 1)
 164 V   0.51989 0.45789 0.00985 0.01237 ( 1)
 165 P   0.97166 0.01232 0.01572 0.00030 ( 1)
 166 L   0.29799 0.67445 0.00726 0.02030 ( 2)
 167 I   0.97773 0.00779 0.01429 0.00019 ( 1)
 168 S   0.97325 0.01112 0.01537 0.00027 ( 1)
 169 Y   0.93735 0.04303 0.01846 0.00115 ( 1)
 170 E   0.01610 0.92608 0.00474 0.05308 ( 2)
 171 A   0.97621 0.00845 0.01513 0.00021 ( 1)
 172 S   0.97325 0.01112 0.01537 0.00027 ( 1)
 173 S   0.97252 0.01183 0.01536 0.00029 ( 1)
 174 T   0.00238 0.95740 0.00011 0.04012 ( 2)
 175 T   0.07362 0.90007 0.00148 0.02484 ( 2)
 176 L   0.96773 0.01557 0.01630 0.00040 ( 1)
 177 S   0.61814 0.36296 0.00992 0.00898 ( 1)
 178 V   0.00362 0.96687 0.00009 0.02942 ( 2)
 179 K   0.96055 0.02113 0.01777 0.00055 ( 1)
 180 R   0.37803 0.59679 0.00820 0.01697 ( 2)
 181 Q   0.73100 0.24620 0.01591 0.00690 ( 1)
 182 Y   0.91441 0.06439 0.01942 0.00178 ( 1)
 183 P   0.97316 0.01083 0.01574 0.00027 ( 1)
 184 S   0.92199 0.05768 0.01876 0.00156 ( 1)
 185 F   0.96863 0.01552 0.01546 0.00038 ( 1)
 186 L   0.92863 0.04784 0.02212 0.00140 ( 1)
 187 R   0.96773 0.01515 0.01674 0.00038 ( 1)
 188 T   0.97480 0.00981 0.01516 0.00024 ( 1)
 189 I   0.94196 0.04321 0.01378 0.00104 ( 1)
 190 P   0.97316 0.01083 0.01574 0.00027 ( 1)
 191 S   0.47994 0.49919 0.00815 0.01272 ( 2)
 192 D   0.97511 0.00950 0.01516 0.00023 ( 1)
 193 R   0.43835 0.43858 0.10188 0.02119 ( 2)
 194 H   0.17178 0.78191 0.01817 0.02814 ( 2)
 195 Q   0.94190 0.03685 0.02023 0.00102 ( 1)
 196 V   0.96392 0.01764 0.01797 0.00047 ( 1)
 197 E   0.96379 0.01829 0.01744 0.00047 ( 1)
 198 V   0.27072 0.12440 0.59509 0.00978 ( 3)
 199 M   0.92298 0.06149 0.01405 0.00148 ( 1)
 200 V   0.96392 0.01764 0.01797 0.00047 ( 1)
 201 L   0.71895 0.25620 0.01725 0.00760 ( 1)
 202 L   0.92863 0.04784 0.02212 0.00140 ( 1)
 203 L   0.92843 0.04804 0.02211 0.00141 ( 1)
 204 Q   0.05453 0.91734 0.00126 0.02688 ( 2)
 205 R   0.44237 0.53486 0.00853 0.01424 ( 2)
 206 F   0.97729 0.00789 0.01463 0.00019 ( 1)
 207 R   0.00276 0.94937 0.00066 0.04721 ( 2)
 208 W   0.93205 0.04559 0.02107 0.00129 ( 1)
 209 V   0.60147 0.36816 0.01780 0.01258 ( 1)
 210 W   0.93205 0.04559 0.02107 0.00129 ( 1)
 211 I   0.97900 0.00654 0.01430 0.00016 ( 1)
 212 S   0.91574 0.05664 0.02580 0.00182 ( 1)
 213 L   0.92863 0.04784 0.02212 0.00140 ( 1)
 214 V   0.42497 0.55228 0.00783 0.01492 ( 2)
 215 G   0.97161 0.01200 0.01610 0.00030 ( 1)
 216 S   0.97262 0.01173 0.01536 0.00028 ( 1)
 217 Y   0.00600 0.92372 0.00304 0.06724 ( 2)
 218 G   0.82820 0.15324 0.01460 0.00396 ( 1)
 219 D   0.97557 0.00904 0.01517 0.00022 ( 1)
 220 Y   0.93735 0.04303 0.01846 0.00115 ( 1)
 221 G   0.95902 0.02182 0.01858 0.00058 ( 1)
 222 Q   0.79620 0.17933 0.01919 0.00529 ( 1)
 223 Q   0.19951 0.68030 0.07604 0.04415 ( 2)
 224 G   0.82257 0.15721 0.01602 0.00420 ( 1)
 225 V   0.96142 0.02012 0.01793 0.00053 ( 1)
 226 Q   0.77408 0.20353 0.01672 0.00567 ( 1)
 227 A   0.71183 0.26724 0.01372 0.00721 ( 1)
 228 L   0.93042 0.04607 0.02216 0.00135 ( 1)
 229 E   0.53014 0.44835 0.00975 0.01176 ( 1)
 230 N   0.03687 0.92438 0.00457 0.03418 ( 2)
 231 Q   0.77298 0.20461 0.01670 0.00570 ( 1)
 232 A   0.97621 0.00845 0.01513 0.00021 ( 1)
 233 T   0.96094 0.02319 0.01531 0.00057 ( 1)
 234 D   0.00692 0.95600 0.00030 0.03679 ( 2)
 235 Q   0.75720 0.22029 0.01637 0.00614 ( 1)
 236 G   0.51370 0.46567 0.00871 0.01192 ( 1)
 237 I   0.94123 0.04391 0.01380 0.00106 ( 1)
 238 C   0.96874 0.01462 0.01628 0.00036 ( 1)
 239 I   0.93472 0.04308 0.02099 0.00122 ( 1)
 240 A   0.92467 0.05146 0.02236 0.00151 ( 1)
 241 F   0.97729 0.00789 0.01463 0.00019 ( 1)
 242 K   0.96055 0.02113 0.01777 0.00055 ( 1)
 243 D   0.92215 0.06196 0.01437 0.00152 ( 1)
 244 I   0.57332 0.40252 0.01268 0.01147 ( 1)
 245 V   0.86599 0.11474 0.01621 0.00307 ( 1)
 246 P   0.97064 0.01332 0.01571 0.00033 ( 1)
 247 L   0.77212 0.04984 0.17567 0.00237 ( 1)
 248 S   0.67102 0.30273 0.01712 0.00914 ( 1)
 249 A   0.97621 0.00845 0.01513 0.00021 ( 1)
 250 R   0.00145 0.95098 0.00021 0.04735 ( 2)
 251 V   0.95855 0.02290 0.01794 0.00061 ( 1)
 252 G   0.94715 0.03342 0.01854 0.00090 ( 1)
 253 D   0.93265 0.04448 0.02160 0.00127 ( 1)
 254 E   0.52363 0.45481 0.00963 0.01193 ( 1)
 255 R   0.81182 0.16205 0.02123 0.00490 ( 1)
 256 M   0.97611 0.00885 0.01483 0.00021 ( 1)
 257 Q   0.77466 0.20294 0.01674 0.00566 ( 1)
 258 G   0.02009 0.94721 0.00073 0.03196 ( 2)
 259 M   0.19552 0.78202 0.00305 0.01941 ( 2)
 260 M   0.97611 0.00885 0.01483 0.00021 ( 1)
 261 N   0.00377 0.88863 0.01266 0.09494 ( 2)
 262 R   0.19709 0.73018 0.03980 0.03293 ( 2)
 263 L   0.92863 0.04784 0.02212 0.00140 ( 1)
 264 A   0.92959 0.05464 0.01443 0.00134 ( 1)
 265 R   0.06663 0.85692 0.02343 0.05301 ( 2)
 266 A   0.97093 0.00995 0.01886 0.00027 ( 1)
 267 G   0.01937 0.92950 0.00466 0.04647 ( 2)
 268 T   0.91674 0.06509 0.01647 0.00170 ( 1)
 269 T   0.85896 0.12372 0.01423 0.00310 ( 1)
 270 V   0.97303 0.01094 0.01575 0.00028 ( 1)
 271 V   0.96392 0.01764 0.01797 0.00047 ( 1)
 272 V   0.48449 0.49339 0.00871 0.01341 ( 2)
 273 V   0.92560 0.05039 0.02252 0.00149 ( 1)
 274 F   0.96606 0.01862 0.01487 0.00045 ( 1)
 275 S   0.97141 0.01245 0.01583 0.00030 ( 1)
 276 S   0.02524 0.94382 0.00073 0.03021 ( 2)
 277 R   0.22202 0.75149 0.00484 0.02164 ( 2)
 278 R   0.00186 0.94738 0.00051 0.05026 ( 2)
 279 L   0.17625 0.78698 0.00719 0.02958 ( 2)
 280 A   0.97621 0.00845 0.01513 0.00021 ( 1)
 281 R   0.84232 0.13804 0.01601 0.00362 ( 1)
 282 V   0.96392 0.01764 0.01797 0.00047 ( 1)
 283 F   0.97198 0.01309 0.01462 0.00031 ( 1)
 284 F   0.96920 0.01117 0.01933 0.00030 ( 1)
 285 E   0.96379 0.01829 0.01744 0.00047 ( 1)
 286 S   0.96596 0.01760 0.01601 0.00044 ( 1)
 287 V   0.96392 0.01764 0.01797 0.00047 ( 1)
 288 V   0.96392 0.01764 0.01797 0.00047 ( 1)
 289 L   0.92795 0.04853 0.02210 0.00142 ( 1)
 290 A   0.92902 0.05520 0.01442 0.00136 ( 1)
 291 N   0.91830 0.06573 0.01438 0.00159 ( 1)
 292 L   0.72586 0.24933 0.01741 0.00739 ( 1)
 293 T   0.91844 0.05735 0.02252 0.00169 ( 1)
 294 G   0.97161 0.01200 0.01610 0.00030 ( 1)
 295 K   0.96055 0.02113 0.01777 0.00055 ( 1)
 296 V   0.96392 0.01764 0.01797 0.00047 ( 1)
 297 W   0.93205 0.04559 0.02107 0.00129 ( 1)
 298 I   0.61968 0.35587 0.01400 0.01046 ( 1)
 299 A   0.97621 0.00845 0.01513 0.00021 ( 1)
 300 S   0.85691 0.11762 0.02190 0.00357 ( 1)
 301 E   0.89546 0.07731 0.02482 0.00242 ( 1)
 302 D   0.56254 0.28980 0.13302 0.01464 ( 1)
 303 W   0.93205 0.04559 0.02107 0.00129 ( 1)
 304 A   0.92091 0.06323 0.01430 0.00156 ( 1)
 305 I   0.92342 0.06155 0.01353 0.00149 ( 1)
 306 S   0.97141 0.01245 0.01583 0.00030 ( 1)
 307 R   0.10091 0.86716 0.00305 0.02888 ( 2)
 308 H   0.90184 0.08137 0.01475 0.00204 ( 1)
 309 I   0.97900 0.00654 0.01430 0.00016 ( 1)
 310 T   0.70979 0.26896 0.01399 0.00726 ( 1)
 311 G   0.44130 0.53545 0.00872 0.01453 ( 2)
 312 V   0.96111 0.02038 0.01797 0.00054 ( 1)
 313 P   0.96196 0.02103 0.01648 0.00053 ( 1)
 314 G   0.95717 0.02365 0.01854 0.00063 ( 1)
 315 I   0.97900 0.00654 0.01430 0.00016 ( 1)
 316 Q   0.33463 0.63983 0.00736 0.01818 ( 2)
 317 G   0.58337 0.39570 0.01043 0.01050 ( 1)
 318 I   0.95129 0.03098 0.01693 0.00080 ( 1)
 319 G   0.95655 0.02426 0.01854 0.00064 ( 1)
 320 T   0.00182 0.96637 0.00005 0.03177 ( 2)
 321 V   0.96455 0.01701 0.01799 0.00045 ( 1)
 322 L   0.92863 0.04784 0.02212 0.00140 ( 1)
 323 G   0.93431 0.04089 0.02357 0.00122 ( 1)
 324 V   0.96355 0.01801 0.01797 0.00048 ( 1)
 325 A   0.97621 0.00845 0.01513 0.00021 ( 1)
 326 I   0.97900 0.00654 0.01430 0.00016 ( 1)
 327 Q   0.94190 0.03685 0.02023 0.00102 ( 1)
 328 L   0.07561 0.84031 0.02900 0.05508 ( 2)
 329 R   0.46936 0.50805 0.00905 0.01354 ( 2)
 330 L   0.00081 0.95910 0.00004 0.04005 ( 2)
 331 V   0.92582 0.05765 0.01505 0.00149 ( 1)
 332 P   0.92942 0.05063 0.01858 0.00137 ( 1)
 333 G   0.90723 0.07580 0.01506 0.00190 ( 1)
 334 L   0.92832 0.04814 0.02212 0.00141 ( 1)
 335 K   0.85458 0.12627 0.01587 0.00328 ( 1)
 336 E   0.83457 0.14552 0.01599 0.00392 ( 1)
 337 F   0.73515 0.24438 0.01393 0.00654 ( 1)
 338 E   0.88522 0.08750 0.02454 0.00274 ( 1)
 339 E   0.94243 0.03908 0.01747 0.00102 ( 1)
 340 A   0.97621 0.00845 0.01513 0.00021 ( 1)
 341 Y   0.90229 0.07194 0.02359 0.00219 ( 1)
 342 A   0.92994 0.05429 0.01444 0.00133 ( 1)
 343 Q   0.00409 0.91331 0.00393 0.07867 ( 2)
 344 A   0.60665 0.36243 0.01877 0.01215 ( 1)
 345 D   0.97557 0.00904 0.01517 0.00022 ( 1)
 346 K   0.96055 0.02113 0.01777 0.00055 ( 1)
 347 G   0.01725 0.95414 0.00035 0.02826 ( 2)
 348 A   0.92216 0.06200 0.01432 0.00152 ( 1)
 349 P   0.10719 0.86832 0.00184 0.02265 ( 2)
 350 L   0.17798 0.48779 0.27226 0.06196 ( 2)
 351 P   0.55843 0.41494 0.01410 0.01253 ( 1)
 352 C   0.96302 0.01637 0.02016 0.00045 ( 1)
 353 P   0.03465 0.93844 0.00068 0.02624 ( 2)
 354 T   0.08276 0.82472 0.03383 0.05869 ( 2)
 355 G   0.90665 0.07638 0.01506 0.00192 ( 1)
 356 A   0.72786 0.07233 0.19590 0.00391 ( 1)
 357 W   0.75295 0.22355 0.01713 0.00636 ( 1)
 358 C   0.96874 0.01462 0.01628 0.00036 ( 1)
 359 S   0.97325 0.01112 0.01537 0.00027 ( 1)
 360 S   0.97325 0.01112 0.01537 0.00027 ( 1)
 361 N   0.92341 0.05318 0.02187 0.00154 ( 1)
 362 Q   0.94190 0.03685 0.02023 0.00102 ( 1)
 363 L   0.62358 0.35670 0.01051 0.00921 ( 1)
 364 C   0.96302 0.01637 0.02016 0.00045 ( 1)
 365 R   0.88094 0.09490 0.02134 0.00281 ( 1)
 366 E   0.17434 0.79808 0.00399 0.02359 ( 2)
 367 C   0.96673 0.01661 0.01625 0.00041 ( 1)
 368 C   0.00097 0.77021 0.03396 0.19486 ( 2)
 369 A   0.73088 0.24827 0.01417 0.00669 ( 1)
 370 F   0.97729 0.00789 0.01463 0.00019 ( 1)
 371 T   0.00039 0.96665 0.00001 0.03296 ( 2)
 372 A   0.13844 0.82799 0.00456 0.02901 ( 2)
 373 H   0.97210 0.01178 0.01583 0.00029 ( 1)
 374 T   0.00025 0.96782 0.00001 0.03193 ( 2)
 375 T   0.78748 0.05234 0.15786 0.00233 ( 1)
 376 P   0.97262 0.01137 0.01573 0.00028 ( 1)
 377 T   0.07285 0.88731 0.00318 0.03666 ( 2)
 378 L   0.96409 0.01855 0.01688 0.00048 ( 1)
 379 G   0.00055 0.96498 0.00002 0.03445 ( 2)
 380 P   0.56058 0.27677 0.14762 0.01503 ( 1)
 381 F   0.92988 0.05486 0.01395 0.00132 ( 1)
 382 S   0.97141 0.01245 0.01583 0.00030 ( 1)
 383 M   0.97611 0.00885 0.01483 0.00021 ( 1)
 384 S   0.92175 0.05455 0.02212 0.00158 ( 1)
 385 S   0.66911 0.30463 0.01707 0.00920 ( 1)
 386 A   0.97621 0.00845 0.01513 0.00021 ( 1)
 387 Y   0.96706 0.01581 0.01673 0.00040 ( 1)
 388 N   0.97397 0.01055 0.01522 0.00025 ( 1)
 389 V   0.33377 0.51854 0.11693 0.03076 ( 2)
 390 Y   0.96061 0.02209 0.01674 0.00056 ( 1)
 391 Q   0.05738 0.91282 0.00132 0.02848 ( 2)
 392 A   0.91288 0.06319 0.02208 0.00186 ( 1)
 393 V   0.96392 0.01764 0.01797 0.00047 ( 1)
 394 Y   0.93836 0.04204 0.01847 0.00113 ( 1)
 395 T   0.05231 0.90317 0.00702 0.03751 ( 2)
 396 V   0.96392 0.01764 0.01797 0.00047 ( 1)
 397 A   0.97592 0.00874 0.01512 0.00021 ( 1)
 398 H   0.92375 0.05254 0.02218 0.00153 ( 1)
 399 G   0.97161 0.01200 0.01610 0.00030 ( 1)
 400 L   0.97323 0.01035 0.01616 0.00026 ( 1)
 401 H   0.97234 0.01154 0.01583 0.00029 ( 1)
 402 Q   0.94190 0.03685 0.02023 0.00102 ( 1)
 403 L   0.97323 0.01035 0.01616 0.00026 ( 1)
 404 L   0.92863 0.04784 0.02212 0.00140 ( 1)
 405 G   0.97161 0.01200 0.01610 0.00030 ( 1)
 406 C   0.93747 0.03823 0.02317 0.00113 ( 1)
 407 A   0.91455 0.06921 0.01446 0.00179 ( 1)
 408 S   0.92767 0.05232 0.01860 0.00141 ( 1)
 409 G   0.86211 0.11322 0.02129 0.00338 ( 1)
 410 A   0.85726 0.12589 0.01371 0.00314 ( 1)
 411 C   0.91036 0.06480 0.02291 0.00193 ( 1)
 412 S   0.97141 0.01245 0.01583 0.00030 ( 1)
 413 R   0.95797 0.02329 0.01813 0.00061 ( 1)
 414 S   0.55806 0.32053 0.10730 0.01410 ( 1)
 415 Q   0.02228 0.94510 0.00069 0.03194 ( 2)
 416 V   0.97564 0.00837 0.01578 0.00021 ( 1)
 417 Y   0.51841 0.45514 0.01299 0.01346 ( 1)
 418 P   0.97252 0.01146 0.01573 0.00028 ( 1)
 419 W   0.93205 0.04559 0.02107 0.00129 ( 1)
 420 Q   0.94190 0.03685 0.02023 0.00102 ( 1)
 421 L   0.91641 0.05898 0.02285 0.00176 ( 1)
 422 L   0.92469 0.05159 0.02220 0.00153 ( 1)
 423 E   0.86771 0.11359 0.01576 0.00294 ( 1)
 424 Q   0.94190 0.03685 0.02023 0.00102 ( 1)
 425 I   0.97900 0.00654 0.01430 0.00016 ( 1)
 426 H   0.03010 0.94483 0.00051 0.02456 ( 2)
 427 K   0.95993 0.02174 0.01776 0.00056 ( 1)
 428 A   0.74977 0.08872 0.15731 0.00420 ( 1)
 429 N   0.70356 0.27171 0.01680 0.00793 ( 1)
 430 F   0.97707 0.00811 0.01463 0.00019 ( 1)
 431 L   0.91641 0.05898 0.02285 0.00176 ( 1)
 432 L   0.83722 0.13489 0.02359 0.00431 ( 1)
 433 H   0.96970 0.01406 0.01590 0.00035 ( 1)
 434 E   0.01976 0.95397 0.00037 0.02590 ( 2)
 435 D   0.97557 0.00904 0.01517 0.00022 ( 1)
 436 T   0.92998 0.05048 0.01819 0.00135 ( 1)
 437 V   0.96392 0.01764 0.01797 0.00047 ( 1)
 438 T   0.00715 0.95992 0.00022 0.03272 ( 2)
 439 F   0.73097 0.24520 0.01680 0.00703 ( 1)
 440 N   0.27651 0.69616 0.00670 0.02063 ( 2)
 441 D   0.97557 0.00904 0.01517 0.00022 ( 1)
 442 N   0.94356 0.03703 0.01842 0.00099 ( 1)
 443 G   0.26375 0.71099 0.00544 0.01982 ( 2)
 444 D   0.47331 0.50573 0.00777 0.01320 ( 2)
 445 P   0.90954 0.07388 0.01475 0.00184 ( 1)
 446 L   0.56192 0.41687 0.00975 0.01146 ( 1)
 447 S   0.92054 0.05575 0.02209 0.00162 ( 1)
 448 G   0.89814 0.08193 0.01770 0.00223 ( 1)
 449 Y   0.90229 0.07194 0.02359 0.00219 ( 1)
 450 N   0.21072 0.76450 0.00391 0.02087 ( 2)
 451 I   0.93483 0.04315 0.02081 0.00120 ( 1)
 452 I   0.93472 0.04308 0.02099 0.00122 ( 1)
 453 A   0.92892 0.05526 0.01445 0.00137 ( 1)
 454 W   0.93205 0.04559 0.02107 0.00129 ( 1)
 455 D   0.97557 0.00904 0.01517 0.00022 ( 1)
 456 W   0.93205 0.04559 0.02107 0.00129 ( 1)
 457 I   0.04859 0.87825 0.01734 0.05582 ( 2)
 458 G   0.95461 0.02620 0.01850 0.00070 ( 1)
 459 F   0.25665 0.14074 0.59133 0.01128 ( 3)
 460 K   0.86719 0.11375 0.01611 0.00296 ( 1)
 461 W   0.93205 0.04559 0.02107 0.00129 ( 1)
 462 T   0.97480 0.00981 0.01516 0.00024 ( 1)
 463 F   0.97232 0.00901 0.01843 0.00024 ( 1)
 464 T   0.95017 0.03126 0.01775 0.00082 ( 1)
 465 V   0.55047 0.42847 0.00959 0.01148 ( 1)
 466 I   0.07053 0.88127 0.01320 0.03501 ( 2)
 467 G   0.96302 0.02043 0.01604 0.00051 ( 1)
 468 S   0.97077 0.01310 0.01582 0.00032 ( 1)
 469 S   0.97141 0.01245 0.01583 0.00030 ( 1)
 470 T   0.87458 0.09514 0.02711 0.00317 ( 1)
 471 A   0.10245 0.27080 0.58978 0.03697 ( 3)
 472 S   0.65850 0.31517 0.01680 0.00952 ( 1)
 473 P   0.84971 0.11968 0.02659 0.00401 ( 1)
 474 V   0.69611 0.27849 0.01708 0.00833 ( 1)
 475 R   0.00476 0.95414 0.00039 0.04071 ( 2)
 476 L   0.87061 0.10269 0.02348 0.00322 ( 1)
 477 D   0.90817 0.07578 0.01418 0.00186 ( 1)
 478 I   0.93308 0.04489 0.02078 0.00125 ( 1)
 479 N   0.92341 0.05318 0.02187 0.00154 ( 1)
 480 E   0.86781 0.11346 0.01578 0.00295 ( 1)
 481 T   0.97478 0.00983 0.01516 0.00024 ( 1)
 482 K   0.87573 0.09613 0.02508 0.00306 ( 1)
 483 I   0.97856 0.00697 0.01430 0.00017 ( 1)
 484 Q   0.94190 0.03685 0.02023 0.00102 ( 1)
 485 W   0.93205 0.04559 0.02107 0.00129 ( 1)
 486 H   0.88867 0.09445 0.01453 0.00235 ( 1)
 487 R   0.12607 0.76468 0.05495 0.05430 ( 2)
 488 K   0.96055 0.02113 0.01777 0.00055 ( 1)
 489 D   0.92595 0.05820 0.01442 0.00143 ( 1)
 490 N   0.97423 0.01030 0.01523 0.00025 ( 1)
 491 Q   0.94190 0.03685 0.02023 0.00102 ( 1)
 492 V   0.96355 0.01801 0.01797 0.00048 ( 1)
 493 P   0.92576 0.05426 0.01851 0.00147 ( 1)
 494 Q   0.41086 0.44410 0.12034 0.02469 ( 2)
 495 S   0.90999 0.06505 0.02302 0.00194 ( 1)
 496 V   0.96392 0.01764 0.01797 0.00047 ( 1)
 497 C   0.95316 0.02977 0.01632 0.00074 ( 1)
 498 S   0.97141 0.01245 0.01583 0.00030 ( 1)
 499 S   0.95877 0.02371 0.01691 0.00061 ( 1)
 500 D   0.97503 0.00957 0.01516 0.00023 ( 1)
 501 C   0.91514 0.06005 0.02302 0.00179 ( 1)
 502 L   0.91641 0.05898 0.02285 0.00176 ( 1)
 503 E   0.58480 0.38657 0.01639 0.01225 ( 1)
 504 G   0.94886 0.02680 0.02354 0.00080 ( 1)
 505 H   0.90848 0.07483 0.01483 0.00186 ( 1)
 506 Q   0.94190 0.03685 0.02023 0.00102 ( 1)
 507 R   0.11414 0.85080 0.00403 0.03103 ( 2)
 508 V   0.96392 0.01764 0.01797 0.00047 ( 1)
 509 V   0.92944 0.04920 0.01995 0.00140 ( 1)
 510 V   0.00196 0.95898 0.00025 0.03882 ( 2)
 511 G   0.66605 0.30766 0.01697 0.00931 ( 1)
 512 S   0.80332 0.04636 0.14834 0.00198 ( 1)
 513 H   0.31036 0.66229 0.00754 0.01981 ( 2)
 514 H   0.91030 0.07303 0.01486 0.00181 ( 1)
 515 C   0.91285 0.06232 0.02297 0.00186 ( 1)
 516 C   0.96874 0.01462 0.01628 0.00036 ( 1)
 517 F   0.94472 0.03682 0.01749 0.00097 ( 1)
 518 E   0.86955 0.11176 0.01579 0.00289 ( 1)
 519 C   0.91036 0.06480 0.02291 0.00193 ( 1)
 520 V   0.95390 0.02731 0.01805 0.00073 ( 1)
 521 P   0.96987 0.01409 0.01569 0.00035 ( 1)
 522 C   0.91111 0.06406 0.02292 0.00191 ( 1)
 523 E   0.43287 0.54463 0.00801 0.01449 ( 2)
 524 S   0.56214 0.24629 0.17700 0.01457 ( 1)
 525 G   0.95620 0.02462 0.01853 0.00065 ( 1)
 526 T   0.48943 0.49073 0.00775 0.01210 ( 2)
 527 F   0.69939 0.28315 0.01058 0.00688 ( 1)
 528 L   0.59784 0.38223 0.01006 0.00987 ( 1)
 529 N   0.65662 0.32503 0.01038 0.00796 ( 1)
 530 K   0.48718 0.49072 0.00917 0.01293 ( 2)
 531 S   0.91340 0.06285 0.02193 0.00183 ( 1)
 532 D   0.97264 0.01194 0.01513 0.00029 ( 1)
 533 L   0.89149 0.09133 0.01485 0.00234 ( 1)
 534 Y   0.86197 0.12002 0.01497 0.00304 ( 1)
 535 R   0.21000 0.75822 0.00646 0.02532 ( 2)
 536 C   0.96398 0.01934 0.01620 0.00048 ( 1)
 537 Q   0.94190 0.03685 0.02023 0.00102 ( 1)
 538 P   0.67225 0.30175 0.01691 0.00909 ( 1)
 539 C   0.91036 0.06480 0.02291 0.00193 ( 1)
 540 G   0.95717 0.02365 0.01854 0.00063 ( 1)
 541 K   0.88907 0.08738 0.02099 0.00256 ( 1)
 542 E   0.88522 0.08750 0.02454 0.00274 ( 1)
 543 E   0.96377 0.01832 0.01744 0.00047 ( 1)
 544 W   0.93205 0.04559 0.02107 0.00129 ( 1)
 545 A   0.85617 0.11376 0.02629 0.00378 ( 1)
 546 P   0.92575 0.04970 0.02307 0.00148 ( 1)
 547 E   0.13690 0.83824 0.00255 0.02231 ( 2)
 548 G   0.48080 0.48690 0.01555 0.01675 ( 2)
 549 S   0.97325 0.01112 0.01537 0.00027 ( 1)
 550 Q   0.94190 0.03685 0.02023 0.00102 ( 1)
 551 T   0.90870 0.07143 0.01794 0.00192 ( 1)
 552 C   0.96874 0.01462 0.01628 0.00036 ( 1)
 553 F   0.97638 0.00876 0.01464 0.00021 ( 1)
 554 P   0.59209 0.37647 0.01869 0.01276 ( 1)
 555 R   0.95646 0.02253 0.02039 0.00063 ( 1)
 556 T   0.93122 0.04926 0.01821 0.00132 ( 1)
 557 V   0.95631 0.02017 0.02292 0.00060 ( 1)
 558 V   0.87317 0.10762 0.01633 0.00287 ( 1)
 559 F   0.28334 0.68991 0.00662 0.02014 ( 2)
 560 L   0.92657 0.04847 0.02346 0.00150 ( 1)
 561 A   0.25073 0.72102 0.00623 0.02202 ( 2)
 562 W   0.29881 0.67475 0.00691 0.01952 ( 2)
 563 H   0.28242 0.69250 0.00579 0.01929 ( 2)
 564 E   0.96379 0.01829 0.01744 0.00047 ( 1)
 565 C   0.02968 0.81429 0.08213 0.07390 ( 2)
 566 I   0.92293 0.05907 0.01643 0.00157 ( 1)
 567 S   0.90999 0.06505 0.02302 0.00194 ( 1)
 568 W   0.93205 0.04559 0.02107 0.00129 ( 1)
 569 V   0.96392 0.01764 0.01797 0.00047 ( 1)
 570 L   0.92525 0.05116 0.02208 0.00151 ( 1)
 571 L   0.92695 0.04812 0.02344 0.00149 ( 1)
 572 A   0.50677 0.46194 0.01575 0.01554 ( 1)
 573 A   0.71755 0.25735 0.01748 0.00762 ( 1)
 574 N   0.95184 0.02509 0.02235 0.00072 ( 1)
 575 T   0.81289 0.16244 0.01980 0.00487 ( 1)
 576 L   0.29373 0.67869 0.00715 0.02043 ( 2)
 577 L   0.92484 0.04937 0.02423 0.00156 ( 1)
 578 L   0.92852 0.04796 0.02212 0.00141 ( 1)
 579 V   0.59638 0.20581 0.18585 0.01196 ( 1)
 580 V   0.59585 0.20646 0.18568 0.01200 ( 1)
 581 V   0.60255 0.19820 0.18773 0.01152 ( 1)
 582 V   0.25562 0.71538 0.00663 0.02238 ( 2)
 583 G   0.95807 0.02269 0.01861 0.00063 ( 1)
 584 T   0.68300 0.29142 0.01690 0.00868 ( 1)
 585 V   0.57583 0.22980 0.18118 0.01319 ( 1)
 586 G   0.96904 0.01453 0.01607 0.00036 ( 1)
 587 L   0.92863 0.04784 0.02212 0.00140 ( 1)
 588 F   0.93118 0.04626 0.02125 0.00131 ( 1)
 589 A   0.97570 0.00895 0.01512 0.00022 ( 1)
 590 W   0.93205 0.04559 0.02107 0.00129 ( 1)
 591 H   0.97237 0.01151 0.01584 0.00028 ( 1)
 592 Q   0.36158 0.42665 0.17900 0.03276 ( 2)
 593 D   0.97557 0.00904 0.01517 0.00022 ( 1)
 594 T   0.97387 0.01072 0.01514 0.00026 ( 1)
 595 P   0.91451 0.06087 0.02281 0.00181 ( 1)
 596 V   0.96392 0.01764 0.01797 0.00047 ( 1)
 597 V   0.96330 0.01826 0.01796 0.00048 ( 1)
 598 R   0.95797 0.02329 0.01813 0.00061 ( 1)
 599 S   0.83582 0.13245 0.02720 0.00454 ( 1)
 600 A   0.89955 0.07643 0.02177 0.00225 ( 1)
 601 G   0.95717 0.02365 0.01854 0.00063 ( 1)
 602 G   0.97161 0.01200 0.01610 0.00030 ( 1)
 603 W   0.01480 0.92145 0.00539 0.05835 ( 2)
 604 L   0.92863 0.04784 0.02212 0.00140 ( 1)
 605 C   0.96857 0.01479 0.01628 0.00037 ( 1)
 606 F   0.96606 0.01862 0.01487 0.00045 ( 1)
 607 L   0.96043 0.02273 0.01626 0.00058 ( 1)
 608 M   0.97611 0.00885 0.01483 0.00021 ( 1)
 609 L   0.92579 0.05064 0.02208 0.00149 ( 1)
 610 G   0.97037 0.01320 0.01610 0.00033 ( 1)
 611 S   0.97061 0.01325 0.01581 0.00032 ( 1)
 612 L   0.92863 0.04784 0.02212 0.00140 ( 1)
 613 A   0.87003 0.09995 0.02671 0.00332 ( 1)
 614 G   0.02928 0.90001 0.01102 0.05969 ( 2)
 615 A   0.51356 0.25924 0.20967 0.01753 ( 1)
 616 S   0.97021 0.01413 0.01533 0.00034 ( 1)
 617 C   0.03167 0.94283 0.00057 0.02493 ( 2)
 618 S   0.97325 0.01112 0.01537 0.00027 ( 1)
 619 L   0.91348 0.06954 0.01520 0.00178 ( 1)
 620 Y   0.90229 0.07194 0.02359 0.00219 ( 1)
 621 G   0.97131 0.01229 0.01609 0.00031 ( 1)
 622 F   0.97687 0.00831 0.01463 0.00020 ( 1)
 623 F   0.93118 0.04626 0.02125 0.00131 ( 1)
 624 G   0.94886 0.02680 0.02354 0.00080 ( 1)
 625 E   0.94890 0.02784 0.02244 0.00082 ( 1)
 626 P   0.96787 0.01228 0.01951 0.00033 ( 1)
 627 T   0.60097 0.36790 0.01875 0.01238 ( 1)
 628 L   0.25318 0.71740 0.00656 0.02286 ( 2)
 629 P   0.77677 0.20331 0.01451 0.00541 ( 1)
 630 A   0.56665 0.40784 0.01345 0.01205 ( 1)
 631 C   0.96302 0.01637 0.02016 0.00045 ( 1)
 632 L   0.91708 0.05928 0.02191 0.00174 ( 1)
 633 L   0.92838 0.04809 0.02211 0.00141 ( 1)
 634 R   0.96786 0.01502 0.01674 0.00038 ( 1)
 635 Q   0.93847 0.04024 0.02017 0.00111 ( 1)
 636 A   0.90851 0.07174 0.01780 0.00194 ( 1)
 637 I   0.73521 0.06179 0.19967 0.00333 ( 1)
 638 F   0.93118 0.04626 0.02125 0.00131 ( 1)
 639 A   0.97120 0.00967 0.01887 0.00026 ( 1)
 640 L   0.92760 0.05244 0.01853 0.00142 ( 1)
 641 G   0.91329 0.06179 0.02307 0.00185 ( 1)
 642 F   0.96863 0.01552 0.01546 0.00038 ( 1)
 643 T   0.89769 0.07940 0.02066 0.00226 ( 1)
 644 I   0.94225 0.04293 0.01379 0.00103 ( 1)
 645 F   0.97702 0.00815 0.01463 0.00020 ( 1)
 646 L   0.92838 0.04809 0.02211 0.00141 ( 1)
 647 S   0.97126 0.01261 0.01582 0.00031 ( 1)
 648 C   0.96874 0.01462 0.01628 0.00036 ( 1)
 649 L   0.72586 0.24933 0.01741 0.00739 ( 1)
 650 T   0.85467 0.11498 0.02651 0.00383 ( 1)
 651 V   0.92257 0.05340 0.02245 0.00158 ( 1)
 652 R   0.96748 0.01540 0.01673 0.00039 ( 1)
 653 S   0.96610 0.01773 0.01574 0.00043 ( 1)
 654 F   0.97729 0.00789 0.01463 0.00019 ( 1)
 655 Q   0.86678 0.10391 0.02593 0.00339 ( 1)
 656 L   0.89345 0.08237 0.02173 0.00245 ( 1)
 657 V   0.91824 0.06504 0.01502 0.00170 ( 1)
 658 I   0.97900 0.00654 0.01430 0.00016 ( 1)
 659 I   0.97819 0.00731 0.01432 0.00018 ( 1)
 660 F   0.97729 0.00789 0.01463 0.00019 ( 1)
 661 K   0.96055 0.02113 0.01777 0.00055 ( 1)
 662 F   0.93118 0.04626 0.02125 0.00131 ( 1)
 663 S   0.97057 0.01329 0.01581 0.00033 ( 1)
 664 T   0.67769 0.30421 0.01065 0.00745 ( 1)
 665 K   0.95906 0.02262 0.01774 0.00058 ( 1)
 666 V   0.16750 0.80000 0.00525 0.02725 ( 2)
 667 P   0.95851 0.02497 0.01589 0.00062 ( 1)
 668 T   0.22899 0.74432 0.00516 0.02154 ( 2)
 669 F   0.97729 0.00789 0.01463 0.00019 ( 1)
 670 Y   0.56239 0.41705 0.00988 0.01068 ( 1)
 671 H   0.28539 0.68395 0.00830 0.02236 ( 2)
 672 T   0.61911 0.25617 0.11369 0.01104 ( 1)
 673 W   0.93205 0.04559 0.02107 0.00129 ( 1)
 674 V   0.97117 0.00951 0.01906 0.00026 ( 1)
 675 Q   0.86259 0.10808 0.02581 0.00353 ( 1)
 676 N   0.97423 0.01030 0.01523 0.00025 ( 1)
 677 H   0.96779 0.01591 0.01591 0.00040 ( 1)
 678 G   0.91150 0.06356 0.02303 0.00190 ( 1)
 679 A   0.93251 0.04368 0.02253 0.00128 ( 1)
 680 A   0.14727 0.76613 0.04307 0.04352 ( 2)
 681 L   0.92863 0.04784 0.02212 0.00140 ( 1)
 682 F   0.93118 0.04626 0.02125 0.00131 ( 1)
 683 I   0.39795 0.14578 0.44413 0.01215 ( 3)
 684 M   0.53018 0.44768 0.00978 0.01237 ( 1)
 685 I   0.97859 0.00695 0.01430 0.00017 ( 1)
 686 S   0.91295 0.07088 0.01445 0.00172 ( 1)
 687 S   0.83582 0.13245 0.02720 0.00454 ( 1)
 688 M   0.02545 0.94619 0.00054 0.02782 ( 2)
 689 A   0.17497 0.79598 0.00453 0.02452 ( 2)
 690 Q   0.94190 0.03685 0.02023 0.00102 ( 1)
 691 L   0.92533 0.05110 0.02207 0.00150 ( 1)
 692 L   0.92043 0.05498 0.02295 0.00164 ( 1)
 693 I   0.97900 0.00654 0.01430 0.00016 ( 1)
 694 C   0.91095 0.06422 0.02292 0.00191 ( 1)
 695 L   0.83722 0.13489 0.02359 0.00431 ( 1)
 696 T   0.92664 0.04919 0.02272 0.00145 ( 1)
 697 W   0.93205 0.04559 0.02107 0.00129 ( 1)
 698 L   0.92133 0.05413 0.02292 0.00162 ( 1)
 699 A   0.47846 0.49330 0.01269 0.01556 ( 2)
 700 V   0.87344 0.10736 0.01634 0.00286 ( 1)
 701 W   0.93205 0.04559 0.02107 0.00129 ( 1)
 702 T   0.97233 0.01226 0.01512 0.00030 ( 1)
 703 P   0.84971 0.11968 0.02659 0.00401 ( 1)
 704 L   0.92863 0.04784 0.02212 0.00140 ( 1)
 705 P   0.96777 0.01238 0.01951 0.00034 ( 1)
 706 T   0.84745 0.13565 0.01356 0.00334 ( 1)
 707 R   0.93542 0.04477 0.01861 0.00120 ( 1)
 708 E   0.88522 0.08750 0.02454 0.00274 ( 1)
 709 Y   0.96511 0.01773 0.01672 0.00045 ( 1)
 710 Q   0.35028 0.62416 0.00771 0.01785 ( 2)
 711 R   0.96791 0.01498 0.01674 0.00038 ( 1)
 712 F   0.97638 0.00876 0.01464 0.00021 ( 1)
 713 P   0.96787 0.01228 0.01951 0.00033 ( 1)
 714 Q   0.75187 0.22558 0.01626 0.00629 ( 1)
 715 L   0.92863 0.04784 0.02212 0.00140 ( 1)
 716 V   0.95631 0.02017 0.02292 0.00060 ( 1)
 717 V   0.58698 0.29504 0.10544 0.01254 ( 1)
 718 L   0.91641 0.05898 0.02285 0.00176 ( 1)
 719 E   0.85319 0.12348 0.01973 0.00360 ( 1)
 720 C   0.96874 0.01462 0.01628 0.00036 ( 1)
 721 T   0.85215 0.11750 0.02644 0.00392 ( 1)
 722 E   0.96379 0.01829 0.01744 0.00047 ( 1)
 723 T   0.00406 0.93735 0.00154 0.05705 ( 2)
 724 N   0.88375 0.09994 0.01388 0.00243 ( 1)
 725 S   0.94697 0.03573 0.01639 0.00091 ( 1)
 726 L   0.92863 0.04784 0.02212 0.00140 ( 1)
 727 G   0.97161 0.01200 0.01610 0.00030 ( 1)
 728 F   0.97729 0.00789 0.01463 0.00019 ( 1)
 729 M   0.43654 0.54076 0.00811 0.01459 ( 2)
 730 L   0.92837 0.04809 0.02212 0.00141 ( 1)
 731 A   0.97621 0.00845 0.01513 0.00021 ( 1)
 732 F   0.97325 0.01180 0.01466 0.00028 ( 1)
 733 G   0.00499 0.93730 0.00152 0.05619 ( 2)
 734 Y   0.96706 0.01581 0.01673 0.00040 ( 1)
 735 N   0.92341 0.05318 0.02187 0.00154 ( 1)
 736 G   0.89783 0.08512 0.01492 0.00214 ( 1)
 737 L   0.97148 0.01208 0.01613 0.00031 ( 1)
 738 L   0.97229 0.01127 0.01615 0.00029 ( 1)
 739 S   0.96058 0.01954 0.01935 0.00053 ( 1)
 740 V   0.22071 0.75507 0.00373 0.02050 ( 2)
 741 S   0.96285 0.02083 0.01581 0.00052 ( 1)
 742 A   0.97522 0.00941 0.01514 0.00023 ( 1)
 743 F   0.93118 0.04626 0.02125 0.00131 ( 1)
 744 A   0.96861 0.01016 0.02095 0.00029 ( 1)
 745 C   0.96738 0.01596 0.01627 0.00039 ( 1)
 746 S   0.91256 0.07127 0.01444 0.00173 ( 1)
 747 Y   0.96706 0.01581 0.01673 0.00040 ( 1)
 748 L   0.72600 0.24920 0.01742 0.00739 ( 1)
 749 G   0.97124 0.01237 0.01609 0.00031 ( 1)
 750 K   0.95906 0.02262 0.01774 0.00058 ( 1)
 751 D   0.97557 0.00904 0.01517 0.00022 ( 1)
 752 L   0.92721 0.04909 0.02225 0.00145 ( 1)
 753 P   0.84971 0.11968 0.02659 0.00401 ( 1)
 754 E   0.96379 0.01829 0.01744 0.00047 ( 1)
 755 N   0.97423 0.01030 0.01523 0.00025 ( 1)
 756 Y   0.93849 0.03610 0.02432 0.00109 ( 1)
 757 N   0.91108 0.07287 0.01428 0.00177 ( 1)
 758 E   0.96379 0.01829 0.01744 0.00047 ( 1)
 759 A   0.97570 0.00895 0.01512 0.00022 ( 1)
 760 K   0.87573 0.09613 0.02508 0.00306 ( 1)
 761 C   0.91036 0.06480 0.02291 0.00193 ( 1)
 762 V   0.97564 0.00837 0.01578 0.00021 ( 1)
 763 T   0.97227 0.01229 0.01514 0.00030 ( 1)
 764 F   0.96920 0.01117 0.01933 0.00030 ( 1)
 765 G   0.56192 0.31626 0.10795 0.01387 ( 1)
 766 L   0.92845 0.04803 0.02211 0.00141 ( 1)
 767 L   0.97323 0.01035 0.01616 0.00026 ( 1)
 768 L   0.91168 0.06779 0.01863 0.00190 ( 1)
 769 N   0.89586 0.08416 0.01770 0.00228 ( 1)
 770 F   0.97638 0.00876 0.01464 0.00021 ( 1)
 771 V   0.54677 0.43125 0.01035 0.01164 ( 1)
 772 S   0.97141 0.01245 0.01583 0.00030 ( 1)
 773 W   0.93205 0.04559 0.02107 0.00129 ( 1)
 774 I   0.97900 0.00654 0.01430 0.00016 ( 1)
 775 A   0.68245 0.29935 0.01071 0.00749 ( 1)
 776 F   0.93074 0.05400 0.01396 0.00130 ( 1)
 777 F   0.97683 0.00834 0.01463 0.00020 ( 1)
 778 T   0.97455 0.01005 0.01515 0.00024 ( 1)
 779 V   0.11255 0.85624 0.00312 0.02810 ( 2)
 780 A   0.97532 0.00934 0.01512 0.00023 ( 1)
 781 S   0.90607 0.07770 0.01434 0.00189 ( 1)
 782 V   0.92902 0.05455 0.01505 0.00139 ( 1)
 783 Y   0.87774 0.10438 0.01524 0.00264 ( 1)
 784 Q   0.49075 0.48374 0.01143 0.01408 ( 1)
 785 G   0.90423 0.07878 0.01502 0.00198 ( 1)
 786 K   0.96055 0.02113 0.01777 0.00055 ( 1)
 787 Y   0.96484 0.01801 0.01670 0.00045 ( 1)
 788 L   0.72583 0.24937 0.01741 0.00739 ( 1)
 789 P   0.90689 0.07650 0.01471 0.00190 ( 1)
 790 A   0.83979 0.14109 0.01542 0.00370 ( 1)
 791 V   0.91180 0.07159 0.01478 0.00183 ( 1)
 792 N   0.96433 0.01922 0.01596 0.00048 ( 1)
 793 V   0.57219 0.40186 0.01381 0.01213 ( 1)
 794 L   0.76053 0.21489 0.01822 0.00636 ( 1)
 795 A   0.96320 0.02094 0.01535 0.00052 ( 1)
 796 V   0.01209 0.95182 0.00053 0.03556 ( 2)
 797 L   0.75694 0.21844 0.01814 0.00647 ( 1)
 798 S   0.97325 0.01112 0.01537 0.00027 ( 1)
 799 S   0.97325 0.01112 0.01537 0.00027 ( 1)
 800 L   0.92856 0.04792 0.02212 0.00141 ( 1)
 801 S   0.91317 0.07066 0.01445 0.00171 ( 1)
 802 S   0.97070 0.01362 0.01535 0.00033 ( 1)
 803 G   0.97161 0.01200 0.01610 0.00030 ( 1)
 804 F   0.97729 0.00789 0.01463 0.00019 ( 1)
 805 S   0.84689 0.13410 0.01550 0.00350 ( 1)
 806 G   0.95907 0.01962 0.02075 0.00055 ( 1)
 807 Y   0.90229 0.07194 0.02359 0.00219 ( 1)
 808 F   0.96606 0.01862 0.01487 0.00045 ( 1)
 809 L   0.96185 0.02148 0.01612 0.00055 ( 1)
 810 P   0.97190 0.01207 0.01572 0.00030 ( 1)
 811 K   0.95849 0.02316 0.01775 0.00060 ( 1)
 812 C   0.96874 0.01462 0.01628 0.00036 ( 1)
 813 Y   0.92590 0.04845 0.02417 0.00147 ( 1)
 814 V   0.95902 0.02247 0.01792 0.00060 ( 1)
 815 I   0.97900 0.00654 0.01430 0.00016 ( 1)
 816 V   0.73052 0.06466 0.20129 0.00354 ( 1)
 817 C   0.89199 0.09072 0.01503 0.00226 ( 1)
 818 R   0.96463 0.01820 0.01671 0.00046 ( 1)
 819 P   0.54755 0.42768 0.01238 0.01240 ( 1)
 820 D   0.95629 0.02121 0.02190 0.00060 ( 1)
 821 L   0.96688 0.01646 0.01623 0.00042 ( 1)
 822 N   0.97315 0.01135 0.01523 0.00027 ( 1)
 823 S   0.91295 0.07088 0.01445 0.00172 ( 1)
 824 T   0.87085 0.10503 0.02101 0.00311 ( 1)
 825 E   0.96379 0.01829 0.01744 0.00047 ( 1)
 826 H   0.97237 0.01151 0.01584 0.00028 ( 1)
 827 F   0.97232 0.00901 0.01843 0.00024 ( 1)
 828 Q   0.94190 0.03685 0.02023 0.00102 ( 1)
 829 A   0.97610 0.00856 0.01513 0.00021 ( 1)
 830 S   0.97141 0.01245 0.01583 0.00030 ( 1)
 831 I   0.96859 0.01643 0.01458 0.00040 ( 1)
 832 Q   0.94190 0.03685 0.02023 0.00102 ( 1)
 833 D   0.92454 0.05956 0.01443 0.00147 ( 1)
 834 Y   0.96706 0.01581 0.01673 0.00040 ( 1)
 835 T   0.95926 0.02250 0.01766 0.00058 ( 1)
 836 R   0.95797 0.02329 0.01813 0.00061 ( 1)
 837 R   0.89000 0.09222 0.01544 0.00234 ( 1)
 838 W   0.04927 0.85254 0.03415 0.06403 ( 2)
 839 G   0.14285 0.83293 0.00244 0.02177 ( 2)
 840 S   0.87704 0.10600 0.01434 0.00262 ( 1)
 841 T   0.97011 0.01445 0.01509 0.00035 ( 1)

