

TREE # 1

  0  0.0000  10761.433634  x:  0.26385   0.11577   0.08596   0.00000   0.06063   0.05075   0.04950   0.04981   0.05520   0.02619   0.00368   0.00258   0.00477   0.02271   0.00778   0.00197   0.00852   0.00766   0.00524   0.00418   0.00162   0.00718   0.00615   0.00626   0.01824   0.14125   0.01212   0.02718   0.01864   0.01586   0.00123   0.00887   0.00574   0.00380   0.00237   0.05365   0.19416   0.06079   0.10998   0.00040   0.10813   0.08203   3.00000   1.16374   0.04304   0.25098  
  1 99.0000  10750.538909  x:  0.26400   0.11621   0.08621   0.00459   0.06083   0.05082   0.04975   0.05019   0.05553   0.02612   0.00375   0.00247   0.00571   0.02288   0.00845   0.00034   0.00895   0.00761   0.00573   0.00392   0.00000   0.00685   0.00671   0.00676   0.01864   0.14144   0.01210   0.02712   0.01886   0.01595   0.00158   0.00875   0.00652   0.00438   0.00152   0.05446   0.19429   0.06126   0.11023   0.00827   0.10820   0.08258   3.00013   1.16387   0.04291   0.24910  
  2 3115.6305  10749.268543  x:  0.26407   0.11640   0.08632   0.00541   0.06091   0.05084   0.04984   0.05035   0.05568   0.02608   0.00377   0.00244   0.00601   0.02295   0.00870   0.00150   0.00912   0.00759   0.00589   0.00384   0.00119   0.00673   0.00690   0.00695   0.01881   0.14153   0.01209   0.02710   0.01895   0.01599   0.00157   0.00871   0.00678   0.00455   0.00133   0.05482   0.19434   0.06144   0.11033   0.01009   0.10821   0.08280   3.00018   1.16393   0.04286   0.24825  
  3 3336.3099  10743.291680  x:  0.26475   0.11816   0.08720   0.00245   0.06148   0.05088   0.05041   0.05188   0.05705   0.02574   0.00386   0.00254   0.00746   0.02356   0.01031   0.00139   0.01022   0.00751   0.00663   0.00360   0.00119   0.00598   0.00793   0.00792   0.02025   0.14237   0.01200   0.02694   0.01973   0.01631   0.00000   0.00854   0.00804   0.00516   0.00228   0.05805   0.19487   0.06284   0.11097   0.01184   0.10814   0.08456   3.00072   1.16447   0.04234   0.24035  
  4 965.4723  10739.121302  x:  0.26532   0.11962   0.08793   0.00000   0.06196   0.05091   0.05088   0.05314   0.05817   0.02545   0.00393   0.00261   0.00858   0.02405   0.01159   0.00130   0.01109   0.00744   0.00720   0.00343   0.00119   0.00541   0.00873   0.00868   0.02141   0.14306   0.01192   0.02680   0.02038   0.01659   0.00054   0.00842   0.00902   0.00563   0.00291   0.06071   0.19530   0.06398   0.11150   0.01311   0.10808   0.08600   3.00116   1.16493   0.04191   0.23379  
  5 18736.3086  10703.085254  x:  0.27296   0.13832   0.09756   0.00699   0.06844   0.05200   0.05762   0.06873   0.07214   0.02185   0.00377   0.00241   0.01456   0.02922   0.02135   0.00043   0.01747   0.00728   0.00915   0.00485   0.00146   0.00409   0.01293   0.01271   0.03406   0.15230   0.01066   0.02540   0.02726   0.01946   0.00149   0.00809   0.01392   0.00569   0.00047   0.09404   0.20107   0.07792   0.11795   0.00423   0.10700   0.10402   3.00707   1.17090   0.03624   0.14637  
  6 3459.8634  10698.573820  x:  0.27503   0.14282   0.09981   0.00870   0.06988   0.05231   0.05900   0.07200   0.07509   0.02144   0.00383   0.00246   0.01386   0.02971   0.02151   0.00043   0.01717   0.00751   0.00822   0.00452   0.00170   0.00629   0.01209   0.01191   0.03585   0.15470   0.01031   0.02535   0.02799   0.01963   0.00198   0.00849   0.01303   0.00505   0.00672   0.10159   0.20262   0.08109   0.11961   0.00386   0.10682   0.10825   3.00866   1.17242   0.03481   0.12371  
  7 5304.0140  10687.600617  x:  0.27806   0.14808   0.10219   0.00525   0.07114   0.05262   0.05982   0.07461   0.07752   0.02217   0.00404   0.00266   0.00901   0.02859   0.01728   0.00043   0.01315   0.00801   0.00517   0.00301   0.00187   0.00828   0.00779   0.00781   0.03511   0.15793   0.00992   0.02593   0.02672   0.01862   0.00131   0.00860   0.00821   0.00290   0.00358   0.10938   0.20484   0.08431   0.12178   0.00718   0.10680   0.11288   3.01097   1.17430   0.03304   0.09459  
  8 2513.0083  10686.233133  x:  0.27883   0.14901   0.10248   0.00491   0.07116   0.05263   0.05969   0.07456   0.07751   0.02260   0.00379   0.00227   0.00787   0.02793   0.01542   0.00045   0.01196   0.00782   0.00624   0.00455   0.00185   0.00779   0.00756   0.00760   0.03399   0.15862   0.00989   0.02610   0.02585   0.01820   0.00124   0.00861   0.00770   0.00580   0.00334   0.11041   0.20535   0.08461   0.12214   0.00742   0.10679   0.11350   3.01160   1.17465   0.03272   0.08952  
  9 1015.8112  10685.391657  x:  0.27984   0.14976   0.10249   0.00512   0.07084   0.05254   0.05919   0.07376   0.07684   0.02324   0.00383   0.00309   0.00787   0.02690   0.01307   0.00053   0.01125   0.00740   0.00755   0.00382   0.00178   0.00634   0.00885   0.00884   0.03171   0.15937   0.01000   0.02622   0.02442   0.01772   0.00129   0.00887   0.00886   0.00529   0.00353   0.11075   0.20594   0.08442   0.12235   0.00720   0.10672   0.11368   3.01249   1.17494   0.03246   0.08630  
 10 422.8732  10685.159668  x:  0.28035   0.15009   0.10246   0.00511   0.07063   0.05246   0.05891   0.07328   0.07644   0.02340   0.00380   0.00208   0.00832   0.02658   0.01266   0.00056   0.01147   0.00741   0.00742   0.00397   0.00173   0.00629   0.00916   0.00913   0.03065   0.15971   0.01009   0.02621   0.02391   0.01763   0.00129   0.00882   0.00926   0.00494   0.00354   0.11085   0.20622   0.08426   0.12242   0.00716   0.10666   0.11370   3.01299   1.17506   0.03235   0.08546  
 11 327.2733  10684.885780  x:  0.28153   0.15084   0.10234   0.00510   0.07014   0.05226   0.05828   0.07220   0.07554   0.02352   0.00381   0.00259   0.00943   0.02618   0.01281   0.00064   0.01242   0.00763   0.00662   0.00462   0.00165   0.00686   0.00927   0.00922   0.02855   0.16045   0.01031   0.02612   0.02316   0.01765   0.00130   0.00852   0.00966   0.00502   0.00342   0.11105   0.20686   0.08386   0.12252   0.00711   0.10651   0.11370   3.01418   1.17531   0.03214   0.08438  
 12 289.9382  10684.689047  x:  0.28289   0.15172   0.10224   0.00524   0.06964   0.05204   0.05770   0.07112   0.07469   0.02326   0.00380   0.00248   0.00971   0.02618   0.01377   0.00069   0.01302   0.00758   0.00684   0.00365   0.00158   0.00677   0.00896   0.00892   0.02694   0.16125   0.01051   0.02598   0.02301   0.01784   0.00132   0.00851   0.00941   0.00554   0.00340   0.11137   0.20757   0.08342   0.12260   0.00694   0.10631   0.11372   3.01565   1.17559   0.03189   0.08385  
 13 221.0990  10684.515304  x:  0.28469   0.15290   0.10217   0.00526   0.06910   0.05181   0.05713   0.06990   0.07381   0.02276   0.00385   0.00251   0.00928   0.02647   0.01487   0.00075   0.01301   0.00738   0.00743   0.00427   0.00153   0.00626   0.00879   0.00877   0.02584   0.16224   0.01066   0.02583   0.02337   0.01806   0.00132   0.00879   0.00905   0.00495   0.00352   0.11188   0.20849   0.08289   0.12269   0.00702   0.10604   0.11377   3.01773   1.17598   0.03156   0.08369  
 14 226.4341  10684.249148  x:  0.28844   0.15534   0.10215   0.00522   0.06832   0.05151   0.05645   0.06793   0.07266   0.02217   0.00359   0.00247   0.00830   0.02710   0.01518   0.00079   0.01187   0.00763   0.00687   0.00416   0.00148   0.00691   0.00954   0.00951   0.02584   0.16412   0.01069   0.02571   0.02454   0.01812   0.00129   0.00862   0.00950   0.00514   0.00340   0.11308   0.21036   0.08193   0.12283   0.00709   0.10552   0.11393   3.02240   1.17682   0.03084   0.08419  
 15 197.0835  10683.986007  x:  0.29288   0.15813   0.10226   0.00529   0.06780   0.05141   0.05614   0.06612   0.07191   0.02248   0.00484   0.00244   0.00890   0.02741   0.01415   0.00081   0.01163   0.00756   0.00666   0.00414   0.00147   0.00661   0.00920   0.00915   0.02712   0.16618   0.01055   0.02577   0.02526   0.01793   0.00130   0.00852   0.00953   0.00531   0.00347   0.11443   0.21254   0.08089   0.12297   0.00707   0.10501   0.11412   3.02844   1.17789   0.02994   0.08516  
 16 301.7206  10683.721619  x:  0.29710   0.16067   0.10244   0.00530   0.06751   0.05144   0.05607   0.06469   0.07146   0.02305   0.00370   0.00253   0.00957   0.02745   0.01305   0.00081   0.01198   0.00749   0.00691   0.00413   0.00148   0.00643   0.00870   0.00866   0.02853   0.16801   0.01037   0.02590   0.02545   0.01775   0.00130   0.00859   0.00932   0.00519   0.00354   0.11559   0.21457   0.07997   0.12310   0.00712   0.10461   0.11427   3.03450   1.17895   0.02904   0.08618  
 17 655.9290  10683.512776  x:  0.30064   0.16236   0.10279   0.00521   0.06796   0.05187   0.05670   0.06449   0.07184   0.02369   0.00398   0.00250   0.00874   0.02674   0.01315   0.00076   0.01297   0.00767   0.00755   0.00412   0.00152   0.00726   0.00904   0.00906   0.02938   0.16913   0.01021   0.02611   0.02395   0.01786   0.00130   0.00893   0.00881   0.00508   0.00339   0.11598   0.21615   0.07939   0.12319   0.00720   0.10462   0.11425   3.04099   1.18003   0.02813   0.08710  
 18 212.8850  10683.293971  x:  0.30408   0.16359   0.10325   0.00526   0.06882   0.05247   0.05763   0.06502   0.07266   0.02394   0.00386   0.00250   0.00808   0.02601   0.01388   0.00070   0.01290   0.00752   0.00659   0.00415   0.00160   0.00630   0.00906   0.00905   0.02958   0.16988   0.01024   0.02633   0.02233   0.01803   0.00132   0.00874   0.00901   0.00522   0.00359   0.11581   0.21759   0.07900   0.12327   0.00720   0.10493   0.11411   3.04862   1.18125   0.02712   0.08794  
 19 312.9737  10682.935189  x:  0.30931   0.16462   0.10406   0.00515   0.07049   0.05336   0.05916   0.06683   0.07437   0.02344   0.00388   0.00251   0.00910   0.02559   0.01458   0.00057   0.01107   0.00754   0.00734   0.00420   0.00171   0.00698   0.00862   0.00852   0.02851   0.17036   0.01051   0.02653   0.02156   0.01805   0.00133   0.00836   0.00975   0.00505   0.00349   0.11443   0.21954   0.07872   0.12338   0.00714   0.10588   0.11366   3.06314   1.18348   0.02527   0.08893  
 20 337.8720  10682.282027  x:  0.31784   0.16505   0.10525   0.00498   0.07296   0.05420   0.06100   0.07056   0.07716   0.02225   0.00388   0.00253   0.00974   0.02631   0.01338   0.00050   0.01171   0.00789   0.00680   0.00414   0.00179   0.00666   0.00913   0.00927   0.02571   0.17024   0.01067   0.02654   0.02391   0.01768   0.00128   0.00970   0.00845   0.00532   0.00345   0.11063   0.22238   0.07874   0.12362   0.00725   0.10789   0.11268   3.09204   1.18777   0.02174   0.08990  
 21 533.7943  10681.844261  x:  0.32230   0.16443   0.10555   0.00497   0.07344   0.05387   0.06090   0.07236   0.07808   0.02282   0.00395   0.00252   0.00847   0.02713   0.01278   0.00055   0.01317   0.00709   0.00714   0.00416   0.00175   0.00679   0.00889   0.00877   0.02498   0.16958   0.01068   0.02628   0.02541   0.01783   0.00127   0.00799   0.00954   0.00515   0.00350   0.10776   0.22354   0.07912   0.12381   0.00730   0.10896   0.11216   3.11227   1.19064   0.01941   0.08986  
 22 592.4159  10680.851690  x:  0.33005   0.16117   0.10501   0.00518   0.07177   0.05144   0.05791   0.07456   0.07794   0.02614   0.00394   0.00251   0.00822   0.02837   0.01405   0.00077   0.01298   0.00962   0.00732   0.00417   0.00152   0.00633   0.00864   0.00843   0.02694   0.16692   0.01077   0.02551   0.02586   0.01867   0.00127   0.00912   0.01074   0.00518   0.00349   0.10089   0.22458   0.08083   0.12428   0.00713   0.11052   0.11146   3.16381   1.19762   0.01380   0.08841  
 23 673.8002  10679.844088  x:  0.33567   0.15792   0.10414   0.00531   0.06972   0.04956   0.05516   0.07566   0.07709   0.02663   0.00382   0.00249   0.00942   0.02859   0.01522   0.00093   0.01214   0.00668   0.00691   0.00417   0.00134   0.00679   0.00929   0.00946   0.02950   0.16433   0.01048   0.02531   0.02510   0.01878   0.00128   0.00918   0.00925   0.00523   0.00338   0.09565   0.22473   0.08270   0.12467   0.00700   0.11125   0.11131   3.21217   1.20401   0.00869   0.08713  
 24 1613.3175  10678.683568  x:  0.33929   0.15429   0.10277   0.00543   0.06750   0.04925   0.05361   0.07546   0.07526   0.02160   0.00379   0.00251   0.00986   0.02720   0.01497   0.00096   0.01269   0.00827   0.00739   0.00413   0.00131   0.00614   0.00965   0.00954   0.03208   0.16146   0.00969   0.02606   0.02360   0.01762   0.00134   0.00711   0.00831   0.00499   0.00355   0.09263   0.22338   0.08518   0.12488   0.00692   0.11070   0.11208   3.27038   1.21144   0.00282   0.08640  
 25 1177.2702  10677.726144  x:  0.34049   0.15152   0.10153   0.00530   0.06627   0.05017   0.05375   0.07452   0.07352   0.01838   0.00384   0.00250   0.00928   0.02590   0.01445   0.00087   0.01355   0.00743   0.00713   0.00411   0.00139   0.00661   0.00887   0.00855   0.03308   0.15932   0.00969   0.02652   0.02308   0.01716   0.00130   0.00954   0.01058   0.00525   0.00329   0.09224   0.22128   0.08721   0.12480   0.00696   0.10941   0.11316   3.32204   1.21788  -0.00224   0.08642  
 26 1753.1966  10672.878377  x:  0.33676   0.14108   0.09640   0.00497   0.06518   0.05830   0.06111   0.06742   0.06621   0.02274   0.00380   0.00246   0.00908   0.02294   0.01426   0.00000   0.01249   0.00749   0.00703   0.00409   0.00224   0.00644   0.00814   0.00967   0.02970   0.15167   0.01184   0.02644   0.02585   0.01888   0.00122   0.00861   0.00949   0.00513   0.00331   0.10100   0.20746   0.09512   0.12302   0.00699   0.10046   0.11940   3.56973   1.24808  -0.02579   0.08974  
 27 1847.5363  10672.216431  x:  0.33596   0.14083   0.09638   0.00495   0.06540   0.05809   0.06118   0.06717   0.06632   0.02284   0.00380   0.00246   0.00906   0.02360   0.01419   0.00000   0.01239   0.00747   0.00701   0.00409   0.00083   0.00645   0.00859   0.00919   0.02935   0.15160   0.01135   0.02625   0.02546   0.01860   0.00122   0.00866   0.00943   0.00513   0.00331   0.10184   0.20666   0.09514   0.12284   0.00701   0.10020   0.11950   3.58402   1.24975  -0.02708   0.09008  
 28 1764.0293  10670.608766  x:  0.33057   0.13933   0.09635   0.00487   0.06661   0.05598   0.06088   0.06545   0.06704   0.02349   0.00379   0.00245   0.00892   0.02788   0.01358   0.00000   0.01197   0.00737   0.00688   0.00407   0.00154   0.00650   0.01073   0.00691   0.02699   0.15131   0.00844   0.02497   0.02289   0.01685   0.00124   0.00890   0.00911   0.00516   0.00327   0.10706   0.20153   0.09487   0.12160   0.00715   0.09878   0.11989   3.67744   1.26069  -0.03549   0.09211  
 29 2976.4889  10668.740458  x:  0.32205   0.13944   0.09762   0.00486   0.06839   0.05080   0.05821   0.06441   0.06989   0.02282   0.00382   0.00245   0.00849   0.03129   0.01230   0.00000   0.01188   0.00748   0.00689   0.00404   0.00146   0.00648   0.00727   0.00982   0.02520   0.15297   0.01006   0.02437   0.02002   0.01584   0.00126   0.00879   0.00923   0.00514   0.00328   0.11303   0.19661   0.09197   0.11996   0.00739   0.09904   0.11851   3.77667   1.27196  -0.04408   0.09434  
 30 2709.5862  10667.000424  x:  0.31156   0.14103   0.09966   0.00493   0.06945   0.04620   0.05437   0.06410   0.07286   0.02230   0.00381   0.00244   0.00840   0.02768   0.01165   0.00000   0.01173   0.00743   0.00684   0.00401   0.00150   0.00644   0.00925   0.00786   0.02464   0.15622   0.01312   0.02617   0.02092   0.01827   0.00121   0.00871   0.00870   0.00513   0.00329   0.11740   0.19340   0.08654   0.11837   0.00761   0.10114   0.11510   3.86777   1.28190  -0.05155   0.09567  
 31 1922.2199  10665.916395  x:  0.30324   0.14307   0.10110   0.00498   0.06917   0.04603   0.05233   0.06423   0.07378   0.02280   0.00378   0.00243   0.00840   0.02364   0.01269   0.00000   0.01158   0.00739   0.00681   0.00401   0.00142   0.00642   0.00823   0.00864   0.02452   0.15910   0.00911   0.02645   0.02292   0.01743   0.00121   0.00874   0.00906   0.00511   0.00328   0.11856   0.19301   0.08158   0.11762   0.00768   0.10346   0.11161   3.92351   1.28760  -0.05573   0.09572  
 32 1420.1875  10664.993993  x:  0.29297   0.14637   0.10201   0.00493   0.06701   0.05100   0.05283   0.06436   0.07244   0.02272   0.00375   0.00242   0.00846   0.02472   0.01327   0.00000   0.01184   0.00733   0.00685   0.00401   0.00144   0.00636   0.00873   0.00839   0.02610   0.16265   0.01072   0.02417   0.02282   0.01533   0.00124   0.00865   0.00902   0.00508   0.00325   0.11651   0.19581   0.07570   0.11760   0.00776   0.10626   0.10697   3.97469   1.29214  -0.05884   0.09445  
 33 677.8788  10664.697005  x:  0.28880   0.14811   0.10200   0.00486   0.06622   0.05216   0.05391   0.06445   0.07152   0.02223   0.00376   0.00243   0.00865   0.02617   0.01273   0.00000   0.01182   0.00735   0.00686   0.00400   0.00144   0.00634   0.00852   0.00866   0.02643   0.16380   0.00987   0.02479   0.02226   0.01795   0.00120   0.00862   0.00903   0.00510   0.00323   0.11507   0.19801   0.07430   0.11793   0.00781   0.10685   0.10576   3.99164   1.29328  -0.05950   0.09403  
 34 489.6824  10664.402418  x:  0.28320   0.15152   0.10118   0.00487   0.06619   0.05019   0.05632   0.06475   0.07028   0.02262   0.00376   0.00242   0.00863   0.02657   0.01313   0.00000   0.01190   0.00734   0.00687   0.00401   0.00145   0.00635   0.00857   0.00866   0.02632   0.16458   0.01008   0.02716   0.02237   0.01683   0.00122   0.00866   0.00913   0.00510   0.00322   0.11246   0.20319   0.07543   0.11909   0.00773   0.10602   0.10644   4.00852   1.29338  -0.05906   0.09416  
 35 178.9526  10664.241107  x:  0.27994   0.15396   0.10058   0.00484   0.06676   0.04914   0.05666   0.06499   0.07015   0.02241   0.00376   0.00243   0.00862   0.02574   0.01287   0.00000   0.01183   0.00736   0.00687   0.00400   0.00144   0.00635   0.00857   0.00860   0.02619   0.16467   0.01008   0.02492   0.02238   0.01719   0.00121   0.00864   0.00905   0.00511   0.00322   0.11095   0.20677   0.07691   0.11981   0.00771   0.10508   0.10771   4.01759   1.29278  -0.05814   0.09459  
 36 175.8329  10664.168198  x:  0.27861   0.15541   0.10032   0.00487   0.06746   0.05056   0.05456   0.06479   0.07120   0.02254   0.00377   0.00243   0.00859   0.02591   0.01285   0.00000   0.01181   0.00737   0.00687   0.00401   0.00145   0.00635   0.00856   0.00860   0.02594   0.16409   0.01013   0.02541   0.02236   0.01721   0.00121   0.00866   0.00906   0.00511   0.00323   0.11027   0.20859   0.07781   0.11977   0.00768   0.10439   0.10903   4.02199   1.29133  -0.05650   0.09483  
 37 54.7413  10663.979344  x:  0.27921   0.15831   0.10205   0.00485   0.06553   0.05040   0.05584   0.06298   0.07368   0.02258   0.00377   0.00243   0.00860   0.02589   0.01293   0.00000   0.01184   0.00738   0.00688   0.00402   0.00145   0.00637   0.00858   0.00862   0.02573   0.15993   0.01018   0.02534   0.02251   0.01724   0.00121   0.00868   0.00908   0.00511   0.00323   0.10938   0.20969   0.07599   0.11693   0.00771   0.10472   0.11141   4.03499   1.27793  -0.04210   0.09349  
 38 25.2513  10663.426068  x:  0.28311   0.16277   0.10454   0.00485   0.07112   0.05047   0.05549   0.06451   0.06887   0.02272   0.00381   0.00245   0.00866   0.02625   0.01297   0.00000   0.01196   0.00746   0.00692   0.00405   0.00147   0.00645   0.00860   0.00868   0.02666   0.15673   0.01040   0.02564   0.02263   0.01738   0.00122   0.00876   0.00912   0.00513   0.00327   0.11003   0.21010   0.07532   0.11746   0.00767   0.10575   0.11075   4.07406   1.23347   0.00561   0.08983  
 39 122.9895  10662.851222  x:  0.28733   0.16298   0.10310   0.00495   0.06753   0.05150   0.05609   0.06706   0.07224   0.02321   0.00386   0.00247   0.00855   0.02630   0.01279   0.00000   0.01190   0.00756   0.00693   0.00409   0.00149   0.00658   0.00860   0.00865   0.02595   0.16266   0.01052   0.02597   0.02269   0.01751   0.00124   0.00889   0.00907   0.00515   0.00334   0.11193   0.21067   0.07935   0.12304   0.00754   0.10637   0.10914   4.11475   1.18613   0.05653   0.08748  
 40 272.5162  10662.761162  x:  0.28783   0.16020   0.10245   0.00494   0.06928   0.05147   0.05670   0.06533   0.07323   0.02313   0.00386   0.00247   0.00862   0.02641   0.01299   0.00000   0.01199   0.00757   0.00695   0.00410   0.00149   0.00658   0.00864   0.00870   0.02646   0.16610   0.01042   0.02592   0.02293   0.01758   0.00124   0.00889   0.00913   0.00515   0.00333   0.11091   0.21160   0.07883   0.12238   0.00750   0.10666   0.11086   4.12112   1.17879   0.06459   0.08646  
 41 68.7046  10662.745915  x:  0.28786   0.15914   0.10340   0.00494   0.06890   0.05153   0.05653   0.06616   0.07272   0.02318   0.00386   0.00247   0.00860   0.02642   0.01293   0.00000   0.01197   0.00757   0.00695   0.00410   0.00149   0.00659   0.00863   0.00869   0.02636   0.16692   0.01043   0.02596   0.02287   0.01757   0.00124   0.00890   0.00912   0.00515   0.00334   0.11122   0.21237   0.07867   0.12160   0.00751   0.10651   0.11181   4.12207   1.17779   0.06586   0.08659  
 42 15.1043  10662.729347  x:  0.28783   0.15745   0.10378   0.00494   0.06896   0.05148   0.05648   0.06573   0.07290   0.02318   0.00386   0.00247   0.00859   0.02639   0.01293   0.00000   0.01196   0.00757   0.00695   0.00410   0.00149   0.00659   0.00862   0.00868   0.02634   0.16608   0.01043   0.02596   0.02287   0.01757   0.00124   0.00890   0.00911   0.00515   0.00334   0.11243   0.21442   0.07857   0.12167   0.00753   0.10637   0.11075   4.12255   1.17804   0.06674   0.08651  
 43  3.3089  10662.622170  x:  0.28795   0.15604   0.10049   0.00495   0.06873   0.05136   0.05626   0.06685   0.07240   0.02327   0.00387   0.00247   0.00852   0.02633   0.01277   0.00000   0.01188   0.00757   0.00693   0.00409   0.00149   0.00660   0.00859   0.00864   0.02601   0.16441   0.01051   0.02600   0.02273   0.01753   0.00124   0.00890   0.00906   0.00515   0.00332   0.11396   0.21608   0.07577   0.12355   0.00753   0.10885   0.11279   4.12430   1.18302   0.07104   0.08694  
 44  3.6699  10658.165124  x:  0.29178   0.14897   0.08925   0.00362   0.06687   0.05002   0.05405   0.06841   0.06968   0.02379   0.00382   0.00243   0.00746   0.02465   0.01079   0.00000   0.01065   0.00743   0.00652   0.00386   0.00129   0.00645   0.00802   0.00791   0.02220   0.16213   0.01078   0.02602   0.02118   0.01676   0.00102   0.00884   0.00819   0.00506   0.00210   0.09012   0.21400   0.06251   0.11791   0.00971   0.09177   0.10198   4.18785   1.38936   0.23602   0.08911  
 45 31.6209  10655.268355  x:  0.29286   0.14579   0.09399   0.00266   0.06514   0.05066   0.05298   0.05845   0.06438   0.02464   0.00383   0.00243   0.00664   0.02363   0.00912   0.00000   0.00965   0.00739   0.00625   0.00371   0.00116   0.00644   0.00761   0.00738   0.01947   0.16178   0.01102   0.02626   0.01986   0.01633   0.00088   0.00890   0.00752   0.00504   0.00131   0.07582   0.21237   0.07032   0.11559   0.01046   0.10657   0.09824   4.23131   1.53034   0.34796   0.09375  
 46 817.4031  10655.246182  x:  0.29282   0.14551   0.09548   0.00264   0.06518   0.05068   0.05299   0.05795   0.06449   0.02465   0.00383   0.00243   0.00664   0.02363   0.00913   0.00000   0.00965   0.00739   0.00625   0.00371   0.00116   0.00644   0.00762   0.00738   0.01946   0.16162   0.01101   0.02627   0.01988   0.01633   0.00087   0.00890   0.00753   0.00504   0.00130   0.07533   0.21213   0.06969   0.11753   0.01044   0.10612   0.09883   4.23168   1.53145   0.34881   0.09386  
 47 18.1563  10655.244883  x:  0.29282   0.14551   0.09548   0.00264   0.06518   0.05068   0.05299   0.05795   0.06449   0.02465   0.00383   0.00243   0.00664   0.02363   0.00913   0.00007   0.00965   0.00739   0.00625   0.00371   0.00116   0.00644   0.00762   0.00738   0.01946   0.16162   0.01101   0.02627   0.01988   0.01633   0.00087   0.00890   0.00753   0.00504   0.00130   0.07533   0.21213   0.06969   0.11753   0.01044   0.10612   0.09883   4.23168   1.53145   0.34881   0.09386  
 48 42.6041  10654.821409  x:  0.29827   0.14353   0.09684   0.00290   0.06468   0.05091   0.05277   0.05725   0.06390   0.02469   0.00373   0.00243   0.00672   0.02386   0.01050   0.00012   0.00989   0.00737   0.00626   0.00377   0.00111   0.00619   0.00741   0.00749   0.02181   0.15957   0.01106   0.02646   0.02025   0.01644   0.00096   0.00854   0.00736   0.00486   0.00168   0.07852   0.21169   0.07182   0.11836   0.01062   0.10787   0.09877   4.29247   1.53030   0.35735   0.09793  
 49  0.0759  10654.751634  x:  0.29997   0.14357   0.09689   0.00271   0.06476   0.05106   0.05301   0.05803   0.06430   0.02481   0.00374   0.00243   0.00671   0.02388   0.01010   0.00016   0.00993   0.00744   0.00616   0.00373   0.00107   0.00627   0.00737   0.00745   0.02164   0.15889   0.01104   0.02650   0.02035   0.01639   0.00095   0.00853   0.00741   0.00479   0.00134   0.07967   0.21132   0.07211   0.11849   0.01090   0.10767   0.09926   4.32930   1.51153   0.33763   0.09883  
 50  0.0588  10654.735733  x:  0.29997   0.14385   0.09674   0.00276   0.06484   0.05109   0.05309   0.05818   0.06443   0.02485   0.00377   0.00243   0.00681   0.02390   0.01000   0.00021   0.00995   0.00746   0.00619   0.00371   0.00102   0.00616   0.00748   0.00748   0.02123   0.15899   0.01104   0.02646   0.02030   0.01639   0.00100   0.00852   0.00752   0.00476   0.00143   0.07879   0.21110   0.07208   0.11823   0.01108   0.10757   0.09937   4.35018   1.50731   0.33121   0.09928  
 51  0.0247  10654.726786  x:  0.29954   0.14396   0.09666   0.00274   0.06483   0.05103   0.05302   0.05795   0.06431   0.02485   0.00378   0.00244   0.00671   0.02384   0.01011   0.00028   0.00988   0.00742   0.00621   0.00369   0.00094   0.00619   0.00743   0.00744   0.02136   0.15935   0.01103   0.02645   0.02022   0.01641   0.00106   0.00856   0.00742   0.00477   0.00139   0.07862   0.21119   0.07186   0.11808   0.01136   0.10742   0.09932   4.36395   1.51514   0.33711   0.09900  
 52  0.0108  10654.721263  x:  0.29969   0.14377   0.09681   0.00277   0.06481   0.05105   0.05304   0.05797   0.06430   0.02483   0.00376   0.00243   0.00676   0.02387   0.01000   0.00036   0.00994   0.00744   0.00619   0.00372   0.00085   0.00622   0.00742   0.00747   0.02140   0.15927   0.01105   0.02646   0.02030   0.01640   0.00113   0.00855   0.00748   0.00478   0.00143   0.07920   0.21138   0.07194   0.11825   0.01156   0.10748   0.09929   4.36005   1.51689   0.34102   0.09869  
 53  0.0037  10654.718991  x:  0.29990   0.14379   0.09675   0.00275   0.06482   0.05107   0.05307   0.05813   0.06437   0.02481   0.00376   0.00243   0.00677   0.02389   0.01011   0.00043   0.00992   0.00744   0.00620   0.00372   0.00079   0.00622   0.00745   0.00748   0.02135   0.15910   0.01105   0.02646   0.02030   0.01639   0.00116   0.00853   0.00747   0.00477   0.00142   0.07888   0.21130   0.07202   0.11820   0.01165   0.10749   0.09931   4.35238   1.50919   0.33399   0.09873  
 54  0.0101  10654.718170  x:  0.29978   0.14388   0.09675   0.00273   0.06483   0.05106   0.05305   0.05803   0.06435   0.02482   0.00377   0.00243   0.00674   0.02386   0.01005   0.00047   0.00991   0.00744   0.00620   0.00371   0.00074   0.00618   0.00744   0.00746   0.02139   0.15916   0.01104   0.02647   0.02027   0.01639   0.00118   0.00852   0.00746   0.00476   0.00142   0.07890   0.21122   0.07196   0.11816   0.01166   0.10751   0.09932   4.34934   1.50789   0.33217   0.09887  
 55  0.0027  10654.717522  x:  0.29961   0.14384   0.09676   0.00271   0.06484   0.05105   0.05305   0.05799   0.06433   0.02485   0.00377   0.00243   0.00677   0.02388   0.01007   0.00054   0.00993   0.00744   0.00619   0.00371   0.00067   0.00620   0.00744   0.00747   0.02134   0.15928   0.01104   0.02646   0.02027   0.01640   0.00119   0.00853   0.00747   0.00476   0.00142   0.07898   0.21127   0.07191   0.11818   0.01158   0.10751   0.09928   4.34961   1.51447   0.33857   0.09896  
 56  0.0040  10654.717118  x:  0.29969   0.14384   0.09675   0.00269   0.06483   0.05106   0.05307   0.05808   0.06436   0.02484   0.00377   0.00243   0.00675   0.02388   0.01006   0.00059   0.00991   0.00744   0.00619   0.00372   0.00061   0.00620   0.00744   0.00747   0.02138   0.15922   0.01104   0.02646   0.02029   0.01640   0.00120   0.00853   0.00746   0.00476   0.00143   0.07892   0.21130   0.07197   0.11821   0.01151   0.10749   0.09931   4.35101   1.51352   0.33773   0.09890  
 57  0.0013  10654.717051  x:  0.29975   0.14384   0.09675   0.00269   0.06482   0.05106   0.05306   0.05804   0.06435   0.02483   0.00377   0.00243   0.00676   0.02387   0.01007   0.00061   0.00992   0.00744   0.00620   0.00371   0.00060   0.00620   0.00744   0.00747   0.02137   0.15917   0.01105   0.02646   0.02028   0.01639   0.00120   0.00853   0.00746   0.00476   0.00143   0.07893   0.21127   0.07197   0.11820   0.01150   0.10750   0.09931   4.35150   1.51081   0.33499   0.09886  
 58  0.0036  10654.717011  x:  0.29977   0.14384   0.09676   0.00270   0.06483   0.05106   0.05305   0.05803   0.06434   0.02482   0.00377   0.00243   0.00676   0.02388   0.01006   0.00063   0.00992   0.00744   0.00620   0.00371   0.00058   0.00620   0.00744   0.00747   0.02138   0.15919   0.01104   0.02646   0.02028   0.01639   0.00119   0.00853   0.00747   0.00476   0.00142   0.07890   0.21123   0.07196   0.11818   0.01150   0.10753   0.09931   4.35163   1.51139   0.33563   0.09885  
 59  0.0002  10654.716972  x:  0.29975   0.14384   0.09676   0.00270   0.06483   0.05106   0.05306   0.05805   0.06435   0.02482   0.00377   0.00243   0.00675   0.02387   0.01007   0.00065   0.00992   0.00744   0.00619   0.00371   0.00055   0.00620   0.00744   0.00747   0.02136   0.15920   0.01104   0.02646   0.02028   0.01640   0.00119   0.00853   0.00746   0.00476   0.00142   0.07893   0.21125   0.07197   0.11820   0.01151   0.10752   0.09931   4.35143   1.51166   0.33589   0.09886  
 60  0.0002  10654.716967  x:  0.29974   0.14384   0.09676   0.00270   0.06483   0.05106   0.05306   0.05804   0.06435   0.02482   0.00377   0.00243   0.00675   0.02387   0.01007   0.00065   0.00992   0.00744   0.00620   0.00371   0.00055   0.00620   0.00744   0.00747   0.02137   0.15919   0.01105   0.02646   0.02028   0.01640   0.00119   0.00853   0.00747   0.00476   0.00142   0.07892   0.21127   0.07197   0.11820   0.01151   0.10751   0.09931   4.35136   1.51132   0.33552   0.09886  
 61  0.0006  10654.716966  x:  0.29975   0.14384   0.09675   0.00270   0.06483   0.05106   0.05306   0.05804   0.06435   0.02483   0.00377   0.00243   0.00675   0.02387   0.01007   0.00065   0.00992   0.00744   0.00620   0.00371   0.00055   0.00620   0.00744   0.00747   0.02137   0.15918   0.01105   0.02646   0.02028   0.01640   0.00119   0.00853   0.00746   0.00476   0.00142   0.07892   0.21127   0.07197   0.11820   0.01151   0.10751   0.09931   4.35137   1.51126   0.33547   0.09886  
 62  0.0001  10654.716966  x:  0.29975   0.14384   0.09676   0.00270   0.06483   0.05106   0.05306   0.05804   0.06435   0.02483   0.00377   0.00243   0.00675   0.02387   0.01007   0.00065   0.00992   0.00744   0.00620   0.00371   0.00055   0.00620   0.00744   0.00747   0.02137   0.15919   0.01105   0.02646   0.02028   0.01640   0.00119   0.00853   0.00746   0.00476   0.00142   0.07892   0.21127   0.07197   0.11820   0.01151   0.10751   0.09931   4.35138   1.51128   0.33549   0.09886  
 63  0.0000  10654.716966  x:  0.29975   0.14384   0.09676   0.00270   0.06483   0.05106   0.05306   0.05804   0.06435   0.02483   0.00377   0.00243   0.00675   0.02387   0.01007   0.00065   0.00992   0.00744   0.00620   0.00371   0.00055   0.00620   0.00744   0.00747   0.02137   0.15919   0.01105   0.02646   0.02028   0.01640   0.00119   0.00853   0.00746   0.00476   0.00142   0.07892   0.21127   0.07197   0.11820   0.01151   0.10751   0.09931   4.35138   1.51127   0.33549   0.09886  
 64  0.0000  10654.716966  x:  0.29975   0.14384   0.09676   0.00270   0.06483   0.05106   0.05306   0.05804   0.06435   0.02483   0.00377   0.00243   0.00675   0.02387   0.01007   0.00065   0.00992   0.00744   0.00620   0.00371   0.00055   0.00620   0.00744   0.00747   0.02137   0.15919   0.01105   0.02646   0.02028   0.01640   0.00119   0.00853   0.00746   0.00476   0.00142   0.07892   0.21127   0.07197   0.11820   0.01151   0.10751   0.09931   4.35137   1.51127   0.33549   0.09886  