Supplemental results for CODEML (seqf: Human_TAS1R1_breaks2_2nd_attempt.txt  treef: TAS1R1_revised_tree_following_error_message.txt)


MLEs of dN/dS (w) for site classes (K=4)

site class             0        1       2a       2b
proportion       0.73389  0.22397  0.03229  0.00985
background w     0.09836  1.00000  0.09836  1.00000
foreground w     0.09836  1.00000  3.02159  3.02159

Naive Empirical Bayes (NEB) probabilities for 4 classes
(amino acids refer to 1st sequence: 1.Tarsier)

   1 M   0.97192 0.00747 0.02041 0.00020 ( 1)
   2 F   0.65263 0.31676 0.01980 0.01081 ( 1)
   3 H   0.45732 0.51839 0.01001 0.01428 ( 2)
   4 H   0.00035 0.96875 0.00001 0.03089 ( 2)
   5 V   0.00001 0.96204 0.00000 0.03795 ( 2)
   6 A   0.60988 0.35857 0.01906 0.01249 ( 1)
   7 H   0.00575 0.96696 0.00013 0.02716 ( 2)
   8 L   0.92678 0.04354 0.02818 0.00149 ( 1)
   9 V   0.41420 0.55565 0.01188 0.01827 ( 2)
  10 G   0.88001 0.09750 0.01976 0.00273 ( 1)
  11 L   0.92029 0.05001 0.02799 0.00171 ( 1)
  12 Q   0.91995 0.04612 0.03220 0.00173 ( 1)
  13 L   0.91329 0.05565 0.02909 0.00196 ( 1)
  14 S   0.04880 0.92384 0.00113 0.02623 ( 2)
  15 I   0.57681 0.39293 0.01707 0.01318 ( 1)
  16 S   0.55269 0.06272 0.37935 0.00524 ( 1)
  17 C   0.85521 0.12140 0.01993 0.00346 ( 1)
  18 C   0.96379 0.01336 0.02247 0.00038 ( 1)
  19 W   0.66144 0.30834 0.01981 0.01042 ( 1)
  20 A   0.95441 0.01749 0.02752 0.00058 ( 1)
  21 F   0.77555 0.19921 0.01929 0.00595 ( 1)
  22 S   0.45457 0.52136 0.00987 0.01420 ( 2)
  23 C   0.96409 0.01307 0.02247 0.00037 ( 1)
  24 H   0.96081 0.01589 0.02284 0.00046 ( 1)
  25 N   0.07253 0.85823 0.02376 0.04548 ( 2)
  26 T   0.01409 0.95649 0.00036 0.02906 ( 2)
  27 E   0.81236 0.16289 0.01993 0.00482 ( 1)
  28 F   0.03344 0.93811 0.00081 0.02764 ( 2)
  29 S   0.90517 0.06313 0.02944 0.00226 ( 1)
  30 P   0.93458 0.04201 0.02218 0.00122 ( 1)
  31 D   0.56479 0.04593 0.38543 0.00385 ( 1)
  32 F   0.97310 0.00674 0.01997 0.00018 ( 1)
  33 S   0.88307 0.09503 0.01931 0.00260 ( 1)
  34 L   0.96839 0.01014 0.02119 0.00028 ( 1)
  35 P   0.76574 0.20351 0.02371 0.00705 ( 1)
  36 G   0.94592 0.02677 0.02644 0.00087 ( 1)
  37 N   0.67374 0.29569 0.02047 0.01010 ( 1)
  38 Y   0.96285 0.01389 0.02286 0.00040 ( 1)
  39 L   0.96816 0.01035 0.02121 0.00029 ( 1)
  40 L   0.92395 0.04531 0.02915 0.00159 ( 1)
  41 A   0.39718 0.56584 0.01479 0.02219 ( 2)
  42 G   0.96651 0.01146 0.02170 0.00032 ( 1)
  43 F   0.18123 0.78634 0.00551 0.02692 ( 2)
  44 F   0.97305 0.00680 0.01997 0.00018 ( 1)
  45 P   0.58223 0.38544 0.01866 0.01367 ( 1)
  46 L   0.96934 0.00920 0.02121 0.00025 ( 1)
  47 H   0.92282 0.04671 0.02884 0.00163 ( 1)
  48 G   0.12165 0.84494 0.00383 0.02958 ( 2)
  49 D   0.27169 0.69508 0.00869 0.02455 ( 2)
  50 C   0.10270 0.71491 0.10431 0.07807 ( 2)
  51 L   0.64617 0.32311 0.01965 0.01107 ( 1)
  52 Q   0.93775 0.03434 0.02679 0.00112 ( 1)
  53 V   0.96124 0.01478 0.02354 0.00044 ( 1)
  54 R   0.92277 0.04153 0.03408 0.00162 ( 1)
  55 H   0.37616 0.45478 0.14389 0.02518 ( 2)
  56 R   0.86003 0.10463 0.03130 0.00404 ( 1)
  57 P   0.95496 0.01617 0.02833 0.00054 ( 1)
  58 E   0.95887 0.01710 0.02353 0.00051 ( 1)
  59 V   0.96041 0.01561 0.02352 0.00046 ( 1)
  60 T   0.80899 0.16907 0.01736 0.00458 ( 1)
  61 L   0.93428 0.03607 0.02841 0.00123 ( 1)
  62 C   0.89783 0.07051 0.02915 0.00252 ( 1)
  63 D   0.96892 0.01031 0.02049 0.00028 ( 1)
  64 R   0.94422 0.03049 0.02436 0.00093 ( 1)
  65 T   0.00036 0.96806 0.00001 0.03157 ( 2)
  66 C   0.03649 0.93477 0.00089 0.02785 ( 2)
  67 G   0.06051 0.91296 0.00133 0.02520 ( 2)
  68 F   0.97081 0.00903 0.01993 0.00024 ( 1)
  69 N   0.93509 0.04193 0.02178 0.00120 ( 1)
  70 G   0.26947 0.70443 0.00616 0.01993 ( 2)
  71 H   0.95737 0.01928 0.02279 0.00056 ( 1)
  72 G   0.82712 0.15011 0.01857 0.00420 ( 1)
  73 Y   0.38221 0.59159 0.00908 0.01712 ( 2)
  74 H   0.35178 0.62313 0.00782 0.01727 ( 2)
  75 L   0.87121 0.10659 0.01925 0.00294 ( 1)
  76 F   0.90983 0.06966 0.01868 0.00183 ( 1)
  77 Q   0.20086 0.76824 0.00574 0.02516 ( 2)
  78 A   0.25209 0.52683 0.17661 0.04448 ( 2)
  79 M   0.39173 0.58446 0.00823 0.01558 ( 2)
  80 R   0.72298 0.24880 0.02018 0.00803 ( 1)
  81 L   0.66638 0.30808 0.01628 0.00925 ( 1)
  82 S   0.00044 0.97280 0.00001 0.02676 ( 2)
  83 I   0.17080 0.79674 0.00511 0.02735 ( 2)
  84 E   0.17673 0.79540 0.00434 0.02354 ( 2)
  85 A   0.75024 0.22467 0.01843 0.00666 ( 1)
  86 I   0.92436 0.04654 0.02754 0.00157 ( 1)
  87 N   0.96702 0.01172 0.02094 0.00032 ( 1)
  88 N   0.96702 0.01172 0.02094 0.00032 ( 1)
  89 S   0.96377 0.01411 0.02173 0.00039 ( 1)
  90 T   0.94915 0.02627 0.02379 0.00079 ( 1)
  91 V   0.45932 0.51728 0.00960 0.01379 ( 2)
  92 L   0.91784 0.05245 0.02791 0.00180 ( 1)
  93 L   0.91760 0.05270 0.02790 0.00180 ( 1)
  94 P   0.96809 0.01035 0.02127 0.00028 ( 1)
  95 N   0.76742 0.20368 0.02218 0.00672 ( 1)
  96 V   0.09591 0.87648 0.00222 0.02539 ( 2)
  97 T   0.89340 0.08512 0.01917 0.00230 ( 1)
  98 L   0.51671 0.44620 0.01946 0.01764 ( 1)
  99 G   0.95477 0.01984 0.02478 0.00061 ( 1)
 100 Y   0.17800 0.78932 0.00547 0.02720 ( 2)
 101 E   0.00313 0.96756 0.00008 0.02923 ( 2)
 102 L   0.92490 0.04542 0.02813 0.00155 ( 1)
 103 Y   0.07790 0.89306 0.00198 0.02706 ( 2)
 104 D   0.93717 0.03811 0.02356 0.00116 ( 1)
 105 V   0.95618 0.01982 0.02341 0.00059 ( 1)
 106 C   0.95815 0.01897 0.02234 0.00054 ( 1)
 107 S   0.92444 0.04811 0.02589 0.00156 ( 1)
 108 E   0.83594 0.14011 0.01990 0.00406 ( 1)
 109 S   0.90213 0.06617 0.02934 0.00237 ( 1)
 110 A   0.96978 0.00969 0.02027 0.00026 ( 1)
 111 N   0.92384 0.04592 0.02865 0.00159 ( 1)
 112 V   0.95618 0.01982 0.02341 0.00059 ( 1)
 113 Y   0.89910 0.06848 0.02994 0.00249 ( 1)
 114 A   0.96863 0.01084 0.02024 0.00029 ( 1)
 115 T   0.94933 0.02609 0.02379 0.00078 ( 1)
 116 L   0.91784 0.05245 0.02791 0.00180 ( 1)
 117 S   0.08252 0.88049 0.00300 0.03399 ( 2)
 118 V   0.80569 0.16956 0.01973 0.00503 ( 1)
 119 L   0.96676 0.01176 0.02116 0.00032 ( 1)
 120 S   0.95959 0.01477 0.02518 0.00046 ( 1)
 121 L   0.13121 0.83872 0.00338 0.02669 ( 2)
 122 P   0.40801 0.55466 0.01538 0.02194 ( 2)
 123 G   0.95231 0.02229 0.02472 0.00068 ( 1)
 124 T   0.07092 0.89122 0.00267 0.03520 ( 2)
 125 R   0.00001 0.97298 0.00000 0.02701 ( 2)
 126 H   0.96513 0.01306 0.02145 0.00036 ( 1)
 127 I   0.92157 0.04932 0.02745 0.00166 ( 1)
 128 D   0.29612 0.67660 0.00727 0.02002 ( 2)
 129 I   0.88096 0.09870 0.01777 0.00257 ( 1)
 130 Q   0.89035 0.08025 0.02668 0.00272 ( 1)
 131 G   0.43242 0.52989 0.01653 0.02116 ( 2)
 132 D   0.83648 0.14166 0.01801 0.00385 ( 1)
 133 F   0.09923 0.73007 0.09487 0.07583 ( 2)
 134 L   0.96676 0.01176 0.02116 0.00032 ( 1)
 135 H   0.00456 0.96887 0.00010 0.02647 ( 2)
 136 Y   0.89815 0.06942 0.02991 0.00252 ( 1)
 137 S   0.03029 0.83752 0.03566 0.09652 ( 2)
 138 P   0.95101 0.02573 0.02252 0.00075 ( 1)
 139 K   0.77181 0.20252 0.01956 0.00612 ( 1)
 140 I   0.68874 0.28134 0.02045 0.00947 ( 1)
 141 V   0.71904 0.25479 0.01839 0.00778 ( 1)
 142 A   0.94350 0.03034 0.02521 0.00096 ( 1)
 143 V   0.95635 0.01965 0.02342 0.00058 ( 1)
 144 I   0.51903 0.45049 0.01536 0.01511 ( 1)
 145 G   0.79440 0.17946 0.02062 0.00552 ( 1)
 146 P   0.62149 0.34674 0.01961 0.01216 ( 1)
 147 D   0.35701 0.43600 0.17727 0.02971 ( 2)
 148 S   0.00025 0.97316 0.00001 0.02658 ( 2)
 149 T   0.88054 0.09695 0.01979 0.00271 ( 1)
 150 D   0.08590 0.88808 0.00186 0.02417 ( 2)
 151 H   0.00011 0.96495 0.00000 0.03494 ( 2)
 152 A   0.38455 0.22335 0.36870 0.02340 ( 1)
 153 A   0.73340 0.24475 0.01533 0.00652 ( 1)
 154 T   0.62513 0.35193 0.01342 0.00952 ( 1)
 155 T   0.07669 0.88885 0.00251 0.03195 ( 2)
 156 A   0.94378 0.02810 0.02720 0.00093 ( 1)
 157 A   0.86783 0.11102 0.01816 0.00299 ( 1)
 158 L   0.91372 0.05633 0.02801 0.00194 ( 1)
 159 L   0.92202 0.04829 0.02804 0.00165 ( 1)
 160 S   0.86074 0.11712 0.01893 0.00322 ( 1)
 161 P   0.90239 0.06634 0.02892 0.00235 ( 1)
 162 F   0.37839 0.59468 0.00936 0.01757 ( 2)
 163 L   0.91448 0.05475 0.02885 0.00192 ( 1)
 164 V   0.34181 0.63108 0.00838 0.01873 ( 2)
 165 P   0.96779 0.01065 0.02127 0.00029 ( 1)
 166 L   0.15686 0.81181 0.00452 0.02680 ( 2)
 167 I   0.97405 0.00651 0.01928 0.00017 ( 1)
 168 S   0.96890 0.00953 0.02130 0.00026 ( 1)
 169 Y   0.93416 0.04089 0.02371 0.00124 ( 1)
 170 E   0.00322 0.96562 0.00009 0.03107 ( 2)
 171 A   0.97238 0.00711 0.02032 0.00019 ( 1)
 172 S   0.96890 0.00953 0.02130 0.00026 ( 1)
 173 S   0.96823 0.01019 0.02130 0.00028 ( 1)
 174 T   0.00028 0.91802 0.00021 0.08148 ( 2)
 175 T   0.02229 0.94172 0.00077 0.03522 ( 2)
 176 L   0.95789 0.01341 0.02825 0.00045 ( 1)
 177 S   0.37037 0.44314 0.15958 0.02691 ( 2)
 178 V   0.00044 0.95038 0.00016 0.04901 ( 2)
 179 K   0.95633 0.01894 0.02416 0.00057 ( 1)
 180 R   0.21597 0.75367 0.00603 0.02433 ( 2)
 181 Q   0.38068 0.18430 0.41394 0.02108 ( 3)
 182 Y   0.90575 0.06184 0.03016 0.00225 ( 1)
 183 P   0.96918 0.00927 0.02130 0.00026 ( 1)
 184 S   0.91339 0.05494 0.02970 0.00196 ( 1)
 185 F   0.95942 0.01342 0.02673 0.00043 ( 1)
 186 L   0.92490 0.04542 0.02813 0.00155 ( 1)
 187 R   0.96296 0.01323 0.02341 0.00039 ( 1)
 188 T   0.97061 0.00834 0.02083 0.00023 ( 1)
 189 I   0.59695 0.03437 0.36603 0.00265 ( 1)
 190 P   0.96918 0.00927 0.02130 0.00026 ( 1)
 191 S   0.30288 0.66619 0.00883 0.02210 ( 2)
 192 D   0.97117 0.00805 0.02056 0.00022 ( 1)
 193 R   0.31240 0.65973 0.00790 0.01997 ( 2)
 194 H   0.06186 0.91062 0.00142 0.02610 ( 2)
 195 Q   0.93775 0.03434 0.02679 0.00112 ( 1)
 196 V   0.96041 0.01561 0.02352 0.00046 ( 1)
 197 E   0.95974 0.01623 0.02355 0.00048 ( 1)
 198 V   0.51520 0.46126 0.01106 0.01248 ( 1)
 199 M   0.90167 0.07734 0.01893 0.00206 ( 1)
 200 V   0.96041 0.01561 0.02352 0.00046 ( 1)
 201 L   0.63785 0.33139 0.01940 0.01136 ( 1)
 202 L   0.92490 0.04542 0.02813 0.00155 ( 1)
 203 L   0.92370 0.04554 0.02915 0.00161 ( 1)
 204 Q   0.01586 0.94799 0.00055 0.03560 ( 2)
 205 R   0.26888 0.70276 0.00691 0.02146 ( 2)
 206 F   0.97325 0.00660 0.01998 0.00017 ( 1)
 207 R   0.00034 0.91474 0.00027 0.08466 ( 2)
 208 W   0.92765 0.04312 0.02778 0.00146 ( 1)
 209 V   0.43174 0.54437 0.00915 0.01474 ( 2)
 210 W   0.92765 0.04312 0.02778 0.00146 ( 1)
 211 I   0.97515 0.00541 0.01930 0.00014 ( 1)
 212 S   0.91228 0.05510 0.03059 0.00203 ( 1)
 213 L   0.92490 0.04542 0.02813 0.00155 ( 1)
 214 V   0.20995 0.59970 0.14114 0.04922 ( 2)
 215 G   0.96764 0.01034 0.02173 0.00029 ( 1)
 216 S   0.96484 0.00998 0.02488 0.00031 ( 1)
 217 Y   0.00112 0.96323 0.00004 0.03561 ( 2)
 218 G   0.77353 0.19679 0.02303 0.00665 ( 1)
 219 D   0.97161 0.00764 0.02055 0.00020 ( 1)
 220 Y   0.93416 0.04089 0.02371 0.00124 ( 1)
 221 G   0.95502 0.01959 0.02479 0.00060 ( 1)
 222 Q   0.73851 0.23569 0.01867 0.00712 ( 1)
 223 Q   0.09270 0.74764 0.08449 0.07516 ( 2)
 224 G   0.43348 0.11366 0.44045 0.01241 ( 3)
 225 V   0.95800 0.01798 0.02348 0.00053 ( 1)
 226 Q   0.70668 0.26442 0.02020 0.00870 ( 1)
 227 A   0.62268 0.34498 0.01999 0.01235 ( 1)
 228 L   0.92673 0.04360 0.02818 0.00149 ( 1)
 229 E   0.04006 0.07124 0.87042 0.01827 ( 3)
 230 N   0.00781 0.96561 0.00017 0.02641 ( 2)
 231 Q   0.43165 0.16248 0.38952 0.01636 ( 1)
 232 A   0.97238 0.00711 0.02032 0.00019 ( 1)
 233 T   0.95628 0.02096 0.02216 0.00060 ( 1)
 234 D   0.00124 0.96850 0.00003 0.03024 ( 2)
 235 Q   0.68491 0.28084 0.02385 0.01040 ( 1)
 236 G   0.33799 0.62948 0.01048 0.02205 ( 2)
 237 I   0.92606 0.05422 0.01833 0.00140 ( 1)
 238 C   0.96439 0.01277 0.02247 0.00036 ( 1)
 239 I   0.93051 0.04059 0.02754 0.00136 ( 1)
 240 A   0.92409 0.04975 0.02460 0.00156 ( 1)
 241 F   0.97325 0.00660 0.01998 0.00017 ( 1)
 242 K   0.95633 0.01894 0.02416 0.00057 ( 1)
 243 D   0.90091 0.07794 0.01906 0.00210 ( 1)
 244 I   0.03845 0.05406 0.89195 0.01554 ( 3)
 245 V   0.82764 0.14832 0.01971 0.00432 ( 1)
 246 P   0.96685 0.01159 0.02125 0.00032 ( 1)
 247 L   0.90442 0.07505 0.01856 0.00197 ( 1)
 248 S   0.57934 0.39165 0.01629 0.01271 ( 1)
 249 A   0.97238 0.00711 0.02032 0.00019 ( 1)
 250 R   0.00017 0.93085 0.00012 0.06887 ( 2)
 251 V   0.95530 0.02069 0.02339 0.00061 ( 1)
 252 G   0.93997 0.03068 0.02831 0.00104 ( 1)
 253 D   0.92841 0.04195 0.02821 0.00143 ( 1)
 254 E   0.34479 0.62805 0.00847 0.01869 ( 2)
 255 R   0.76059 0.21364 0.01930 0.00647 ( 1)
 256 M   0.97192 0.00747 0.02041 0.00020 ( 1)
 257 Q   0.70745 0.26370 0.02021 0.00864 ( 1)
 258 G   0.00390 0.96581 0.00012 0.03017 ( 2)
 259 M   0.06456 0.82960 0.04048 0.06536 ( 2)
 260 M   0.97192 0.00747 0.02041 0.00020 ( 1)
 261 N   0.00050 0.92244 0.00035 0.07670 ( 2)
 262 R   0.07651 0.89639 0.00171 0.02539 ( 2)
 263 L   0.92490 0.04542 0.02813 0.00155 ( 1)
 264 A   0.91091 0.06824 0.01904 0.00182 ( 1)
 265 R   0.02103 0.94734 0.00060 0.03103 ( 2)
 266 A   0.97094 0.00854 0.02029 0.00023 ( 1)
 267 G   0.00391 0.96600 0.00010 0.02998 ( 2)
 268 T   0.89621 0.08248 0.01910 0.00222 ( 1)
 269 T   0.81299 0.15784 0.02390 0.00527 ( 1)
 270 V   0.96670 0.00928 0.02374 0.00028 ( 1)
 271 V   0.96041 0.01561 0.02352 0.00046 ( 1)
 272 V   0.30935 0.65721 0.00978 0.02366 ( 2)
 273 V   0.92531 0.04864 0.02454 0.00152 ( 1)
 274 F   0.96167 0.01658 0.02130 0.00046 ( 1)
 275 S   0.96713 0.01076 0.02181 0.00030 ( 1)
 276 S   0.00507 0.96303 0.00016 0.03175 ( 2)
 277 R   0.09117 0.78084 0.07206 0.05593 ( 2)
 278 R   0.00022 0.90941 0.00019 0.09018 ( 2)
 279 L   0.08129 0.88131 0.00300 0.03439 ( 2)
 280 A   0.97238 0.00711 0.02032 0.00019 ( 1)
 281 R   0.79506 0.17894 0.02052 0.00548 ( 1)
 282 V   0.96041 0.01561 0.02352 0.00046 ( 1)
 283 F   0.96695 0.01133 0.02141 0.00031 ( 1)
 284 F   0.97015 0.00966 0.01993 0.00025 ( 1)
 285 E   0.95974 0.01623 0.02355 0.00048 ( 1)
 286 S   0.96222 0.01565 0.02170 0.00044 ( 1)
 287 V   0.96041 0.01561 0.02352 0.00046 ( 1)
 288 V   0.96041 0.01561 0.02352 0.00046 ( 1)
 289 L   0.92419 0.04612 0.02810 0.00158 ( 1)
 290 A   0.90977 0.06881 0.01954 0.00188 ( 1)
 291 N   0.89547 0.08286 0.01941 0.00227 ( 1)
 292 L   0.64655 0.32274 0.01966 0.01105 ( 1)
 293 T   0.91745 0.05585 0.02493 0.00177 ( 1)
 294 G   0.96764 0.01034 0.02173 0.00029 ( 1)
 295 K   0.95633 0.01894 0.02416 0.00057 ( 1)
 296 V   0.96041 0.01561 0.02352 0.00046 ( 1)
 297 W   0.92765 0.04312 0.02778 0.00146 ( 1)
 298 I   0.44954 0.52773 0.00899 0.01375 ( 2)
 299 A   0.97238 0.00711 0.02032 0.00019 ( 1)
 300 S   0.84479 0.11778 0.03269 0.00474 ( 1)
 301 E   0.89022 0.07590 0.03104 0.00284 ( 1)
 302 D   0.48051 0.49622 0.01004 0.01323 ( 2)
 303 W   0.92765 0.04312 0.02778 0.00146 ( 1)
 304 A   0.89936 0.07972 0.01879 0.00213 ( 1)
 305 I   0.90256 0.07722 0.01820 0.00201 ( 1)
 306 S   0.96713 0.01076 0.02181 0.00030 ( 1)
 307 R   0.04202 0.92250 0.00143 0.03404 ( 2)
 308 H   0.87400 0.10370 0.01942 0.00287 ( 1)
 309 I   0.97515 0.00541 0.01930 0.00014 ( 1)
 310 T   0.62368 0.34441 0.01980 0.01211 ( 1)
 311 G   0.26816 0.70304 0.00697 0.02183 ( 2)
 312 V   0.95546 0.01811 0.02585 0.00057 ( 1)
 313 P   0.95208 0.01854 0.02876 0.00063 ( 1)
 314 G   0.95324 0.02137 0.02474 0.00066 ( 1)
 315 I   0.97515 0.00541 0.01930 0.00014 ( 1)
 316 Q   0.18292 0.78610 0.00523 0.02575 ( 2)
 317 G   0.40719 0.56750 0.00924 0.01607 ( 2)
 318 I   0.94804 0.02825 0.02287 0.00084 ( 1)
 319 G   0.94869 0.02168 0.02888 0.00074 ( 1)
 320 T   0.00023 0.96654 0.00001 0.03322 ( 2)
 321 V   0.96101 0.01501 0.02353 0.00045 ( 1)
 322 L   0.92490 0.04542 0.02813 0.00155 ( 1)
 323 G   0.93212 0.03850 0.02807 0.00131 ( 1)
 324 V   0.96006 0.01596 0.02351 0.00047 ( 1)
 325 A   0.97238 0.00711 0.02032 0.00019 ( 1)
 326 I   0.97515 0.00541 0.01930 0.00014 ( 1)
 327 Q   0.93775 0.03434 0.02679 0.00112 ( 1)
 328 L   0.02445 0.94443 0.00068 0.03044 ( 2)
 329 R   0.29305 0.67859 0.00756 0.02080 ( 2)
 330 L   0.00009 0.96745 0.00000 0.03245 ( 2)
 331 V   0.90678 0.07223 0.01905 0.00194 ( 1)
 332 P   0.92105 0.04774 0.02952 0.00169 ( 1)
 333 G   0.88129 0.09623 0.01979 0.00269 ( 1)
 334 L   0.92460 0.04572 0.02812 0.00157 ( 1)
 335 K   0.50434 0.10174 0.38480 0.00911 ( 1)
 336 E   0.78571 0.18942 0.01927 0.00560 ( 1)
 337 F   0.65474 0.31258 0.02145 0.01123 ( 1)
 338 E   0.87936 0.08673 0.03066 0.00325 ( 1)
 339 E   0.93762 0.03661 0.02463 0.00114 ( 1)
 340 A   0.97238 0.00711 0.02032 0.00019 ( 1)
 341 Y   0.89724 0.07032 0.02988 0.00256 ( 1)
 342 A   0.91136 0.06779 0.01905 0.00181 ( 1)
 343 Q   0.00072 0.96679 0.00002 0.03247 ( 2)
 344 A   0.35434 0.32740 0.28760 0.03066 ( 1)
 345 D   0.97161 0.00764 0.02055 0.00020 ( 1)
 346 K   0.95633 0.01894 0.02416 0.00057 ( 1)
 347 G   0.00323 0.93654 0.00145 0.05877 ( 2)
 348 A   0.89849 0.07709 0.02213 0.00229 ( 1)
 349 P   0.03420 0.93764 0.00081 0.02734 ( 2)
 350 L   0.13167 0.83928 0.00340 0.02565 ( 2)
 351 P   0.45148 0.51574 0.01447 0.01830 ( 2)
 352 C   0.96261 0.01454 0.02243 0.00042 ( 1)
 353 P   0.00717 0.96603 0.00016 0.02665 ( 2)
 354 T   0.02756 0.93990 0.00082 0.03172 ( 2)
 355 G   0.88052 0.09699 0.01977 0.00271 ( 1)
 356 A   0.86345 0.11390 0.01947 0.00318 ( 1)
 357 W   0.67990 0.28995 0.02036 0.00980 ( 1)
 358 C   0.96439 0.01277 0.02247 0.00036 ( 1)
 359 S   0.96890 0.00953 0.02130 0.00026 ( 1)
 360 S   0.96890 0.00953 0.02130 0.00026 ( 1)
 361 N   0.91887 0.05087 0.02850 0.00176 ( 1)
 362 Q   0.93775 0.03434 0.02679 0.00112 ( 1)
 363 L   0.45220 0.52345 0.00990 0.01445 ( 2)
 364 C   0.96261 0.01454 0.02243 0.00042 ( 1)
 365 R   0.87097 0.09372 0.03170 0.00362 ( 1)
 366 E   0.08102 0.86520 0.00623 0.04754 ( 2)
 367 C   0.96250 0.01465 0.02243 0.00042 ( 1)
 368 C   0.00018 0.96244 0.00001 0.03738 ( 2)
 369 A   0.64984 0.31873 0.02031 0.01112 ( 1)
 370 F   0.97325 0.00660 0.01998 0.00017 ( 1)
 371 T   0.00003 0.92650 0.00005 0.07342 ( 2)
 372 A   0.06104 0.90103 0.00230 0.03562 ( 2)
 373 H   0.96807 0.01014 0.02151 0.00028 ( 1)
 374 T   0.00002 0.91259 0.00002 0.08738 ( 2)
 375 T   0.90193 0.07707 0.01894 0.00206 ( 1)
 376 P   0.96867 0.00976 0.02130 0.00027 ( 1)
 377 T   0.02195 0.94841 0.00057 0.02907 ( 2)
 378 L   0.95926 0.01635 0.02390 0.00049 ( 1)
 379 G   0.00006 0.89069 0.00007 0.10919 ( 2)
 380 P   0.49205 0.48475 0.01028 0.01292 ( 1)
 381 F   0.91093 0.06856 0.01870 0.00181 ( 1)
 382 S   0.96713 0.01076 0.02181 0.00030 ( 1)
 383 M   0.97192 0.00747 0.02041 0.00020 ( 1)
 384 S   0.91716 0.05226 0.02875 0.00182 ( 1)
 385 S   0.57683 0.39045 0.01876 0.01396 ( 1)
 386 A   0.97238 0.00711 0.02032 0.00019 ( 1)
 387 Y   0.96285 0.01389 0.02286 0.00040 ( 1)
 388 N   0.96974 0.00901 0.02100 0.00025 ( 1)
 389 V   0.21922 0.74906 0.00649 0.02523 ( 2)
 390 Y   0.95021 0.01949 0.02962 0.00068 ( 1)
 391 Q   0.01679 0.95137 0.00048 0.03136 ( 2)
 392 A   0.90458 0.06052 0.03258 0.00232 ( 1)
 393 V   0.96041 0.01561 0.02352 0.00046 ( 1)
 394 Y   0.93518 0.03988 0.02374 0.00121 ( 1)
 395 T   0.01541 0.94980 0.00051 0.03428 ( 2)
 396 V   0.96041 0.01561 0.02352 0.00046 ( 1)
 397 A   0.97211 0.00737 0.02032 0.00020 ( 1)
 398 H   0.91934 0.05019 0.02873 0.00175 ( 1)
 399 G   0.96764 0.01034 0.02173 0.00029 ( 1)
 400 L   0.96971 0.00882 0.02122 0.00024 ( 1)
 401 H   0.96829 0.00992 0.02152 0.00027 ( 1)
 402 Q   0.93775 0.03434 0.02679 0.00112 ( 1)
 403 L   0.96971 0.00882 0.02122 0.00024 ( 1)
 404 L   0.92490 0.04542 0.02813 0.00155 ( 1)
 405 G   0.96764 0.01034 0.02173 0.00029 ( 1)
 406 C   0.93928 0.03630 0.02334 0.00108 ( 1)
 407 A   0.89071 0.08734 0.01955 0.00241 ( 1)
 408 S   0.91891 0.04944 0.02988 0.00177 ( 1)
 409 G   0.85002 0.11298 0.03249 0.00451 ( 1)
 410 A   0.81375 0.16321 0.01843 0.00460 ( 1)
 411 C   0.90549 0.06287 0.02940 0.00224 ( 1)
 412 S   0.96713 0.01076 0.02181 0.00030 ( 1)
 413 R   0.95374 0.02102 0.02460 0.00064 ( 1)
 414 S   0.45278 0.52246 0.01017 0.01459 ( 2)
 415 Q   0.00544 0.88178 0.00648 0.10629 ( 2)
 416 V   0.97235 0.00704 0.02043 0.00019 ( 1)
 417 Y   0.26797 0.50038 0.18912 0.04253 ( 2)
 418 P   0.96522 0.00973 0.02475 0.00030 ( 1)
 419 W   0.92765 0.04312 0.02778 0.00146 ( 1)
 420 Q   0.93775 0.03434 0.02679 0.00112 ( 1)
 421 L   0.91210 0.05683 0.02906 0.00201 ( 1)
 422 L   0.92101 0.04928 0.02803 0.00169 ( 1)
 423 E   0.82882 0.14651 0.02033 0.00434 ( 1)
 424 Q   0.93775 0.03434 0.02679 0.00112 ( 1)
 425 I   0.97515 0.00541 0.01930 0.00014 ( 1)
 426 H   0.00614 0.96678 0.00014 0.02694 ( 2)
 427 K   0.95574 0.01953 0.02415 0.00059 ( 1)
 428 A   0.84265 0.13278 0.02063 0.00394 ( 1)
 429 N   0.61822 0.35041 0.01922 0.01215 ( 1)
 430 F   0.97305 0.00680 0.01997 0.00018 ( 1)
 431 L   0.91210 0.05683 0.02906 0.00201 ( 1)
 432 L   0.82497 0.13675 0.03269 0.00560 ( 1)
 433 H   0.96574 0.01219 0.02173 0.00034 ( 1)
 434 E   0.00365 0.91224 0.00278 0.08133 ( 2)
 435 D   0.97161 0.00764 0.02055 0.00020 ( 1)
 436 T   0.92147 0.04760 0.02925 0.00167 ( 1)
 437 V   0.96041 0.01561 0.02352 0.00046 ( 1)
 438 T   0.00130 0.96114 0.00005 0.03751 ( 2)
 439 F   0.65215 0.31747 0.01961 0.01078 ( 1)
 440 N   0.14240 0.82464 0.00442 0.02854 ( 2)
 441 D   0.97161 0.00764 0.02055 0.00020 ( 1)
 442 N   0.93744 0.03432 0.02710 0.00113 ( 1)
 443 G   0.13346 0.83596 0.00370 0.02688 ( 2)
 444 D   0.29681 0.67561 0.00733 0.02026 ( 2)
 445 P   0.55656 0.05905 0.37949 0.00490 ( 1)
 446 L   0.38605 0.58895 0.00859 0.01641 ( 2)
 447 S   0.91592 0.05350 0.02872 0.00187 ( 1)
 448 G   0.87243 0.10509 0.01954 0.00293 ( 1)
 449 Y   0.89724 0.07032 0.02988 0.00256 ( 1)
 450 N   0.06979 0.79714 0.05741 0.07566 ( 2)
 451 I   0.93039 0.04053 0.02772 0.00136 ( 1)
 452 I   0.93051 0.04059 0.02754 0.00136 ( 1)
 453 A   0.91005 0.06909 0.01902 0.00184 ( 1)
 454 W   0.92765 0.04312 0.02778 0.00146 ( 1)
 455 D   0.97161 0.00764 0.02055 0.00020 ( 1)
 456 W   0.92765 0.04312 0.02778 0.00146 ( 1)
 457 I   0.01466 0.95174 0.00046 0.03314 ( 2)
 458 G   0.94900 0.02371 0.02652 0.00077 ( 1)
 459 F   0.46861 0.50713 0.01030 0.01396 ( 2)
 460 K   0.82942 0.14779 0.01867 0.00413 ( 1)
 461 W   0.92765 0.04312 0.02778 0.00146 ( 1)
 462 T   0.97061 0.00834 0.02083 0.00023 ( 1)
 463 F   0.97216 0.00768 0.01995 0.00020 ( 1)
 464 T   0.94652 0.02858 0.02402 0.00087 ( 1)
 465 V   0.26981 0.44243 0.24289 0.04487 ( 2)
 466 I   0.02162 0.92308 0.00306 0.05223 ( 2)
 467 G   0.95808 0.01823 0.02316 0.00054 ( 1)
 468 S   0.96653 0.01136 0.02180 0.00032 ( 1)
 469 S   0.96713 0.01076 0.02181 0.00030 ( 1)
 470 T   0.86884 0.09481 0.03261 0.00374 ( 1)
 471 A   0.13989 0.82794 0.00419 0.02798 ( 2)
 472 S   0.56402 0.40322 0.01834 0.01442 ( 1)
 473 P   0.84210 0.12135 0.03175 0.00480 ( 1)
 474 V   0.60962 0.35889 0.01900 0.01249 ( 1)
 475 R   0.00081 0.95412 0.00007 0.04500 ( 2)
 476 L   0.86493 0.10368 0.02772 0.00368 ( 1)
 477 D   0.88231 0.09631 0.01878 0.00260 ( 1)
 478 I   0.92848 0.04243 0.02766 0.00143 ( 1)
 479 N   0.91887 0.05087 0.02850 0.00176 ( 1)
 480 E   0.82897 0.14636 0.02034 0.00433 ( 1)
 481 T   0.97059 0.00835 0.02083 0.00023 ( 1)
 482 K   0.86941 0.09593 0.03101 0.00365 ( 1)
 483 I   0.97116 0.00572 0.02296 0.00017 ( 1)
 484 Q   0.93775 0.03434 0.02679 0.00112 ( 1)
 485 W   0.92765 0.04312 0.02778 0.00146 ( 1)
 486 H   0.85640 0.12118 0.01906 0.00336 ( 1)
 487 R   0.05356 0.80325 0.05481 0.08838 ( 2)
 488 K   0.95633 0.01894 0.02416 0.00057 ( 1)
 489 D   0.90594 0.07294 0.01916 0.00196 ( 1)
 490 N   0.96998 0.00878 0.02101 0.00024 ( 1)
 491 Q   0.93775 0.03434 0.02679 0.00112 ( 1)
 492 V   0.96006 0.01596 0.02351 0.00047 ( 1)
 493 P   0.91733 0.05145 0.02940 0.00182 ( 1)
 494 Q   0.29409 0.67804 0.00743 0.02044 ( 2)
 495 S   0.90517 0.06313 0.02944 0.00226 ( 1)
 496 V   0.96041 0.01561 0.02352 0.00046 ( 1)
 497 C   0.94826 0.02737 0.02356 0.00082 ( 1)
 498 S   0.96713 0.01076 0.02181 0.00030 ( 1)
 499 S   0.95668 0.02167 0.02106 0.00060 ( 1)
 500 D   0.96762 0.00803 0.02411 0.00024 ( 1)
 501 C   0.91048 0.05789 0.02956 0.00207 ( 1)
 502 L   0.91210 0.05683 0.02906 0.00201 ( 1)
 503 E   0.47919 0.48589 0.01671 0.01821 ( 2)
 504 G   0.94990 0.02469 0.02465 0.00076 ( 1)
 505 H   0.88278 0.09497 0.01962 0.00263 ( 1)
 506 Q   0.93775 0.03434 0.02679 0.00112 ( 1)
 507 R   0.04338 0.81740 0.04651 0.09270 ( 2)
 508 V   0.96041 0.01561 0.02352 0.00046 ( 1)
 509 V   0.92313 0.04648 0.02877 0.00162 ( 1)
 510 V   0.00025 0.95823 0.00001 0.04151 ( 2)
 511 G   0.57315 0.39422 0.01856 0.01407 ( 1)
 512 S   0.91256 0.06694 0.01873 0.00176 ( 1)
 513 H   0.15593 0.76476 0.04279 0.03652 ( 2)
 514 H   0.88521 0.09255 0.01967 0.00256 ( 1)
 515 C   0.90808 0.06028 0.02948 0.00215 ( 1)
 516 C   0.96439 0.01277 0.02247 0.00036 ( 1)
 517 F   0.93676 0.03394 0.02816 0.00115 ( 1)
 518 E   0.83128 0.14406 0.02040 0.00426 ( 1)
 519 C   0.90549 0.06287 0.02940 0.00224 ( 1)
 520 V   0.94642 0.02465 0.02810 0.00083 ( 1)
 521 P   0.96613 0.01231 0.02123 0.00034 ( 1)
 522 C   0.91026 0.06256 0.02517 0.00201 ( 1)
 523 E   0.26043 0.71189 0.00646 0.02123 ( 2)
 524 S   0.58834 0.38004 0.01839 0.01323 ( 1)
 525 G   0.95229 0.02231 0.02472 0.00069 ( 1)
 526 T   0.30779 0.66754 0.00661 0.01806 ( 2)
 527 F   0.54452 0.43292 0.01118 0.01138 ( 1)
 528 L   0.42283 0.55269 0.00925 0.01523 ( 2)
 529 N   0.49080 0.48536 0.01063 0.01320 ( 1)
 530 K   0.30949 0.66272 0.00782 0.01998 ( 2)
 531 S   0.90850 0.06089 0.02848 0.00212 ( 1)
 532 D   0.96892 0.01031 0.02049 0.00028 ( 1)
 533 L   0.86083 0.11696 0.01890 0.00331 ( 1)
 534 Y   0.82070 0.15528 0.01950 0.00452 ( 1)
 535 R   0.10249 0.85376 0.00418 0.03957 ( 2)
 536 C   0.95987 0.01726 0.02238 0.00049 ( 1)
 537 Q   0.93775 0.03434 0.02679 0.00112 ( 1)
 538 P   0.58052 0.38716 0.01860 0.01371 ( 1)
 539 C   0.90549 0.06287 0.02940 0.00224 ( 1)
 540 G   0.95324 0.02137 0.02474 0.00066 ( 1)
 541 K   0.87958 0.08578 0.03137 0.00327 ( 1)
 542 E   0.87936 0.08673 0.03066 0.00325 ( 1)
 543 E   0.95972 0.01625 0.02355 0.00048 ( 1)
 544 W   0.92765 0.04312 0.02778 0.00146 ( 1)
 545 A   0.84896 0.11493 0.03161 0.00451 ( 1)
 546 P   0.92154 0.04725 0.02953 0.00167 ( 1)
 547 E   0.04564 0.92566 0.00112 0.02758 ( 2)
 548 G   0.36862 0.59359 0.01409 0.02370 ( 2)
 549 S   0.96890 0.00953 0.02130 0.00026 ( 1)
 550 Q   0.93775 0.03434 0.02679 0.00112 ( 1)
 551 T   0.88721 0.09125 0.01905 0.00248 ( 1)
 552 C   0.96439 0.01277 0.02247 0.00036 ( 1)
 553 F   0.97245 0.00739 0.01996 0.00019 ( 1)
 554 P   0.48775 0.47597 0.01783 0.01845 ( 1)
 555 R   0.95643 0.02049 0.02248 0.00059 ( 1)
 556 T   0.92637 0.04696 0.02518 0.00149 ( 1)
 557 V   0.95780 0.01820 0.02345 0.00054 ( 1)
 558 V   0.83681 0.13859 0.02049 0.00411 ( 1)
 559 F   0.12454 0.69471 0.11182 0.06893 ( 2)
 560 L   0.92423 0.04614 0.02806 0.00158 ( 1)
 561 A   0.12577 0.84042 0.00403 0.02979 ( 2)
 562 W   0.15750 0.80998 0.00480 0.02771 ( 2)
 563 H   0.14650 0.82038 0.00458 0.02855 ( 2)
 564 E   0.95974 0.01623 0.02355 0.00048 ( 1)
 565 C   0.00676 0.90592 0.00537 0.08196 ( 2)
 566 I   0.90463 0.07443 0.01895 0.00199 ( 1)
 567 S   0.90517 0.06313 0.02944 0.00226 ( 1)
 568 W   0.92765 0.04312 0.02778 0.00146 ( 1)
 569 V   0.96041 0.01561 0.02352 0.00046 ( 1)
 570 L   0.92161 0.04875 0.02798 0.00166 ( 1)
 571 L   0.92455 0.04577 0.02811 0.00157 ( 1)
 572 A   0.39520 0.56782 0.01471 0.02227 ( 2)
 573 A   0.37560 0.19504 0.40709 0.02226 ( 3)
 574 N   0.94907 0.02274 0.02744 0.00075 ( 1)
 575 T   0.76055 0.21241 0.02037 0.00667 ( 1)
 576 L   0.15454 0.81040 0.00523 0.02983 ( 2)
 577 L   0.92324 0.04707 0.02808 0.00161 ( 1)
 578 L   0.92478 0.04554 0.02812 0.00156 ( 1)
 579 V   0.64661 0.32268 0.01966 0.01105 ( 1)
 580 V   0.64568 0.32360 0.01963 0.01108 ( 1)
 581 V   0.65827 0.31418 0.01764 0.00991 ( 1)
 582 V   0.10955 0.71377 0.10308 0.07359 ( 2)
 583 G   0.95420 0.02040 0.02477 0.00063 ( 1)
 584 T   0.59336 0.37462 0.01884 0.01318 ( 1)
 585 V   0.61151 0.35695 0.01911 0.01243 ( 1)
 586 G   0.96193 0.01257 0.02512 0.00039 ( 1)
 587 L   0.92490 0.04542 0.02813 0.00155 ( 1)
 588 F   0.92685 0.04381 0.02786 0.00148 ( 1)
 589 A   0.97191 0.00756 0.02033 0.00020 ( 1)
 590 W   0.92765 0.04312 0.02778 0.00146 ( 1)
 591 H   0.96832 0.00988 0.02152 0.00027 ( 1)
 592 Q   0.33334 0.62776 0.01321 0.02570 ( 2)
 593 D   0.97161 0.00764 0.02055 0.00020 ( 1)
 594 T   0.96976 0.00918 0.02081 0.00025 ( 1)
 595 P   0.90996 0.05880 0.02916 0.00208 ( 1)
 596 V   0.96041 0.01561 0.02352 0.00046 ( 1)
 597 V   0.95982 0.01620 0.02350 0.00048 ( 1)
 598 R   0.95374 0.02102 0.02460 0.00064 ( 1)
 599 S   0.82728 0.13527 0.03201 0.00545 ( 1)
 600 A   0.89349 0.07498 0.02886 0.00267 ( 1)
 601 G   0.95324 0.02137 0.02474 0.00066 ( 1)
 602 G   0.96764 0.01034 0.02173 0.00029 ( 1)
 603 W   0.00294 0.96610 0.00008 0.03088 ( 2)
 604 L   0.92490 0.04542 0.02813 0.00155 ( 1)
 605 C   0.96349 0.01289 0.02324 0.00038 ( 1)
 606 F   0.96167 0.01658 0.02130 0.00046 ( 1)
 607 L   0.95631 0.02051 0.02258 0.00060 ( 1)
 608 M   0.97192 0.00747 0.02041 0.00020 ( 1)
 609 L   0.92203 0.04828 0.02804 0.00165 ( 1)
 610 G   0.96651 0.01146 0.02170 0.00032 ( 1)
 611 S   0.96638 0.01151 0.02179 0.00032 ( 1)
 612 L   0.92490 0.04542 0.02813 0.00155 ( 1)
 613 A   0.86397 0.09994 0.03216 0.00392 ( 1)
 614 G   0.00832 0.95405 0.00031 0.03733 ( 2)
 615 A   0.55140 0.41592 0.01785 0.01483 ( 1)
 616 S   0.96465 0.01227 0.02273 0.00035 ( 1)
 617 C   0.00650 0.96595 0.00015 0.02740 ( 2)
 618 S   0.96890 0.00953 0.02130 0.00026 ( 1)
 619 L   0.89013 0.08796 0.01948 0.00243 ( 1)
 620 Y   0.89724 0.07032 0.02988 0.00256 ( 1)
 621 G   0.96737 0.01061 0.02172 0.00030 ( 1)
 622 F   0.97285 0.00698 0.01999 0.00018 ( 1)
 623 F   0.92685 0.04381 0.02786 0.00148 ( 1)
 624 G   0.94990 0.02469 0.02465 0.00076 ( 1)
 625 E   0.94870 0.02559 0.02492 0.00079 ( 1)
 626 P   0.96774 0.01070 0.02126 0.00029 ( 1)
 627 T   0.50053 0.46752 0.01560 0.01634 ( 1)
 628 L   0.12758 0.84047 0.00376 0.02818 ( 2)
 629 P   0.70955 0.26571 0.01695 0.00778 ( 1)
 630 A   0.29548 0.32630 0.33947 0.03874 ( 3)
 631 C   0.96261 0.01454 0.02243 0.00042 ( 1)
 632 L   0.91299 0.05733 0.02772 0.00196 ( 1)
 633 L   0.92464 0.04568 0.02812 0.00156 ( 1)
 634 R   0.96382 0.01314 0.02266 0.00038 ( 1)
 635 Q   0.93433 0.03774 0.02669 0.00124 ( 1)
 636 A   0.88727 0.09174 0.01854 0.00245 ( 1)
 637 I   0.88101 0.09704 0.01928 0.00267 ( 1)
 638 F   0.92685 0.04381 0.02786 0.00148 ( 1)
 639 A   0.97119 0.00829 0.02030 0.00022 ( 1)
 640 L   0.91936 0.04960 0.02929 0.00175 ( 1)
 641 G   0.90872 0.05973 0.02942 0.00213 ( 1)
 642 F   0.95942 0.01342 0.02673 0.00043 ( 1)
 643 T   0.87592 0.10287 0.01845 0.00277 ( 1)
 644 I   0.59685 0.03409 0.36640 0.00265 ( 1)
 645 F   0.97301 0.00684 0.01997 0.00018 ( 1)
 646 L   0.92465 0.04567 0.02812 0.00156 ( 1)
 647 S   0.96699 0.01090 0.02180 0.00030 ( 1)
 648 C   0.96439 0.01277 0.02247 0.00036 ( 1)
 649 L   0.64655 0.32274 0.01966 0.01105 ( 1)
 650 T   0.84736 0.11624 0.03181 0.00458 ( 1)
 651 V   0.91851 0.05109 0.02862 0.00178 ( 1)
 652 R   0.96346 0.01350 0.02265 0.00039 ( 1)
 653 S   0.95992 0.01561 0.02400 0.00047 ( 1)
 654 F   0.97325 0.00660 0.01998 0.00017 ( 1)
 655 Q   0.86015 0.10422 0.03159 0.00405 ( 1)
 656 L   0.88734 0.08138 0.02839 0.00289 ( 1)
 657 V   0.89690 0.08223 0.01867 0.00220 ( 1)
 658 I   0.97515 0.00541 0.01930 0.00014 ( 1)
 659 I   0.97446 0.00609 0.01929 0.00016 ( 1)
 660 F   0.97325 0.00660 0.01998 0.00017 ( 1)
 661 K   0.95633 0.01894 0.02416 0.00057 ( 1)
 662 F   0.92685 0.04381 0.02786 0.00148 ( 1)
 663 S   0.96635 0.01154 0.02179 0.00032 ( 1)
 664 T   0.38225 0.34025 0.24996 0.02753 ( 1)
 665 K   0.95489 0.02037 0.02412 0.00061 ( 1)
 666 V   0.07645 0.88236 0.00324 0.03795 ( 2)
 667 P   0.95407 0.02269 0.02259 0.00066 ( 1)
 668 T   0.11235 0.84463 0.00596 0.03706 ( 2)
 669 F   0.97325 0.00660 0.01998 0.00017 ( 1)
 670 Y   0.03828 0.05875 0.88730 0.01568 ( 3)
 671 H   0.14795 0.81838 0.00473 0.02894 ( 2)
 672 T   0.54029 0.43678 0.01129 0.01165 ( 1)
 673 W   0.92765 0.04312 0.02778 0.00146 ( 1)
 674 V   0.97125 0.00813 0.02040 0.00022 ( 1)
 675 Q   0.85560 0.10876 0.03142 0.00422 ( 1)
 676 N   0.96998 0.00878 0.02101 0.00024 ( 1)
 677 H   0.96398 0.01391 0.02172 0.00039 ( 1)
 678 G   0.90686 0.06158 0.02936 0.00220 ( 1)
 679 A   0.92842 0.04113 0.02901 0.00143 ( 1)
 680 A   0.05385 0.91927 0.00121 0.02568 ( 2)
 681 L   0.92490 0.04542 0.02813 0.00155 ( 1)
 682 F   0.92685 0.04381 0.02786 0.00148 ( 1)
 683 I   0.62705 0.34730 0.01535 0.01030 ( 1)
 684 M   0.26409 0.46261 0.22801 0.04529 ( 2)
 685 I   0.97477 0.00576 0.01931 0.00015 ( 1)
 686 S   0.88830 0.08971 0.01953 0.00246 ( 1)
 687 S   0.82728 0.13527 0.03201 0.00545 ( 1)
 688 M   0.00510 0.96842 0.00011 0.02637 ( 2)
 689 A   0.06113 0.91289 0.00130 0.02468 ( 2)
 690 Q   0.93775 0.03434 0.02679 0.00112 ( 1)
 691 L   0.92153 0.04878 0.02802 0.00167 ( 1)
 692 L   0.91628 0.05267 0.02919 0.00186 ( 1)
 693 I   0.97515 0.00541 0.01930 0.00014 ( 1)
 694 C   0.90610 0.06225 0.02942 0.00222 ( 1)
 695 L   0.82497 0.13675 0.03269 0.00560 ( 1)
 696 T   0.92265 0.04687 0.02885 0.00163 ( 1)
 697 W   0.92765 0.04312 0.02778 0.00146 ( 1)
 698 L   0.91740 0.05183 0.02894 0.00182 ( 1)
 699 A   0.30283 0.66996 0.00740 0.01981 ( 2)
 700 V   0.83719 0.13821 0.02050 0.00410 ( 1)
 701 W   0.92765 0.04312 0.02778 0.00146 ( 1)
 702 T   0.96834 0.01059 0.02078 0.00029 ( 1)
 703 P   0.84210 0.12135 0.03175 0.00480 ( 1)
 704 L   0.92490 0.04542 0.02813 0.00155 ( 1)
 705 P   0.96765 0.01079 0.02126 0.00030 ( 1)
 706 T   0.80034 0.17609 0.01855 0.00502 ( 1)
 707 R   0.92535 0.04158 0.03154 0.00153 ( 1)
 708 E   0.87936 0.08673 0.03066 0.00325 ( 1)
 709 Y   0.96101 0.01571 0.02282 0.00045 ( 1)
 710 Q   0.17377 0.69543 0.08460 0.04620 ( 2)
 711 R   0.96386 0.01310 0.02266 0.00038 ( 1)
 712 F   0.97245 0.00739 0.01996 0.00019 ( 1)
 713 P   0.96774 0.01070 0.02126 0.00029 ( 1)
 714 Q   0.67803 0.29256 0.01971 0.00970 ( 1)
 715 L   0.92490 0.04542 0.02813 0.00155 ( 1)
 716 V   0.95780 0.01820 0.02345 0.00054 ( 1)
 717 V   0.48801 0.48871 0.01025 0.01304 ( 2)
 718 L   0.91210 0.05683 0.02906 0.00201 ( 1)
 719 E   0.81423 0.16103 0.01998 0.00476 ( 1)
 720 C   0.96439 0.01277 0.02247 0.00036 ( 1)
 721 T   0.84463 0.11898 0.03171 0.00469 ( 1)
 722 E   0.95974 0.01623 0.02355 0.00048 ( 1)
 723 T   0.00052 0.94280 0.00022 0.05645 ( 2)
 724 N   0.84673 0.12516 0.02401 0.00410 ( 1)
 725 S   0.93375 0.03246 0.03257 0.00122 ( 1)
 726 L   0.92490 0.04542 0.02813 0.00155 ( 1)
 727 G   0.96764 0.01034 0.02173 0.00029 ( 1)
 728 F   0.97325 0.00660 0.01998 0.00017 ( 1)
 729 M   0.26475 0.70594 0.00702 0.02230 ( 2)
 730 L   0.92465 0.04567 0.02812 0.00156 ( 1)
 731 A   0.97238 0.00711 0.02032 0.00019 ( 1)
 732 F   0.96868 0.01007 0.02097 0.00028 ( 1)
 733 G   0.00068 0.97032 0.00002 0.02899 ( 2)
 734 Y   0.96285 0.01389 0.02286 0.00040 ( 1)
 735 N   0.91887 0.05087 0.02850 0.00176 ( 1)
 736 G   0.86873 0.10872 0.01951 0.00304 ( 1)
 737 L   0.96811 0.01042 0.02119 0.00029 ( 1)
 738 L   0.96885 0.00968 0.02120 0.00027 ( 1)
 739 S   0.95708 0.01742 0.02497 0.00054 ( 1)
 740 V   0.08214 0.89231 0.00171 0.02384 ( 2)
 741 S   0.95817 0.01871 0.02258 0.00054 ( 1)
 742 A   0.97150 0.00798 0.02030 0.00021 ( 1)
 743 F   0.92685 0.04381 0.02786 0.00148 ( 1)
 744 A   0.97070 0.00878 0.02029 0.00023 ( 1)
 745 C   0.96312 0.01403 0.02245 0.00040 ( 1)
 746 S   0.88778 0.09022 0.01952 0.00248 ( 1)
 747 Y   0.96285 0.01389 0.02286 0.00040 ( 1)
 748 L   0.64672 0.32257 0.01967 0.01104 ( 1)
 749 G   0.96553 0.01062 0.02353 0.00032 ( 1)
 750 K   0.95489 0.02037 0.02412 0.00061 ( 1)
 751 D   0.97161 0.00764 0.02055 0.00020 ( 1)
 752 L   0.92360 0.04670 0.02810 0.00160 ( 1)
 753 P   0.84210 0.12135 0.03175 0.00480 ( 1)
 754 E   0.95974 0.01623 0.02355 0.00048 ( 1)
 755 N   0.96998 0.00878 0.02101 0.00024 ( 1)
 756 Y   0.93604 0.03360 0.02920 0.00117 ( 1)
 757 N   0.88588 0.09242 0.01919 0.00251 ( 1)
 758 E   0.95974 0.01623 0.02355 0.00048 ( 1)
 759 A   0.97191 0.00756 0.02033 0.00020 ( 1)
 760 K   0.86941 0.09593 0.03101 0.00365 ( 1)
 761 C   0.90549 0.06287 0.02940 0.00224 ( 1)
 762 V   0.97235 0.00704 0.02043 0.00019 ( 1)
 763 T   0.96830 0.01063 0.02078 0.00029 ( 1)
 764 F   0.97015 0.00966 0.01993 0.00025 ( 1)
 765 G   0.32792 0.36668 0.27063 0.03476 ( 2)
 766 L   0.92471 0.04561 0.02812 0.00156 ( 1)
 767 L   0.96971 0.00882 0.02122 0.00024 ( 1)
 768 L   0.89197 0.08634 0.01932 0.00236 ( 1)
 769 N   0.86984 0.10837 0.01884 0.00295 ( 1)
 770 F   0.97245 0.00739 0.01996 0.00019 ( 1)
 771 V   0.36874 0.60431 0.00903 0.01792 ( 2)
 772 S   0.96713 0.01076 0.02181 0.00030 ( 1)
 773 W   0.92765 0.04312 0.02778 0.00146 ( 1)
 774 I   0.97515 0.00541 0.01930 0.00014 ( 1)
 775 A   0.52340 0.45346 0.01095 0.01219 ( 1)
 776 F   0.91206 0.06744 0.01872 0.00178 ( 1)
 777 F   0.97282 0.00701 0.01998 0.00018 ( 1)
 778 T   0.96865 0.00851 0.02260 0.00024 ( 1)
 779 V   0.03617 0.93490 0.00089 0.02804 ( 2)
 780 A   0.97157 0.00792 0.02030 0.00021 ( 1)
 781 S   0.87915 0.09881 0.01933 0.00272 ( 1)
 782 V   0.91093 0.06810 0.01914 0.00183 ( 1)
 783 Y   0.83991 0.13295 0.02292 0.00423 ( 1)
 784 Q   0.31404 0.65687 0.00845 0.02064 ( 2)
 785 G   0.87730 0.10016 0.01972 0.00282 ( 1)
 786 K   0.95633 0.01894 0.02416 0.00057 ( 1)
 787 Y   0.96075 0.01598 0.02281 0.00046 ( 1)
 788 L   0.64651 0.32278 0.01966 0.01105 ( 1)
 789 P   0.87965 0.09670 0.02084 0.00282 ( 1)
 790 A   0.79079 0.18212 0.02134 0.00575 ( 1)
 791 V   0.88675 0.09039 0.02033 0.00254 ( 1)
 792 N   0.95496 0.01687 0.02761 0.00056 ( 1)
 793 V   0.30557 0.45218 0.20672 0.03553 ( 2)
 794 L   0.69118 0.28012 0.01957 0.00913 ( 1)
 795 A   0.95895 0.01880 0.02172 0.00053 ( 1)
 796 V   0.00225 0.96606 0.00006 0.03162 ( 2)
 797 L   0.68507 0.28137 0.02320 0.01036 ( 1)
 798 S   0.96890 0.00953 0.02130 0.00026 ( 1)
 799 S   0.96890 0.00953 0.02130 0.00026 ( 1)
 800 L   0.92482 0.04550 0.02812 0.00156 ( 1)
 801 S   0.55994 0.05639 0.37900 0.00467 ( 1)
 802 S   0.96656 0.01186 0.02125 0.00033 ( 1)
 803 G   0.96764 0.01034 0.02173 0.00029 ( 1)
 804 F   0.97325 0.00660 0.01998 0.00017 ( 1)
 805 S   0.79885 0.17199 0.02343 0.00573 ( 1)
 806 G   0.95964 0.01767 0.02219 0.00050 ( 1)
 807 Y   0.89724 0.07032 0.02988 0.00256 ( 1)
 808 F   0.96167 0.01658 0.02130 0.00046 ( 1)
 809 L   0.95776 0.01928 0.02240 0.00056 ( 1)
 810 P   0.96647 0.01036 0.02287 0.00030 ( 1)
 811 K   0.95436 0.02090 0.02411 0.00063 ( 1)
 812 C   0.96439 0.01277 0.02247 0.00036 ( 1)
 813 Y   0.92342 0.04617 0.02880 0.00160 ( 1)
 814 V   0.95574 0.02026 0.02340 0.00060 ( 1)
 815 I   0.97515 0.00541 0.01930 0.00014 ( 1)
 816 V   0.87596 0.10203 0.01919 0.00281 ( 1)
 817 C   0.86056 0.11607 0.02005 0.00331 ( 1)
 818 R   0.96078 0.01617 0.02259 0.00047 ( 1)
 819 P   0.28394 0.34206 0.33282 0.04118 ( 2)
 820 D   0.95651 0.01918 0.02374 0.00057 ( 1)
 821 L   0.96388 0.01449 0.02123 0.00040 ( 1)
 822 N   0.96900 0.00975 0.02099 0.00027 ( 1)
 823 S   0.88830 0.08968 0.01955 0.00248 ( 1)
 824 T   0.85938 0.10425 0.03226 0.00411 ( 1)
 825 E   0.95974 0.01623 0.02355 0.00048 ( 1)
 826 H   0.96832 0.00988 0.02152 0.00027 ( 1)
 827 F   0.97216 0.00768 0.01995 0.00020 ( 1)
 828 Q   0.93775 0.03434 0.02679 0.00112 ( 1)
 829 A   0.97228 0.00721 0.02032 0.00019 ( 1)
 830 S   0.96713 0.01076 0.02181 0.00030 ( 1)
 831 I   0.96439 0.01451 0.02071 0.00039 ( 1)
 832 Q   0.93775 0.03434 0.02679 0.00112 ( 1)
 833 D   0.90411 0.07475 0.01912 0.00201 ( 1)
 834 Y   0.96285 0.01389 0.02286 0.00040 ( 1)
 835 T   0.95518 0.02028 0.02394 0.00061 ( 1)
 836 R   0.95374 0.02102 0.02460 0.00064 ( 1)
 837 R   0.85838 0.11805 0.02018 0.00340 ( 1)
 838 W   0.01569 0.95084 0.00040 0.03307 ( 2)
 839 G   0.04801 0.92437 0.00108 0.02653 ( 2)
 840 S   0.54288 0.08873 0.36118 0.00721 ( 1)
 841 T   0.96627 0.01265 0.02074 0.00034 ( 1)


lnL = -10652.486580

Bayes Empirical Bayes (BEB) probabilities for 4 classes (class)
(amino acids refer to 1st sequence: 1.Tarsier)

   1 M   0.95222 0.00673 0.04069 0.00035 ( 1)
   2 F   0.73950 0.20711 0.04071 0.01269 ( 1)
   3 H   0.64655 0.30833 0.02835 0.01676 ( 1)
   4 H   0.00319 0.94106 0.00016 0.05559 ( 2)
   5 V   0.00013 0.93715 0.00001 0.06272 ( 2)
   6 A   0.70880 0.23669 0.03984 0.01467 ( 1)
   7 H   0.03278 0.91542 0.00147 0.05033 ( 2)
   8 L   0.91185 0.03576 0.05022 0.00217 ( 1)
   9 V   0.60889 0.33854 0.03223 0.02034 ( 1)
  10 G   0.89346 0.06315 0.03994 0.00345 ( 1)
  11 L   0.90678 0.04080 0.04994 0.00248 ( 1)
  12 Q   0.90482 0.03771 0.05505 0.00242 ( 1)
  13 L   0.90077 0.04516 0.05127 0.00279 ( 1)
  14 S   0.16417 0.78491 0.00751 0.04341 ( 2)
  15 I   0.68699 0.26005 0.03719 0.01577 ( 1)
  16 S   0.58503 0.04115 0.36929 0.00453 ( 1)
  17 C   0.87726 0.07814 0.04028 0.00433 ( 1)
  18 C   0.94435 0.01166 0.04336 0.00064 ( 1)
  19 W   0.74606 0.20099 0.04071 0.01224 ( 1)
  20 A   0.93443 0.01505 0.04963 0.00089 ( 1)
  21 F   0.82488 0.12827 0.03956 0.00728 ( 1)
  22 S   0.64472 0.31028 0.02821 0.01678 ( 1)
  23 C   0.94460 0.01142 0.04336 0.00062 ( 1)
  24 H   0.94174 0.01376 0.04374 0.00076 ( 1)
  25 N   0.21436 0.66490 0.06671 0.05403 ( 2)
  26 T   0.05743 0.88872 0.00280 0.05104 ( 2)
  27 E   0.84916 0.10459 0.04035 0.00591 ( 1)
  28 F   0.11969 0.82792 0.00566 0.04673 ( 2)
  29 S   0.89425 0.05091 0.05167 0.00317 ( 1)
  30 P   0.92077 0.03461 0.04272 0.00191 ( 1)
  31 D   0.59324 0.03049 0.37290 0.00337 ( 1)
  32 F   0.95346 0.00612 0.04010 0.00032 ( 1)
  33 S   0.89574 0.06156 0.03937 0.00333 ( 1)
  34 L   0.94892 0.00901 0.04159 0.00048 ( 1)
  35 P   0.81551 0.13089 0.04552 0.00808 ( 1)
  36 G   0.92795 0.02253 0.04819 0.00132 ( 1)
  37 N   0.75432 0.19232 0.04157 0.01178 ( 1)
  38 Y   0.94340 0.01210 0.04384 0.00067 ( 1)
  39 L   0.94871 0.00919 0.04161 0.00049 ( 1)
  40 L   0.90918 0.03714 0.05140 0.00229 ( 1)
  41 A   0.53503 0.40405 0.03404 0.02688 ( 1)
  42 G   0.94703 0.01010 0.04232 0.00055 ( 1)
  43 F   0.36112 0.58313 0.01993 0.03582 ( 2)
  44 F   0.95341 0.00617 0.04010 0.00032 ( 1)
  45 P   0.68820 0.25636 0.03938 0.01606 ( 1)
  46 L   0.94971 0.00822 0.04163 0.00044 ( 1)
  47 H   0.90840 0.03821 0.05104 0.00234 ( 1)
  48 G   0.27000 0.67282 0.01529 0.04189 ( 2)
  49 D   0.47287 0.47065 0.02703 0.02945 ( 1)
  50 C   0.21299 0.53523 0.17905 0.07273 ( 2)
  51 L   0.73498 0.21155 0.04050 0.01298 ( 1)
  52 Q   0.92119 0.02850 0.04862 0.00169 ( 1)
  53 V   0.94182 0.01286 0.04460 0.00072 ( 1)
  54 R   0.90637 0.03412 0.05726 0.00224 ( 1)
  55 H   0.52438 0.26567 0.18789 0.02206 ( 1)
  56 R   0.85821 0.08269 0.05369 0.00540 ( 1)
  57 P   0.93456 0.01397 0.05063 0.00084 ( 1)
  58 E   0.93980 0.01474 0.04464 0.00082 ( 1)
  59 V   0.94113 0.01354 0.04457 0.00076 ( 1)
  60 T   0.85049 0.10686 0.03690 0.00575 ( 1)
  61 L   0.91771 0.02994 0.05053 0.00182 ( 1)
  62 C   0.88859 0.05659 0.05129 0.00353 ( 1)
  63 D   0.94963 0.00915 0.04074 0.00048 ( 1)
  64 R   0.92743 0.02549 0.04563 0.00145 ( 1)
  65 T   0.00327 0.94033 0.00017 0.05623 ( 2)
  66 C   0.12875 0.81867 0.00610 0.04648 ( 2)
  67 G   0.19483 0.75541 0.00863 0.04112 ( 2)
  68 F   0.95149 0.00807 0.04002 0.00042 ( 1)
  69 N   0.92133 0.03453 0.04224 0.00189 ( 1)
  70 G   0.47244 0.47971 0.02141 0.02645 ( 2)
  71 H   0.93890 0.01654 0.04365 0.00091 ( 1)
  72 G   0.85977 0.09652 0.03844 0.00528 ( 1)
  73 Y   0.58436 0.36791 0.02718 0.02056 ( 1)
  74 H   0.55770 0.39592 0.02479 0.02159 ( 1)
  75 L   0.88786 0.06912 0.03927 0.00375 ( 1)
  76 F   0.91359 0.04557 0.03843 0.00241 ( 1)
  77 Q   0.38844 0.55762 0.02054 0.03340 ( 2)
  78 A   0.39059 0.32642 0.24618 0.03682 ( 1)
  79 M   0.59529 0.36002 0.02546 0.01923 ( 1)
  80 R   0.78865 0.16085 0.04096 0.00954 ( 1)
  81 L   0.75179 0.20119 0.03558 0.01144 ( 1)
  82 S   0.00396 0.94456 0.00017 0.05131 ( 2)
  83 I   0.34624 0.59802 0.01894 0.03680 ( 2)
  84 E   0.36017 0.58935 0.01715 0.03332 ( 2)
  85 A   0.80866 0.14470 0.03846 0.00818 ( 1)
  86 I   0.91001 0.03821 0.04948 0.00230 ( 1)
  87 N   0.94777 0.01031 0.04137 0.00055 ( 1)
  88 N   0.94777 0.01031 0.04137 0.00055 ( 1)
  89 S   0.94467 0.01229 0.04238 0.00066 ( 1)
  90 T   0.93169 0.02214 0.04493 0.00125 ( 1)
  91 V   0.64871 0.30728 0.02760 0.01642 ( 1)
  92 L   0.90486 0.04271 0.04984 0.00259 ( 1)
  93 L   0.90466 0.04290 0.04982 0.00261 ( 1)
  94 P   0.94856 0.00918 0.04177 0.00049 ( 1)
  95 N   0.81788 0.13073 0.04354 0.00785 ( 1)
  96 V   0.27556 0.67425 0.01256 0.03763 ( 2)
  97 T   0.90257 0.05531 0.03915 0.00297 ( 1)
  98 L   0.63604 0.30295 0.04077 0.02025 ( 1)
  99 G   0.93587 0.01696 0.04620 0.00097 ( 1)
 100 Y   0.35688 0.58703 0.01987 0.03621 ( 2)
 101 E   0.01874 0.92726 0.00091 0.05310 ( 2)
 102 L   0.91037 0.03723 0.05014 0.00226 ( 1)
 103 Y   0.19365 0.75370 0.00945 0.04321 ( 2)
 104 D   0.92216 0.03159 0.04445 0.00179 ( 1)
 105 V   0.93767 0.01698 0.04441 0.00095 ( 1)
 106 C   0.93970 0.01626 0.04316 0.00089 ( 1)
 107 S   0.91092 0.03936 0.04741 0.00231 ( 1)
 108 E   0.86468 0.09005 0.04025 0.00503 ( 1)
 109 S   0.89188 0.05327 0.05153 0.00332 ( 1)
 110 A   0.95049 0.00863 0.04042 0.00045 ( 1)
 111 N   0.90925 0.03762 0.05082 0.00230 ( 1)
 112 V   0.93767 0.01698 0.04441 0.00095 ( 1)
 113 Y   0.88928 0.05502 0.05224 0.00346 ( 1)
 114 A   0.94951 0.00960 0.04038 0.00051 ( 1)
 115 T   0.93183 0.02199 0.04494 0.00124 ( 1)
 116 L   0.90486 0.04271 0.04984 0.00259 ( 1)
 117 S   0.19899 0.73971 0.01248 0.04882 ( 2)
 118 V   0.84478 0.10903 0.04002 0.00616 ( 1)
 119 L   0.94754 0.01038 0.04153 0.00056 ( 1)
 120 S   0.93971 0.01282 0.04674 0.00073 ( 1)
 121 L   0.28618 0.66080 0.01410 0.03892 ( 2)
 122 P   0.54472 0.39397 0.03497 0.02635 ( 1)
 123 G   0.93388 0.01894 0.04610 0.00108 ( 1)
 124 T   0.17602 0.76171 0.01130 0.05097 ( 2)
 125 R   0.00012 0.94808 0.00001 0.05180 ( 2)
 126 H   0.94596 0.01143 0.04199 0.00061 ( 1)
 127 I   0.90799 0.04022 0.04937 0.00242 ( 1)
 128 D   0.50120 0.44954 0.02384 0.02542 ( 1)
 129 I   0.89535 0.06410 0.03717 0.00337 ( 1)
 130 Q   0.88375 0.06415 0.04823 0.00388 ( 1)
 131 G   0.56596 0.37232 0.03668 0.02504 ( 1)
 132 D   0.86648 0.09094 0.03769 0.00490 ( 1)
 133 F   0.20858 0.55186 0.16722 0.07234 ( 2)
 134 L   0.94754 0.01038 0.04153 0.00056 ( 1)
 135 H   0.02647 0.92244 0.00116 0.04993 ( 2)
 136 Y   0.88851 0.05578 0.05220 0.00351 ( 1)
 137 S   0.10350 0.70683 0.09125 0.09842 ( 2)
 138 P   0.93381 0.02175 0.04324 0.00120 ( 1)
 139 K   0.82247 0.13012 0.03998 0.00743 ( 1)
 140 I   0.76490 0.18256 0.04146 0.01109 ( 1)
 141 V   0.78704 0.16507 0.03841 0.00948 ( 1)
 142 A   0.92649 0.02541 0.04662 0.00147 ( 1)
 143 V   0.93781 0.01684 0.04442 0.00094 ( 1)
 144 I   0.64382 0.30295 0.03486 0.01837 ( 1)
 145 G   0.83684 0.11519 0.04132 0.00664 ( 1)
 146 P   0.71706 0.22818 0.04056 0.01420 ( 1)
 147 D   0.49910 0.25540 0.22111 0.02439 ( 1)
 148 S   0.00242 0.94626 0.00011 0.05122 ( 2)
 149 T   0.89372 0.06282 0.04002 0.00343 ( 1)
 150 D   0.25508 0.69616 0.01117 0.03759 ( 2)
 151 H   0.00110 0.93913 0.00006 0.05971 ( 2)
 152 A   0.45866 0.14954 0.37244 0.01937 ( 1)
 153 A   0.80687 0.15076 0.03433 0.00804 ( 1)
 154 T   0.73983 0.21642 0.03210 0.01165 ( 1)
 155 T   0.18794 0.75346 0.01094 0.04766 ( 2)
 156 A   0.92587 0.02357 0.04916 0.00140 ( 1)
 157 A   0.88663 0.07176 0.03777 0.00385 ( 1)
 158 L   0.90159 0.04572 0.04990 0.00279 ( 1)
 159 L   0.90811 0.03948 0.05001 0.00240 ( 1)
 160 S   0.88151 0.07550 0.03890 0.00409 ( 1)
 161 P   0.89227 0.05340 0.05102 0.00331 ( 1)
 162 F   0.57996 0.37136 0.02769 0.02099 ( 1)
 163 L   0.90180 0.04448 0.05098 0.00274 ( 1)
 164 V   0.54630 0.40486 0.02592 0.02293 ( 1)
 165 P   0.94831 0.00942 0.04176 0.00050 ( 1)
 166 L   0.32613 0.61926 0.01735 0.03726 ( 2)
 167 I   0.95462 0.00594 0.03914 0.00031 ( 1)
 168 S   0.94920 0.00847 0.04187 0.00045 ( 1)
 169 Y   0.91964 0.03374 0.04471 0.00191 ( 1)
 170 E   0.01920 0.92490 0.00100 0.05490 ( 2)
 171 A   0.95271 0.00644 0.04052 0.00034 ( 1)
 172 S   0.94920 0.00847 0.04187 0.00045 ( 1)
 173 S   0.94863 0.00903 0.04186 0.00048 ( 1)
 174 T   0.00259 0.89012 0.00174 0.10554 ( 2)
 175 T   0.08433 0.85515 0.00512 0.05541 ( 2)
 176 L   0.93704 0.01172 0.05054 0.00070 ( 1)
 177 S   0.51335 0.25736 0.20648 0.02281 ( 1)
 178 V   0.00402 0.92098 0.00136 0.07364 ( 2)
 179 K   0.93741 0.01622 0.04546 0.00091 ( 1)
 180 R   0.40794 0.53884 0.02122 0.03200 ( 2)
 181 Q   0.45332 0.12447 0.40509 0.01712 ( 1)
 182 Y   0.89439 0.04993 0.05254 0.00314 ( 1)
 183 P   0.94949 0.00826 0.04181 0.00044 ( 1)
 184 S   0.90059 0.04460 0.05203 0.00278 ( 1)
 185 F   0.93890 0.01170 0.04871 0.00068 ( 1)
 186 L   0.91037 0.03723 0.05014 0.00226 ( 1)
 187 R   0.94328 0.01156 0.04451 0.00064 ( 1)
 188 T   0.95089 0.00747 0.04124 0.00040 ( 1)
 189 I   0.61683 0.02292 0.35786 0.00239 ( 1)
 190 P   0.94949 0.00826 0.04181 0.00044 ( 1)
 191 S   0.50708 0.43922 0.02719 0.02651 ( 1)
 192 D   0.95153 0.00724 0.04085 0.00038 ( 1)
 193 R   0.51803 0.43205 0.02517 0.02475 ( 1)
 194 H   0.19819 0.75105 0.00902 0.04173 ( 2)
 195 Q   0.92119 0.02850 0.04862 0.00169 ( 1)
 196 V   0.94113 0.01354 0.04457 0.00076 ( 1)
 197 E   0.94052 0.01402 0.04468 0.00078 ( 1)
 198 V   0.69008 0.26567 0.02993 0.01433 ( 1)
 199 M   0.90812 0.05038 0.03882 0.00268 ( 1)
 200 V   0.94113 0.01354 0.04457 0.00076 ( 1)
 201 L   0.72909 0.21739 0.04018 0.01334 ( 1)
 202 L   0.91037 0.03723 0.05014 0.00226 ( 1)
 203 L   0.90916 0.03733 0.05120 0.00231 ( 1)
 204 Q   0.06247 0.87677 0.00381 0.05695 ( 2)
 205 R   0.47157 0.47776 0.02318 0.02750 ( 2)
 206 F   0.95358 0.00600 0.04010 0.00031 ( 1)
 207 R   0.00308 0.88641 0.00215 0.10835 ( 2)
 208 W   0.91270 0.03539 0.04978 0.00213 ( 1)
 209 V   0.62663 0.32882 0.02686 0.01770 ( 1)
 210 W   0.91270 0.03539 0.04978 0.00213 ( 1)
 211 I   0.95560 0.00497 0.03918 0.00026 ( 1)
 212 S   0.89934 0.04475 0.05307 0.00284 ( 1)
 213 L   0.91037 0.03723 0.05014 0.00226 ( 1)
 214 V   0.35133 0.39078 0.21458 0.04331 ( 2)
 215 G   0.94798 0.00916 0.04236 0.00049 ( 1)
 216 S   0.94430 0.00884 0.04635 0.00050 ( 1)
 217 Y   0.00720 0.93235 0.00043 0.06001 ( 2)
 218 G   0.82125 0.12643 0.04463 0.00770 ( 1)
 219 D   0.95191 0.00689 0.04084 0.00036 ( 1)
 220 Y   0.91964 0.03374 0.04471 0.00191 ( 1)
 221 G   0.93608 0.01676 0.04621 0.00096 ( 1)
 222 Q   0.80054 0.15195 0.03883 0.00868 ( 1)
 223 Q   0.19902 0.57360 0.15385 0.07353 ( 2)
 224 G   0.49412 0.07628 0.41946 0.01013 ( 1)
 225 V   0.93914 0.01548 0.04451 0.00086 ( 1)
 226 Q   0.77767 0.17099 0.04108 0.01025 ( 1)
 227 A   0.71733 0.22730 0.04105 0.01431 ( 1)
 228 L   0.91180 0.03581 0.05021 0.00217 ( 1)
 229 E   0.09537 0.06642 0.82314 0.01506 ( 3)
 230 N   0.04332 0.90575 0.00188 0.04905 ( 2)
 231 Q   0.49498 0.10745 0.38406 0.01351 ( 1)
 232 A   0.95271 0.00644 0.04052 0.00034 ( 1)
 233 T   0.93828 0.01790 0.04284 0.00098 ( 1)
 234 D   0.00796 0.93697 0.00040 0.05467 ( 2)
 235 Q   0.76023 0.18198 0.04609 0.01170 ( 1)
 236 G   0.54110 0.40365 0.03013 0.02512 ( 1)
 237 I   0.92441 0.03582 0.03791 0.00187 ( 1)
 238 C   0.94485 0.01117 0.04337 0.00061 ( 1)
 239 I   0.91508 0.03341 0.04950 0.00201 ( 1)
 240 A   0.91130 0.04062 0.04573 0.00234 ( 1)
 241 F   0.95358 0.00600 0.04010 0.00031 ( 1)
 242 K   0.93741 0.01622 0.04546 0.00091 ( 1)
 243 D   0.90752 0.05082 0.03894 0.00272 ( 1)
 244 I   0.09309 0.05348 0.84055 0.01289 ( 3)
 245 V   0.85923 0.09547 0.03996 0.00534 ( 1)
 246 P   0.94752 0.01021 0.04172 0.00055 ( 1)
 247 L   0.91016 0.04896 0.03829 0.00259 ( 1)
 248 S   0.68752 0.26106 0.03590 0.01553 ( 1)
 249 A   0.95271 0.00644 0.04052 0.00034 ( 1)
 250 R   0.00159 0.90455 0.00095 0.09292 ( 2)
 251 V   0.93695 0.01769 0.04438 0.00099 ( 1)
 252 G   0.92232 0.02564 0.05050 0.00155 ( 1)
 253 D   0.91311 0.03449 0.05031 0.00209 ( 1)
 254 E   0.54980 0.40127 0.02616 0.02277 ( 1)
 255 R   0.81527 0.13721 0.03967 0.00785 ( 1)
 256 M   0.95222 0.00673 0.04069 0.00035 ( 1)
 257 Q   0.77821 0.17050 0.04109 0.01020 ( 1)
 258 G   0.02323 0.92172 0.00125 0.05380 ( 2)
 259 M   0.18843 0.63377 0.10895 0.06885 ( 2)
 260 M   0.95222 0.00673 0.04069 0.00035 ( 1)
 261 N   0.00451 0.89185 0.00282 0.10083 ( 2)
 262 R   0.23364 0.71639 0.01043 0.03954 ( 2)
 263 L   0.91037 0.03723 0.05014 0.00226 ( 1)
 264 A   0.91403 0.04471 0.03888 0.00238 ( 1)
 265 R   0.08024 0.86372 0.00425 0.05179 ( 2)
 266 A   0.95148 0.00766 0.04047 0.00040 ( 1)
 267 G   0.02303 0.92218 0.00115 0.05363 ( 2)
 268 T   0.90442 0.05366 0.03904 0.00288 ( 1)
 269 T   0.84699 0.10127 0.04562 0.00612 ( 1)
 270 V   0.94633 0.00830 0.04491 0.00046 ( 1)
 271 V   0.94113 0.01354 0.04457 0.00076 ( 1)
 272 V   0.51206 0.43156 0.02906 0.02732 ( 1)
 273 V   0.91231 0.03977 0.04563 0.00229 ( 1)
 274 F   0.94316 0.01434 0.04173 0.00077 ( 1)
 275 S   0.94748 0.00950 0.04251 0.00051 ( 1)
 276 S   0.02931 0.91400 0.00164 0.05504 ( 2)
 277 R   0.20309 0.60337 0.13357 0.05997 ( 2)
 278 R   0.00207 0.88300 0.00156 0.11337 ( 2)
 279 L   0.19723 0.74104 0.01250 0.04923 ( 2)
 280 A   0.95271 0.00644 0.04052 0.00034 ( 1)
 281 R   0.83737 0.11480 0.04122 0.00661 ( 1)
 282 V   0.94113 0.01354 0.04457 0.00076 ( 1)
 283 F   0.94754 0.01000 0.04192 0.00054 ( 1)
 284 F   0.95093 0.00860 0.04002 0.00045 ( 1)
 285 E   0.94052 0.01402 0.04468 0.00078 ( 1)
 286 S   0.94338 0.01356 0.04233 0.00073 ( 1)
 287 V   0.94113 0.01354 0.04457 0.00076 ( 1)
 288 V   0.94113 0.01354 0.04457 0.00076 ( 1)
 289 L   0.90982 0.03778 0.05011 0.00229 ( 1)
 290 A   0.91295 0.04506 0.03956 0.00243 ( 1)
 291 N   0.90374 0.05387 0.03948 0.00291 ( 1)
 292 L   0.73526 0.21127 0.04051 0.01296 ( 1)
 293 T   0.90587 0.04535 0.04614 0.00264 ( 1)
 294 G   0.94798 0.00916 0.04236 0.00049 ( 1)
 295 K   0.93741 0.01622 0.04546 0.00091 ( 1)
 296 V   0.94113 0.01354 0.04457 0.00076 ( 1)
 297 W   0.91270 0.03539 0.04978 0.00213 ( 1)
 298 I   0.64145 0.31543 0.02649 0.01664 ( 1)
 299 A   0.95271 0.00644 0.04052 0.00034 ( 1)
 300 S   0.84576 0.09275 0.05526 0.00622 ( 1)
 301 E   0.88189 0.06070 0.05352 0.00389 ( 1)
 302 D   0.66468 0.29147 0.02828 0.01558 ( 1)
 303 W   0.91270 0.03539 0.04978 0.00213 ( 1)
 304 A   0.90670 0.05197 0.03857 0.00277 ( 1)
 305 I   0.90904 0.05057 0.03774 0.00266 ( 1)
 306 S   0.94748 0.00950 0.04251 0.00051 ( 1)
 307 R   0.11474 0.82534 0.00687 0.05305 ( 2)
 308 H   0.88977 0.06708 0.03951 0.00365 ( 1)
 309 I   0.95560 0.00497 0.03918 0.00026 ( 1)
 310 T   0.71848 0.22657 0.04083 0.01412 ( 1)
 311 G   0.47056 0.47835 0.02330 0.02779 ( 2)
 312 V   0.93605 0.01557 0.04747 0.00090 ( 1)
 313 P   0.93203 0.01589 0.05112 0.00096 ( 1)
 314 G   0.93463 0.01819 0.04614 0.00104 ( 1)
 315 I   0.95560 0.00497 0.03918 0.00026 ( 1)
 316 Q   0.36396 0.58193 0.01925 0.03486 ( 2)
 317 G   0.60580 0.34771 0.02729 0.01920 ( 1)
 318 I   0.93127 0.02378 0.04362 0.00133 ( 1)
 319 G   0.92923 0.01843 0.05122 0.00112 ( 1)
 320 T   0.00219 0.93976 0.00012 0.05794 ( 2)
 321 V   0.94163 0.01305 0.04459 0.00073 ( 1)
 322 L   0.91037 0.03723 0.05014 0.00226 ( 1)
 323 G   0.91614 0.03177 0.05016 0.00192 ( 1)
 324 V   0.94084 0.01383 0.04456 0.00077 ( 1)
 325 A   0.95271 0.00644 0.04052 0.00034 ( 1)
 326 I   0.95560 0.00497 0.03918 0.00026 ( 1)
 327 Q   0.92119 0.02850 0.04862 0.00169 ( 1)
 328 L   0.09157 0.85299 0.00477 0.05067 ( 2)
 329 R   0.49786 0.45156 0.02454 0.02605 ( 1)
 330 L   0.00093 0.94175 0.00005 0.05727 ( 2)
 331 V   0.91132 0.04735 0.03880 0.00253 ( 1)
 332 P   0.90672 0.03902 0.05184 0.00242 ( 1)
 333 G   0.89427 0.06235 0.03997 0.00341 ( 1)
 334 L   0.91013 0.03747 0.05012 0.00228 ( 1)
 335 K   0.54993 0.06648 0.37590 0.00769 ( 1)
 336 E   0.83182 0.12179 0.03952 0.00688 ( 1)
 337 F   0.74005 0.20409 0.04298 0.01288 ( 1)
 338 E   0.87355 0.06901 0.05301 0.00443 ( 1)
 339 E   0.92201 0.03036 0.04588 0.00174 ( 1)
 340 A   0.95271 0.00644 0.04052 0.00034 ( 1)
 341 Y   0.88784 0.05644 0.05216 0.00355 ( 1)
 342 A   0.91433 0.04442 0.03889 0.00236 ( 1)
 343 Q   0.00497 0.93770 0.00027 0.05706 ( 2)
 344 A   0.43872 0.22105 0.31365 0.02659 ( 1)
 345 D   0.95191 0.00689 0.04084 0.00036 ( 1)
 346 K   0.93741 0.01622 0.04546 0.00091 ( 1)
 347 G   0.01914 0.89169 0.00776 0.08142 ( 2)
 348 A   0.90389 0.05025 0.04301 0.00284 ( 1)
 349 P   0.12186 0.82611 0.00568 0.04634 ( 2)
 350 L   0.29016 0.65765 0.01431 0.03788 ( 2)
 351 P   0.58324 0.36076 0.03340 0.02261 ( 1)
 352 C   0.94338 0.01263 0.04330 0.00069 ( 1)
 353 P   0.03998 0.90880 0.00176 0.04946 ( 2)
 354 T   0.10140 0.84171 0.00554 0.05135 ( 2)
 355 G   0.89378 0.06284 0.03995 0.00343 ( 1)
 356 A   0.88290 0.07347 0.03962 0.00402 ( 1)
 357 W   0.75887 0.18826 0.04141 0.01147 ( 1)
 358 C   0.94485 0.01117 0.04337 0.00061 ( 1)
 359 S   0.94920 0.00847 0.04187 0.00045 ( 1)
 360 S   0.94920 0.00847 0.04187 0.00045 ( 1)
 361 N   0.90544 0.04142 0.05062 0.00253 ( 1)
 362 Q   0.92119 0.02850 0.04862 0.00169 ( 1)
 363 L   0.64252 0.31230 0.02818 0.01700 ( 1)
 364 C   0.94338 0.01263 0.04330 0.00069 ( 1)
 365 R   0.86655 0.07439 0.05421 0.00486 ( 1)
 366 E   0.19565 0.72211 0.02212 0.06013 ( 2)
 367 C   0.94328 0.01273 0.04330 0.00070 ( 1)
 368 C   0.00143 0.93640 0.00009 0.06208 ( 2)
 369 A   0.73721 0.20843 0.04144 0.01293 ( 1)
 370 F   0.95358 0.00600 0.04010 0.00031 ( 1)
 371 T   0.00043 0.90204 0.00039 0.09714 ( 2)
 372 A   0.15561 0.78202 0.01000 0.05237 ( 2)
 373 H   0.94842 0.00899 0.04210 0.00048 ( 1)
 374 T   0.00027 0.88836 0.00020 0.11117 ( 2)
 375 T   0.90829 0.05021 0.03882 0.00268 ( 1)
 376 P   0.94904 0.00868 0.04181 0.00047 ( 1)
 377 T   0.08339 0.86268 0.00412 0.04980 ( 2)
 378 L   0.93998 0.01415 0.04508 0.00080 ( 1)
 379 G   0.00059 0.86853 0.00057 0.13031 ( 2)
 380 P   0.67327 0.28297 0.02864 0.01512 ( 1)
 381 F   0.91429 0.04488 0.03846 0.00237 ( 1)
 382 S   0.94748 0.00950 0.04251 0.00051 ( 1)
 383 M   0.95222 0.00673 0.04069 0.00035 ( 1)
 384 S   0.90398 0.04250 0.05091 0.00261 ( 1)
 385 S   0.68401 0.26009 0.03954 0.01637 ( 1)
 386 A   0.95271 0.00644 0.04052 0.00034 ( 1)
 387 Y   0.94340 0.01210 0.04384 0.00067 ( 1)
 388 N   0.95006 0.00804 0.04147 0.00043 ( 1)
 389 V   0.41228 0.53296 0.02232 0.03244 ( 2)
 390 Y   0.93017 0.01665 0.05217 0.00102 ( 1)
 391 Q   0.06550 0.87820 0.00347 0.05283 ( 2)
 392 A   0.89255 0.04887 0.05540 0.00318 ( 1)
 393 V   0.94113 0.01354 0.04457 0.00076 ( 1)
 394 Y   0.92044 0.03295 0.04475 0.00187 ( 1)
 395 T   0.06091 0.87972 0.00356 0.05581 ( 2)
 396 V   0.94113 0.01354 0.04457 0.00076 ( 1)
 397 A   0.95248 0.00667 0.04051 0.00035 ( 1)
 398 H   0.90571 0.04089 0.05089 0.00251 ( 1)
 399 G   0.94798 0.00916 0.04236 0.00049 ( 1)
 400 L   0.95003 0.00790 0.04164 0.00042 ( 1)
 401 H   0.94861 0.00881 0.04211 0.00047 ( 1)
 402 Q   0.92119 0.02850 0.04862 0.00169 ( 1)
 403 L   0.95003 0.00790 0.04164 0.00042 ( 1)
 404 L   0.91037 0.03723 0.05014 0.00226 ( 1)
 405 G   0.94798 0.00916 0.04236 0.00049 ( 1)
 406 C   0.92393 0.03009 0.04429 0.00169 ( 1)
 407 A   0.90037 0.05689 0.03965 0.00309 ( 1)
 408 S   0.90487 0.04034 0.05227 0.00251 ( 1)
 409 G   0.84991 0.08910 0.05505 0.00594 ( 1)
 410 A   0.85097 0.10506 0.03821 0.00577 ( 1)
 411 C   0.89451 0.05070 0.05163 0.00316 ( 1)
 412 S   0.94748 0.00950 0.04251 0.00051 ( 1)
 413 R   0.93509 0.01790 0.04600 0.00102 ( 1)
 414 S   0.64310 0.31110 0.02875 0.01705 ( 1)
 415 Q   0.02322 0.83161 0.02225 0.12292 ( 2)
 416 V   0.95271 0.00639 0.04056 0.00034 ( 1)
 417 Y   0.40484 0.30397 0.25678 0.03442 ( 1)
 418 P   0.94464 0.00864 0.04623 0.00049 ( 1)
 419 W   0.91270 0.03539 0.04978 0.00213 ( 1)
 420 Q   0.92119 0.02850 0.04862 0.00169 ( 1)
 421 L   0.89986 0.04607 0.05122 0.00285 ( 1)
 422 L   0.90732 0.04024 0.04999 0.00244 ( 1)
 423 E   0.85972 0.09412 0.04085 0.00531 ( 1)
 424 Q   0.92119 0.02850 0.04862 0.00169 ( 1)
 425 I   0.95560 0.00497 0.03918 0.00026 ( 1)
 426 H   0.03476 0.91369 0.00155 0.05000 ( 2)
 427 K   0.93693 0.01670 0.04543 0.00094 ( 1)
 428 A   0.86854 0.08549 0.04114 0.00483 ( 1)
 429 N   0.71497 0.23072 0.04005 0.01426 ( 1)
 430 F   0.95341 0.00617 0.04010 0.00032 ( 1)
 431 L   0.89986 0.04607 0.05122 0.00285 ( 1)
 432 L   0.83031 0.10724 0.05519 0.00727 ( 1)
 433 H   0.94635 0.01071 0.04237 0.00058 ( 1)
 434 E   0.02123 0.86195 0.01432 0.10249 ( 2)
 435 D   0.95191 0.00689 0.04084 0.00036 ( 1)
 436 T   0.90716 0.03891 0.05153 0.00240 ( 1)
 437 V   0.94113 0.01354 0.04457 0.00076 ( 1)
 438 T   0.00833 0.92934 0.00054 0.06179 ( 2)
 439 F   0.73950 0.20737 0.04047 0.01266 ( 1)
 440 N   0.30391 0.63951 0.01703 0.03956 ( 2)
 441 D   0.95191 0.00689 0.04084 0.00036 ( 1)
 442 N   0.92077 0.02851 0.04903 0.00169 ( 1)
 443 G   0.28956 0.65654 0.01499 0.03891 ( 2)
 444 D   0.50105 0.44945 0.02392 0.02559 ( 1)
 445 P   0.58773 0.03884 0.36917 0.00426 ( 1)
 446 L   0.58687 0.36700 0.02605 0.02007 ( 1)
 447 S   0.90301 0.04346 0.05086 0.00267 ( 1)
 448 G   0.88869 0.06794 0.03966 0.00371 ( 1)
 449 Y   0.88784 0.05644 0.05216 0.00355 ( 1)
 450 N   0.19589 0.59185 0.13926 0.07300 ( 2)
 451 I   0.91481 0.03344 0.04974 0.00201 ( 1)
 452 I   0.91508 0.03341 0.04950 0.00201 ( 1)
 453 A   0.91349 0.04524 0.03886 0.00241 ( 1)
 454 W   0.91270 0.03539 0.04978 0.00213 ( 1)
 455 D   0.95191 0.00689 0.04084 0.00036 ( 1)
 456 W   0.91270 0.03539 0.04978 0.00213 ( 1)
 457 I   0.05830 0.88352 0.00329 0.05489 ( 2)
 458 G   0.93043 0.02008 0.04831 0.00118 ( 1)
 459 F   0.65561 0.29924 0.02888 0.01628 ( 1)
 460 K   0.86128 0.09494 0.03858 0.00519 ( 1)
 461 W   0.91270 0.03539 0.04978 0.00213 ( 1)
 462 T   0.95089 0.00747 0.04124 0.00040 ( 1)
 463 F   0.95265 0.00692 0.04007 0.00036 ( 1)
 464 T   0.92940 0.02403 0.04521 0.00136 ( 1)
 465 V   0.39625 0.26675 0.30288 0.03413 ( 1)
 466 I   0.08524 0.82802 0.01586 0.07088 ( 2)
 467 G   0.93934 0.01568 0.04411 0.00087 ( 1)
 468 S   0.94696 0.01000 0.04249 0.00054 ( 1)
 469 S   0.94748 0.00950 0.04251 0.00051 ( 1)
 470 T   0.86457 0.07517 0.05528 0.00498 ( 1)
 471 A   0.30008 0.64421 0.01641 0.03930 ( 2)
 472 S   0.67441 0.26963 0.03899 0.01697 ( 1)
 473 P   0.84405 0.09547 0.05415 0.00633 ( 1)
 474 V   0.70858 0.23701 0.03973 0.01468 ( 1)
 475 R   0.00557 0.92445 0.00066 0.06933 ( 2)
 476 L   0.86342 0.08214 0.04934 0.00510 ( 1)
 477 D   0.89558 0.06247 0.03860 0.00335 ( 1)
 478 I   0.91341 0.03484 0.04966 0.00210 ( 1)
 479 N   0.90544 0.04142 0.05062 0.00253 ( 1)
 480 E   0.85981 0.09402 0.04086 0.00531 ( 1)
 481 T   0.95088 0.00749 0.04124 0.00040 ( 1)
 482 K   0.86564 0.07605 0.05339 0.00493 ( 1)
 483 I   0.95056 0.00524 0.04391 0.00029 ( 1)
 484 Q   0.92119 0.02850 0.04862 0.00169 ( 1)
 485 W   0.91270 0.03539 0.04978 0.00213 ( 1)
 486 H   0.87857 0.07813 0.03905 0.00426 ( 1)
 487 R   0.13030 0.66746 0.11056 0.09168 ( 2)
 488 K   0.93741 0.01622 0.04546 0.00091 ( 1)
 489 D   0.91073 0.04764 0.03908 0.00255 ( 1)
 490 N   0.95026 0.00784 0.04148 0.00042 ( 1)
 491 Q   0.92119 0.02850 0.04862 0.00169 ( 1)
 492 V   0.94084 0.01383 0.04456 0.00077 ( 1)
 493 P   0.90382 0.04190 0.05168 0.00260 ( 1)
 494 Q   0.49916 0.45084 0.02424 0.02576 ( 1)
 495 S   0.89425 0.05091 0.05167 0.00317 ( 1)
 496 V   0.94113 0.01354 0.04457 0.00076 ( 1)
 497 C   0.93107 0.02302 0.04462 0.00129 ( 1)
 498 S   0.94748 0.00950 0.04251 0.00051 ( 1)
 499 S   0.93906 0.01849 0.04146 0.00099 ( 1)
 500 D   0.94702 0.00721 0.04536 0.00041 ( 1)
 501 C   0.89837 0.04686 0.05185 0.00292 ( 1)
 502 L   0.89986 0.04607 0.05122 0.00285 ( 1)
 503 E   0.60674 0.33475 0.03685 0.02167 ( 1)
 504 G   0.93194 0.02086 0.04601 0.00119 ( 1)
 505 H   0.89538 0.06152 0.03975 0.00335 ( 1)
 506 Q   0.92119 0.02850 0.04862 0.00169 ( 1)
 507 R   0.10979 0.69574 0.09671 0.09776 ( 2)
 508 V   0.94113 0.01354 0.04457 0.00076 ( 1)
 509 V   0.90869 0.03805 0.05092 0.00233 ( 1)
 510 V   0.00235 0.93129 0.00017 0.06620 ( 2)
 511 G   0.68130 0.26291 0.03926 0.01653 ( 1)
 512 S   0.91535 0.04384 0.03850 0.00232 ( 1)
 513 H   0.31190 0.56534 0.08019 0.04257 ( 2)
 514 H   0.89691 0.06000 0.03982 0.00327 ( 1)
 515 C   0.89653 0.04870 0.05174 0.00303 ( 1)
 516 C   0.94485 0.01117 0.04337 0.00061 ( 1)
 517 F   0.91978 0.02822 0.05029 0.00170 ( 1)
 518 E   0.86129 0.09256 0.04092 0.00523 ( 1)
 519 C   0.89451 0.05070 0.05163 0.00316 ( 1)
 520 V   0.92766 0.02084 0.05025 0.00125 ( 1)
 521 P   0.94692 0.01081 0.04170 0.00058 ( 1)
 522 C   0.90009 0.05054 0.04640 0.00296 ( 1)
 523 E   0.46199 0.48815 0.02215 0.02772 ( 2)
 524 S   0.69290 0.25250 0.03895 0.01565 ( 1)
 525 G   0.93387 0.01895 0.04610 0.00108 ( 1)
 526 T   0.51852 0.43552 0.02252 0.02344 ( 1)
 527 F   0.71069 0.24633 0.02989 0.01308 ( 1)
 528 L   0.61894 0.33567 0.02715 0.01824 ( 1)
 529 N   0.67232 0.28302 0.02935 0.01531 ( 1)
 530 K   0.51503 0.43509 0.02501 0.02487 ( 1)
 531 S   0.89726 0.04918 0.05054 0.00302 ( 1)
 532 D   0.94963 0.00915 0.04074 0.00048 ( 1)
 533 L   0.88145 0.07563 0.03877 0.00416 ( 1)
 534 Y   0.85493 0.09973 0.03977 0.00558 ( 1)
 535 R   0.23532 0.69700 0.01610 0.05158 ( 2)
 536 C   0.94111 0.01487 0.04321 0.00081 ( 1)
 537 Q   0.92119 0.02850 0.04862 0.00169 ( 1)
 538 P   0.68693 0.25764 0.03930 0.01612 ( 1)
 539 C   0.89451 0.05070 0.05163 0.00316 ( 1)
 540 G   0.93463 0.01819 0.04614 0.00104 ( 1)
 541 K   0.87339 0.06832 0.05387 0.00443 ( 1)
 542 E   0.87355 0.06901 0.05301 0.00443 ( 1)
 543 E   0.94050 0.01404 0.04468 0.00078 ( 1)
 544 W   0.91270 0.03539 0.04978 0.00213 ( 1)
 545 A   0.84946 0.09056 0.05400 0.00598 ( 1)
 546 P   0.90714 0.03861 0.05186 0.00239 ( 1)
 547 E   0.15512 0.79247 0.00740 0.04501 ( 2)
 548 G   0.50829 0.42984 0.03295 0.02891 ( 1)
 549 S   0.94920 0.00847 0.04187 0.00045 ( 1)
 550 Q   0.92119 0.02850 0.04862 0.00169 ( 1)
 551 T   0.89863 0.05918 0.03900 0.00319 ( 1)
 552 C   0.94485 0.01117 0.04337 0.00061 ( 1)
 553 F   0.95289 0.00668 0.04008 0.00035 ( 1)
 554 P   0.61324 0.32668 0.03850 0.02157 ( 1)
 555 R   0.93825 0.01750 0.04328 0.00096 ( 1)
 556 T   0.91281 0.03845 0.04650 0.00224 ( 1)
 557 V   0.93900 0.01565 0.04447 0.00087 ( 1)
 558 V   0.86480 0.08920 0.04097 0.00504 ( 1)
 559 F   0.24657 0.50497 0.18478 0.06368 ( 2)
 560 L   0.90984 0.03778 0.05008 0.00229 ( 1)
 561 A   0.27675 0.66564 0.01586 0.04175 ( 2)
 562 W   0.32712 0.61688 0.01810 0.03790 ( 2)
 563 H   0.31007 0.63319 0.01746 0.03928 ( 2)
 564 E   0.94052 0.01402 0.04468 0.00078 ( 1)
 565 C   0.03702 0.83691 0.02572 0.10035 ( 2)
 566 I   0.91000 0.04866 0.03875 0.00260 ( 1)
 567 S   0.89425 0.05091 0.05167 0.00317 ( 1)
 568 W   0.91270 0.03539 0.04978 0.00213 ( 1)
 569 V   0.94113 0.01354 0.04457 0.00076 ( 1)
 570 L   0.90771 0.03991 0.04996 0.00242 ( 1)
 571 L   0.91009 0.03751 0.05012 0.00228 ( 1)
 572 A   0.53322 0.40585 0.03393 0.02700 ( 1)
 573 A   0.44945 0.13179 0.40066 0.01811 ( 1)
 574 N   0.93008 0.01927 0.04951 0.00114 ( 1)
 575 T   0.81432 0.13660 0.04111 0.00798 ( 1)
 576 L   0.32203 0.61911 0.01917 0.03970 ( 2)
 577 L   0.90904 0.03855 0.05006 0.00234 ( 1)
 578 L   0.91028 0.03733 0.05013 0.00227 ( 1)
 579 V   0.73532 0.21121 0.04051 0.01296 ( 1)
 580 V   0.73465 0.21187 0.04048 0.01300 ( 1)
 581 V   0.74507 0.20537 0.03755 0.01201 ( 1)
 582 V   0.22386 0.52981 0.17727 0.06906 ( 2)
 583 G   0.93541 0.01742 0.04618 0.00099 ( 1)
 584 T   0.69657 0.24835 0.03959 0.01548 ( 1)
 585 V   0.71001 0.23550 0.03990 0.01459 ( 1)
 586 G   0.94169 0.01101 0.04667 0.00063 ( 1)
 587 L   0.91037 0.03723 0.05014 0.00226 ( 1)
 588 F   0.91203 0.03593 0.04988 0.00217 ( 1)
 589 A   0.95229 0.00683 0.04052 0.00036 ( 1)
 590 W   0.91270 0.03539 0.04978 0.00213 ( 1)
 591 H   0.94864 0.00878 0.04211 0.00047 ( 1)
 592 Q   0.47378 0.46307 0.03152 0.03163 ( 1)
 593 D   0.95191 0.00689 0.04084 0.00036 ( 1)
 594 T   0.95018 0.00818 0.04120 0.00043 ( 1)
 595 P   0.89813 0.04757 0.05135 0.00295 ( 1)
 596 V   0.94113 0.01354 0.04457 0.00076 ( 1)
 597 V   0.94065 0.01402 0.04455 0.00078 ( 1)
 598 R   0.93509 0.01790 0.04600 0.00102 ( 1)
 599 S   0.83240 0.10609 0.05440 0.00712 ( 1)
 600 A   0.88529 0.06007 0.05090 0.00374 ( 1)
 601 G   0.93463 0.01819 0.04614 0.00104 ( 1)
 602 G   0.94798 0.00916 0.04236 0.00049 ( 1)
 603 W   0.01772 0.92656 0.00092 0.05480 ( 2)
 604 L   0.91037 0.03723 0.05014 0.00226 ( 1)
 605 C   0.94378 0.01127 0.04432 0.00062 ( 1)
 606 F   0.94316 0.01434 0.04173 0.00077 ( 1)
 607 L   0.93818 0.01757 0.04329 0.00097 ( 1)
 608 M   0.95222 0.00673 0.04069 0.00035 ( 1)
 609 L   0.90811 0.03948 0.05001 0.00240 ( 1)
 610 G   0.94703 0.01010 0.04232 0.00055 ( 1)
 611 S   0.94684 0.01013 0.04248 0.00055 ( 1)
 612 L   0.91037 0.03723 0.05014 0.00226 ( 1)
 613 A   0.86091 0.07915 0.05472 0.00522 ( 1)
 614 G   0.03485 0.90283 0.00221 0.06011 ( 2)
 615 A   0.66484 0.27931 0.03831 0.01755 ( 1)
 616 S   0.94499 0.01076 0.04366 0.00059 ( 1)
 617 C   0.03663 0.91130 0.00168 0.05040 ( 2)
 618 S   0.94920 0.00847 0.04187 0.00045 ( 1)
 619 L   0.90020 0.05723 0.03947 0.00311 ( 1)
 620 Y   0.88784 0.05644 0.05216 0.00355 ( 1)
 621 G   0.94775 0.00939 0.04235 0.00051 ( 1)
 622 F   0.95323 0.00632 0.04011 0.00033 ( 1)
 623 F   0.91203 0.03593 0.04988 0.00217 ( 1)
 624 G   0.93194 0.02086 0.04601 0.00119 ( 1)
 625 E   0.93085 0.02160 0.04632 0.00124 ( 1)
 626 P   0.94827 0.00946 0.04176 0.00051 ( 1)
 627 T   0.62507 0.32000 0.03506 0.01987 ( 1)
 628 L   0.28014 0.66438 0.01515 0.04033 ( 2)
 629 P   0.78154 0.17235 0.03644 0.00967 ( 1)
 630 A   0.38301 0.22764 0.35703 0.03231 ( 1)
 631 C   0.94338 0.01263 0.04330 0.00069 ( 1)
 632 L   0.90107 0.04649 0.04961 0.00282 ( 1)
 633 L   0.91017 0.03743 0.05012 0.00227 ( 1)
 634 R   0.94432 0.01149 0.04356 0.00063 ( 1)
 635 Q   0.91847 0.03120 0.04848 0.00185 ( 1)
 636 A   0.89903 0.05955 0.03824 0.00317 ( 1)
 637 I   0.89445 0.06293 0.03921 0.00341 ( 1)
 638 F   0.91203 0.03593 0.04988 0.00217 ( 1)
 639 A   0.95169 0.00744 0.04047 0.00039 ( 1)
 640 L   0.90547 0.04049 0.05154 0.00250 ( 1)
 641 G   0.89705 0.04829 0.05165 0.00301 ( 1)
 642 F   0.93890 0.01170 0.04871 0.00068 ( 1)
 643 T   0.89187 0.06644 0.03814 0.00356 ( 1)
 644 I   0.61687 0.02274 0.35801 0.00238 ( 1)
 645 F   0.95337 0.00621 0.04010 0.00032 ( 1)
 646 L   0.91017 0.03743 0.05012 0.00227 ( 1)
 647 S   0.94736 0.00962 0.04250 0.00052 ( 1)
 648 C   0.94485 0.01117 0.04337 0.00061 ( 1)
 649 L   0.73526 0.21127 0.04051 0.01296 ( 1)
 650 T   0.84814 0.09156 0.05424 0.00606 ( 1)
 651 V   0.90510 0.04163 0.05073 0.00255 ( 1)
 652 R   0.94402 0.01179 0.04355 0.00065 ( 1)
 653 S   0.94049 0.01351 0.04523 0.00076 ( 1)
 654 F   0.95358 0.00600 0.04010 0.00031 ( 1)
 655 Q   0.85818 0.08239 0.05403 0.00540 ( 1)
 656 L   0.88065 0.06505 0.05026 0.00404 ( 1)
 657 V   0.90513 0.05369 0.03832 0.00286 ( 1)
 658 I   0.95560 0.00497 0.03918 0.00026 ( 1)
 659 I   0.95499 0.00557 0.03915 0.00029 ( 1)
 660 F   0.95358 0.00600 0.04010 0.00031 ( 1)
 661 K   0.93741 0.01622 0.04546 0.00091 ( 1)
 662 F   0.91203 0.03593 0.04988 0.00217 ( 1)
 663 S   0.94681 0.01016 0.04248 0.00055 ( 1)
 664 T   0.49359 0.18955 0.29614 0.02072 ( 1)
 665 K   0.93624 0.01738 0.04540 0.00098 ( 1)
 666 V   0.18700 0.74724 0.01307 0.05269 ( 2)
 667 P   0.93629 0.01930 0.04335 0.00106 ( 1)
 668 T   0.25368 0.67673 0.02113 0.04846 ( 2)
 669 F   0.95358 0.00600 0.04010 0.00031 ( 1)
 670 Y   0.09313 0.05641 0.83743 0.01303 ( 3)
 671 H   0.31244 0.63023 0.01786 0.03947 ( 2)
 672 T   0.70752 0.24907 0.03009 0.01332 ( 1)
 673 W   0.91270 0.03539 0.04978 0.00213 ( 1)
 674 V   0.95177 0.00732 0.04052 0.00039 ( 1)
 675 Q   0.85471 0.08584 0.05382 0.00563 ( 1)
 676 N   0.95026 0.00784 0.04148 0.00042 ( 1)
 677 H   0.94487 0.01214 0.04234 0.00066 ( 1)
 678 G   0.89561 0.04972 0.05157 0.00310 ( 1)
 679 A   0.91282 0.03384 0.05127 0.00208 ( 1)
 680 A   0.17748 0.77226 0.00796 0.04230 ( 2)
 681 L   0.91037 0.03723 0.05014 0.00226 ( 1)
 682 F   0.91203 0.03593 0.04988 0.00217 ( 1)
 683 I   0.73097 0.22184 0.03464 0.01254 ( 1)
 684 M   0.39359 0.28023 0.29120 0.03498 ( 1)
 685 I   0.95526 0.00528 0.03919 0.00027 ( 1)
 686 S   0.89902 0.05816 0.03967 0.00315 ( 1)
 687 S   0.83240 0.10609 0.05440 0.00712 ( 1)
 688 M   0.02933 0.91968 0.00128 0.04971 ( 2)
 689 A   0.19671 0.75419 0.00852 0.04058 ( 2)
 690 Q   0.92119 0.02850 0.04862 0.00169 ( 1)
 691 L   0.90774 0.03985 0.04999 0.00242 ( 1)
 692 L   0.90310 0.04285 0.05141 0.00265 ( 1)
 693 I   0.95560 0.00497 0.03918 0.00026 ( 1)
 694 C   0.89499 0.05022 0.05166 0.00313 ( 1)
 695 L   0.83031 0.10724 0.05519 0.00727 ( 1)
 696 T   0.90829 0.03832 0.05105 0.00235 ( 1)
 697 W   0.91270 0.03539 0.04978 0.00213 ( 1)
 698 L   0.90409 0.04220 0.05112 0.00260 ( 1)
 699 A   0.50820 0.44267 0.02411 0.02502 ( 1)
 700 V   0.86502 0.08898 0.04098 0.00503 ( 1)
 701 W   0.91270 0.03539 0.04978 0.00213 ( 1)
 702 T   0.94897 0.00938 0.04116 0.00050 ( 1)
 703 P   0.84405 0.09547 0.05415 0.00633 ( 1)
 704 L   0.91037 0.03723 0.05014 0.00226 ( 1)
 705 P   0.94819 0.00954 0.04175 0.00051 ( 1)
 706 T   0.84208 0.11321 0.03846 0.00626 ( 1)
 707 R   0.90930 0.03424 0.05429 0.00217 ( 1)
 708 E   0.87355 0.06901 0.05301 0.00443 ( 1)
 709 Y   0.94188 0.01360 0.04377 0.00075 ( 1)
 710 Q   0.32485 0.48891 0.14025 0.04600 ( 2)
 711 R   0.94435 0.01146 0.04356 0.00063 ( 1)
 712 F   0.95289 0.00668 0.04008 0.00035 ( 1)
 713 P   0.94827 0.00946 0.04176 0.00051 ( 1)
 714 Q   0.75789 0.19016 0.04050 0.01145 ( 1)
 715 L   0.91037 0.03723 0.05014 0.00226 ( 1)
 716 V   0.93900 0.01565 0.04447 0.00087 ( 1)
 717 V   0.67053 0.28553 0.02867 0.01527 ( 1)
 718 L   0.89986 0.04607 0.05122 0.00285 ( 1)
 719 E   0.85037 0.10339 0.04041 0.00584 ( 1)
 720 C   0.94485 0.01117 0.04337 0.00061 ( 1)
 721 T   0.84604 0.09365 0.05411 0.00620 ( 1)
 722 E   0.94052 0.01402 0.04468 0.00078 ( 1)
 723 T   0.00469 0.91296 0.00178 0.08057 ( 2)
 724 N   0.86917 0.08057 0.04544 0.00482 ( 1)
 725 S   0.91569 0.02702 0.05556 0.00173 ( 1)
 726 L   0.91037 0.03723 0.05014 0.00226 ( 1)
 727 G   0.94798 0.00916 0.04236 0.00049 ( 1)
 728 F   0.95358 0.00600 0.04010 0.00031 ( 1)
 729 M   0.46656 0.48181 0.02339 0.02825 ( 2)
 730 L   0.91017 0.03743 0.05012 0.00227 ( 1)
 731 A   0.95271 0.00644 0.04052 0.00034 ( 1)
 732 F   0.94921 0.00895 0.04136 0.00048 ( 1)
 733 G   0.00599 0.94024 0.00029 0.05348 ( 2)
 734 Y   0.94340 0.01210 0.04384 0.00067 ( 1)
 735 N   0.90544 0.04142 0.05062 0.00253 ( 1)
 736 G   0.88631 0.07024 0.03961 0.00384 ( 1)
 737 L   0.94867 0.00925 0.04158 0.00050 ( 1)
 738 L   0.94930 0.00862 0.04161 0.00046 ( 1)
 739 S   0.93769 0.01498 0.04648 0.00086 ( 1)
 740 V   0.24609 0.70579 0.01045 0.03768 ( 2)
 741 S   0.93962 0.01607 0.04343 0.00088 ( 1)
 742 A   0.95195 0.00718 0.04049 0.00038 ( 1)
 743 F   0.91203 0.03593 0.04988 0.00217 ( 1)
 744 A   0.95127 0.00786 0.04046 0.00041 ( 1)
 745 C   0.94379 0.01222 0.04332 0.00067 ( 1)
 746 S   0.89868 0.05849 0.03965 0.00317 ( 1)
 747 Y   0.94340 0.01210 0.04384 0.00067 ( 1)
 748 L   0.73538 0.21115 0.04052 0.01295 ( 1)
 749 G   0.94554 0.00939 0.04454 0.00052 ( 1)
 750 K   0.93624 0.01738 0.04540 0.00098 ( 1)
 751 D   0.95191 0.00689 0.04084 0.00036 ( 1)
 752 L   0.90934 0.03823 0.05010 0.00232 ( 1)
 753 P   0.84405 0.09547 0.05415 0.00633 ( 1)
 754 E   0.94052 0.01402 0.04468 0.00078 ( 1)
 755 N   0.95026 0.00784 0.04148 0.00042 ( 1)
 756 Y   0.91884 0.02790 0.05156 0.00171 ( 1)
 757 N   0.89768 0.05991 0.03919 0.00323 ( 1)
 758 E   0.94052 0.01402 0.04468 0.00078 ( 1)
 759 A   0.95229 0.00683 0.04052 0.00036 ( 1)
 760 K   0.86564 0.07605 0.05339 0.00493 ( 1)
 761 C   0.89451 0.05070 0.05163 0.00316 ( 1)
 762 V   0.95271 0.00639 0.04056 0.00034 ( 1)
 763 T   0.94894 0.00941 0.04115 0.00050 ( 1)
 764 F   0.95093 0.00860 0.04002 0.00045 ( 1)
 765 G   0.44535 0.21024 0.31879 0.02562 ( 1)
 766 L   0.91022 0.03738 0.05013 0.00227 ( 1)
 767 L   0.95003 0.00790 0.04164 0.00042 ( 1)
 768 L   0.90154 0.05617 0.03926 0.00303 ( 1)
 769 N   0.88751 0.06997 0.03875 0.00377 ( 1)
 770 F   0.95289 0.00668 0.04008 0.00035 ( 1)
 771 V   0.57159 0.37981 0.02709 0.02150 ( 1)
 772 S   0.94748 0.00950 0.04251 0.00051 ( 1)
 773 W   0.91270 0.03539 0.04978 0.00213 ( 1)
 774 I   0.95560 0.00497 0.03918 0.00026 ( 1)
 775 A   0.69567 0.26071 0.02961 0.01401 ( 1)
 776 F   0.91500 0.04417 0.03849 0.00234 ( 1)
 777 F   0.95321 0.00635 0.04011 0.00033 ( 1)
 778 T   0.94856 0.00761 0.04341 0.00042 ( 1)
 779 V   0.12776 0.81944 0.00610 0.04670 ( 2)
 780 A   0.95201 0.00713 0.04049 0.00038 ( 1)
 781 S   0.89320 0.06392 0.03941 0.00346 ( 1)
 782 V   0.91398 0.04472 0.03892 0.00239 ( 1)
 783 Y   0.86533 0.08542 0.04423 0.00502 ( 1)
 784 Q   0.51922 0.42934 0.02632 0.02512 ( 1)
 785 G   0.89171 0.06483 0.03990 0.00356 ( 1)
 786 K   0.93741 0.01622 0.04546 0.00091 ( 1)
 787 Y   0.94166 0.01382 0.04376 0.00076 ( 1)
 788 L   0.73523 0.21130 0.04051 0.01296 ( 1)
 789 P   0.89251 0.06263 0.04135 0.00351 ( 1)
 790 A   0.83391 0.11696 0.04229 0.00685 ( 1)
 791 V   0.89742 0.05886 0.04049 0.00322 ( 1)
 792 N   0.93484 0.01453 0.04976 0.00086 ( 1)
 793 V   0.43734 0.26664 0.26754 0.02847 ( 1)
 794 L   0.76711 0.18181 0.04024 0.01084 ( 1)
 795 A   0.94073 0.01616 0.04223 0.00088 ( 1)
 796 V   0.01396 0.92961 0.00072 0.05571 ( 2)
 797 L   0.76062 0.18251 0.04519 0.01169 ( 1)
 798 S   0.94920 0.00847 0.04187 0.00045 ( 1)
 799 S   0.94920 0.00847 0.04187 0.00045 ( 1)
 800 L   0.91031 0.03729 0.05013 0.00226 ( 1)
 801 S   0.59016 0.03708 0.36870 0.00406 ( 1)
 802 S   0.94723 0.01042 0.04179 0.00056 ( 1)
 803 G   0.94798 0.00916 0.04236 0.00049 ( 1)
 804 F   0.95358 0.00600 0.04010 0.00031 ( 1)
 805 S   0.83796 0.11031 0.04507 0.00666 ( 1)
 806 G   0.94106 0.01522 0.04289 0.00083 ( 1)
 807 Y   0.88784 0.05644 0.05216 0.00355 ( 1)
 808 F   0.94316 0.01434 0.04173 0.00077 ( 1)
 809 L   0.93946 0.01657 0.04306 0.00091 ( 1)
 810 P   0.94651 0.00918 0.04380 0.00051 ( 1)
 811 K   0.93580 0.01781 0.04538 0.00100 ( 1)
 812 C   0.94485 0.01117 0.04337 0.00061 ( 1)
 813 Y   0.90892 0.03776 0.05101 0.00231 ( 1)
 814 V   0.93730 0.01734 0.04439 0.00097 ( 1)
 815 I   0.95560 0.00497 0.03918 0.00026 ( 1)
 816 V   0.89121 0.06610 0.03910 0.00359 ( 1)
 817 C   0.88065 0.07478 0.04043 0.00414 ( 1)
 818 R   0.94180 0.01398 0.04344 0.00077 ( 1)
 819 P   0.37260 0.24021 0.35273 0.03446 ( 1)
 820 D   0.93785 0.01642 0.04480 0.00092 ( 1)
 821 L   0.94506 0.01264 0.04161 0.00068 ( 1)
 822 N   0.94943 0.00866 0.04144 0.00046 ( 1)
 823 S   0.89900 0.05815 0.03970 0.00316 ( 1)
 824 T   0.85729 0.08243 0.05482 0.00546 ( 1)
 825 E   0.94052 0.01402 0.04468 0.00078 ( 1)
 826 H   0.94864 0.00878 0.04211 0.00047 ( 1)
 827 F   0.95265 0.00692 0.04007 0.00036 ( 1)
 828 Q   0.92119 0.02850 0.04862 0.00169 ( 1)
 829 A   0.95262 0.00652 0.04051 0.00034 ( 1)
 830 S   0.94748 0.00950 0.04251 0.00051 ( 1)
 831 I   0.94574 0.01266 0.04093 0.00067 ( 1)
 832 Q   0.92119 0.02850 0.04862 0.00169 ( 1)
 833 D   0.90956 0.04880 0.03903 0.00261 ( 1)
 834 Y   0.94340 0.01210 0.04384 0.00067 ( 1)
 835 T   0.93656 0.01731 0.04516 0.00097 ( 1)
 836 R   0.93509 0.01790 0.04600 0.00102 ( 1)
 837 R   0.87912 0.07609 0.04056 0.00423 ( 1)
 838 W   0.06214 0.88010 0.00309 0.05467 ( 2)
 839 G   0.16149 0.78746 0.00727 0.04379 ( 2)
 840 S   0.57923 0.05753 0.35702 0.00622 ( 1)
 841 T   0.94724 0.01109 0.04108 0.00059 ( 1)

