

TREE # 1

  0  0.0000  13452.731247  x:  0.36826   0.07062   0.00720   0.13921   0.12976   0.10564   0.17512   0.07302   0.07041   0.01860   0.03711   0.00956   0.01947   0.01673   0.00903   0.01422   0.02413   0.01472   0.01167   0.01334   0.06697   0.30034   0.00000   0.03920   0.06707   0.03865   0.03363   0.00938   0.02524   0.01451   0.00507   0.01040   0.12469   0.00873   0.10201   0.08664   0.06768   3.00000   1.39835   0.16116   0.29812  
  1 99.0000  13420.249876  x:  0.36977   0.07645   0.01351   0.14189   0.12999   0.10644   0.17857   0.07617   0.07062   0.02358   0.03598   0.01114   0.02063   0.01770   0.00489   0.00671   0.02111   0.01385   0.00611   0.00998   0.06663   0.30214   0.00609   0.04137   0.06827   0.03816   0.03223   0.00894   0.02087   0.01578   0.00000   0.00886   0.12728   0.01366   0.10249   0.08804   0.06961   3.00106   1.39918   0.16034   0.28505  
  2 1982.1148  13401.163131  x:  0.37099   0.08116   0.01858   0.14407   0.13018   0.10708   0.18135   0.07871   0.07079   0.02758   0.03506   0.01240   0.02156   0.01848   0.00159   0.00064   0.01867   0.01316   0.00167   0.00728   0.06635   0.30360   0.01088   0.04312   0.06925   0.03777   0.03111   0.00858   0.01735   0.01682   0.00050   0.00767   0.12937   0.01760   0.10287   0.08917   0.07116   3.00192   1.39986   0.15967   0.27445  
  3 34067.6631  13393.445412  x:  0.37152   0.08307   0.02022   0.14497   0.13023   0.10731   0.18253   0.07975   0.07084   0.02889   0.03468   0.01275   0.02193   0.01873   0.00290   0.00000   0.01784   0.01302   0.00265   0.00674   0.06615   0.30423   0.01173   0.04379   0.06965   0.03762   0.03069   0.00854   0.01608   0.01712   0.00057   0.00751   0.13024   0.01877   0.10302   0.08964   0.07176   3.00230   1.40015   0.15938   0.26980  
  4 4478.5673  13352.915196  x:  0.37622   0.10005   0.03503   0.15298   0.13076   0.10939   0.19297   0.08901   0.07133   0.04073   0.03127   0.01598   0.02524   0.02100   0.01209   0.00190   0.01039   0.01175   0.00902   0.00164   0.06442   0.30977   0.01989   0.04978   0.07318   0.03633   0.02693   0.00810   0.00465   0.01990   0.00124   0.00589   0.13797   0.02942   0.10438   0.09375   0.07704   3.00565   1.40278   0.15678   0.22861  
  5 77812.4503  13322.678932  x:  0.38117   0.11698   0.04821   0.16112   0.13125   0.11132   0.20368   0.09824   0.07176   0.05101   0.02807   0.01827   0.02801   0.02265   0.01727   0.00287   0.00599   0.01139   0.01221   0.01465   0.06244   0.31559   0.02518   0.05551   0.07670   0.03524   0.02365   0.00838   0.00128   0.02208   0.00167   0.00640   0.14582   0.03833   0.10574   0.09789   0.08209   3.00922   1.40555   0.15403   0.18518  
  6 10990.4609  13291.936713  x:  0.38705   0.13676   0.06334   0.17068   0.13183   0.11354   0.21629   0.10901   0.07223   0.06270   0.02450   0.02075   0.03110   0.02441   0.02319   0.00394   0.00336   0.01120   0.01581   0.02265   0.06011   0.32250   0.03090   0.06211   0.08080   0.03405   0.02012   0.00889   0.01078   0.02451   0.00213   0.00706   0.15504   0.04841   0.10734   0.10274   0.08792   3.01346   1.40882   0.15080   0.13393  
  7 26810.5056  13276.982995  x:  0.39023   0.14620   0.06922   0.17542   0.13211   0.11444   0.22266   0.11408   0.07240   0.06685   0.02351   0.02100   0.03193   0.02452   0.02474   0.00417   0.01419   0.01221   0.01661   0.02416   0.05886   0.32620   0.03120   0.06491   0.08268   0.03377   0.01979   0.00951   0.01131   0.02481   0.00224   0.00820   0.15958   0.05168   0.10811   0.10505   0.09040   3.01578   1.41049   0.14915   0.10861  
  8 7428.1087  13257.694203  x:  0.39691   0.15823   0.06718   0.18255   0.13247   0.11432   0.23328   0.11988   0.07201   0.06191   0.02754   0.01511   0.02819   0.01963   0.02003   0.00337   0.00949   0.01528   0.01302   0.01924   0.05665   0.33376   0.01402   0.06603   0.08434   0.03528   0.02808   0.01176   0.00876   0.01947   0.00171   0.01189   0.16630   0.04485   0.10895   0.10779   0.09119   3.02093   1.41309   0.14659   0.08069  
  9 1340.4847  13249.706311  x:  0.40293   0.16974   0.06721   0.18880   0.13239   0.11409   0.24302   0.12507   0.07146   0.05959   0.02687   0.01453   0.02734   0.02023   0.01763   0.00310   0.00951   0.01184   0.01227   0.01847   0.05551   0.34045   0.00281   0.06710   0.08535   0.03471   0.02389   0.00757   0.00848   0.01957   0.00152   0.00504   0.17220   0.04074   0.10918   0.10974   0.09210   3.02601   1.41503   0.14468   0.07856  
 10 779.5914  13246.250865  x:  0.40588   0.17540   0.06744   0.19178   0.13229   0.11395   0.24777   0.12752   0.07117   0.05880   0.02640   0.01479   0.02723   0.02074   0.01673   0.00300   0.00947   0.01124   0.01217   0.01804   0.05542   0.34373   0.00000   0.06762   0.08578   0.03434   0.02206   0.00760   0.00836   0.01995   0.00144   0.00727   0.17501   0.03903   0.10923   0.11060   0.09256   3.02861   1.41596   0.14376   0.07972  
 11 1400.8806  13226.924892  x:  0.43635   0.22940   0.06068   0.22094   0.13115   0.11141   0.29525   0.14983   0.06803   0.04302   0.02716   0.01224   0.02327   0.02024   0.01137   0.00283   0.00992   0.01577   0.01632   0.01751   0.05769   0.37807   0.00607   0.07051   0.08904   0.03294   0.01900   0.01583   0.00843   0.01839   0.00142   0.00768   0.20226   0.01321   0.10951   0.11832   0.09506   3.05609   1.42560   0.13427   0.09214  
 12 1959.4619  13222.357541  x:  0.44552   0.24269   0.05563   0.22762   0.13127   0.11075   0.30812   0.15327   0.06816   0.04050   0.03015   0.01696   0.02690   0.02048   0.01354   0.00292   0.01050   0.01390   0.01481   0.01820   0.06027   0.38849   0.00736   0.07027   0.08906   0.03491   0.02966   0.00902   0.00888   0.02033   0.00143   0.00938   0.20844   0.01248   0.11015   0.11944   0.09669   3.06653   1.42877   0.13116   0.09626  
 13 791.4629  13219.310238  x:  0.45493   0.25024   0.04499   0.23031   0.13266   0.11093   0.31846   0.15031   0.07001   0.04268   0.03064   0.01513   0.03030   0.02077   0.01729   0.00298   0.01072   0.01603   0.01101   0.01857   0.06523   0.39928   0.00509   0.06772   0.08772   0.03872   0.03154   0.01380   0.00905   0.02082   0.00140   0.00740   0.21073   0.02308   0.11184   0.11845   0.09933   3.08185   1.43242   0.12762   0.09921  
 14 377.3642  13216.500207  x:  0.46449   0.25366   0.03205   0.23060   0.13516   0.11241   0.32705   0.14334   0.07265   0.04477   0.03022   0.01274   0.02883   0.01986   0.01722   0.00297   0.01056   0.01504   0.01104   0.01824   0.06953   0.41029   0.00767   0.06438   0.08582   0.04070   0.02662   0.00878   0.00893   0.01908   0.00141   0.00975   0.21036   0.02818   0.11363   0.11648   0.10016   3.10087   1.43634   0.12382   0.09796  
 15 497.9760  13214.230497  x:  0.47393   0.25423   0.02353   0.22914   0.13858   0.11599   0.33419   0.13389   0.07539   0.04741   0.02974   0.02006   0.02703   0.02134   0.01431   0.00287   0.01040   0.01225   0.01349   0.01787   0.07037   0.42097   0.00806   0.06178   0.08431   0.03940   0.02504   0.01149   0.00869   0.02146   0.00139   0.00964   0.20802   0.02824   0.11487   0.11424   0.09928   3.12396   1.44064   0.11968   0.09575  
 16 504.9224  13211.150682  x:  0.48775   0.25294   0.02438   0.22570   0.14445   0.12424   0.34354   0.11891   0.07868   0.05278   0.02566   0.02097   0.02871   0.02317   0.01255   0.00279   0.00996   0.02033   0.01499   0.01780   0.06703   0.43609   0.00694   0.06074   0.08380   0.03488   0.02638   0.00926   0.00866   0.02396   0.00138   0.00902   0.20320   0.02609   0.11571   0.11174   0.09730   3.16494   1.44763   0.11297   0.09608  
 17 542.9458  13206.731001  x:  0.50546   0.24908   0.03289   0.22042   0.15126   0.13483   0.35452   0.10092   0.08163   0.05775   0.02626   0.01490   0.03139   0.02122   0.01503   0.00297   0.01058   0.01321   0.01359   0.01847   0.06116   0.45479   0.00762   0.06145   0.08518   0.03267   0.02881   0.01138   0.00896   0.02147   0.00143   0.00939   0.19690   0.02281   0.11600   0.11000   0.09514   3.22514   1.45738   0.10365   0.09783  
 18 942.9308  13203.470148  x:  0.51751   0.24140   0.04165   0.21520   0.15237   0.13792   0.35989   0.09508   0.08073   0.05463   0.03553   0.01928   0.02847   0.02036   0.01824   0.00309   0.01065   0.01613   0.01135   0.01893   0.05920   0.46588   0.00758   0.06441   0.08822   0.04000   0.02418   0.01066   0.00914   0.01926   0.00148   0.00933   0.19412   0.02340   0.11502   0.11181   0.09569   3.28349   1.46586   0.09560   0.09864  
 19 568.2194  13194.533878  x:  0.54353   0.21302   0.05549   0.20143   0.14638   0.13258   0.36631   0.10026   0.07324   0.03782   0.02803   0.01567   0.02139   0.02645   0.01534   0.00314   0.01053   0.01365   0.01511   0.01885   0.06475   0.48578   0.00827   0.07149   0.09285   0.04968   0.02555   0.01016   0.00894   0.02964   0.00151   0.01007   0.19307   0.02929   0.11155   0.12038   0.10063   3.45346   1.48849   0.07422   0.09715  
 20 860.3592  13184.058708  x:  0.56906   0.17902   0.06274   0.19006   0.13579   0.11855   0.36878   0.11820   0.06442   0.03413   0.02284   0.02149   0.03701   0.01805   0.01156   0.00299   0.01021   0.01352   0.01847   0.01847   0.07266   0.50122   0.00762   0.07601   0.09185   0.04065   0.02238   0.01063   0.00878   0.02021   0.00155   0.00969   0.19639   0.02982   0.10805   0.12818   0.10447   3.66532   1.51498   0.04932   0.09566  
 21 1696.4508  13175.807398  x:  0.58351   0.15741   0.06317   0.18872   0.12807   0.10540   0.36660   0.13711   0.06190   0.04955   0.03174   0.01836   0.03079   0.02638   0.01531   0.00312   0.01036   0.01372   0.01515   0.01890   0.07410   0.50515   0.00709   0.07653   0.08730   0.02704   0.02384   0.01050   0.00898   0.01882   0.00155   0.00944   0.20144   0.02570   0.10666   0.12969   0.10445   3.83953   1.53519   0.03045   0.09627  
 22 1763.3155  13168.345374  x:  0.58756   0.15000   0.06100   0.19730   0.12650   0.09905   0.35944   0.15228   0.06706   0.06490   0.02609   0.01927   0.02455   0.01508   0.01880   0.00319   0.01048   0.01415   0.01182   0.01908   0.06498   0.49735   0.00717   0.07339   0.08369   0.03575   0.02482   0.01064   0.00903   0.02458   0.00152   0.00916   0.20580   0.01984   0.10790   0.12379   0.10050   3.99293   1.55088   0.01599   0.09815  
 23 1285.3239  13160.429436  x:  0.58458   0.15229   0.05592   0.21338   0.12976   0.09957   0.34633   0.16495   0.07523   0.06817   0.02270   0.01839   0.03205   0.02714   0.01679   0.00308   0.01017   0.01369   0.01286   0.01862   0.05086   0.47817   0.00883   0.06534   0.08138   0.05014   0.02468   0.01098   0.00885   0.01829   0.00152   0.00960   0.20915   0.01583   0.11116   0.11258   0.09466   4.18029   1.56811   0.00030   0.09785  
 24 1693.8184  13147.798648  x:  0.56855   0.17565   0.05284   0.24083   0.14002   0.11396   0.32243   0.17318   0.08463   0.05410   0.03637   0.01311   0.03581   0.02146   0.00914   0.00299   0.01012   0.01384   0.02066   0.01850   0.04595   0.43636   0.00984   0.05139   0.08061   0.04075   0.02293   0.01035   0.00881   0.02691   0.00153   0.00981   0.21081   0.02639   0.11674   0.09789   0.09074   4.47310   1.59203  -0.02113   0.09866  
 25 1751.3104  13138.875672  x:  0.55150   0.20022   0.05072   0.25619   0.14613   0.12507   0.30618   0.17003   0.08824   0.04349   0.02800   0.01904   0.02559   0.02089   0.01668   0.00309   0.01023   0.01380   0.01299   0.01857   0.05639   0.40462   0.00929   0.04833   0.08306   0.03073   0.02471   0.01011   0.00889   0.01732   0.00150   0.00948   0.20913   0.02867   0.11871   0.09603   0.08981   4.67057   1.60624  -0.03361   0.09920  
 26 2061.1896  13132.224873  x:  0.52699   0.23014   0.04072   0.25832   0.14365   0.12651   0.29511   0.15394   0.08110   0.04812   0.02950   0.01627   0.03245   0.02197   0.01804   0.00295   0.00997   0.01404   0.00983   0.01787   0.07130   0.37804   0.00816   0.05957   0.08659   0.03452   0.02288   0.01070   0.00855   0.02335   0.00137   0.00897   0.20414   0.01611   0.11471   0.11016   0.09218   4.82735   1.61412  -0.04001   0.09755  
 27 926.8078  13129.037566  x:  0.51000   0.24902   0.03666   0.25464   0.13908   0.12260   0.29272   0.14374   0.07296   0.05362   0.02958   0.01594   0.02871   0.02079   0.01185   0.00289   0.01023   0.01423   0.01610   0.01804   0.06728   0.36782   0.00739   0.06625   0.08613   0.03619   0.02661   0.01053   0.00875   0.01786   0.00141   0.00837   0.20284   0.01886   0.11081   0.11792   0.09743   4.90271   1.61599  -0.04110   0.09977  
 28 811.8004  13126.899434  x:  0.49290   0.26254   0.03184   0.24660   0.13379   0.11548   0.29393   0.13597   0.06560   0.04961   0.02843   0.01624   0.02905   0.02051   0.01518   0.00288   0.01006   0.01427   0.01219   0.01771   0.05540   0.36545   0.00875   0.06677   0.08218   0.03293   0.02546   0.01037   0.00859   0.01945   0.00136   0.00883   0.20339   0.01934   0.10702   0.11880   0.10013   4.95257   1.61495  -0.03947   0.09853  
 29 455.5637  13124.821425  x:  0.46090   0.27770   0.03717   0.22813   0.12928   0.10573   0.30181   0.13247   0.07098   0.04843   0.02907   0.01568   0.02880   0.02057   0.01441   0.00288   0.01008   0.01439   0.01301   0.01778   0.06033   0.37338   0.00777   0.06205   0.07750   0.03450   0.02582   0.01049   0.00862   0.01897   0.00137   0.00842   0.20803   0.01755   0.10450   0.10649   0.09585   5.00377   1.60891  -0.03258   0.09734  
 30 193.5956  13124.118468  x:  0.44297   0.27843   0.03462   0.22210   0.13311   0.10809   0.30729   0.13620   0.07311   0.04910   0.02924   0.01561   0.02891   0.02049   0.01449   0.00287   0.01011   0.01450   0.01282   0.01777   0.05885   0.38094   0.00790   0.06003   0.08501   0.03382   0.02609   0.01047   0.00864   0.01901   0.00136   0.00849   0.20987   0.01761   0.11131   0.11074   0.09425   5.02259   1.60325  -0.02640   0.09785  
 31 99.1699  13123.710710  x:  0.43066   0.27507   0.03302   0.22419   0.13777   0.11492   0.31276   0.13987   0.07194   0.04918   0.02941   0.01564   0.02891   0.02057   0.01466   0.00287   0.01014   0.01447   0.01263   0.01778   0.05921   0.38736   0.00789   0.06264   0.07958   0.03457   0.02613   0.01056   0.00865   0.01895   0.00136   0.00854   0.20961   0.01747   0.10993   0.11293   0.09623   5.03409   1.59602  -0.01862   0.09785  
 32 68.8590  13123.484279  x:  0.42597   0.27146   0.03220   0.23021   0.13665   0.11618   0.31763   0.13951   0.07011   0.04969   0.02931   0.01572   0.02901   0.02058   0.01467   0.00287   0.01015   0.01448   0.01261   0.01778   0.05986   0.39045   0.00785   0.06323   0.08363   0.03432   0.02619   0.01052   0.00865   0.01905   0.00136   0.00856   0.20774   0.01768   0.10622   0.11028   0.09742   5.04125   1.58752  -0.00952   0.09743  
 33 44.8698  13123.164859  x:  0.42515   0.26701   0.03375   0.23865   0.13232   0.11382   0.32511   0.13638   0.07315   0.04868   0.02948   0.01586   0.02920   0.02065   0.01458   0.00289   0.01019   0.01456   0.01290   0.01787   0.06030   0.39190   0.00783   0.06412   0.08251   0.03405   0.02619   0.01057   0.00870   0.01917   0.00137   0.00860   0.20478   0.01840   0.11072   0.11259   0.09666   5.05233   1.56976   0.00950   0.09669  
 34 53.0465  13122.732077  x:  0.43362   0.26529   0.03535   0.23836   0.13573   0.11435   0.33128   0.13652   0.06997   0.04984   0.02964   0.01603   0.02924   0.02083   0.01467   0.00292   0.01029   0.01469   0.01312   0.01806   0.06175   0.39004   0.00775   0.05814   0.08213   0.03539   0.02647   0.01062   0.00879   0.01935   0.00138   0.00864   0.20637   0.01809   0.11188   0.11503   0.09695   5.06791   1.54036   0.04111   0.09545  
 35 62.2083  13122.157533  x:  0.44771   0.26443   0.03338   0.23376   0.14097   0.11609   0.33630   0.13904   0.07496   0.04959   0.03018   0.01602   0.02963   0.02089   0.01487   0.00294   0.01042   0.01489   0.01305   0.01821   0.06107   0.38790   0.00789   0.06316   0.08434   0.03506   0.02684   0.01080   0.00889   0.01948   0.00139   0.00877   0.21048   0.01861   0.11037   0.11485   0.09844   5.08914   1.49935   0.08532   0.09422  
 36 204.1030  13122.006538  x:  0.45158   0.26640   0.03291   0.23354   0.13755   0.11957   0.32992   0.14010   0.07283   0.04993   0.03027   0.01601   0.02961   0.02092   0.01493   0.00294   0.01046   0.01493   0.01300   0.01825   0.06148   0.39330   0.00777   0.06484   0.08445   0.03537   0.02700   0.01085   0.00891   0.01948   0.00139   0.00876   0.21151   0.01829   0.11374   0.11269   0.09882   5.09460   1.48910   0.09682   0.09392  
 37 33.8719  13121.902359  x:  0.45358   0.26837   0.03331   0.23549   0.13815   0.11834   0.32206   0.14006   0.07443   0.04975   0.03036   0.01603   0.02967   0.02093   0.01492   0.00295   0.01048   0.01498   0.01310   0.01830   0.06152   0.40003   0.00770   0.06363   0.08465   0.03532   0.02703   0.01087   0.00894   0.01949   0.00139   0.00877   0.21170   0.01858   0.11149   0.11525   0.09836   5.09816   1.48317   0.10399   0.09369  
 38 27.0244  13121.862211  x:  0.45379   0.26855   0.03365   0.23629   0.14076   0.11607   0.32056   0.13969   0.07374   0.04959   0.03039   0.01604   0.02968   0.02094   0.01489   0.00295   0.01049   0.01499   0.01313   0.01830   0.06179   0.40135   0.00764   0.06439   0.08472   0.03526   0.02704   0.01089   0.00894   0.01952   0.00139   0.00875   0.21128   0.01812   0.11285   0.11429   0.10011   5.09919   1.48287   0.10526   0.09370  
 39  7.0124  13120.335398  x:  0.45713   0.26703   0.03068   0.23621   0.14706   0.11175   0.32197   0.14110   0.06534   0.04745   0.03065   0.01545   0.02897   0.02063   0.01459   0.00290   0.01049   0.01490   0.01292   0.01797   0.06236   0.40404   0.00711   0.07090   0.08382   0.03492   0.02745   0.01073   0.00883   0.01901   0.00138   0.00847   0.20361   0.02150   0.11303   0.11246   0.08165   5.12898   1.51237   0.12052   0.09360  
 40  3.4140  13105.440139  x:  0.48255   0.23983   0.01036   0.22064   0.14093   0.11646   0.33691   0.14198   0.07155   0.03279   0.03339   0.00989   0.02496   0.01904   0.01150   0.00217   0.00993   0.01546   0.00878   0.01376   0.06170   0.41682   0.00249   0.05862   0.08108   0.03429   0.03066   0.01063   0.00740   0.01567   0.00114   0.00568   0.15870   0.00849   0.10789   0.11151   0.09238   5.40318   1.79184   0.25600   0.09563  
 41 201.6164  13101.746687  x:  0.48466   0.21739   0.00578   0.22568   0.14173   0.11925   0.33692   0.11588   0.06919   0.02863   0.03361   0.00888   0.02409   0.01882   0.01056   0.00199   0.00978   0.01543   0.00805   0.01266   0.06336   0.41894   0.00146   0.06027   0.08106   0.03394   0.03114   0.01050   0.00699   0.01523   0.00109   0.00509   0.20245   0.00676   0.10770   0.11229   0.08978   5.47970   1.87079   0.29308   0.09618  
 42 221.2906  13091.735001  x:  0.50895   0.16900   0.02660   0.21363   0.13820   0.11670   0.33737   0.09843   0.07107   0.02594   0.03143   0.01214   0.02023   0.01879   0.00552   0.00143   0.01174   0.01377   0.00677   0.01029   0.06399   0.43233   0.00082   0.05508   0.08003   0.03551   0.03051   0.00911   0.00705   0.01690   0.00078   0.00792   0.20910   0.01167   0.10593   0.10948   0.09002   5.84662   2.20565   0.55280   0.10130  
 43  0.8275  13088.594573  x:  0.51318   0.16560   0.01976   0.20773   0.13901   0.11867   0.33053   0.10788   0.07286   0.03586   0.02977   0.01332   0.02265   0.01845   0.00603   0.00129   0.01348   0.01298   0.00423   0.00992   0.06223   0.43330   0.00256   0.05326   0.07933   0.03727   0.02863   0.00863   0.00781   0.01767   0.00072   0.00976   0.20215   0.01239   0.10652   0.10798   0.09006   6.06312   2.34902   0.70723   0.10313  
 44  0.4764  13087.811925  x:  0.51145   0.16947   0.01808   0.20615   0.13922   0.11858   0.32487   0.11205   0.07296   0.03612   0.03013   0.01311   0.02367   0.01831   0.00415   0.00129   0.01427   0.01330   0.00628   0.01003   0.06210   0.43119   0.00229   0.05312   0.07895   0.03732   0.02829   0.00889   0.00833   0.01796   0.00079   0.00983   0.19750   0.01239   0.10675   0.10745   0.08980   6.14948   2.40848   0.77428   0.10322  
 45  0.3548  13086.813521  x:  0.50699   0.17765   0.01854   0.20589   0.13923   0.11710   0.31524   0.11645   0.07265   0.03243   0.03105   0.01250   0.02458   0.01850   0.00590   0.00142   0.01574   0.01404   0.00566   0.01054   0.06214   0.42662   0.00132   0.05335   0.07837   0.03739   0.02798   0.00963   0.00947   0.01778   0.00094   0.00952   0.19118   0.01201   0.10711   0.10673   0.08918   6.29528   2.51274   0.88902   0.10276  
 46  0.4135  13086.216668  x:  0.50474   0.17567   0.01894   0.21108   0.13869   0.11616   0.31929   0.11007   0.07155   0.03189   0.03108   0.01199   0.02259   0.01894   0.00521   0.00134   0.01688   0.01364   0.00508   0.00990   0.06140   0.42512   0.00200   0.05455   0.07840   0.03666   0.02782   0.00956   0.01048   0.01653   0.00101   0.00939   0.19533   0.00993   0.10650   0.10844   0.08982   6.41365   2.66295   1.01982   0.10122  
 47  0.1706  13085.905424  x:  0.50861   0.17289   0.01775   0.21149   0.13936   0.11795   0.32657   0.11021   0.07177   0.03249   0.03098   0.01219   0.02298   0.01866   0.00507   0.00135   0.01758   0.01389   0.00505   0.00962   0.06223   0.42915   0.00155   0.05438   0.07891   0.03622   0.02853   0.00938   0.01150   0.01715   0.00112   0.00874   0.19943   0.01271   0.10649   0.10890   0.08983   6.43582   2.76207   1.11276   0.10052  
 48  0.1056  13085.668212  x:  0.51236   0.17726   0.01906   0.20922   0.13982   0.11864   0.32771   0.11263   0.07267   0.03264   0.03099   0.01276   0.02415   0.01842   0.00519   0.00141   0.01785   0.01373   0.00533   0.00927   0.06250   0.43229   0.00196   0.05370   0.07914   0.03657   0.02876   0.00926   0.01257   0.01740   0.00130   0.00858   0.20191   0.01073   0.10720   0.10824   0.09035   6.38985   2.83184   1.19144   0.10034  
 49  0.0711  13085.462406  x:  0.51152   0.17811   0.01817   0.20916   0.13963   0.11781   0.32272   0.11409   0.07259   0.03265   0.03081   0.01225   0.02309   0.01897   0.00493   0.00138   0.01768   0.01377   0.00495   0.00833   0.06233   0.43105   0.00173   0.05406   0.07878   0.03725   0.02872   0.00942   0.01349   0.01685   0.00146   0.00873   0.19676   0.01128   0.10731   0.10763   0.08987   6.33052   2.89917   1.26657   0.10069  
 50  0.0746  13085.394931  x:  0.50908   0.17536   0.01838   0.21094   0.13942   0.11757   0.32251   0.11148   0.07225   0.03281   0.03097   0.01214   0.02334   0.01871   0.00525   0.00144   0.01741   0.01377   0.00524   0.00840   0.06226   0.42920   0.00184   0.05444   0.07882   0.03695   0.02853   0.00942   0.01388   0.01693   0.00158   0.00888   0.19679   0.01162   0.10704   0.10829   0.08991   6.29258   2.89987   1.27070   0.10111  
 51  0.0377  13085.364685  x:  0.50661   0.17447   0.01872   0.20983   0.13917   0.11756   0.32271   0.11101   0.07213   0.03250   0.03100   0.01254   0.02347   0.01853   0.00507   0.00142   0.01710   0.01383   0.00502   0.00833   0.06220   0.42755   0.00161   0.05415   0.07879   0.03645   0.02851   0.00940   0.01405   0.01708   0.00162   0.00887   0.19713   0.01130   0.10671   0.10833   0.08990   6.28567   2.90066   1.26514   0.10136  
 52  0.0080  13085.336517  x:  0.50559   0.17533   0.01876   0.20849   0.13913   0.11763   0.32281   0.11186   0.07216   0.03211   0.03103   0.01241   0.02317   0.01877   0.00501   0.00144   0.01671   0.01370   0.00501   0.00860   0.06208   0.42695   0.00181   0.05396   0.07880   0.03632   0.02849   0.00930   0.01422   0.01708   0.00171   0.00899   0.19798   0.01168   0.10670   0.10811   0.08987   6.28929   2.88608   1.24528   0.10148  
 53  0.0159  13085.312063  x:  0.50712   0.17536   0.01879   0.20938   0.13921   0.11759   0.32257   0.11197   0.07230   0.03291   0.03095   0.01229   0.02316   0.01877   0.00495   0.00145   0.01637   0.01375   0.00501   0.00888   0.06225   0.42793   0.00163   0.05408   0.07878   0.03659   0.02857   0.00936   0.01434   0.01687   0.00180   0.00895   0.19795   0.01136   0.10695   0.10802   0.08989   6.30413   2.86105   1.22091   0.10130  
 54  0.0288  13085.298510  x:  0.50864   0.17528   0.01836   0.21033   0.13933   0.11764   0.32283   0.11180   0.07228   0.03249   0.03093   0.01236   0.02352   0.01866   0.00491   0.00145   0.01623   0.01379   0.00492   0.00888   0.06219   0.42889   0.00175   0.05420   0.07876   0.03673   0.02849   0.00940   0.01432   0.01695   0.00186   0.00896   0.19709   0.01143   0.10697   0.10813   0.08989   6.31910   2.84050   1.20367   0.10105  
 55  0.0269  13085.276652  x:  0.50958   0.17588   0.01843   0.20981   0.13943   0.11770   0.32411   0.11160   0.07219   0.03251   0.03100   0.01238   0.02304   0.01863   0.00505   0.00148   0.01622   0.01386   0.00498   0.00878   0.06211   0.42968   0.00174   0.05415   0.07885   0.03671   0.02844   0.00938   0.01410   0.01731   0.00200   0.00871   0.19717   0.01136   0.10671   0.10852   0.08997   6.33097   2.78781   1.15808   0.10097  
 56  0.0210  13085.253307  x:  0.50882   0.17554   0.01882   0.20960   0.13937   0.11773   0.32355   0.11189   0.07223   0.03246   0.03105   0.01229   0.02341   0.01864   0.00500   0.00148   0.01625   0.01376   0.00499   0.00854   0.06218   0.42910   0.00172   0.05413   0.07889   0.03670   0.02840   0.00939   0.01373   0.01681   0.00216   0.00863   0.19801   0.01153   0.10688   0.10825   0.08994   6.33119   2.73118   1.09829   0.10108  
 57  0.0438  13085.243324  x:  0.50790   0.17570   0.01855   0.21007   0.13928   0.11766   0.32276   0.11195   0.07226   0.03268   0.03093   0.01239   0.02336   0.01879   0.00496   0.00148   0.01635   0.01380   0.00498   0.00854   0.06228   0.42843   0.00174   0.05427   0.07880   0.03661   0.02849   0.00940   0.01354   0.01708   0.00223   0.00881   0.19762   0.01143   0.10700   0.10811   0.08996   6.32525   2.71491   1.07690   0.10121  
 58  0.0177  13085.237876  x:  0.50794   0.17587   0.01857   0.20981   0.13930   0.11756   0.32334   0.11179   0.07225   0.03264   0.03097   0.01235   0.02332   0.01862   0.00496   0.00148   0.01657   0.01374   0.00494   0.00868   0.06214   0.42857   0.00171   0.05412   0.07878   0.03664   0.02851   0.00936   0.01352   0.01697   0.00229   0.00889   0.19724   0.01147   0.10681   0.10828   0.08994   6.31877   2.72422   1.08744   0.10113  
 59  0.0076  13085.236698  x:  0.50826   0.17551   0.01865   0.20993   0.13934   0.11766   0.32327   0.11191   0.07223   0.03256   0.03098   0.01235   0.02333   0.01871   0.00494   0.00148   0.01664   0.01378   0.00493   0.00871   0.06218   0.42872   0.00171   0.05420   0.07884   0.03668   0.02848   0.00938   0.01355   0.01702   0.00231   0.00886   0.19753   0.01145   0.10691   0.10823   0.08994   6.31509   2.73853   1.10354   0.10110  
 60  0.0177  13085.236455  x:  0.50821   0.17569   0.01860   0.20987   0.13931   0.11765   0.32307   0.11176   0.07225   0.03259   0.03097   0.01237   0.02334   0.01869   0.00492   0.00148   0.01665   0.01378   0.00493   0.00872   0.06222   0.42865   0.00172   0.05419   0.07883   0.03667   0.02846   0.00939   0.01355   0.01701   0.00232   0.00883   0.19759   0.01147   0.10692   0.10820   0.08993   6.31384   2.75126   1.11614   0.10113  
 61  0.0110  13085.236247  x:  0.50807   0.17551   0.01857   0.20985   0.13931   0.11765   0.32307   0.11187   0.07227   0.03259   0.03098   0.01234   0.02333   0.01868   0.00493   0.00147   0.01664   0.01378   0.00493   0.00872   0.06221   0.42857   0.00173   0.05416   0.07880   0.03665   0.02847   0.00939   0.01353   0.01701   0.00232   0.00881   0.19745   0.01145   0.10689   0.10820   0.08993   6.31344   2.77262   1.13690   0.10116  
 62  0.0131  13085.236091  x:  0.50804   0.17558   0.01860   0.20985   0.13932   0.11763   0.32312   0.11183   0.07223   0.03258   0.03098   0.01237   0.02334   0.01870   0.00494   0.00147   0.01662   0.01379   0.00493   0.00873   0.06219   0.42859   0.00172   0.05421   0.07883   0.03668   0.02849   0.00938   0.01352   0.01700   0.00232   0.00882   0.19747   0.01146   0.10689   0.10823   0.08993   6.31389   2.79455   1.15883   0.10115  
 63  0.0145  13085.236029  x:  0.50812   0.17563   0.01862   0.20987   0.13931   0.11764   0.32311   0.11182   0.07224   0.03258   0.03097   0.01235   0.02334   0.01869   0.00493   0.00146   0.01662   0.01378   0.00493   0.00872   0.06221   0.42864   0.00172   0.05419   0.07883   0.03666   0.02848   0.00938   0.01352   0.01701   0.00232   0.00883   0.19752   0.01146   0.10691   0.10821   0.08993   6.31443   2.80433   1.16875   0.10114  
 64  0.0099  13085.236013  x:  0.50816   0.17560   0.01861   0.20989   0.13932   0.11766   0.32313   0.11185   0.07226   0.03259   0.03097   0.01236   0.02333   0.01869   0.00493   0.00146   0.01662   0.01378   0.00493   0.00872   0.06221   0.42865   0.00172   0.05418   0.07882   0.03667   0.02847   0.00938   0.01352   0.01701   0.00232   0.00883   0.19752   0.01146   0.10691   0.10821   0.08994   6.31456   2.80598   1.17047   0.10115  
 65  0.0018  13085.235985  x:  0.50816   0.17562   0.01860   0.20985   0.13932   0.11764   0.32318   0.11183   0.07225   0.03259   0.03098   0.01235   0.02334   0.01870   0.00494   0.00146   0.01662   0.01378   0.00493   0.00872   0.06220   0.42865   0.00172   0.05420   0.07882   0.03667   0.02845   0.00938   0.01353   0.01701   0.00233   0.00883   0.19751   0.01146   0.10689   0.10822   0.08994   6.31462   2.80397   1.16839   0.10116  
 66  0.0007  13085.235936  x:  0.50812   0.17562   0.01860   0.20989   0.13932   0.11765   0.32312   0.11184   0.07224   0.03259   0.03097   0.01236   0.02334   0.01869   0.00494   0.00145   0.01662   0.01378   0.00494   0.00872   0.06219   0.42862   0.00172   0.05419   0.07883   0.03666   0.02847   0.00938   0.01353   0.01701   0.00233   0.00883   0.19752   0.01146   0.10690   0.10821   0.08993   6.31455   2.79651   1.16091   0.10114  
 67  0.0037  13085.235932  x:  0.50814   0.17561   0.01861   0.20988   0.13932   0.11765   0.32313   0.11183   0.07225   0.03259   0.03097   0.01236   0.02334   0.01869   0.00494   0.00145   0.01663   0.01378   0.00494   0.00872   0.06220   0.42864   0.00172   0.05419   0.07882   0.03667   0.02847   0.00938   0.01353   0.01701   0.00232   0.00883   0.19751   0.01146   0.10690   0.10821   0.08994   6.31448   2.79615   1.16061   0.10115  
 68  0.0004  13085.235932  x:  0.50814   0.17561   0.01861   0.20988   0.13932   0.11765   0.32313   0.11184   0.07225   0.03259   0.03097   0.01236   0.02334   0.01869   0.00494   0.00145   0.01663   0.01378   0.00494   0.00872   0.06220   0.42864   0.00172   0.05419   0.07882   0.03667   0.02847   0.00938   0.01353   0.01701   0.00232   0.00883   0.19751   0.01146   0.10690   0.10821   0.08994   6.31447   2.79620   1.16068   0.10115  
 69  0.0001  13085.235932  x:  0.50814   0.17561   0.01861   0.20988   0.13932   0.11765   0.32313   0.11184   0.07225   0.03259   0.03097   0.01236   0.02334   0.01869   0.00494   0.00145   0.01663   0.01378   0.00494   0.00872   0.06220   0.42864   0.00172   0.05419   0.07882   0.03667   0.02847   0.00938   0.01353   0.01701   0.00232   0.00883   0.19751   0.01146   0.10690   0.10821   0.08994   6.31447   2.79620   1.16067   0.10115  
 70  0.0000  13085.235932  x:  0.50814   0.17561   0.01861   0.20988   0.13932   0.11765   0.32313   0.11184   0.07225   0.03259   0.03097   0.01236   0.02334   0.01869   0.00494   0.00145   0.01663   0.01378   0.00494   0.00872   0.06220   0.42864   0.00172   0.05419   0.07882   0.03667   0.02847   0.00938   0.01353   0.01701   0.00232   0.00883   0.19751   0.01146   0.10690   0.10821   0.08994   6.31448   2.79619   1.16067   0.10115  
 71  0.0001  13085.235932  x:  0.50814   0.17561   0.01861   0.20988   0.13932   0.11765   0.32313   0.11184   0.07225   0.03259   0.03097   0.01236   0.02334   0.01869   0.00494   0.00145   0.01663   0.01378   0.00494   0.00872   0.06220   0.42864   0.00172   0.05419   0.07882   0.03667   0.02847   0.00938   0.01353   0.01701   0.00232   0.00883   0.19751   0.01146   0.10690   0.10821   0.08994   6.31448   2.79619   1.16067   0.10115  
 72  0.0000  13085.235932  x:  0.50814   0.17561   0.01861   0.20988   0.13932   0.11765   0.32313   0.11184   0.07225   0.03259   0.03097   0.01236   0.02334   0.01869   0.00494   0.00145   0.01663   0.01378   0.00494   0.00872   0.06220   0.42864   0.00172   0.05419   0.07882   0.03667   0.02847   0.00938   0.01353   0.01701   0.00232   0.00883   0.19751   0.01146   0.10690   0.10821   0.08994   6.31448   2.79619   1.16067   0.10115  