

TREE # 1

  0  0.0000  10759.544598  x:  0.26385   0.11577   0.08596   0.00000   0.06063   0.05075   0.04950   0.04981   0.05520   0.02619   0.00368   0.00258   0.00477   0.02271   0.00778   0.00197   0.00852   0.00766   0.00524   0.00418   0.00162   0.00718   0.00615   0.00626   0.01824   0.14125   0.01212   0.02718   0.01864   0.01586   0.00123   0.00887   0.00574   0.00380   0.00237   0.05365   0.19416   0.06079   0.10998   0.00040   0.10813   0.08203   3.00000   1.16374   0.04304   0.25098  
  1 99.0000  10748.869274  x:  0.26399   0.11620   0.08621   0.00460   0.06083   0.05082   0.04975   0.05018   0.05553   0.02611   0.00371   0.00249   0.00570   0.02287   0.00845   0.00034   0.00895   0.00761   0.00573   0.00392   0.00000   0.00685   0.00670   0.00676   0.01864   0.14143   0.01210   0.02712   0.01885   0.01595   0.00158   0.00875   0.00652   0.00438   0.00152   0.05445   0.19428   0.06125   0.11023   0.00825   0.10824   0.08257   3.00012   1.16386   0.04291   0.24912  
  2 3118.7123  10747.641869  x:  0.26406   0.11639   0.08631   0.00539   0.06090   0.05084   0.04983   0.05034   0.05567   0.02608   0.00373   0.00248   0.00599   0.02294   0.00869   0.00145   0.00910   0.00759   0.00588   0.00384   0.00114   0.00673   0.00689   0.00693   0.01880   0.14152   0.01209   0.02710   0.01894   0.01599   0.00157   0.00871   0.00677   0.00454   0.00134   0.05479   0.19434   0.06142   0.11032   0.00999   0.10826   0.08278   3.00018   1.16391   0.04286   0.24830  
  3 3303.9592  10741.736053  x:  0.26474   0.11815   0.08718   0.00244   0.06146   0.05086   0.05039   0.05188   0.05703   0.02572   0.00378   0.00256   0.00747   0.02354   0.01032   0.00134   0.01022   0.00749   0.00664   0.00358   0.00115   0.00596   0.00794   0.00792   0.02024   0.14235   0.01199   0.02692   0.01972   0.01630   0.00000   0.00853   0.00805   0.00517   0.00224   0.05802   0.19486   0.06280   0.11096   0.01172   0.10834   0.08452   3.00072   1.16443   0.04235   0.24039  
  4 955.3859  10737.629957  x:  0.26530   0.11962   0.08790   0.00000   0.06193   0.05088   0.05086   0.05315   0.05816   0.02542   0.00382   0.00262   0.00862   0.02403   0.01161   0.00125   0.01110   0.00742   0.00722   0.00340   0.00115   0.00536   0.00876   0.00870   0.02142   0.14305   0.01190   0.02677   0.02037   0.01657   0.00054   0.00839   0.00906   0.00565   0.00284   0.06070   0.19530   0.06395   0.11150   0.01298   0.10841   0.08596   3.00116   1.16486   0.04192   0.23379  
  5 18620.7883  10704.311945  x:  0.27239   0.13714   0.09681   0.00680   0.06789   0.05177   0.05708   0.06782   0.07121   0.02188   0.00373   0.00249   0.01440   0.02881   0.02088   0.00043   0.01713   0.00722   0.00911   0.00479   0.00140   0.00413   0.01277   0.01255   0.03331   0.15163   0.01063   0.02532   0.02677   0.01919   0.00148   0.00802   0.01379   0.00579   0.00044   0.09183   0.20069   0.07691   0.11760   0.00445   0.10901   0.10263   3.00672   1.17012   0.03671   0.15201  
  6 3416.5415  10700.417321  x:  0.27425   0.14126   0.09885   0.00850   0.06920   0.05201   0.05836   0.07087   0.07395   0.02142   0.00375   0.00251   0.01397   0.02932   0.02124   0.00041   0.01703   0.00742   0.00838   0.00457   0.00161   0.00590   0.01217   0.01198   0.03507   0.15380   0.01031   0.02522   0.02753   0.01939   0.00194   0.00836   0.01317   0.00522   0.00613   0.09877   0.20208   0.07980   0.11912   0.00393   0.10925   0.10647   3.00817   1.17142   0.03542   0.13148  
  7 5699.4320  10689.341887  x:  0.27726   0.14667   0.10127   0.00516   0.07050   0.05230   0.05924   0.07368   0.07653   0.02205   0.00389   0.00273   0.00920   0.02831   0.01718   0.00041   0.01313   0.00801   0.00521   0.00292   0.00179   0.00845   0.00789   0.00789   0.03454   0.15704   0.00993   0.02577   0.02639   0.01847   0.00130   0.00862   0.00838   0.00285   0.00346   0.10682   0.20431   0.08310   0.12134   0.00719   0.10982   0.11123   3.01051   1.17321   0.03365   0.10188  
  8 2529.0201  10687.843957  x:  0.27806   0.14768   0.10160   0.00478   0.07055   0.05232   0.05915   0.07371   0.07658   0.02248   0.00372   0.00233   0.00792   0.02764   0.01527   0.00044   0.01187   0.00781   0.00615   0.00459   0.00178   0.00781   0.00750   0.00754   0.03344   0.15778   0.00991   0.02596   0.02554   0.01805   0.00122   0.00860   0.00768   0.00581   0.00323   0.10797   0.20484   0.08344   0.12174   0.00750   0.10994   0.11192   3.01117   1.17356   0.03331   0.09630  
  9 1113.6488  10686.942366  x:  0.27902   0.14842   0.10162   0.00499   0.07026   0.05225   0.05868   0.07294   0.07594   0.02316   0.00376   0.00304   0.00772   0.02665   0.01291   0.00052   0.01110   0.00735   0.00751   0.00381   0.00170   0.00597   0.00869   0.00868   0.03121   0.15850   0.01002   0.02612   0.02414   0.01758   0.00127   0.00876   0.00866   0.00531   0.00345   0.10831   0.20542   0.08325   0.12197   0.00730   0.11000   0.11212   3.01205   1.17382   0.03306   0.09288  
 10 443.7277  10686.701716  x:  0.27954   0.14875   0.10156   0.00497   0.07004   0.05218   0.05838   0.07244   0.07551   0.02337   0.00372   0.00205   0.00822   0.02632   0.01248   0.00056   0.01135   0.00738   0.00737   0.00403   0.00166   0.00604   0.00902   0.00899   0.03009   0.15885   0.01012   0.02613   0.02361   0.01749   0.00128   0.00868   0.00911   0.00499   0.00343   0.10836   0.20571   0.08305   0.12204   0.00726   0.11000   0.11212   3.01256   1.17393   0.03296   0.09195  
 11 307.8651  10686.442287  x:  0.28056   0.14937   0.10143   0.00496   0.06960   0.05201   0.05781   0.07144   0.07468   0.02354   0.00371   0.00265   0.00924   0.02593   0.01251   0.00062   0.01216   0.00755   0.00674   0.00458   0.00158   0.00672   0.00923   0.00918   0.02817   0.15950   0.01032   0.02607   0.02290   0.01748   0.00128   0.00846   0.00959   0.00506   0.00331   0.10843   0.20627   0.08262   0.12214   0.00720   0.10997   0.11207   3.01361   1.17411   0.03278   0.09081  
 12 338.9527  10686.246038  x:  0.28185   0.15016   0.10130   0.00511   0.06910   0.05181   0.05724   0.07034   0.07380   0.02333   0.00378   0.00252   0.00957   0.02593   0.01350   0.00068   0.01278   0.00754   0.00679   0.00367   0.00151   0.00651   0.00890   0.00886   0.02657   0.16025   0.01051   0.02594   0.02274   0.01766   0.00130   0.00846   0.00935   0.00561   0.00331   0.10859   0.20695   0.08211   0.12222   0.00703   0.10990   0.11202   3.01503   1.17434   0.03257   0.09015  
 13 211.0068  10686.089519  x:  0.28341   0.15114   0.10119   0.00512   0.06861   0.05161   0.05671   0.06921   0.07297   0.02286   0.00368   0.00255   0.00925   0.02619   0.01458   0.00073   0.01286   0.00739   0.00724   0.00429   0.00146   0.00600   0.00870   0.00868   0.02557   0.16111   0.01065   0.02579   0.02306   0.01787   0.00130   0.00866   0.00901   0.00503   0.00340   0.10888   0.20776   0.08154   0.12231   0.00712   0.10979   0.11198   3.01687   1.17462   0.03232   0.08985  
 14 220.9876  10685.863488  x:  0.28663   0.15317   0.10109   0.00509   0.06789   0.05133   0.05608   0.06740   0.07187   0.02220   0.00396   0.00251   0.00835   0.02678   0.01495   0.00077   0.01189   0.00744   0.00725   0.00418   0.00142   0.00685   0.00939   0.00937   0.02560   0.16272   0.01068   0.02562   0.02413   0.01796   0.00128   0.00850   0.00934   0.00515   0.00328   0.10961   0.20938   0.08051   0.12244   0.00716   0.10953   0.11197   3.02097   1.17521   0.03177   0.09004  
 15 182.4117  10685.640916  x:  0.29008   0.15530   0.10110   0.00513   0.06741   0.05121   0.05577   0.06589   0.07117   0.02223   0.00306   0.00255   0.00866   0.02709   0.01430   0.00079   0.01158   0.00760   0.00659   0.00409   0.00141   0.00641   0.00928   0.00924   0.02662   0.16433   0.01057   0.02561   0.02482   0.01785   0.00128   0.00847   0.00949   0.00530   0.00335   0.11041   0.21110   0.07953   0.12257   0.00718   0.10927   0.11199   3.02571   1.17589   0.03114   0.09061  
 16 296.8015  10685.417940  x:  0.29395   0.15763   0.10118   0.00518   0.06703   0.05115   0.05560   0.06443   0.07061   0.02257   0.00398   0.00255   0.00927   0.02725   0.01337   0.00079   0.01170   0.00764   0.00634   0.00420   0.00142   0.00593   0.00888   0.00883   0.02795   0.16605   0.01041   0.02565   0.02524   0.01770   0.00128   0.00853   0.00944   0.00532   0.00343   0.11127   0.21300   0.07850   0.12271   0.00719   0.10902   0.11201   3.03126   1.17667   0.03042   0.09134  
 17 753.9880  10685.243044  x:  0.29704   0.15935   0.10134   0.00514   0.06703   0.05128   0.05577   0.06372   0.07054   0.02315   0.00376   0.00257   0.00947   0.02702   0.01285   0.00077   0.01235   0.00740   0.00748   0.00411   0.00143   0.00666   0.00863   0.00860   0.02893   0.16726   0.01025   0.02579   0.02480   0.01764   0.00128   0.00864   0.00910   0.00516   0.00335   0.11179   0.21448   0.07783   0.12281   0.00722   0.10889   0.11202   3.03625   1.17735   0.02980   0.09205  
 18 383.8842  10684.958191  x:  0.30181   0.16148   0.10192   0.00512   0.06789   0.05193   0.05682   0.06402   0.07141   0.02399   0.00378   0.00255   0.00817   0.02601   0.01364   0.00069   0.01305   0.00759   0.00691   0.00417   0.00152   0.00642   0.00914   0.00916   0.02953   0.16862   0.01017   0.02617   0.02257   0.01784   0.00130   0.00863   0.00864   0.00520   0.00341   0.11202   0.21660   0.07725   0.12295   0.00729   0.10900   0.11200   3.04583   1.17860   0.02865   0.09333  
 19 241.2375  10684.618771  x:  0.30699   0.16295   0.10276   0.00506   0.06944   0.05276   0.05828   0.06575   0.07309   0.02364   0.00380   0.00256   0.00874   0.02548   0.01441   0.00058   0.01131   0.00731   0.00707   0.00421   0.00163   0.00657   0.00849   0.00839   0.02843   0.16937   0.01048   0.02644   0.02148   0.01792   0.00131   0.00859   0.00996   0.00517   0.00340   0.11124   0.21866   0.07719   0.12310   0.00722   0.10953   0.11186   3.05943   1.18027   0.02713   0.09462  
 20 270.0832  10684.057099  x:  0.31443   0.16389   0.10397   0.00491   0.07165   0.05359   0.05993   0.06921   0.07568   0.02238   0.00381   0.00258   0.00966   0.02598   0.01329   0.00052   0.01139   0.00828   0.00724   0.00416   0.00168   0.00654   0.00896   0.00909   0.02550   0.16955   0.01069   0.02646   0.02325   0.01763   0.00128   0.00884   0.00837   0.00522   0.00338   0.10875   0.22129   0.07775   0.12334   0.00730   0.11074   0.11153   3.08396   1.18315   0.02453   0.09603  
 21 446.7777  10683.698007  x:  0.31820   0.16360   0.10434   0.00486   0.07223   0.05348   0.06000   0.07094   0.07661   0.02260   0.00379   0.00257   0.00869   0.02665   0.01261   0.00057   0.01272   0.00663   0.00678   0.00417   0.00164   0.00651   0.00889   0.00881   0.02453   0.16910   0.01070   0.02624   0.02462   0.01764   0.00126   0.00856   0.00907   0.00529   0.00339   0.10666   0.22235   0.07833   0.12350   0.00738   0.11151   0.11131   3.10055   1.18499   0.02288   0.09625  
 22 554.8445  10683.056480  x:  0.32366   0.16171   0.10427   0.00494   0.07180   0.05236   0.05854   0.07294   0.07698   0.02459   0.00378   0.00257   0.00747   0.02764   0.01281   0.00073   0.01363   0.00878   0.00731   0.00419   0.00149   0.00638   0.00847   0.00816   0.02495   0.16745   0.01076   0.02574   0.02569   0.01799   0.00124   0.00850   0.01080   0.00521   0.00338   0.10220   0.22332   0.07968   0.12379   0.00733   0.11280   0.11096   3.13383   1.18849   0.01976   0.09558  
 23 696.7322  10681.610832  x:  0.33327   0.15668   0.10336   0.00518   0.06960   0.04977   0.05466   0.07556   0.07635   0.02729   0.00382   0.00256   0.00933   0.02847   0.01483   0.00100   0.01184   0.00734   0.00707   0.00418   0.00119   0.00652   0.00900   0.00948   0.02821   0.16336   0.01071   0.02524   0.02528   0.01850   0.00127   0.00916   0.00918   0.00527   0.00331   0.09311   0.22416   0.08270   0.12435   0.00706   0.11501   0.11049   3.20756   1.19603   0.01305   0.09344  
 24 1451.1375  10680.338403  x:  0.33766   0.15260   0.10199   0.00526   0.06767   0.04959   0.05348   0.07543   0.07457   0.02173   0.00380   0.00256   0.00955   0.02689   0.01465   0.00097   0.01271   0.00753   0.00742   0.00417   0.00121   0.00619   0.00967   0.00842   0.03108   0.16019   0.00971   0.02608   0.02331   0.01763   0.00132   0.00679   0.00913   0.00506   0.00341   0.08924   0.22296   0.08504   0.12454   0.00698   0.11525   0.11095   3.27092   1.20218   0.00764   0.09229  
 25 1012.1066  10679.588216  x:  0.33894   0.15024   0.10102   0.00515   0.06679   0.05025   0.05384   0.07457   0.07321   0.01896   0.00379   0.00256   0.00931   0.02579   0.01429   0.00085   0.01347   0.00761   0.00713   0.00413   0.00133   0.00639   0.00908   0.00879   0.03210   0.15843   0.00970   0.02643   0.02265   0.01733   0.00128   0.00991   0.00998   0.00535   0.00320   0.08863   0.22140   0.08633   0.12447   0.00702   0.11469   0.11152   3.31349   1.20619   0.00412   0.09202  
 26 1741.7545  10675.503933  x:  0.33667   0.14279   0.09730   0.00494   0.06588   0.05559   0.06010   0.06825   0.06790   0.02115   0.00377   0.00255   0.00907   0.02369   0.01412   0.00000   0.01298   0.00751   0.00718   0.00412   0.00216   0.00625   0.00679   0.01077   0.03065   0.15328   0.01177   0.02612   0.02469   0.01826   0.00124   0.00834   0.00978   0.00519   0.00325   0.09534   0.21170   0.09001   0.12322   0.00706   0.10930   0.11476   3.49282   1.22251  -0.01012   0.09344  
 27 1624.7144  10674.286516  x:  0.33548   0.14158   0.09678   0.00488   0.06597   0.05610   0.06101   0.06707   0.06727   0.02185   0.00376   0.00254   0.00910   0.02410   0.01411   0.00000   0.01267   0.00746   0.00710   0.00411   0.00066   0.00631   0.00842   0.00925   0.03002   0.15254   0.01126   0.02593   0.02467   0.01815   0.00123   0.00881   0.00955   0.00523   0.00322   0.09733   0.20951   0.09042   0.12286   0.00708   0.10815   0.11530   3.53242   1.22605  -0.01320   0.09399  
 28 4027.6589  10673.363504  x:  0.33333   0.13972   0.09604   0.00481   0.06608   0.05647   0.06201   0.06522   0.06641   0.02294   0.00376   0.00253   0.00915   0.02506   0.01404   0.00000   0.01225   0.00738   0.00698   0.00410   0.00167   0.00640   0.01075   0.00709   0.02888   0.15149   0.01025   0.02558   0.02444   0.01787   0.00122   0.00948   0.00921   0.00528   0.00317   0.10055   0.20597   0.09091   0.12226   0.00713   0.10637   0.11604   3.59754   1.23185  -0.01824   0.09488  
 29 7406.8521  10671.052805  x:  0.32466   0.13944   0.09714   0.00483   0.06744   0.05103   0.05819   0.06414   0.06907   0.02265   0.00373   0.00252   0.00882   0.03029   0.01303   0.00000   0.01183   0.00740   0.00693   0.00407   0.00150   0.00637   0.00866   0.00861   0.02622   0.15277   0.00675   0.02496   0.02062   0.01580   0.00126   0.00918   0.00919   0.00525   0.00319   0.10816   0.19994   0.08839   0.12066   0.00736   0.10448   0.11532   3.71874   1.24216  -0.02711   0.09758  
 30 1971.4705  10669.669122  x:  0.31709   0.14026   0.09861   0.00489   0.06827   0.04665   0.05412   0.06417   0.07172   0.02187   0.00372   0.00252   0.00852   0.03121   0.01191   0.00000   0.01189   0.00738   0.00690   0.00403   0.00151   0.00635   0.00888   0.00819   0.02547   0.15484   0.01167   0.02531   0.01904   0.01601   0.00126   0.00905   0.00882   0.00523   0.00321   0.11289   0.19649   0.08530   0.11948   0.00757   0.10403   0.11379   3.80153   1.24901  -0.03297   0.09927  
 31 2978.7573  10668.196298  x:  0.30651   0.14298   0.10092   0.00498   0.06834   0.04478   0.04952   0.06540   0.07407   0.02197   0.00371   0.00251   0.00852   0.02472   0.01220   0.00000   0.01162   0.00734   0.00684   0.00402   0.00150   0.00634   0.00897   0.00791   0.02499   0.15874   0.00974   0.02676   0.02185   0.01848   0.00120   0.00912   0.00885   0.00524   0.00321   0.11515   0.19530   0.07968   0.11843   0.00772   0.10561   0.11007   3.88099   1.25511  -0.03811   0.10004  
 32 1299.5109  10667.303578  x:  0.29698   0.14630   0.10227   0.00497   0.06709   0.04816   0.04969   0.06629   0.07388   0.02224   0.00371   0.00251   0.00852   0.02428   0.01326   0.00000   0.01181   0.00729   0.00687   0.00403   0.00150   0.00631   0.00905   0.00794   0.02585   0.16248   0.01007   0.02495   0.02243   0.01458   0.00125   0.00911   0.00895   0.00521   0.00320   0.11302   0.19764   0.07476   0.11825   0.00776   0.10828   0.10615   3.92918   1.25822  -0.04060   0.09924  
 33 648.9636  10666.744576  x:  0.28941   0.14932   0.10280   0.00485   0.06606   0.05052   0.05154   0.06662   0.07300   0.02172   0.00371   0.00251   0.00871   0.02662   0.01263   0.00000   0.01190   0.00731   0.00691   0.00402   0.00151   0.00627   0.00909   0.00800   0.02651   0.16520   0.00986   0.02451   0.02148   0.01748   0.00121   0.00904   0.00896   0.00523   0.00316   0.11024   0.20078   0.07184   0.11848   0.00785   0.11025   0.10360   3.96134   1.25993  -0.04189   0.09845  
 34 740.3831  10666.479495  x:  0.28445   0.15221   0.10215   0.00485   0.06635   0.04859   0.05376   0.06623   0.07201   0.02201   0.00371   0.00251   0.00874   0.02706   0.01293   0.00000   0.01196   0.00731   0.00692   0.00403   0.00151   0.00628   0.00912   0.00805   0.02646   0.16619   0.00991   0.02735   0.02177   0.01689   0.00122   0.00908   0.00905   0.00524   0.00316   0.10790   0.20475   0.07293   0.11928   0.00777   0.11039   0.10416   3.97690   1.25998  -0.04169   0.09849  
 35 189.6134  10666.303722  x:  0.28086   0.15487   0.10136   0.00484   0.06711   0.04716   0.05430   0.06590   0.07162   0.02187   0.00371   0.00251   0.00871   0.02622   0.01278   0.00000   0.01190   0.00731   0.00692   0.00402   0.00151   0.00628   0.00911   0.00800   0.02639   0.16638   0.00989   0.02521   0.02172   0.01699   0.00121   0.00907   0.00899   0.00524   0.00315   0.10630   0.20842   0.07503   0.12004   0.00772   0.10979   0.10577   3.98687   1.25934  -0.04087   0.09896  
 36 163.2214  10666.235493  x:  0.27950   0.15632   0.10096   0.00486   0.06742   0.04871   0.05250   0.06573   0.07216   0.02197   0.00372   0.00252   0.00869   0.02646   0.01273   0.00000   0.01188   0.00732   0.00691   0.00402   0.00151   0.00629   0.00909   0.00801   0.02621   0.16577   0.00994   0.02566   0.02166   0.01703   0.00122   0.00908   0.00899   0.00525   0.00316   0.10575   0.21026   0.07614   0.12017   0.00768   0.10889   0.10710   3.99092   1.25816  -0.03957   0.09923  
 37 56.4339  10666.139340  x:  0.27961   0.15817   0.10169   0.00486   0.06543   0.04849   0.05314   0.06582   0.07364   0.02200   0.00372   0.00252   0.00868   0.02638   0.01274   0.00000   0.01188   0.00733   0.00691   0.00403   0.00151   0.00630   0.00910   0.00801   0.02593   0.16244   0.00999   0.02561   0.02171   0.01702   0.00121   0.00909   0.00899   0.00525   0.00316   0.10546   0.21175   0.07436   0.11882   0.00774   0.10726   0.10811   3.99728   1.25101  -0.03200   0.09848  
 38 21.0499  10665.884555  x:  0.28142   0.16052   0.10262   0.00484   0.07016   0.04841   0.05300   0.06549   0.07162   0.02201   0.00373   0.00253   0.00875   0.02663   0.01286   0.00000   0.01199   0.00736   0.00694   0.00404   0.00152   0.00633   0.00912   0.00806   0.02655   0.15846   0.01010   0.02570   0.02187   0.01709   0.00122   0.00912   0.00905   0.00525   0.00317   0.10589   0.21321   0.07245   0.11823   0.00774   0.10831   0.10737   4.01501   1.22749  -0.00711   0.09609  
 39 69.6863  10665.327785  x:  0.28597   0.16195   0.10309   0.00493   0.06752   0.04933   0.05353   0.06728   0.07238   0.02251   0.00376   0.00256   0.00866   0.02678   0.01265   0.00000   0.01191   0.00746   0.00695   0.00409   0.00154   0.00647   0.00912   0.00805   0.02615   0.16229   0.01027   0.02613   0.02183   0.01725   0.00124   0.00926   0.00897   0.00528   0.00324   0.10881   0.21410   0.07735   0.12253   0.00755   0.11348   0.10647   4.05345   1.17430   0.04921   0.09367  
 40 182.7101  10665.196480  x:  0.28705   0.15969   0.10283   0.00492   0.06876   0.04944   0.05406   0.06651   0.07430   0.02249   0.00377   0.00257   0.00872   0.02689   0.01284   0.00000   0.01202   0.00748   0.00698   0.00410   0.00154   0.00648   0.00917   0.00809   0.02650   0.16695   0.01019   0.02609   0.02211   0.01733   0.00124   0.00928   0.00905   0.00528   0.00324   0.10674   0.21398   0.07647   0.12251   0.00755   0.11125   0.10848   4.06255   1.16164   0.06271   0.09222  
 41 94.0872  10665.188167  x:  0.28709   0.15938   0.10340   0.00492   0.06865   0.04945   0.05396   0.06726   0.07350   0.02251   0.00377   0.00257   0.00871   0.02690   0.01281   0.00000   0.01201   0.00748   0.00698   0.00410   0.00154   0.00648   0.00916   0.00809   0.02650   0.16745   0.01019   0.02613   0.02206   0.01732   0.00124   0.00928   0.00904   0.00528   0.00324   0.10679   0.21417   0.07646   0.12199   0.00756   0.11088   0.10897   4.06303   1.16105   0.06343   0.09228  
 42 10.0365  10665.158652  x:  0.28696   0.15737   0.10384   0.00491   0.06865   0.04946   0.05396   0.06644   0.07387   0.02252   0.00377   0.00257   0.00869   0.02688   0.01279   0.00000   0.01199   0.00748   0.00697   0.00410   0.00154   0.00648   0.00915   0.00808   0.02646   0.16756   0.01018   0.02612   0.02206   0.01732   0.00124   0.00928   0.00902   0.00528   0.00324   0.10770   0.21632   0.07682   0.12006   0.00758   0.11188   0.10881   4.06375   1.16163   0.06423   0.09228  
 43  1.8104  10664.911500  x:  0.28674   0.15067   0.10268   0.00487   0.06849   0.04930   0.05357   0.06759   0.07332   0.02261   0.00376   0.00256   0.00860   0.02673   0.01260   0.00000   0.01187   0.00747   0.00693   0.00408   0.00153   0.00649   0.00909   0.00805   0.02605   0.16619   0.01023   0.02616   0.02193   0.01726   0.00124   0.00927   0.00894   0.00527   0.00319   0.11041   0.22280   0.07360   0.12517   0.00769   0.10981   0.10705   4.06900   1.16898   0.06928   0.09265  
 44  7.4144  10659.452325  x:  0.29048   0.14441   0.09125   0.00327   0.06537   0.05004   0.05277   0.06172   0.06546   0.02430   0.00369   0.00248   0.00698   0.02428   0.00961   0.00000   0.00980   0.00734   0.00630   0.00379   0.00128   0.00642   0.00796   0.00764   0.02015   0.16186   0.01069   0.02644   0.02009   0.01649   0.00098   0.00896   0.00756   0.00507   0.00194   0.08400   0.21470   0.06322   0.12121   0.00951   0.11927   0.11246   4.17555   1.32913   0.17055   0.09970  
 45 33.5705  10658.083027  x:  0.29167   0.14416   0.09639   0.00276   0.06490   0.05035   0.05265   0.05749   0.06395   0.02451   0.00367   0.00245   0.00665   0.02358   0.00908   0.00000   0.00938   0.00728   0.00615   0.00371   0.00122   0.00637   0.00771   0.00757   0.01919   0.16142   0.01070   0.02633   0.01982   0.01632   0.00091   0.00885   0.00727   0.00501   0.00159   0.07536   0.21248   0.06942   0.11846   0.01024   0.10968   0.09902   4.20299   1.37040   0.19680   0.09999  
 46 302.3026  10658.082112  x:  0.29169   0.14421   0.09596   0.00276   0.06489   0.05034   0.05264   0.05767   0.06393   0.02451   0.00367   0.00245   0.00665   0.02358   0.00907   0.00000   0.00938   0.00728   0.00615   0.00371   0.00122   0.00637   0.00771   0.00757   0.01919   0.16147   0.01070   0.02633   0.01982   0.01632   0.00091   0.00884   0.00727   0.00501   0.00159   0.07541   0.21250   0.06943   0.11824   0.01024   0.10957   0.09885   4.20302   1.37046   0.19686   0.09996  
 47  2.9220  10658.082046  x:  0.29169   0.14421   0.09596   0.00276   0.06489   0.05034   0.05264   0.05768   0.06393   0.02451   0.00367   0.00245   0.00665   0.02358   0.00907   0.00002   0.00938   0.00728   0.00615   0.00371   0.00122   0.00637   0.00771   0.00757   0.01919   0.16147   0.01070   0.02633   0.01982   0.01632   0.00091   0.00884   0.00727   0.00501   0.00159   0.07541   0.21250   0.06943   0.11824   0.01024   0.10957   0.09885   4.20302   1.37046   0.19686   0.09996  
 48  9.1532  10657.548875  x:  0.29834   0.14281   0.09677   0.00279   0.06447   0.05099   0.05288   0.05735   0.06364   0.02471   0.00372   0.00246   0.00662   0.02384   0.01065   0.00024   0.01004   0.00740   0.00621   0.00377   0.00114   0.00629   0.00732   0.00743   0.02233   0.15864   0.01099   0.02647   0.02034   0.01642   0.00095   0.00854   0.00741   0.00484   0.00144   0.07824   0.21109   0.07158   0.11849   0.01053   0.10983   0.09835   4.29307   1.56634   0.40441   0.10368  
 49  0.3508  10657.410881  x:  0.30013   0.14335   0.09674   0.00270   0.06479   0.05128   0.05321   0.05841   0.06465   0.02492   0.00375   0.00246   0.00688   0.02388   0.00973   0.00026   0.00995   0.00752   0.00617   0.00369   0.00107   0.00617   0.00744   0.00739   0.02116   0.15813   0.01117   0.02647   0.02041   0.01638   0.00099   0.00847   0.00753   0.00470   0.00129   0.07984   0.21064   0.07209   0.11858   0.01083   0.10991   0.09921   4.35811   1.84628   0.68343   0.10471  
 50  0.2943  10657.295612  x:  0.29905   0.14378   0.09581   0.00289   0.06489   0.05095   0.05291   0.05852   0.06453   0.02494   0.00377   0.00246   0.00680   0.02388   0.01020   0.00017   0.00986   0.00740   0.00621   0.00366   0.00097   0.00599   0.00754   0.00760   0.02094   0.15923   0.01112   0.02641   0.02011   0.01639   0.00113   0.00849   0.00751   0.00471   0.00158   0.07745   0.21083   0.07135   0.11809   0.01121   0.10953   0.09899   4.40128   2.35119   1.18220   0.10476  
 51  0.3758  10657.198987  x:  0.29826   0.14350   0.09593   0.00271   0.06477   0.05076   0.05285   0.05788   0.06395   0.02479   0.00375   0.00245   0.00653   0.02381   0.01003   0.00025   0.00983   0.00735   0.00613   0.00370   0.00085   0.00631   0.00732   0.00742   0.02169   0.15963   0.01095   0.02644   0.02007   0.01636   0.00118   0.00865   0.00730   0.00480   0.00131   0.07844   0.21149   0.07107   0.11818   0.01162   0.10957   0.09860   4.39882   2.92460   1.75640   0.10317  
 52  0.5332  10657.117554  x:  0.29903   0.14312   0.09676   0.00284   0.06467   0.05103   0.05315   0.05783   0.06404   0.02464   0.00374   0.00245   0.00692   0.02386   0.00997   0.00050   0.01006   0.00750   0.00626   0.00379   0.00073   0.00634   0.00743   0.00744   0.02146   0.15877   0.01101   0.02646   0.02049   0.01641   0.00131   0.00853   0.00761   0.00481   0.00153   0.07957   0.21143   0.07186   0.11845   0.01172   0.10979   0.09855   4.36310   3.58733   2.42826   0.10294  
 53  0.6024  10657.079153  x:  0.29947   0.14344   0.09652   0.00273   0.06474   0.05113   0.05311   0.05843   0.06453   0.02476   0.00375   0.00246   0.00675   0.02388   0.01021   0.00063   0.00986   0.00745   0.00621   0.00371   0.00063   0.00619   0.00747   0.00748   0.02126   0.15855   0.01108   0.02646   0.02031   0.01639   0.00135   0.00848   0.00743   0.00474   0.00141   0.07821   0.21089   0.07178   0.11835   0.01180   0.10994   0.09923   4.34298   4.12712   2.96460   0.10362  
 54  0.5284  10657.061535  x:  0.29854   0.14357   0.09639   0.00271   0.06479   0.05100   0.05291   0.05796   0.06414   0.02487   0.00376   0.00246   0.00671   0.02384   0.00992   0.00067   0.00995   0.00742   0.00617   0.00368   0.00052   0.00611   0.00744   0.00748   0.02150   0.15914   0.01105   0.02646   0.02013   0.01636   0.00138   0.00851   0.00747   0.00472   0.00145   0.07869   0.21102   0.07128   0.11822   0.01172   0.10958   0.09869   4.34064   4.64316   3.47732   0.10411  
 55  0.4124  10657.045928  x:  0.29831   0.14337   0.09647   0.00266   0.06478   0.05097   0.05305   0.05805   0.06418   0.02485   0.00376   0.00245   0.00684   0.02390   0.01020   0.00080   0.00989   0.00743   0.00620   0.00373   0.00039   0.00627   0.00743   0.00743   0.02118   0.15922   0.01106   0.02644   0.02034   0.01639   0.00137   0.00852   0.00747   0.00475   0.00142   0.07897   0.21137   0.07150   0.11839   0.01137   0.10971   0.09873   4.34754   5.28649   4.12341   0.10391  
 56  0.3835  10657.037048  x:  0.29887   0.14344   0.09649   0.00263   0.06474   0.05104   0.05311   0.05826   0.06436   0.02481   0.00375   0.00246   0.00673   0.02386   0.01004   0.00089   0.00992   0.00744   0.00621   0.00373   0.00032   0.00623   0.00746   0.00748   0.02149   0.15890   0.01105   0.02646   0.02035   0.01640   0.00135   0.00850   0.00744   0.00475   0.00145   0.07849   0.21121   0.07174   0.11846   0.01106   0.10987   0.09903   4.35135   5.74097   4.57823   0.10374  
 57  0.4571  10657.033465  x:  0.29895   0.14345   0.09642   0.00262   0.06474   0.05103   0.05298   0.05802   0.06420   0.02479   0.00375   0.00246   0.00673   0.02384   0.01007   0.00091   0.00993   0.00744   0.00618   0.00370   0.00029   0.00616   0.00743   0.00747   0.02133   0.15877   0.01105   0.02645   0.02018   0.01637   0.00131   0.00850   0.00747   0.00474   0.00144   0.07866   0.21094   0.07154   0.11836   0.01093   0.10971   0.09882   4.35094   6.04408   4.87865   0.10378  
 58  0.2550  10657.028169  x:  0.29858   0.14337   0.09641   0.00265   0.06478   0.05101   0.05298   0.05815   0.06420   0.02479   0.00376   0.00246   0.00683   0.02391   0.01004   0.00088   0.00991   0.00742   0.00620   0.00373   0.00030   0.00620   0.00746   0.00747   0.02141   0.15914   0.01106   0.02643   0.02034   0.01637   0.00120   0.00854   0.00744   0.00476   0.00142   0.07856   0.21110   0.07145   0.11837   0.01094   0.10969   0.09879   4.34851   6.50253   5.33777   0.10387  
 59  0.1608  10657.025326  x:  0.29869   0.14347   0.09647   0.00270   0.06475   0.05102   0.05303   0.05814   0.06428   0.02481   0.00376   0.00246   0.00671   0.02384   0.01008   0.00086   0.00992   0.00743   0.00620   0.00372   0.00034   0.00621   0.00744   0.00747   0.02135   0.15898   0.01106   0.02645   0.02030   0.01640   0.00115   0.00853   0.00747   0.00477   0.00143   0.07873   0.21117   0.07161   0.11841   0.01110   0.10979   0.09890   4.34882   6.69155   5.52792   0.10383  
 60  0.1813  10657.024480  x:  0.29887   0.14345   0.09644   0.00274   0.06474   0.05102   0.05302   0.05809   0.06425   0.02481   0.00376   0.00245   0.00677   0.02385   0.01006   0.00085   0.00992   0.00744   0.00619   0.00371   0.00036   0.00620   0.00743   0.00746   0.02139   0.15885   0.01105   0.02646   0.02024   0.01639   0.00116   0.00852   0.00746   0.00477   0.00142   0.07856   0.21108   0.07159   0.11836   0.01121   0.10977   0.09888   4.34972   6.79865   5.63435   0.10380  
 61  0.1083  10657.023619  x:  0.29887   0.14337   0.09646   0.00276   0.06476   0.05103   0.05300   0.05812   0.06421   0.02480   0.00375   0.00246   0.00673   0.02389   0.01005   0.00084   0.00990   0.00743   0.00619   0.00371   0.00035   0.00619   0.00746   0.00748   0.02137   0.15892   0.01106   0.02644   0.02031   0.01638   0.00118   0.00852   0.00746   0.00476   0.00142   0.07868   0.21101   0.07152   0.11833   0.01126   0.10968   0.09881   4.35063   7.21850   6.05383   0.10376  
 62  0.1864  10657.022451  x:  0.29874   0.14350   0.09642   0.00275   0.06475   0.05102   0.05300   0.05814   0.06430   0.02480   0.00375   0.00245   0.00676   0.02381   0.01007   0.00085   0.00995   0.00744   0.00619   0.00372   0.00035   0.00621   0.00743   0.00746   0.02137   0.15901   0.01105   0.02645   0.02026   0.01639   0.00119   0.00854   0.00748   0.00477   0.00141   0.07858   0.21114   0.07155   0.11838   0.01119   0.10980   0.09890   4.34989   8.09316   6.92943   0.10378  
 63  0.4310  10657.021702  x:  0.29882   0.14344   0.09645   0.00273   0.06474   0.05102   0.05303   0.05808   0.06423   0.02480   0.00376   0.00245   0.00676   0.02388   0.01006   0.00083   0.00988   0.00743   0.00620   0.00371   0.00037   0.00620   0.00744   0.00747   0.02139   0.15886   0.01106   0.02646   0.02025   0.01639   0.00118   0.00852   0.00744   0.00476   0.00143   0.07866   0.21112   0.07161   0.11838   0.01118   0.10977   0.09888   4.34929   8.88343   7.71931   0.10382  
 64  0.5664  10657.021171  x:  0.29886   0.14337   0.09645   0.00272   0.06475   0.05102   0.05301   0.05813   0.06423   0.02482   0.00376   0.00246   0.00674   0.02388   0.01006   0.00078   0.00994   0.00744   0.00619   0.00371   0.00042   0.00620   0.00745   0.00748   0.02137   0.15888   0.01106   0.02645   0.02029   0.01638   0.00119   0.00852   0.00748   0.00476   0.00142   0.07858   0.21105   0.07155   0.11835   0.01122   0.10971   0.09883   4.34948   9.82665   8.66200   0.10381  
 65  0.6277  10657.020790  x:  0.29880   0.14347   0.09645   0.00272   0.06476   0.05103   0.05301   0.05813   0.06428   0.02481   0.00376   0.00246   0.00676   0.02382   0.01007   0.00071   0.00992   0.00743   0.00619   0.00371   0.00049   0.00620   0.00744   0.00746   0.02138   0.15897   0.01104   0.02645   0.02027   0.01639   0.00119   0.00853   0.00746   0.00476   0.00143   0.07867   0.21108   0.07155   0.11836   0.01122   0.10975   0.09887   4.35000  10.88737   9.72331   0.10377  
 66  0.7842  10657.020627  x:  0.29880   0.14344   0.09643   0.00272   0.06474   0.05102   0.05301   0.05810   0.06424   0.02480   0.00376   0.00246   0.00676   0.02387   0.01006   0.00067   0.00991   0.00744   0.00620   0.00371   0.00054   0.00620   0.00744   0.00747   0.02138   0.15892   0.01105   0.02645   0.02027   0.01639   0.00119   0.00853   0.00747   0.00476   0.00142   0.07862   0.21110   0.07158   0.11837   0.01119   0.10977   0.09888   4.34989  11.69983  10.53577   0.10379  
 67  0.7181  10657.020600  x:  0.29882   0.14343   0.09645   0.00272   0.06475   0.05102   0.05302   0.05811   0.06425   0.02480   0.00376   0.00245   0.00675   0.02386   0.01006   0.00065   0.00992   0.00744   0.00619   0.00371   0.00056   0.00620   0.00744   0.00747   0.02138   0.15891   0.01105   0.02645   0.02027   0.01639   0.00119   0.00852   0.00746   0.00476   0.00142   0.07863   0.21109   0.07157   0.11837   0.01119   0.10975   0.09886   4.34979  12.00466  10.84040   0.10380  
 68  0.3747  10657.020598  x:  0.29881   0.14343   0.09644   0.00272   0.06475   0.05102   0.05301   0.05811   0.06425   0.02481   0.00376   0.00246   0.00675   0.02386   0.01006   0.00065   0.00992   0.00744   0.00619   0.00371   0.00056   0.00620   0.00744   0.00747   0.02138   0.15891   0.01105   0.02645   0.02027   0.01639   0.00119   0.00853   0.00746   0.00476   0.00142   0.07863   0.21108   0.07157   0.11837   0.01119   0.10975   0.09887   4.34979  12.07345  10.90919   0.10380  
 69  0.0985  10657.020597  x:  0.29881   0.14344   0.09644   0.00272   0.06475   0.05102   0.05301   0.05811   0.06425   0.02481   0.00376   0.00246   0.00675   0.02386   0.01006   0.00065   0.00992   0.00744   0.00619   0.00371   0.00056   0.00620   0.00744   0.00747   0.02138   0.15892   0.01105   0.02645   0.02027   0.01639   0.00119   0.00853   0.00746   0.00476   0.00142   0.07863   0.21109   0.07157   0.11837   0.01119   0.10975   0.09887   4.34981  12.11831  10.95409   0.10380  
 70  0.0303  10657.020594  x:  0.29881   0.14343   0.09645   0.00273   0.06475   0.05102   0.05302   0.05811   0.06425   0.02481   0.00376   0.00246   0.00675   0.02386   0.01006   0.00065   0.00991   0.00744   0.00619   0.00371   0.00055   0.00620   0.00744   0.00747   0.02138   0.15891   0.01105   0.02645   0.02027   0.01639   0.00119   0.00852   0.00746   0.00476   0.00142   0.07862   0.21109   0.07157   0.11837   0.01118   0.10975   0.09886   4.34978  12.43360  11.26935   0.10380  
 71  0.0557  10657.020587  x:  0.29882   0.14344   0.09644   0.00272   0.06475   0.05102   0.05301   0.05811   0.06425   0.02480   0.00376   0.00246   0.00675   0.02386   0.01006   0.00066   0.00992   0.00744   0.00619   0.00371   0.00055   0.00620   0.00744   0.00747   0.02138   0.15891   0.01105   0.02645   0.02027   0.01639   0.00119   0.00852   0.00746   0.00476   0.00142   0.07863   0.21108   0.07157   0.11836   0.01119   0.10975   0.09887   4.34975  13.45264  12.28835   0.10380  
 72  0.3288  10657.020584  x:  0.29881   0.14343   0.09644   0.00272   0.06475   0.05102   0.05301   0.05811   0.06425   0.02481   0.00376   0.00246   0.00675   0.02386   0.01006   0.00065   0.00992   0.00744   0.00619   0.00371   0.00055   0.00620   0.00744   0.00747   0.02138   0.15892   0.01105   0.02645   0.02027   0.01639   0.00119   0.00853   0.00746   0.00476   0.00142   0.07863   0.21109   0.07157   0.11837   0.01119   0.10975   0.09887   4.34981  14.12447  12.96025   0.10380  
 73  0.5939  10657.020583  x:  0.29881   0.14343   0.09644   0.00272   0.06475   0.05102   0.05301   0.05811   0.06425   0.02481   0.00376   0.00246   0.00675   0.02386   0.01006   0.00065   0.00992   0.00744   0.00619   0.00371   0.00055   0.00620   0.00744   0.00747   0.02138   0.15891   0.01105   0.02645   0.02027   0.01639   0.00119   0.00852   0.00746   0.00476   0.00142   0.07863   0.21109   0.07157   0.11837   0.01119   0.10975   0.09887   4.34979  14.62846  13.46423   0.10380  
 74  0.4027  10657.020583  x:  0.29881   0.14343   0.09644   0.00272   0.06475   0.05102   0.05302   0.05811   0.06425   0.02481   0.00376   0.00246   0.00675   0.02386   0.01006   0.00065   0.00992   0.00744   0.00619   0.00371   0.00055   0.00620   0.00744   0.00747   0.02138   0.15891   0.01105   0.02645   0.02027   0.01639   0.00119   0.00852   0.00746   0.00476   0.00142   0.07863   0.21109   0.07157   0.11837   0.01119   0.10975   0.09887   4.34978  15.75598  14.59173   0.10380  
 75  1.3344  10657.020583  x:  0.29881   0.14343   0.09644   0.00272   0.06475   0.05102   0.05301   0.05811   0.06425   0.02481   0.00376   0.00246   0.00675   0.02386   0.01006   0.00065   0.00992   0.00744   0.00619   0.00371   0.00055   0.00620   0.00744   0.00747   0.02138   0.15891   0.01105   0.02645   0.02027   0.01639   0.00119   0.00852   0.00746   0.00476   0.00142   0.07863   0.21109   0.07157   0.11837   0.01119   0.10975   0.09887   4.34979  15.39197  14.22772   0.10380  
 76  1.5550  10657.020583  x:  0.29881   0.14343   0.09644   0.00272   0.06475   0.05102   0.05301   0.05811   0.06425   0.02481   0.00376   0.00246   0.00675   0.02386   0.01006   0.00065   0.00992   0.00744   0.00619   0.00371   0.00055   0.00620   0.00744   0.00747   0.02138   0.15891   0.01105   0.02645   0.02027   0.01639   0.00119   0.00852   0.00746   0.00476   0.00142   0.07863   0.21109   0.07157   0.11837   0.01119   0.10975   0.09887   4.34981  15.36699  14.20274   0.10380  
 77 15.3588  10657.020583  x:  0.29881   0.14343   0.09644   0.00272   0.06475   0.05102   0.05301   0.05811   0.06425   0.02481   0.00376   0.00246   0.00675   0.02386   0.01006   0.00065   0.00992   0.00744   0.00619   0.00371   0.00055   0.00620   0.00744   0.00747   0.02138   0.15891   0.01105   0.02645   0.02027   0.01639   0.00119   0.00852   0.00746   0.00476   0.00142   0.07863   0.21109   0.07157   0.11837   0.01119   0.10975   0.09887   4.34983  15.39049  14.22622   0.10380  
 78  0.1536  10657.020583  x:  0.29881   0.14343   0.09644   0.00272   0.06475   0.05102   0.05301   0.05811   0.06425   0.02481   0.00376   0.00246   0.00675   0.02386   0.01006   0.00065   0.00992   0.00744   0.00619   0.00371   0.00055   0.00620   0.00744   0.00747   0.02138   0.15891   0.01105   0.02645   0.02027   0.01639   0.00119   0.00853   0.00746   0.00476   0.00142   0.07863   0.21109   0.07157   0.11837   0.01119   0.10975   0.09887   4.34981  15.39113  14.22689   0.10380  
 79  0.0008  10657.020583  x:  0.29881   0.14343   0.09644   0.00272   0.06475   0.05102   0.05301   0.05811   0.06425   0.02481   0.00376   0.00246   0.00675   0.02386   0.01006   0.00065   0.00992   0.00744   0.00619   0.00371   0.00055   0.00620   0.00744   0.00747   0.02138   0.15891   0.01105   0.02645   0.02027   0.01639   0.00119   0.00853   0.00746   0.00476   0.00142   0.07863   0.21109   0.07157   0.11837   0.01119   0.10975   0.09887   4.34982  15.39080  14.22656   0.10380  
 80  0.0006  10657.020583  x:  0.29881   0.14343   0.09644   0.00272   0.06475   0.05102   0.05301   0.05811   0.06425   0.02481   0.00376   0.00246   0.00675   0.02386   0.01006   0.00065   0.00992   0.00744   0.00619   0.00371   0.00055   0.00620   0.00744   0.00747   0.02138   0.15891   0.01105   0.02645   0.02027   0.01639   0.00119   0.00853   0.00746   0.00476   0.00142   0.07863   0.21109   0.07157   0.11837   0.01119   0.10975   0.09887   4.34982  15.39076  14.22652   0.10380  
 81  0.0004  10657.020583  x:  0.29881   0.14343   0.09644   0.00272   0.06475   0.05102   0.05301   0.05811   0.06425   0.02481   0.00376   0.00246   0.00675   0.02386   0.01006   0.00065   0.00992   0.00744   0.00619   0.00371   0.00055   0.00620   0.00744   0.00747   0.02138   0.15891   0.01105   0.02645   0.02027   0.01639   0.00119   0.00853   0.00746   0.00476   0.00142   0.07863   0.21109   0.07157   0.11837   0.01119   0.10975   0.09887   4.34982  15.39080  14.22656   0.10380  
 82  0.0017  10657.020583  x:  0.29881   0.14343   0.09644   0.00272   0.06475   0.05102   0.05301   0.05811   0.06425   0.02481   0.00376   0.00246   0.00675   0.02386   0.01006   0.00065   0.00992   0.00744   0.00619   0.00371   0.00055   0.00620   0.00744   0.00747   0.02138   0.15891   0.01105   0.02645   0.02027   0.01639   0.00119   0.00853   0.00746   0.00476   0.00142   0.07863   0.21109   0.07157   0.11837   0.01119   0.10975   0.09887   4.34982  15.39080  14.22656   0.10380  
 83  0.0037  10657.020583  x:  0.29881   0.14343   0.09644   0.00272   0.06475   0.05102   0.05301   0.05811   0.06425   0.02481   0.00376   0.00246   0.00675   0.02386   0.01006   0.00065   0.00992   0.00744   0.00619   0.00371   0.00055   0.00620   0.00744   0.00747   0.02138   0.15891   0.01105   0.02645   0.02027   0.01639   0.00119   0.00853   0.00746   0.00476   0.00142   0.07863   0.21109   0.07157   0.11837   0.01119   0.10975   0.09887   4.34982  15.39080  14.22656   0.10380  
 84  0.0003  10657.020583  x:  0.29881   0.14343   0.09644   0.00272   0.06475   0.05102   0.05301   0.05811   0.06425   0.02481   0.00376   0.00246   0.00675   0.02386   0.01006   0.00065   0.00992   0.00744   0.00619   0.00371   0.00055   0.00620   0.00744   0.00747   0.02138   0.15891   0.01105   0.02645   0.02027   0.01639   0.00119   0.00853   0.00746   0.00476   0.00142   0.07863   0.21109   0.07157   0.11837   0.01119   0.10975   0.09887   4.34982  15.39080  14.22656   0.10380  
check convergence!
