

TREE # 1

  0  0.0000  10759.408677  x:  0.26385   0.11577   0.08596   0.00000   0.06063   0.05075   0.04950   0.04981   0.05520   0.02619   0.00368   0.00258   0.00477   0.02271   0.00778   0.00197   0.00852   0.00766   0.00524   0.00418   0.00162   0.00718   0.00615   0.00626   0.01824   0.14125   0.01212   0.02718   0.01864   0.01586   0.00123   0.00887   0.00574   0.00380   0.00237   0.05365   0.19416   0.06079   0.10998   0.00040   0.10813   0.08203   3.00000   1.16374   0.04304   0.25098  
  1 99.0000  10748.728755  x:  0.26399   0.11620   0.08621   0.00460   0.06083   0.05082   0.04975   0.05018   0.05553   0.02612   0.00375   0.00246   0.00570   0.02287   0.00845   0.00034   0.00895   0.00761   0.00573   0.00392   0.00000   0.00685   0.00670   0.00676   0.01864   0.14143   0.01210   0.02712   0.01885   0.01595   0.00158   0.00875   0.00652   0.00438   0.00152   0.05445   0.19428   0.06125   0.11023   0.00825   0.10824   0.08257   3.00012   1.16386   0.04291   0.24912  
  2 3119.1690  10747.500637  x:  0.26406   0.11639   0.08631   0.00540   0.06090   0.05084   0.04983   0.05034   0.05567   0.02608   0.00377   0.00243   0.00599   0.02294   0.00869   0.00146   0.00910   0.00759   0.00588   0.00384   0.00114   0.00673   0.00689   0.00693   0.01880   0.14152   0.01209   0.02710   0.01894   0.01599   0.00157   0.00871   0.00677   0.00454   0.00134   0.05479   0.19434   0.06142   0.11032   0.00999   0.10826   0.08278   3.00018   1.16391   0.04286   0.24830  
  3 3304.4032  10741.587409  x:  0.26474   0.11815   0.08718   0.00244   0.06146   0.05086   0.05039   0.05188   0.05703   0.02572   0.00386   0.00253   0.00747   0.02354   0.01032   0.00134   0.01022   0.00749   0.00664   0.00358   0.00115   0.00596   0.00794   0.00792   0.02024   0.14235   0.01199   0.02692   0.01972   0.01630   0.00000   0.00853   0.00805   0.00517   0.00224   0.05802   0.19486   0.06281   0.11096   0.01172   0.10835   0.08452   3.00072   1.16443   0.04235   0.24038  
  4 955.9498  10737.475201  x:  0.26531   0.11962   0.08790   0.00000   0.06193   0.05088   0.05086   0.05316   0.05816   0.02542   0.00393   0.00260   0.00863   0.02403   0.01161   0.00125   0.01110   0.00742   0.00722   0.00340   0.00115   0.00536   0.00876   0.00870   0.02142   0.14305   0.01190   0.02677   0.02037   0.01658   0.00054   0.00839   0.00906   0.00565   0.00285   0.06070   0.19530   0.06395   0.11150   0.01298   0.10841   0.08596   3.00116   1.16486   0.04192   0.23377  
  5 18641.1617  10704.093328  x:  0.27240   0.13715   0.09682   0.00680   0.06790   0.05177   0.05709   0.06783   0.07122   0.02190   0.00378   0.00242   0.01441   0.02881   0.02088   0.00043   0.01714   0.00722   0.00911   0.00479   0.00140   0.00413   0.01277   0.01255   0.03331   0.15164   0.01063   0.02532   0.02678   0.01919   0.00148   0.00802   0.01379   0.00579   0.00044   0.09185   0.20069   0.07692   0.11760   0.00445   0.10902   0.10264   3.00672   1.17012   0.03669   0.15189  
  6 3420.4262  10700.198796  x:  0.27425   0.14127   0.09886   0.00850   0.06920   0.05201   0.05836   0.07088   0.07395   0.02144   0.00381   0.00243   0.01398   0.02933   0.02124   0.00041   0.01703   0.00742   0.00838   0.00457   0.00161   0.00590   0.01217   0.01198   0.03507   0.15380   0.01031   0.02522   0.02753   0.01939   0.00194   0.00836   0.01317   0.00522   0.00613   0.09878   0.20209   0.07981   0.11912   0.00393   0.10925   0.10648   3.00817   1.17141   0.03541   0.13137  
  7 5696.7228  10689.137812  x:  0.27727   0.14667   0.10127   0.00517   0.07050   0.05231   0.05924   0.07368   0.07653   0.02206   0.00403   0.00271   0.00921   0.02831   0.01718   0.00041   0.01313   0.00801   0.00521   0.00293   0.00179   0.00845   0.00789   0.00790   0.03453   0.15704   0.00993   0.02577   0.02639   0.01847   0.00130   0.00862   0.00838   0.00285   0.00346   0.10681   0.20431   0.08310   0.12134   0.00719   0.10983   0.11122   3.01051   1.17319   0.03364   0.10181  
  8 2528.1882  10687.640629  x:  0.27806   0.14767   0.10160   0.00478   0.07056   0.05233   0.05915   0.07371   0.07658   0.02250   0.00378   0.00221   0.00793   0.02765   0.01529   0.00044   0.01188   0.00782   0.00614   0.00458   0.00178   0.00781   0.00751   0.00755   0.03344   0.15777   0.00991   0.02596   0.02554   0.01806   0.00122   0.00860   0.00769   0.00578   0.00323   0.10796   0.20484   0.08344   0.12174   0.00750   0.10994   0.11192   3.01116   1.17354   0.03330   0.09626  
  9 1115.2966  10686.778179  x:  0.27898   0.14838   0.10162   0.00499   0.07027   0.05226   0.05870   0.07298   0.07597   0.02314   0.00380   0.00314   0.00773   0.02670   0.01301   0.00052   0.01113   0.00737   0.00746   0.00388   0.00171   0.00605   0.00863   0.00862   0.03131   0.15847   0.01002   0.02611   0.02421   0.01760   0.00127   0.00875   0.00861   0.00538   0.00343   0.10829   0.20540   0.08326   0.12196   0.00731   0.11000   0.11211   3.01200   1.17379   0.03306   0.09296  
 10 448.7563  10686.515842  x:  0.27949   0.14871   0.10157   0.00498   0.07007   0.05219   0.05841   0.07250   0.07556   0.02336   0.00379   0.00206   0.00815   0.02635   0.01249   0.00055   0.01130   0.00736   0.00742   0.00394   0.00166   0.00596   0.00900   0.00898   0.03020   0.15882   0.01011   0.02613   0.02366   0.01750   0.00127   0.00870   0.00907   0.00500   0.00344   0.10835   0.20568   0.08307   0.12204   0.00726   0.11001   0.11212   3.01250   1.17389   0.03296   0.09197  
 11 353.7254  10686.233725  x:  0.28059   0.14938   0.10143   0.00496   0.06959   0.05201   0.05780   0.07143   0.07466   0.02356   0.00381   0.00254   0.00926   0.02593   0.01251   0.00063   0.01217   0.00755   0.00675   0.00457   0.00157   0.00673   0.00924   0.00919   0.02812   0.15951   0.01032   0.02607   0.02289   0.01749   0.00128   0.00846   0.00960   0.00506   0.00331   0.10843   0.20628   0.08261   0.12214   0.00720   0.10998   0.11207   3.01363   1.17409   0.03276   0.09073  
 12 292.5561  10686.035817  x:  0.28191   0.15020   0.10130   0.00511   0.06909   0.05181   0.05722   0.07030   0.07376   0.02334   0.00375   0.00247   0.00957   0.02594   0.01354   0.00068   0.01279   0.00754   0.00682   0.00366   0.00150   0.00650   0.00890   0.00886   0.02650   0.16028   0.01052   0.02594   0.02274   0.01767   0.00130   0.00847   0.00935   0.00560   0.00331   0.10860   0.20698   0.08209   0.12223   0.00703   0.10990   0.11201   3.01509   1.17432   0.03255   0.09007  
 13 205.5188  10685.883270  x:  0.28345   0.15117   0.10119   0.00512   0.06860   0.05161   0.05671   0.06919   0.07295   0.02288   0.00388   0.00248   0.00926   0.02620   0.01458   0.00073   0.01285   0.00739   0.00724   0.00430   0.00146   0.00599   0.00871   0.00869   0.02555   0.16113   0.01065   0.02579   0.02306   0.01787   0.00130   0.00866   0.00902   0.00503   0.00340   0.10889   0.20778   0.08153   0.12231   0.00711   0.10979   0.11198   3.01691   1.17459   0.03229   0.08979  
 14 222.2131  10685.665281  x:  0.28653   0.15311   0.10110   0.00508   0.06792   0.05135   0.05610   0.06747   0.07191   0.02225   0.00344   0.00245   0.00840   0.02675   0.01494   0.00077   0.01194   0.00743   0.00727   0.00418   0.00142   0.00678   0.00936   0.00934   0.02558   0.16268   0.01069   0.02563   0.02408   0.01795   0.00128   0.00852   0.00933   0.00509   0.00329   0.10959   0.20934   0.08055   0.12245   0.00717   0.10954   0.11198   3.02082   1.17515   0.03176   0.08999  
 15 185.9895  10685.496140  x:  0.28938   0.15487   0.10110   0.00513   0.06748   0.05122   0.05580   0.06617   0.07127   0.02217   0.00452   0.00242   0.00846   0.02705   0.01451   0.00078   0.01156   0.00755   0.00681   0.00409   0.00141   0.00666   0.00941   0.00938   0.02630   0.16402   0.01061   0.02560   0.02472   0.01789   0.00128   0.00845   0.00950   0.00533   0.00330   0.11025   0.21076   0.07973   0.12255   0.00716   0.10933   0.11199   3.02469   1.17570   0.03124   0.09041  
 16 346.9021  10685.184066  x:  0.29453   0.15798   0.10120   0.00518   0.06699   0.05116   0.05559   0.06425   0.07055   0.02265   0.00369   0.00250   0.00933   0.02725   0.01323   0.00079   0.01176   0.00762   0.00638   0.00418   0.00142   0.00595   0.00885   0.00880   0.02810   0.16631   0.01038   0.02567   0.02525   0.01768   0.00128   0.00854   0.00944   0.00531   0.00343   0.11139   0.21329   0.07837   0.12274   0.00720   0.10899   0.11203   3.03208   1.17672   0.03027   0.09141  
 17 526.7346  10685.019320  x:  0.29745   0.15957   0.10138   0.00513   0.06705   0.05131   0.05581   0.06368   0.07056   0.02322   0.00390   0.00249   0.00943   0.02697   0.01284   0.00077   0.01240   0.00740   0.00752   0.00410   0.00144   0.00670   0.00866   0.00863   0.02899   0.16742   0.01024   0.02582   0.02470   0.01764   0.00128   0.00864   0.00908   0.00515   0.00334   0.11186   0.21468   0.07776   0.12284   0.00722   0.10890   0.11204   3.03690   1.17737   0.02966   0.09210  
 18 331.8133  10684.732729  x:  0.30218   0.16164   0.10197   0.00512   0.06796   0.05197   0.05689   0.06406   0.07147   0.02403   0.00388   0.00247   0.00816   0.02596   0.01370   0.00069   0.01296   0.00761   0.00690   0.00416   0.00152   0.00642   0.00914   0.00916   0.02951   0.16873   0.01018   0.02619   0.02246   0.01784   0.00130   0.00861   0.00870   0.00520   0.00341   0.11203   0.21677   0.07722   0.12297   0.00728   0.10903   0.11200   3.04656   1.17861   0.02849   0.09337  
 19 254.8795  10684.382094  x:  0.30747   0.16306   0.10284   0.00505   0.06956   0.05282   0.05838   0.06592   0.07322   0.02358   0.00386   0.00248   0.00885   0.02549   0.01439   0.00057   0.01116   0.00724   0.00706   0.00420   0.00163   0.00658   0.00850   0.00839   0.02826   0.16944   0.01050   0.02645   0.02155   0.01791   0.00131   0.00863   0.00998   0.00518   0.00339   0.11114   0.21886   0.07721   0.12313   0.00722   0.10960   0.11185   3.06072   1.18031   0.02689   0.09466  
 20 271.8122  10683.828850  x:  0.31480   0.16391   0.10401   0.00491   0.07171   0.05360   0.05995   0.06935   0.07575   0.02233   0.00389   0.00250   0.00958   0.02604   0.01319   0.00053   0.01147   0.00845   0.00727   0.00415   0.00168   0.00652   0.00893   0.00906   0.02539   0.16957   0.01070   0.02644   0.02339   0.01763   0.00128   0.00874   0.00851   0.00521   0.00338   0.10860   0.22142   0.07778   0.12337   0.00731   0.11081   0.11151   3.08515   1.18312   0.02427   0.09600  
 21 473.8888  10683.483136  x:  0.31833   0.16361   0.10435   0.00486   0.07223   0.05347   0.05998   0.07095   0.07661   0.02260   0.00391   0.00249   0.00877   0.02667   0.01259   0.00057   0.01266   0.00664   0.00676   0.00415   0.00164   0.00652   0.00897   0.00891   0.02453   0.16912   0.01071   0.02624   0.02464   0.01764   0.00126   0.00863   0.00895   0.00530   0.00338   0.10660   0.22241   0.07834   0.12352   0.00738   0.11154   0.11130   3.10090   1.18483   0.02268   0.09619  
 22 563.8559  10682.721835  x:  0.32470   0.16130   0.10422   0.00496   0.07162   0.05209   0.05817   0.07324   0.07696   0.02509   0.00392   0.00247   0.00735   0.02781   0.01296   0.00076   0.01362   0.00854   0.00727   0.00418   0.00146   0.00642   0.00848   0.00810   0.02516   0.16712   0.01076   0.02565   0.02583   0.01805   0.00124   0.00857   0.01106   0.00522   0.00337   0.10130   0.22349   0.07995   0.12385   0.00731   0.11304   0.11089   3.14042   1.18890   0.01891   0.09533  
 23 695.7442  10681.345951  x:  0.33362   0.15649   0.10329   0.00519   0.06948   0.04971   0.05454   0.07556   0.07625   0.02718   0.00388   0.00246   0.00949   0.02843   0.01487   0.00101   0.01169   0.00742   0.00709   0.00417   0.00118   0.00649   0.00903   0.00963   0.02837   0.16323   0.01064   0.02528   0.02525   0.01845   0.00127   0.00893   0.00901   0.00525   0.00332   0.09283   0.22417   0.08281   0.12436   0.00705   0.11504   0.11049   3.21058   1.19591   0.01243   0.09329  
 24 1473.3629  10679.965824  x:  0.33819   0.15207   0.10177   0.00525   0.06739   0.04963   0.05338   0.07528   0.07425   0.02087   0.00384   0.00247   0.00950   0.02663   0.01455   0.00096   0.01288   0.00753   0.00736   0.00414   0.00123   0.00622   0.00982   0.00824   0.03147   0.15980   0.00967   0.02619   0.02306   0.01753   0.00131   0.00737   0.00937   0.00511   0.00336   0.08886   0.22276   0.08533   0.12455   0.00698   0.11521   0.11103   3.27967   1.20245   0.00642   0.09209  
 25 1019.4843  10679.026910  x:  0.33894   0.14935   0.10055   0.00510   0.06659   0.05085   0.05447   0.07382   0.07253   0.01885   0.00385   0.00246   0.00918   0.02544   0.01420   0.00076   0.01356   0.00764   0.00701   0.00410   0.00142   0.00648   0.00830   0.00963   0.03213   0.15780   0.01006   0.02641   0.02280   0.01746   0.00126   0.01109   0.01026   0.00545   0.00312   0.08917   0.22040   0.08678   0.12435   0.00704   0.11412   0.11187   3.33365   1.20735   0.00193   0.09202  
 26 1317.5776  10674.862517  x:  0.33650   0.14289   0.09734   0.00492   0.06598   0.05544   0.06005   0.06814   0.06795   0.02141   0.00383   0.00243   0.00908   0.02401   0.01416   0.00000   0.01283   0.00751   0.00709   0.00409   0.00216   0.00634   0.00811   0.00969   0.03048   0.15336   0.01117   0.02599   0.02460   0.01815   0.00123   0.00913   0.00974   0.00526   0.00320   0.09562   0.21159   0.08990   0.12318   0.00706   0.10921   0.11476   3.49456   1.22162  -0.01109   0.09346  
 27 2386.6620  10674.220550  x:  0.33569   0.14268   0.09734   0.00490   0.06614   0.05514   0.05998   0.06788   0.06808   0.02150   0.00383   0.00243   0.00908   0.02460   0.01410   0.00000   0.01271   0.00752   0.00704   0.00408   0.00081   0.00637   0.00854   0.00928   0.03018   0.15333   0.01067   0.02590   0.02422   0.01792   0.00123   0.00950   0.00967   0.00529   0.00318   0.09656   0.21078   0.08981   0.12301   0.00709   0.10886   0.11483   3.50948   1.22289  -0.01225   0.09378  
 28 1810.5175  10672.553708  x:  0.33019   0.14142   0.09745   0.00483   0.06698   0.05245   0.05861   0.06622   0.06896   0.02209   0.00383   0.00241   0.00906   0.02855   0.01355   0.00000   0.01213   0.00752   0.00679   0.00405   0.00155   0.00656   0.01072   0.00726   0.02802   0.15328   0.00775   0.02526   0.02178   0.01650   0.00123   0.01140   0.00932   0.00545   0.00306   0.10242   0.20558   0.08893   0.12184   0.00725   0.10676   0.11499   3.60830   1.23126  -0.01984   0.09572  
 29 3305.2223  10670.514817  x:  0.32128   0.14188   0.09900   0.00493   0.06825   0.04668   0.05388   0.06582   0.07215   0.02113   0.00382   0.00241   0.00853   0.03177   0.01217   0.00000   0.01212   0.00751   0.00693   0.00401   0.00145   0.00639   0.00780   0.00941   0.02638   0.15527   0.01015   0.02530   0.01872   0.01573   0.00127   0.00945   0.00924   0.00527   0.00319   0.10913   0.20048   0.08573   0.12032   0.00749   0.10554   0.11367   3.71787   1.24023  -0.02794   0.09814  
 30 2893.3514  10669.026530  x:  0.31125   0.14420   0.10124   0.00500   0.06853   0.04402   0.04901   0.06677   0.07491   0.02107   0.00381   0.00240   0.00851   0.02604   0.01206   0.00000   0.01192   0.00747   0.00679   0.00398   0.00148   0.00645   0.00924   0.00801   0.02599   0.15891   0.01115   0.02689   0.02098   0.01849   0.00121   0.01030   0.00900   0.00535   0.00314   0.11201   0.19857   0.08047   0.11916   0.00768   0.10661   0.11034   3.79938   1.24646  -0.03352   0.09912  
 31 1331.5206  10668.350409  x:  0.30516   0.14618   0.10236   0.00504   0.06797   0.04514   0.04803   0.06743   0.07543   0.02128   0.00380   0.00239   0.00849   0.02408   0.01286   0.00000   0.01187   0.00745   0.00685   0.00399   0.00140   0.00637   0.00801   0.00906   0.02601   0.16135   0.00827   0.02635   0.02206   0.01684   0.00123   0.00967   0.00926   0.00527   0.00317   0.11153   0.19921   0.07715   0.11884   0.00770   0.10808   0.10788   3.83490   1.24888  -0.03564   0.09894  
 32 961.7851  10667.578162  x:  0.29591   0.14957   0.10350   0.00497   0.06650   0.04855   0.04920   0.06806   0.07499   0.02122   0.00379   0.00238   0.00857   0.02525   0.01328   0.00000   0.01210   0.00741   0.00686   0.00399   0.00144   0.00637   0.00883   0.00850   0.02708   0.16502   0.01020   0.02465   0.02181   0.01482   0.00125   0.00998   0.00921   0.00529   0.00313   0.10876   0.20193   0.07264   0.11880   0.00776   0.11067   0.10422   3.87869   1.25148  -0.03786   0.09799  
 33 842.1155  10667.231057  x:  0.29088   0.15176   0.10369   0.00489   0.06590   0.04955   0.05077   0.06815   0.07429   0.02087   0.00379   0.00238   0.00870   0.02692   0.01274   0.00000   0.01213   0.00743   0.00689   0.00398   0.00144   0.00634   0.00859   0.00875   0.02739   0.16676   0.00948   0.02496   0.02115   0.01754   0.00121   0.00978   0.00926   0.00530   0.00312   0.10671   0.20430   0.07120   0.11906   0.00782   0.11185   0.10288   3.89871   1.25238  -0.03858   0.09753  
 34 606.0211  10666.966621  x:  0.28582   0.15488   0.10296   0.00489   0.06643   0.04735   0.05286   0.06778   0.07317   0.02115   0.00380   0.00238   0.00871   0.02703   0.01307   0.00000   0.01217   0.00744   0.00690   0.00399   0.00144   0.00635   0.00863   0.00878   0.02731   0.16773   0.00956   0.02734   0.02149   0.01671   0.00122   0.00984   0.00933   0.00530   0.00311   0.10434   0.20854   0.07281   0.11993   0.00772   0.11193   0.10381   3.91395   1.25225  -0.03829   0.09771  
 35 179.1750  10666.824048  x:  0.28285   0.15718   0.10228   0.00488   0.06717   0.04656   0.05281   0.06757   0.07287   0.02101   0.00380   0.00238   0.00868   0.02630   0.01288   0.00000   0.01211   0.00744   0.00689   0.00399   0.00144   0.00635   0.00864   0.00872   0.02725   0.16782   0.00957   0.02521   0.02139   0.01692   0.00122   0.00984   0.00927   0.00531   0.00311   0.10309   0.21167   0.07475   0.12056   0.00768   0.11140   0.10532   3.92203   1.25159  -0.03752   0.09818  
 36 147.2745  10666.767088  x:  0.28172   0.15838   0.10193   0.00490   0.06737   0.04802   0.05122   0.06746   0.07335   0.02111   0.00380   0.00238   0.00866   0.02658   0.01284   0.00000   0.01210   0.00745   0.00689   0.00399   0.00144   0.00636   0.00862   0.00873   0.02709   0.16723   0.00962   0.02577   0.02134   0.01693   0.00122   0.00985   0.00927   0.00531   0.00312   0.10267   0.21326   0.07563   0.12064   0.00765   0.11064   0.10640   3.92545   1.25050  -0.03637   0.09839  
 37 54.2203  10666.681155  x:  0.28170   0.15993   0.10233   0.00490   0.06552   0.04773   0.05185   0.06740   0.07497   0.02113   0.00381   0.00238   0.00865   0.02647   0.01286   0.00000   0.01209   0.00745   0.00689   0.00399   0.00144   0.00636   0.00863   0.00873   0.02681   0.16404   0.00966   0.02569   0.02140   0.01692   0.00122   0.00985   0.00927   0.00531   0.00312   0.10247   0.21502   0.07401   0.11951   0.00770   0.10896   0.10718   3.93111   1.24420  -0.02981   0.09771  
 38 21.6979  10666.457311  x:  0.28323   0.16177   0.10321   0.00488   0.06987   0.04768   0.05170   0.06721   0.07300   0.02113   0.00382   0.00239   0.00871   0.02670   0.01297   0.00000   0.01220   0.00748   0.00692   0.00401   0.00145   0.00639   0.00865   0.00878   0.02740   0.16002   0.00976   0.02577   0.02154   0.01699   0.00122   0.00988   0.00932   0.00532   0.00313   0.10311   0.21694   0.07194   0.11888   0.00772   0.10973   0.10630   3.94670   1.22325  -0.00806   0.09552  
 39 60.9889  10665.920715  x:  0.28767   0.16310   0.10436   0.00497   0.06719   0.04855   0.05215   0.06932   0.07307   0.02163   0.00387   0.00241   0.00862   0.02681   0.01273   0.00000   0.01211   0.00758   0.00693   0.00404   0.00148   0.00653   0.00864   0.00876   0.02698   0.16319   0.00997   0.02624   0.02147   0.01714   0.00124   0.01003   0.00923   0.00534   0.00320   0.10637   0.21813   0.07646   0.12274   0.00753   0.11523   0.10571   3.98391   1.17084   0.04642   0.09327  
 40 164.2362  10665.763651  x:  0.28904   0.16125   0.10366   0.00497   0.06868   0.04870   0.05274   0.06801   0.07561   0.02161   0.00388   0.00241   0.00868   0.02696   0.01296   0.00000   0.01223   0.00761   0.00696   0.00406   0.00148   0.00654   0.00869   0.00882   0.02735   0.16811   0.00987   0.02619   0.02179   0.01722   0.00125   0.01004   0.00932   0.00535   0.00319   0.10402   0.21758   0.07594   0.12309   0.00751   0.11331   0.10761   3.99488   1.15523   0.06270   0.09158  
 41 113.5660  10665.752506  x:  0.28913   0.16109   0.10425   0.00496   0.06856   0.04871   0.05267   0.06891   0.07477   0.02163   0.00388   0.00242   0.00867   0.02697   0.01292   0.00000   0.01222   0.00761   0.00696   0.00406   0.00148   0.00655   0.00869   0.00881   0.02737   0.16879   0.00988   0.02622   0.02175   0.01722   0.00125   0.01004   0.00931   0.00535   0.00319   0.10384   0.21752   0.07585   0.12252   0.00753   0.11253   0.10816   3.99556   1.15434   0.06369   0.09158  
 42 12.6840  10665.692495  x:  0.28913   0.16048   0.10477   0.00493   0.06855   0.04876   0.05274   0.06785   0.07505   0.02163   0.00388   0.00241   0.00866   0.02694   0.01291   0.00000   0.01220   0.00760   0.00695   0.00406   0.00148   0.00654   0.00868   0.00880   0.02736   0.16933   0.00986   0.02620   0.02175   0.01722   0.00124   0.01003   0.00929   0.00535   0.00318   0.10375   0.21822   0.07738   0.11845   0.00758   0.11339   0.10751   3.99705   1.15534   0.06447   0.09148  
 43  1.0863  10660.058177  x:  0.28936   0.12814   0.10421   0.00335   0.06605   0.04970   0.05203   0.05881   0.06755   0.02351   0.00380   0.00242   0.00712   0.02425   0.01003   0.00000   0.01005   0.00743   0.00637   0.00380   0.00126   0.00646   0.00785   0.00781   0.02120   0.16455   0.01058   0.02641   0.02040   0.01658   0.00101   0.00912   0.00771   0.00510   0.00203   0.09232   0.23372   0.06813   0.12137   0.00952   0.11133   0.10121   4.12518   1.26817   0.11598   0.09821  
 44 10.3680  10658.109881  x:  0.29176   0.14141   0.09251   0.00280   0.06512   0.05003   0.05231   0.05945   0.06421   0.02409   0.00375   0.00241   0.00663   0.02331   0.00907   0.00000   0.00935   0.00734   0.00618   0.00370   0.00118   0.00638   0.00757   0.00746   0.01919   0.16227   0.01090   0.02640   0.01993   0.01632   0.00091   0.00877   0.00718   0.00501   0.00159   0.07759   0.21597   0.06935   0.11707   0.01031   0.10885   0.09653   4.17068   1.30817   0.13458   0.09965  
 45 179.8890  10658.011375  x:  0.29180   0.14299   0.09648   0.00274   0.06512   0.05021   0.05243   0.05733   0.06420   0.02414   0.00376   0.00241   0.00661   0.02330   0.00906   0.00000   0.00933   0.00734   0.00618   0.00370   0.00117   0.00638   0.00757   0.00746   0.01913   0.16165   0.01091   0.02640   0.01995   0.01633   0.00090   0.00876   0.00717   0.00501   0.00157   0.07550   0.21356   0.06983   0.11774   0.01028   0.10982   0.09811   4.17311   1.31033   0.13554   0.09995  
 46 38.2452  10658.010314  x:  0.29180   0.14299   0.09648   0.00274   0.06512   0.05021   0.05243   0.05733   0.06420   0.02414   0.00376   0.00241   0.00661   0.02330   0.00906   0.00006   0.00933   0.00734   0.00618   0.00370   0.00117   0.00638   0.00757   0.00746   0.01913   0.16165   0.01091   0.02640   0.01995   0.01633   0.00090   0.00876   0.00717   0.00501   0.00157   0.07550   0.21356   0.06984   0.11775   0.01028   0.10982   0.09811   4.17311   1.31033   0.13554   0.09995  
 47 38.4422  10658.009881  x:  0.29181   0.14300   0.09660   0.00273   0.06513   0.05021   0.05243   0.05729   0.06422   0.02414   0.00376   0.00241   0.00662   0.02330   0.00906   0.00006   0.00933   0.00734   0.00618   0.00370   0.00117   0.00638   0.00757   0.00746   0.01914   0.16165   0.01091   0.02640   0.01996   0.01633   0.00090   0.00876   0.00718   0.00501   0.00157   0.07548   0.21356   0.06996   0.11781   0.01029   0.10962   0.09787   4.17314   1.31036   0.13558   0.09993  
 48  1.6895  10657.441988  x:  0.29814   0.14361   0.09583   0.00282   0.06460   0.05102   0.05295   0.05764   0.06349   0.02465   0.00373   0.00243   0.00666   0.02387   0.01068   0.00014   0.01007   0.00739   0.00622   0.00378   0.00110   0.00628   0.00729   0.00740   0.02230   0.15853   0.01110   0.02647   0.02038   0.01644   0.00095   0.00836   0.00746   0.00483   0.00148   0.07792   0.20995   0.07140   0.11829   0.01050   0.11006   0.09871   4.28012   1.43769   0.27572   0.10363  
 49  0.3265  10657.329717  x:  0.29961   0.14353   0.09665   0.00270   0.06470   0.05121   0.05313   0.05834   0.06448   0.02495   0.00377   0.00244   0.00679   0.02394   0.00988   0.00020   0.00995   0.00748   0.00616   0.00371   0.00103   0.00622   0.00746   0.00745   0.02137   0.15831   0.01107   0.02647   0.02030   0.01637   0.00097   0.00857   0.00749   0.00474   0.00129   0.07968   0.21081   0.07183   0.11861   0.01077   0.10980   0.09905   4.34517   1.59820   0.43647   0.10435  
 50  0.2183  10657.275558  x:  0.29894   0.14313   0.09645   0.00286   0.06479   0.05098   0.05294   0.05827   0.06446   0.02492   0.00378   0.00244   0.00683   0.02386   0.01006   0.00026   0.00988   0.00743   0.00622   0.00368   0.00095   0.00604   0.00755   0.00753   0.02102   0.15917   0.01102   0.02643   0.02020   0.01638   0.00107   0.00857   0.00750   0.00473   0.00156   0.07812   0.21151   0.07152   0.11834   0.01100   0.10954   0.09881   4.38208   1.84911   0.68238   0.10451  
 51  0.2342  10657.205689  x:  0.29804   0.14315   0.09627   0.00272   0.06479   0.05074   0.05286   0.05772   0.06389   0.02471   0.00375   0.00245   0.00658   0.02368   0.01012   0.00039   0.00981   0.00736   0.00616   0.00369   0.00081   0.00627   0.00727   0.00740   0.02157   0.15971   0.01100   0.02644   0.02019   0.01640   0.00116   0.00856   0.00730   0.00480   0.00135   0.07778   0.21156   0.07131   0.11808   0.01148   0.10960   0.09868   4.39677   2.34312   1.17255   0.10323  
 52  0.3671  10657.125488  x:  0.29912   0.14404   0.09651   0.00282   0.06471   0.05099   0.05314   0.05797   0.06409   0.02460   0.00374   0.00244   0.00686   0.02391   0.00997   0.00059   0.01007   0.00749   0.00621   0.00378   0.00061   0.00635   0.00746   0.00747   0.02137   0.15851   0.01108   0.02646   0.02043   0.01642   0.00132   0.00846   0.00765   0.00482   0.00148   0.07940   0.21033   0.07180   0.11833   0.01179   0.10997   0.09891   4.36431   3.05889   1.89839   0.10284  
 53  0.5211  10657.088618  x:  0.29958   0.14326   0.09653   0.00274   0.06472   0.05112   0.05307   0.05848   0.06456   0.02480   0.00376   0.00246   0.00677   0.02392   0.01021   0.00073   0.00985   0.00744   0.00621   0.00371   0.00048   0.00617   0.00753   0.00751   0.02138   0.15862   0.01107   0.02646   0.02023   0.01638   0.00138   0.00855   0.00737   0.00474   0.00142   0.07853   0.21128   0.07161   0.11839   0.01190   0.10974   0.09894   4.34221   3.54981   2.38850   0.10364  
 54  0.4499  10657.072043  x:  0.29843   0.14327   0.09638   0.00270   0.06480   0.05103   0.05295   0.05792   0.06410   0.02488   0.00376   0.00245   0.00672   0.02381   0.00993   0.00082   0.00996   0.00743   0.00619   0.00369   0.00039   0.00612   0.00734   0.00744   0.02142   0.15927   0.01105   0.02645   0.02025   0.01636   0.00140   0.00848   0.00754   0.00471   0.00144   0.07851   0.21133   0.07138   0.11822   0.01177   0.10965   0.09876   4.34160   3.95688   2.79141   0.10418  
 55  0.3255  10657.051378  x:  0.29804   0.14389   0.09646   0.00265   0.06483   0.05097   0.05307   0.05792   0.06412   0.02482   0.00376   0.00244   0.00681   0.02381   0.01018   0.00093   0.00988   0.00742   0.00616   0.00373   0.00026   0.00628   0.00749   0.00745   0.02120   0.15921   0.01105   0.02647   0.02029   0.01641   0.00138   0.00848   0.00739   0.00475   0.00145   0.07907   0.21074   0.07162   0.11832   0.01123   0.10983   0.09887   4.34921   4.63084   3.46614   0.10396  
 56  0.3418  10657.042030  x:  0.29888   0.14353   0.09646   0.00261   0.06474   0.05100   0.05306   0.05828   0.06437   0.02482   0.00375   0.00246   0.00674   0.02391   0.01003   0.00096   0.00993   0.00744   0.00620   0.00372   0.00023   0.00623   0.00747   0.00749   0.02148   0.15885   0.01104   0.02645   0.02030   0.01640   0.00135   0.00852   0.00747   0.00475   0.00145   0.07845   0.21107   0.07164   0.11844   0.01094   0.10981   0.09892   4.35071   4.98250   3.81882   0.10375  
 57  0.3934  10657.037822  x:  0.29907   0.14323   0.09643   0.00260   0.06472   0.05106   0.05300   0.05801   0.06418   0.02478   0.00376   0.00246   0.00673   0.02381   0.01009   0.00096   0.00992   0.00744   0.00620   0.00370   0.00024   0.00614   0.00738   0.00744   0.02129   0.15877   0.01108   0.02644   0.02023   0.01637   0.00130   0.00849   0.00747   0.00474   0.00144   0.07871   0.21122   0.07153   0.11840   0.01086   0.10969   0.09885   4.35052   5.25508   4.09031   0.10377  
 58  0.1931  10657.028496  x:  0.29846   0.14337   0.09636   0.00266   0.06480   0.05106   0.05296   0.05795   0.06409   0.02477   0.00376   0.00245   0.00680   0.02381   0.01002   0.00086   0.00993   0.00743   0.00616   0.00372   0.00034   0.00617   0.00750   0.00750   0.02145   0.15921   0.01106   0.02645   0.02023   0.01636   0.00117   0.00855   0.00743   0.00478   0.00142   0.07864   0.21089   0.07149   0.11830   0.01101   0.10974   0.09879   4.34949   5.91615   4.75093   0.10386  
 59  0.2282  10657.025342  x:  0.29867   0.14350   0.09646   0.00272   0.06476   0.05103   0.05301   0.05817   0.06430   0.02480   0.00376   0.00245   0.00674   0.02389   0.01008   0.00082   0.00991   0.00743   0.00620   0.00372   0.00038   0.00621   0.00743   0.00747   0.02134   0.15899   0.01106   0.02644   0.02031   0.01639   0.00114   0.00852   0.00748   0.00477   0.00142   0.07862   0.21106   0.07158   0.11838   0.01117   0.10977   0.09888   4.34944   6.18292   5.01875   0.10382  
 60  0.3244  10657.024319  x:  0.29900   0.14344   0.09645   0.00276   0.06472   0.05101   0.05304   0.05811   0.06426   0.02482   0.00375   0.00246   0.00677   0.02382   0.01006   0.00082   0.00993   0.00744   0.00620   0.00371   0.00038   0.00620   0.00744   0.00746   0.02141   0.15878   0.01105   0.02646   0.02025   0.01640   0.00116   0.00853   0.00745   0.00476   0.00143   0.07862   0.21119   0.07158   0.11839   0.01125   0.10975   0.09888   4.34969   6.44801   5.28402   0.10378  
 61  0.2070  10657.022940  x:  0.29885   0.14330   0.09640   0.00277   0.06475   0.05101   0.05299   0.05806   0.06418   0.02482   0.00376   0.00245   0.00674   0.02390   0.01007   0.00082   0.00991   0.00744   0.00617   0.00372   0.00038   0.00619   0.00744   0.00749   0.02136   0.15894   0.01104   0.02644   0.02028   0.01638   0.00119   0.00853   0.00748   0.00476   0.00141   0.07858   0.21099   0.07154   0.11832   0.01123   0.10972   0.09883   4.35019   7.18414   6.01966   0.10378  
 62  0.3190  10657.021864  x:  0.29868   0.14350   0.09647   0.00275   0.06477   0.05104   0.05300   0.05816   0.06430   0.02479   0.00375   0.00245   0.00675   0.02383   0.01005   0.00080   0.00991   0.00743   0.00620   0.00372   0.00040   0.00619   0.00742   0.00745   0.02138   0.15902   0.01106   0.02645   0.02029   0.01639   0.00119   0.00851   0.00744   0.00476   0.00143   0.07867   0.21105   0.07156   0.11837   0.01116   0.10977   0.09887   4.34989   7.98437   6.82019   0.10380  
 63  0.5650  10657.021165  x:  0.29885   0.14346   0.09644   0.00273   0.06473   0.05103   0.05302   0.05810   0.06424   0.02481   0.00375   0.00245   0.00676   0.02384   0.01008   0.00075   0.00993   0.00744   0.00620   0.00371   0.00045   0.00621   0.00745   0.00746   0.02137   0.15884   0.01106   0.02645   0.02025   0.01640   0.00118   0.00854   0.00748   0.00477   0.00142   0.07858   0.21119   0.07157   0.11839   0.01118   0.10976   0.09887   4.34941   8.83498   7.67079   0.10381  
 64  0.5984  10657.020811  x:  0.29887   0.14341   0.09644   0.00272   0.06474   0.05102   0.05302   0.05810   0.06423   0.02481   0.00376   0.00246   0.00675   0.02388   0.01006   0.00070   0.00991   0.00744   0.00619   0.00371   0.00050   0.00619   0.00744   0.00748   0.02138   0.15887   0.01105   0.02645   0.02027   0.01639   0.00119   0.00852   0.00746   0.00476   0.00143   0.07864   0.21106   0.07158   0.11837   0.01120   0.10974   0.09887   4.34970   9.61550   8.45124   0.10380  
 65  0.6899  10657.020665  x:  0.29879   0.14342   0.09645   0.00272   0.06476   0.05102   0.05301   0.05813   0.06426   0.02481   0.00376   0.00246   0.00676   0.02385   0.01007   0.00067   0.00992   0.00744   0.00619   0.00371   0.00054   0.00620   0.00744   0.00746   0.02137   0.15895   0.01105   0.02645   0.02028   0.01639   0.00119   0.00853   0.00746   0.00476   0.00143   0.07862   0.21105   0.07156   0.11836   0.01120   0.10975   0.09886   4.34989  10.28093   9.11671   0.10379  
 66  0.6204  10657.020627  x:  0.29880   0.14345   0.09645   0.00272   0.06475   0.05102   0.05301   0.05811   0.06425   0.02480   0.00375   0.00246   0.00675   0.02386   0.01006   0.00064   0.00992   0.00744   0.00620   0.00371   0.00056   0.00620   0.00744   0.00747   0.02138   0.15891   0.01105   0.02645   0.02027   0.01639   0.00119   0.00853   0.00746   0.00476   0.00143   0.07863   0.21110   0.07157   0.11837   0.01119   0.10975   0.09887   4.34982  10.66612   9.50191   0.10380  
 67  0.3784  10657.020622  x:  0.29882   0.14343   0.09644   0.00272   0.06475   0.05102   0.05301   0.05811   0.06425   0.02481   0.00376   0.00246   0.00676   0.02386   0.01006   0.00064   0.00992   0.00744   0.00619   0.00371   0.00057   0.00620   0.00744   0.00747   0.02138   0.15891   0.01105   0.02645   0.02027   0.01639   0.00119   0.00852   0.00746   0.00476   0.00142   0.07862   0.21109   0.07157   0.11837   0.01119   0.10975   0.09887   4.34979  10.78621   9.62196   0.10380  
 68  0.1399  10657.020619  x:  0.29881   0.14343   0.09644   0.00272   0.06475   0.05102   0.05301   0.05811   0.06425   0.02481   0.00376   0.00246   0.00675   0.02386   0.01006   0.00064   0.00991   0.00744   0.00619   0.00371   0.00057   0.00620   0.00744   0.00747   0.02138   0.15892   0.01105   0.02645   0.02027   0.01639   0.00119   0.00853   0.00746   0.00476   0.00142   0.07863   0.21107   0.07157   0.11837   0.01118   0.10975   0.09887   4.34981  10.91856   9.75431   0.10380  
 69  0.0680  10657.020605  x:  0.29880   0.14344   0.09645   0.00273   0.06475   0.05102   0.05301   0.05811   0.06425   0.02481   0.00375   0.00246   0.00676   0.02386   0.01006   0.00065   0.00992   0.00744   0.00620   0.00371   0.00056   0.00620   0.00744   0.00747   0.02138   0.15893   0.01105   0.02645   0.02027   0.01639   0.00119   0.00852   0.00746   0.00476   0.00142   0.07863   0.21110   0.07156   0.11837   0.01118   0.10976   0.09886   4.34982  11.54947  10.38526   0.10380  
 70  0.1352  10657.020592  x:  0.29882   0.14343   0.09644   0.00272   0.06475   0.05102   0.05302   0.05811   0.06425   0.02481   0.00376   0.00245   0.00675   0.02385   0.01006   0.00066   0.00992   0.00744   0.00619   0.00371   0.00055   0.00620   0.00744   0.00747   0.02138   0.15890   0.01105   0.02645   0.02027   0.01639   0.00119   0.00853   0.00746   0.00476   0.00142   0.07862   0.21109   0.07157   0.11837   0.01119   0.10975   0.09887   4.34977  12.29050  11.12624   0.10380  
 71  0.4778  10657.020586  x:  0.29881   0.14343   0.09644   0.00272   0.06475   0.05102   0.05301   0.05811   0.06425   0.02481   0.00376   0.00246   0.00675   0.02386   0.01006   0.00065   0.00992   0.00744   0.00620   0.00371   0.00055   0.00620   0.00744   0.00747   0.02138   0.15892   0.01105   0.02645   0.02027   0.01639   0.00119   0.00853   0.00746   0.00476   0.00142   0.07863   0.21108   0.07156   0.11837   0.01119   0.10975   0.09886   4.34980  13.28199  12.11775   0.10380  
 72  0.5733  10657.020584  x:  0.29881   0.14344   0.09645   0.00272   0.06475   0.05102   0.05301   0.05811   0.06425   0.02481   0.00376   0.00245   0.00675   0.02386   0.01006   0.00065   0.00992   0.00744   0.00619   0.00371   0.00055   0.00620   0.00744   0.00747   0.02138   0.15892   0.01105   0.02645   0.02027   0.01639   0.00119   0.00852   0.00746   0.00476   0.00142   0.07863   0.21109   0.07157   0.11837   0.01119   0.10975   0.09887   4.34980  14.12273  12.95850   0.10380  
 73  0.6300  10657.020583  x:  0.29881   0.14343   0.09644   0.00272   0.06475   0.05102   0.05301   0.05811   0.06425   0.02481   0.00376   0.00246   0.00675   0.02386   0.01006   0.00065   0.00992   0.00744   0.00619   0.00371   0.00055   0.00620   0.00744   0.00747   0.02138   0.15891   0.01105   0.02645   0.02027   0.01639   0.00119   0.00853   0.00746   0.00476   0.00142   0.07863   0.21108   0.07157   0.11837   0.01119   0.10975   0.09887   4.34979  14.99249  13.82823   0.10380  
 74  0.5937  10657.020583  x:  0.29881   0.14343   0.09644   0.00272   0.06475   0.05102   0.05301   0.05811   0.06425   0.02481   0.00376   0.00246   0.00675   0.02386   0.01006   0.00065   0.00992   0.00744   0.00619   0.00371   0.00055   0.00620   0.00744   0.00747   0.02138   0.15891   0.01105   0.02645   0.02027   0.01639   0.00119   0.00853   0.00746   0.00476   0.00142   0.07863   0.21109   0.07157   0.11837   0.01119   0.10975   0.09887   4.34979  15.16977  14.00553   0.10380  
 75  0.1922  10657.020583  x:  0.29881   0.14343   0.09644   0.00272   0.06475   0.05102   0.05301   0.05811   0.06425   0.02481   0.00376   0.00246   0.00675   0.02386   0.01006   0.00065   0.00992   0.00744   0.00619   0.00371   0.00055   0.00620   0.00744   0.00747   0.02138   0.15891   0.01105   0.02645   0.02027   0.01639   0.00119   0.00853   0.00746   0.00476   0.00142   0.07863   0.21109   0.07157   0.11837   0.01119   0.10975   0.09887   4.34980  15.46383  14.29960   0.10380  
 76  1.1461  10657.020583  x:  0.29881   0.14343   0.09644   0.00272   0.06475   0.05102   0.05301   0.05811   0.06425   0.02481   0.00376   0.00246   0.00675   0.02386   0.01006   0.00065   0.00992   0.00744   0.00619   0.00371   0.00055   0.00620   0.00744   0.00747   0.02138   0.15891   0.01105   0.02645   0.02027   0.01639   0.00119   0.00853   0.00746   0.00476   0.00142   0.07863   0.21109   0.07157   0.11837   0.01119   0.10975   0.09887   4.34980  15.38252  14.21828   0.10380  
 77  0.4130  10657.020582  x:  0.29881   0.14343   0.09644   0.00272   0.06475   0.05102   0.05301   0.05811   0.06425   0.02481   0.00376   0.00246   0.00675   0.02386   0.01006   0.00065   0.00992   0.00744   0.00619   0.00371   0.00055   0.00620   0.00744   0.00747   0.02138   0.15891   0.01105   0.02645   0.02027   0.01639   0.00119   0.00853   0.00746   0.00476   0.00142   0.07863   0.21109   0.07157   0.11837   0.01119   0.10975   0.09887   4.34980  15.38278  14.21855   0.10380  
 78  0.0003  10657.020582  x:  0.29881   0.14343   0.09644   0.00272   0.06475   0.05102   0.05301   0.05811   0.06425   0.02481   0.00376   0.00246   0.00675   0.02386   0.01006   0.00065   0.00992   0.00744   0.00619   0.00371   0.00055   0.00620   0.00744   0.00747   0.02138   0.15891   0.01105   0.02645   0.02027   0.01639   0.00119   0.00853   0.00746   0.00476   0.00142   0.07863   0.21109   0.07157   0.11837   0.01119   0.10975   0.09887   4.34980  15.38305  14.21881   0.10380  
 79  0.0006  10657.020582  x:  0.29881   0.14343   0.09644   0.00272   0.06475   0.05102   0.05301   0.05811   0.06425   0.02481   0.00376   0.00246   0.00675   0.02386   0.01006   0.00065   0.00992   0.00744   0.00619   0.00371   0.00055   0.00620   0.00744   0.00747   0.02138   0.15891   0.01105   0.02645   0.02027   0.01639   0.00119   0.00853   0.00746   0.00476   0.00142   0.07863   0.21109   0.07157   0.11837   0.01119   0.10975   0.09887   4.34979  15.38424  14.22000   0.10380  
 80  0.0007  10657.020582  x:  0.29881   0.14343   0.09644   0.00272   0.06475   0.05102   0.05301   0.05811   0.06425   0.02481   0.00376   0.00246   0.00675   0.02386   0.01006   0.00065   0.00992   0.00744   0.00619   0.00371   0.00055   0.00620   0.00744   0.00747   0.02138   0.15891   0.01105   0.02645   0.02027   0.01639   0.00119   0.00853   0.00746   0.00476   0.00142   0.07863   0.21109   0.07157   0.11837   0.01119   0.10975   0.09887   4.34979  15.39330  14.22906   0.10380  
 81  0.0016  10657.020582  x:  0.29881   0.14343   0.09644   0.00272   0.06475   0.05102   0.05301   0.05811   0.06425   0.02481   0.00376   0.00246   0.00675   0.02386   0.01006   0.00065   0.00992   0.00744   0.00619   0.00371   0.00055   0.00620   0.00744   0.00747   0.02138   0.15891   0.01105   0.02645   0.02027   0.01639   0.00119   0.00853   0.00746   0.00476   0.00142   0.07863   0.21109   0.07157   0.11837   0.01119   0.10975   0.09887   4.34979  15.39313  14.22888   0.10380  
 82  0.0056  10657.020582  x:  0.29881   0.14343   0.09644   0.00272   0.06475   0.05102   0.05301   0.05811   0.06425   0.02481   0.00376   0.00246   0.00675   0.02386   0.01006   0.00065   0.00992   0.00744   0.00619   0.00371   0.00055   0.00620   0.00744   0.00747   0.02138   0.15891   0.01105   0.02645   0.02027   0.01639   0.00119   0.00853   0.00746   0.00476   0.00142   0.07863   0.21109   0.07157   0.11837   0.01119   0.10975   0.09887   4.34979  15.39316  14.22892   0.10380  
 83  0.0001  10657.020582  x:  0.29881   0.14343   0.09644   0.00272   0.06475   0.05102   0.05301   0.05811   0.06425   0.02481   0.00376   0.00246   0.00675   0.02386   0.01006   0.00065   0.00992   0.00744   0.00619   0.00371   0.00055   0.00620   0.00744   0.00747   0.02138   0.15891   0.01105   0.02645   0.02027   0.01639   0.00119   0.00853   0.00746   0.00476   0.00142   0.07863   0.21109   0.07157   0.11837   0.01119   0.10975   0.09887   4.34979  15.39317  14.22893   0.10380  