

TREE # 1

  0  0.0000  13452.719906  x:  0.36826   0.07062   0.00720   0.13921   0.12976   0.10564   0.17512   0.07302   0.07041   0.01860   0.03711   0.00956   0.01947   0.01673   0.00903   0.01422   0.02413   0.01472   0.01167   0.01334   0.06697   0.30034   0.00000   0.03920   0.06707   0.03865   0.03363   0.00938   0.02524   0.01451   0.00507   0.01040   0.12469   0.00873   0.10201   0.08664   0.06768   3.00000   1.39835   0.16116   0.29812   2.50136  
  1 99.0000  13420.132440  x:  0.36977   0.07644   0.01351   0.14189   0.12999   0.10644   0.17856   0.07617   0.07062   0.02358   0.03599   0.01114   0.02063   0.01783   0.00464   0.00671   0.02109   0.01388   0.00611   0.00998   0.06663   0.30214   0.00609   0.04136   0.06827   0.03816   0.03223   0.00893   0.02087   0.01578   0.00000   0.00886   0.12728   0.01365   0.10248   0.08804   0.06961   3.00106   1.39919   0.16033   0.28506   2.50136  
  2 1986.1358  13401.632563  x:  0.37096   0.08105   0.01846   0.14402   0.13017   0.10707   0.18129   0.07866   0.07078   0.02748   0.03510   0.01237   0.02154   0.01870   0.00122   0.00078   0.01870   0.01322   0.00177   0.00734   0.06635   0.30357   0.01077   0.04306   0.06923   0.03778   0.03113   0.00859   0.01743   0.01679   0.00049   0.00769   0.12932   0.01751   0.10286   0.08915   0.07113   3.00190   1.39984   0.15968   0.27471   2.50136  
  3 34162.0935  13396.506398  x:  0.37133   0.08238   0.01964   0.14465   0.13021   0.10723   0.18211   0.07939   0.07082   0.02842   0.03483   0.01262   0.02181   0.01892   0.00238   0.00000   0.01810   0.01312   0.00214   0.00692   0.06621   0.30400   0.01144   0.04353   0.06950   0.03767   0.03084   0.00855   0.01653   0.01701   0.00055   0.00756   0.12993   0.01836   0.10296   0.08947   0.07154   3.00216   1.40005   0.15948   0.27149   2.50135  
  4 5056.0551  13356.960147  x:  0.37578   0.09859   0.03414   0.15227   0.13073   0.10924   0.19203   0.08823   0.07130   0.03999   0.03161   0.01586   0.02507   0.02154   0.01298   0.00176   0.01081   0.01182   0.00477   0.00151   0.06462   0.30927   0.02016   0.04927   0.07288   0.03643   0.02722   0.00804   0.00547   0.01976   0.00124   0.00572   0.13728   0.02890   0.10426   0.09340   0.07662   3.00534   1.40254   0.15700   0.23250   2.50134  
  5 36461.3262  13334.480848  x:  0.37911   0.11013   0.04349   0.15779   0.13108   0.11059   0.19928   0.09452   0.07160   0.04730   0.02943   0.01759   0.02707   0.02299   0.01732   0.00246   0.00736   0.01143   0.00598   0.01021   0.06333   0.31319   0.02462   0.05320   0.07527   0.03565   0.02491   0.00812   0.00160   0.02136   0.00158   0.00584   0.14261   0.03536   0.10519   0.09622   0.08010   3.00773   1.40440   0.15516   0.20333   2.50134  
  6 12054.8118  13292.562409  x:  0.38663   0.13549   0.06315   0.17004   0.13183   0.11345   0.21541   0.10834   0.07222   0.06243   0.02488   0.02081   0.03108   0.02573   0.02574   0.00378   0.00357   0.01124   0.00835   0.01996   0.06037   0.32204   0.03281   0.06165   0.08054   0.03413   0.02034   0.00884   0.01486   0.02454   0.00221   0.00711   0.15441   0.04855   0.10724   0.10243   0.08760   3.01315   1.40860   0.15100   0.13774   2.50132  
  7 18292.2934  13276.125612  x:  0.39011   0.14576   0.06951   0.17521   0.13214   0.11441   0.22236   0.11386   0.07240   0.06685   0.02385   0.02099   0.03191   0.02592   0.02741   0.00401   0.01561   0.01252   0.00882   0.02132   0.05899   0.32610   0.03326   0.06467   0.08257   0.03384   0.02009   0.00956   0.01565   0.02477   0.00232   0.00848   0.15936   0.05205   0.10808   0.10494   0.09026   3.01570   1.41043   0.14918   0.10996   2.50131  
  8 6916.5414  13256.241191  x:  0.39693   0.15794   0.06741   0.18246   0.13250   0.11426   0.23318   0.11973   0.07199   0.06168   0.02778   0.01489   0.02797   0.02079   0.02142   0.00320   0.01024   0.01533   0.00794   0.01695   0.05664   0.33383   0.01608   0.06575   0.08424   0.03533   0.02835   0.01159   0.01215   0.01920   0.00179   0.01144   0.16619   0.04505   0.10893   0.10772   0.09103   3.02096   1.41313   0.14653   0.08099   2.50129  
  9 1348.3614  13247.783211  x:  0.40356   0.17067   0.06775   0.18934   0.13239   0.11401   0.24391   0.12547   0.07137   0.05934   0.02691   0.01470   0.02718   0.02112   0.01834   0.00285   0.01033   0.01160   0.00858   0.01618   0.05530   0.34121   0.00409   0.06694   0.08533   0.03456   0.02341   0.00709   0.01178   0.01960   0.00158   0.00465   0.17269   0.04082   0.10916   0.10985   0.09206   3.02658   1.41531   0.14440   0.07915   2.50128  
 10 753.0292  13243.875253  x:  0.40706   0.17746   0.06824   0.19292   0.13228   0.11386   0.24958   0.12843   0.07103   0.05853   0.02632   0.01512   0.02713   0.02161   0.01716   0.00271   0.01025   0.01082   0.00871   0.01562   0.05506   0.34511   0.00000   0.06759   0.08585   0.03408   0.02114   0.00711   0.01146   0.02015   0.00147   0.00725   0.17605   0.03897   0.10922   0.11089   0.09264   3.02967   1.41645   0.14327   0.08037   2.50127  
 11 1732.5140  13225.984967  x:  0.43632   0.22958   0.06338   0.22093   0.13119   0.11147   0.29521   0.14994   0.06809   0.04460   0.02682   0.01334   0.02409   0.02073   0.01216   0.00230   0.01057   0.01698   0.01471   0.01480   0.05711   0.37811   0.00444   0.07051   0.08901   0.03257   0.01951   0.01792   0.01123   0.01925   0.00145   0.00676   0.20221   0.01572   0.10947   0.11830   0.09524   3.05617   1.42592   0.13400   0.09336   2.50118  
 12 1632.0629  13220.655073  x:  0.44632   0.24433   0.05816   0.22846   0.13127   0.11066   0.30937   0.15408   0.06814   0.04099   0.03010   0.01568   0.02662   0.02146   0.01513   0.00255   0.01129   0.01366   0.01112   0.01553   0.06010   0.38948   0.00722   0.07038   0.08917   0.03474   0.02889   0.00935   0.01185   0.01965   0.00146   0.00964   0.20914   0.01212   0.11010   0.11968   0.09661   3.06725   1.42938   0.13061   0.09738   2.50115  
 13 898.5648  13217.920821  x:  0.45380   0.25042   0.04935   0.23067   0.13228   0.11058   0.31763   0.15185   0.06957   0.04180   0.03106   0.01549   0.02906   0.02234   0.01856   0.00279   0.01144   0.01624   0.00578   0.01607   0.06428   0.39806   0.00496   0.06835   0.08811   0.03786   0.03048   0.01183   0.01215   0.02047   0.00142   0.00801   0.21103   0.01958   0.11144   0.11893   0.09855   3.07930   1.43232   0.12775   0.09932   2.50111  
 14 377.4572  13214.657525  x:  0.46581   0.25608   0.03342   0.23160   0.13496   0.11168   0.32896   0.14410   0.07278   0.04505   0.03098   0.01459   0.02994   0.02219   0.01439   0.00248   0.01130   0.01543   0.01190   0.01549   0.07089   0.41188   0.00646   0.06426   0.08573   0.04142   0.02834   0.00980   0.01187   0.02041   0.00144   0.00938   0.21127   0.02990   0.11382   0.11661   0.10061   3.10226   1.43734   0.12291   0.09915   2.50102  
 15 574.0561  13212.057959  x:  0.47589   0.25630   0.02598   0.22969   0.13889   0.11624   0.33632   0.13359   0.07558   0.04783   0.02847   0.01871   0.02676   0.02221   0.01602   0.00259   0.01133   0.01034   0.00921   0.01539   0.07058   0.42321   0.00819   0.06201   0.08446   0.03819   0.02543   0.01186   0.01168   0.02062   0.00142   0.01010   0.20833   0.02718   0.11492   0.11434   0.09894   3.12821   1.44209   0.11836   0.09694   2.50093  
 16 355.1702  13209.695138  x:  0.48601   0.25557   0.02368   0.22711   0.14311   0.12196   0.34320   0.12249   0.07809   0.05152   0.02613   0.02079   0.02591   0.02308   0.01695   0.00262   0.01086   0.01581   0.00750   0.01531   0.06833   0.43434   0.00870   0.06094   0.08390   0.03444   0.02343   0.00842   0.01157   0.02163   0.00140   0.01066   0.20473   0.02378   0.11561   0.11237   0.09710   3.15762   1.44722   0.11345   0.09603   2.50082  
 17 909.6315  13205.410970  x:  0.50412   0.25248   0.03187   0.22144   0.15026   0.13320   0.35459   0.10345   0.08129   0.05893   0.02733   0.01763   0.03245   0.02490   0.01532   0.00254   0.01120   0.01511   0.01052   0.01567   0.06153   0.45350   0.00667   0.06184   0.08526   0.03247   0.02942   0.01147   0.01190   0.02334   0.00143   0.00917   0.19793   0.02184   0.11596   0.11031   0.09525   3.21939   1.45748   0.10368   0.09840   2.50059  
 18 820.4284  13202.161930  x:  0.51546   0.24658   0.04042   0.21674   0.15211   0.13728   0.36009   0.09661   0.08088   0.05732   0.03141   0.01229   0.02996   0.02050   0.01771   0.00280   0.01157   0.01374   0.00850   0.01622   0.05922   0.46423   0.00820   0.06429   0.08798   0.03895   0.02484   0.00970   0.01227   0.01810   0.00151   0.01028   0.19497   0.02320   0.11528   0.11165   0.09589   3.27202   1.46533   0.09624   0.09993   2.50040  
 19 606.1863  13196.007119  x:  0.53474   0.22780   0.05371   0.20660   0.14947   0.13621   0.36574   0.09633   0.07613   0.04463   0.03441   0.02379   0.02157   0.02196   0.01670   0.00274   0.01150   0.01545   0.01131   0.01637   0.06114   0.47969   0.00738   0.06904   0.09168   0.04795   0.02466   0.01064   0.01231   0.02289   0.00156   0.00968   0.19287   0.02790   0.11279   0.11726   0.09923   3.39241   1.48196   0.08057   0.09945   2.49994  
 20 850.9938  13185.893364  x:  0.55882   0.19702   0.06319   0.19446   0.14121   0.12621   0.36914   0.10829   0.06780   0.03048   0.02045   0.01933   0.03010   0.02582   0.01707   0.00275   0.01103   0.01352   0.01015   0.01592   0.06958   0.49569   0.00848   0.07276   0.09164   0.04282   0.02329   0.00982   0.01185   0.02279   0.00155   0.01060   0.19416   0.02824   0.10931   0.12484   0.10274   3.58002   1.50629   0.05777   0.09644   2.49921  
 21 1572.0678  13175.672598  x:  0.57929   0.16731   0.06770   0.18819   0.13063   0.11024   0.36875   0.12985   0.06184   0.04346   0.03241   0.01789   0.03087   0.02301   0.01780   0.00284   0.01121   0.01345   0.00982   0.01632   0.07675   0.50489   0.00738   0.07492   0.08756   0.02617   0.02185   0.00989   0.01214   0.02119   0.00158   0.01015   0.19950   0.02585   0.10655   0.12959   0.10450   3.79000   1.53204   0.03375   0.09687   2.49838  
 22 2018.7439  13167.989953  x:  0.58647   0.15488   0.06673   0.19398   0.12654   0.10024   0.36313   0.14736   0.06598   0.06279   0.02170   0.01597   0.02313   0.02114   0.01813   0.00290   0.01141   0.01385   0.00960   0.01659   0.07001   0.50062   0.00637   0.07438   0.08483   0.03666   0.02756   0.00990   0.01237   0.02107   0.00159   0.00945   0.20462   0.02116   0.10710   0.12588   0.10165   3.95327   1.54992   0.01726   0.09964   2.49772  
 23 1342.9926  13159.769436  x:  0.58467   0.15365   0.05892   0.20924   0.12860   0.09781   0.35063   0.16105   0.07411   0.06404   0.02745   0.02054   0.03552   0.02675   0.01723   0.00274   0.01081   0.01469   0.00931   0.01595   0.05360   0.48328   0.00886   0.06733   0.08262   0.04895   0.02083   0.01097   0.01185   0.01980   0.00155   0.00995   0.20837   0.01523   0.11042   0.11507   0.09537   4.13992   1.56785   0.00097   0.09762   2.49694  
 24 1343.9260  13146.528490  x:  0.56956   0.17478   0.05377   0.23853   0.13905   0.11105   0.32725   0.17156   0.08401   0.04974   0.02854   0.01412   0.02887   0.01861   0.01793   0.00285   0.01097   0.01331   0.00904   0.01604   0.03970   0.44252   0.01141   0.05406   0.08156   0.03645   0.02329   0.00909   0.01190   0.02841   0.00154   0.01105   0.21125   0.02787   0.11690   0.09933   0.09119   4.43356   1.59262  -0.02117   0.09961   2.49569  
 25 1616.8425  13138.215440  x:  0.55313   0.19784   0.05370   0.25459   0.14536   0.12241   0.31164   0.16923   0.08781   0.04731   0.02804   0.01578   0.02413   0.02729   0.01731   0.00282   0.01114   0.01379   0.00976   0.01616   0.05508   0.41196   0.00924   0.05125   0.08407   0.03248   0.02584   0.00943   0.01215   0.01543   0.00156   0.01001   0.20980   0.02818   0.11865   0.09624   0.08915   4.61938   1.60646  -0.03329   0.10091   2.49487  
 26 1889.6772  13132.614264  x:  0.53533   0.22031   0.04919   0.26056   0.14599   0.12709   0.30117   0.15978   0.08498   0.04919   0.02831   0.01533   0.02847   0.01880   0.01698   0.00273   0.01099   0.01388   0.00903   0.01579   0.07100   0.38887   0.00784   0.05519   0.08649   0.03672   0.02401   0.01003   0.01182   0.02396   0.00147   0.00941   0.20653   0.01954   0.11679   0.10317   0.08975   4.75212   1.61436  -0.03992   0.09986   2.49427  
 27 1387.1550  13126.395979  x:  0.50363   0.25529   0.03439   0.25391   0.13602   0.11894   0.29504   0.13937   0.06802   0.05137   0.02783   0.01417   0.02738   0.02269   0.01631   0.00264   0.01090   0.01379   0.00850   0.01535   0.05858   0.36762   0.00877   0.06696   0.08396   0.03552   0.02529   0.00988   0.01158   0.02149   0.00140   0.00948   0.20304   0.01813   0.10909   0.12247   0.10133   4.89714   1.61826  -0.04231   0.10005   2.49355  
 28 674.5108  13125.594099  x:  0.49510   0.26123   0.03499   0.24917   0.13408   0.11586   0.29642   0.13730   0.06802   0.05095   0.02648   0.01732   0.02912   0.01858   0.01605   0.00260   0.01092   0.01424   0.00886   0.01536   0.05771   0.36800   0.00830   0.06700   0.08259   0.03490   0.02586   0.01007   0.01163   0.01851   0.00141   0.00915   0.20395   0.01885   0.10749   0.11997   0.10076   4.91629   1.61717  -0.04097   0.10018   2.49343  
 29 242.1086  13123.370177  x:  0.46443   0.27851   0.03834   0.23032   0.12837   0.10486   0.30323   0.13252   0.07121   0.04864   0.02777   0.01475   0.02730   0.02038   0.01627   0.00263   0.01090   0.01395   0.00849   0.01536   0.05903   0.37388   0.00804   0.06427   0.07846   0.03543   0.02557   0.00995   0.01161   0.02029   0.00140   0.00911   0.20808   0.01778   0.10314   0.10668   0.09523   4.97044   1.61165  -0.03464   0.09856   2.49304  
 30 426.7067  13122.584871  x:  0.44567   0.28059   0.03699   0.22265   0.13238   0.10674   0.30860   0.13604   0.07163   0.04945   0.02788   0.01479   0.02748   0.02046   0.01620   0.00262   0.01092   0.01409   0.00851   0.01536   0.05847   0.38142   0.00802   0.05929   0.08406   0.03554   0.02586   0.00997   0.01162   0.02021   0.00139   0.00912   0.21014   0.01723   0.11194   0.11112   0.09423   4.99122   1.60592  -0.02841   0.09894   2.49281  
 31 104.8188  13122.163484  x:  0.43299   0.27768   0.03468   0.22347   0.13695   0.11269   0.31378   0.13999   0.07426   0.04922   0.02821   0.01471   0.02767   0.02057   0.01608   0.00261   0.01096   0.01414   0.00856   0.01534   0.05868   0.38805   0.00798   0.06426   0.08040   0.03586   0.02595   0.01010   0.01162   0.02021   0.00139   0.00913   0.21017   0.01717   0.11020   0.11313   0.09655   5.00316   1.59890  -0.02092   0.09910   2.49258  
 32 71.7355  13121.926800  x:  0.42723   0.27441   0.03401   0.22845   0.13714   0.11534   0.31828   0.14047   0.06994   0.05006   0.02809   0.01487   0.02778   0.02060   0.01608   0.00261   0.01096   0.01415   0.00858   0.01535   0.05908   0.39185   0.00796   0.06272   0.08221   0.03627   0.02602   0.01005   0.01163   0.02033   0.00139   0.00916   0.20880   0.01732   0.10641   0.11158   0.09751   5.01039   1.59137  -0.01292   0.09868   2.49236  
 33 54.9308  13121.594116  x:  0.42476   0.26948   0.03483   0.23776   0.13218   0.11324   0.32598   0.13728   0.07252   0.04935   0.02818   0.01491   0.02778   0.02064   0.01615   0.00262   0.01101   0.01415   0.00865   0.01541   0.05974   0.39446   0.00793   0.06496   0.08436   0.03542   0.02611   0.01005   0.01168   0.02047   0.00140   0.00922   0.20557   0.01815   0.10984   0.11234   0.09626   5.02174   1.57428   0.00524   0.09802   2.49185  
 34 49.2550  13121.239285  x:  0.43037   0.26749   0.03724   0.23942   0.13397   0.11291   0.33169   0.13640   0.07222   0.04935   0.02841   0.01506   0.02770   0.02069   0.01632   0.00265   0.01109   0.01426   0.00874   0.01555   0.06049   0.39335   0.00788   0.06106   0.07867   0.03649   0.02617   0.01016   0.01178   0.02058   0.00141   0.00924   0.20616   0.01777   0.11239   0.11501   0.09750   5.03443   1.55120   0.02984   0.09700   2.49113  
 35 59.8862  13120.535050  x:  0.44732   0.26592   0.03535   0.23466   0.14045   0.11422   0.33861   0.13872   0.07603   0.04988   0.02892   0.01515   0.02818   0.02097   0.01630   0.00266   0.01124   0.01452   0.00893   0.01568   0.06070   0.39013   0.00792   0.06264   0.08488   0.03641   0.02674   0.01034   0.01191   0.02079   0.00142   0.00935   0.21100   0.01792   0.11016   0.11533   0.10026   5.06041   1.50199   0.08244   0.09544   2.48951  
 36 150.2403  13120.377207  x:  0.45169   0.26755   0.03432   0.23369   0.13815   0.11801   0.33428   0.14033   0.07299   0.05015   0.02907   0.01517   0.02828   0.02104   0.01627   0.00266   0.01129   0.01456   0.00901   0.01571   0.06084   0.39376   0.00785   0.06551   0.08429   0.03688   0.02691   0.01037   0.01195   0.02080   0.00142   0.00935   0.21217   0.01853   0.11283   0.11395   0.09735   5.06616   1.49124   0.09427   0.09509   2.48900  
 37 43.6704  13120.245574  x:  0.45446   0.27020   0.03491   0.23559   0.13738   0.11739   0.32422   0.14048   0.07495   0.05003   0.02917   0.01517   0.02828   0.02104   0.01630   0.00266   0.01131   0.01462   0.00903   0.01575   0.06107   0.40211   0.00771   0.06400   0.08468   0.03684   0.02696   0.01043   0.01198   0.02084   0.00142   0.00933   0.21214   0.01800   0.11201   0.11527   0.09971   5.07068   1.48372   0.10321   0.09485   2.48832  
 38 24.3676  13120.202498  x:  0.45477   0.27052   0.03508   0.23659   0.14053   0.11489   0.32255   0.14015   0.07378   0.04985   0.02917   0.01516   0.02823   0.02102   0.01632   0.00267   0.01133   0.01461   0.00906   0.01577   0.06123   0.40364   0.00768   0.06512   0.08467   0.03671   0.02698   0.01042   0.01199   0.02085   0.00142   0.00933   0.21187   0.01838   0.11216   0.11540   0.09821   5.07181   1.48331   0.10461   0.09481   2.48785  
 39  7.3835  13117.573742  x:  0.45918   0.26310   0.03183   0.23537   0.14513   0.11123   0.32340   0.13688   0.06705   0.04691   0.02980   0.01442   0.02751   0.02013   0.01538   0.00253   0.01116   0.01479   0.00861   0.01502   0.06306   0.40645   0.00635   0.07073   0.08444   0.03658   0.02738   0.01081   0.01150   0.02053   0.00137   0.00859   0.20723   0.01114   0.12539   0.09988   0.11801   5.12653   1.53666   0.13042   0.09525   2.45036  
 40  3.4005  13101.227229  x:  0.48682   0.21948   0.00533   0.22474   0.14000   0.11869   0.33630   0.12224   0.06931   0.02940   0.03462   0.00900   0.02348   0.01686   0.01010   0.00182   0.01020   0.01526   0.00769   0.01109   0.06421   0.42081   0.00000   0.05821   0.08035   0.03575   0.03122   0.01101   0.00894   0.01691   0.00114   0.00499   0.19516   0.00585   0.11004   0.11061   0.09632   5.46239   1.86776   0.28711   0.09669   2.21935  
 41 358.6147  13101.227229  x:  0.48682   0.21948   0.00533   0.22474   0.14000   0.11869   0.33630   0.12224   0.06931   0.02940   0.03462   0.00900   0.02348   0.01686   0.01010   0.00182   0.01020   0.01526   0.00769   0.01109   0.06421   0.42081   0.00000   0.05821   0.08035   0.03575   0.03122   0.01101   0.00894   0.01691   0.00114   0.00499   0.19516   0.00585   0.11004   0.11061   0.09632   5.46239   1.86776   0.28711   0.09669   2.21935  
 42 32.2982  13096.926159  x:  0.48684   0.21914   0.00685   0.22459   0.14007   0.11880   0.33620   0.12206   0.06940   0.02980   0.03433   0.01018   0.02345   0.01738   0.00783   0.00128   0.01288   0.01496   0.00616   0.01016   0.06422   0.42086   0.00370   0.05810   0.08032   0.03583   0.03085   0.01048   0.01108   0.01702   0.00586   0.00849   0.19517   0.00696   0.10996   0.11056   0.09622   5.46245   1.86775   0.28712   0.09749   2.21935  
 43 1553.1976  13093.621436  x:  0.48691   0.21836   0.00975   0.22425   0.14023   0.11904   0.33597   0.12166   0.06962   0.03060   0.03368   0.01202   0.02346   0.01835   0.00378   0.00218   0.01643   0.01440   0.00397   0.00867   0.06400   0.42094   0.00318   0.05788   0.08026   0.03603   0.03013   0.00959   0.01378   0.01718   0.00335   0.01035   0.19518   0.00894   0.10980   0.11045   0.09597   5.46260   1.86774   0.28714   0.09919   2.21934  
 44 863.5392  13093.025268  x:  0.48696   0.21787   0.01108   0.22404   0.14030   0.11915   0.33582   0.12142   0.06974   0.03099   0.03331   0.01251   0.02350   0.01875   0.00413   0.00093   0.01737   0.01419   0.00468   0.00847   0.06389   0.42100   0.00290   0.05775   0.08023   0.03614   0.02981   0.00937   0.01442   0.01721   0.00287   0.01060   0.19518   0.00972   0.10970   0.11039   0.09580   5.46269   1.86773   0.28714   0.09997   2.21934  
 45 484.0869  13092.599589  x:  0.48704   0.21701   0.01303   0.22365   0.14040   0.11930   0.33556   0.12100   0.06995   0.03160   0.03271   0.01301   0.02359   0.01926   0.00527   0.00172   0.01826   0.01393   0.00570   0.00852   0.06375   0.42110   0.00257   0.05754   0.08019   0.03633   0.02937   0.00921   0.01493   0.01725   0.00298   0.01059   0.19518   0.01073   0.10954   0.11029   0.09547   5.46285   1.86772   0.28716   0.10109   2.21934  
 46 550.9074  13092.156824  x:  0.48724   0.21497   0.01613   0.22272   0.14055   0.11951   0.33495   0.12003   0.07042   0.03265   0.03159   0.01288   0.02377   0.01957   0.00537   0.00150   0.01786   0.01377   0.00463   0.00940   0.06353   0.42134   0.00211   0.05710   0.08012   0.03673   0.02883   0.00964   0.01422   0.01725   0.00384   0.00918   0.19517   0.01183   0.10920   0.11008   0.09464   5.46322   1.86771   0.28718   0.10266   2.21933  
 47 262.6041  13091.894973  x:  0.48748   0.21260   0.01822   0.22163   0.14060   0.11955   0.33423   0.11896   0.07091   0.03335   0.03087   0.01242   0.02389   0.01936   0.00458   0.00160   0.01679   0.01400   0.00532   0.00934   0.06341   0.42163   0.00319   0.05666   0.08006   0.03708   0.02859   0.00994   0.01329   0.01724   0.00342   0.00912   0.19514   0.01210   0.10886   0.10987   0.09369   5.46366   1.86772   0.28719   0.10324   2.21932  
 48 237.1228  13091.626320  x:  0.48790   0.20863   0.01989   0.21978   0.14053   0.11937   0.33301   0.11728   0.07164   0.03377   0.03061   0.01212   0.02397   0.01884   0.00534   0.00157   0.01576   0.01440   0.00460   0.00849   0.06315   0.42210   0.00316   0.05599   0.07995   0.03746   0.02861   0.00981   0.01299   0.01728   0.00305   0.01034   0.19510   0.01168   0.10836   0.10957   0.09222   5.46441   1.86775   0.28719   0.10286   2.21931  
 49 216.0236  13091.200517  x:  0.48872   0.20094   0.02129   0.21620   0.14023   0.11875   0.33062   0.11416   0.07290   0.03386   0.03092   0.01216   0.02390   0.01818   0.00462   0.00156   0.01543   0.01468   0.00527   0.00860   0.06261   0.42298   0.00177   0.05480   0.07973   0.03787   0.02892   0.00941   0.01352   0.01735   0.00381   0.01068   0.19504   0.01062   0.10752   0.10904   0.08965   5.46588   1.86785   0.28714   0.10143   2.21928  
 50 352.6477  13090.698063  x:  0.48990   0.19042   0.02162   0.21136   0.13965   0.11769   0.32733   0.11015   0.07436   0.03341   0.03170   0.01249   0.02367   0.01821   0.00506   0.00156   0.01655   0.01433   0.00491   0.00951   0.06209   0.42416   0.00300   0.05330   0.07941   0.03801   0.02933   0.00927   0.01430   0.01727   0.00325   0.00942   0.19501   0.00989   0.10655   0.10838   0.08670   5.46795   1.86802   0.28706   0.09994   2.21923  
 51 544.9221  13090.308995  x:  0.49108   0.18130   0.01968   0.20737   0.13893   0.11653   0.32441   0.10729   0.07502   0.03241   0.03201   0.01210   0.02340   0.01926   0.00495   0.00156   0.01715   0.01354   0.00498   0.00815   0.06179   0.42509   0.00276   0.05237   0.07908   0.03736   0.02923   0.00992   0.01316   0.01691   0.00351   0.00924   0.19510   0.01148   0.10608   0.10794   0.08557   5.46995   1.86821   0.28694   0.10092   2.21919  
 52 292.6868  13090.164362  x:  0.49168   0.17735   0.01848   0.20584   0.13859   0.11608   0.32308   0.10643   0.07496   0.03212   0.03177   0.01204   0.02342   0.01923   0.00493   0.00157   0.01677   0.01382   0.00494   0.00925   0.06182   0.42541   0.00267   0.05226   0.07894   0.03690   0.02886   0.00955   0.01322   0.01696   0.00332   0.01001   0.19517   0.01237   0.10606   0.10779   0.08575   5.47096   1.86836   0.28683   0.10196   2.21917  
 53 226.3146  13090.096170  x:  0.49214   0.17517   0.01798   0.20527   0.13844   0.11603   0.32223   0.10644   0.07453   0.03233   0.03130   0.01232   0.02356   0.01867   0.00494   0.00156   0.01636   0.01426   0.00494   0.00882   0.06203   0.42550   0.00277   0.05256   0.07891   0.03665   0.02854   0.00931   0.01390   0.01719   0.00341   0.00953   0.19522   0.01243   0.10623   0.10776   0.08649   5.47175   1.86855   0.28667   0.10247   2.21916  
 54 99.4117  13090.000112  x:  0.49324   0.17143   0.01806   0.20491   0.13832   0.11646   0.32051   0.10738   0.07313   0.03309   0.03045   0.01260   0.02375   0.01838   0.00497   0.00155   0.01679   0.01385   0.00496   0.00894   0.06258   0.42543   0.00266   0.05365   0.07897   0.03652   0.02841   0.01004   0.01369   0.01715   0.00336   0.00976   0.19529   0.01144   0.10680   0.10777   0.08866   5.47363   1.86913   0.28617   0.10231   2.21912  
 55 77.3516  13089.956648  x:  0.49389   0.16971   0.01841   0.20494   0.13832   0.11680   0.31959   0.10807   0.07239   0.03313   0.03056   0.01237   0.02364   0.01889   0.00494   0.00155   0.01682   0.01386   0.00494   0.00889   0.06275   0.42533   0.00268   0.05420   0.07900   0.03660   0.02850   0.00927   0.01343   0.01702   0.00339   0.00968   0.19532   0.01118   0.10708   0.10779   0.08970   5.47479   1.86951   0.28584   0.10209   2.21909  
 56 94.8944  13089.927236  x:  0.49460   0.16856   0.01889   0.20524   0.13837   0.11719   0.31878   0.10883   0.07189   0.03265   0.03127   0.01222   0.02345   0.01911   0.00494   0.00156   0.01654   0.01410   0.00495   0.00892   0.06265   0.42516   0.00269   0.05449   0.07902   0.03682   0.02880   0.00963   0.01373   0.01708   0.00338   0.00969   0.19531   0.01142   0.10722   0.10781   0.09021   5.47608   1.86995   0.28545   0.10203   2.21906  
 57 56.1289  13089.905167  x:  0.49543   0.16792   0.01905   0.20573   0.13844   0.11750   0.31802   0.10958   0.07176   0.03222   0.03170   0.01238   0.02352   0.01849   0.00495   0.00156   0.01663   0.01385   0.00495   0.00892   0.06241   0.42494   0.00272   0.05450   0.07902   0.03695   0.02883   0.00947   0.01348   0.01711   0.00339   0.00968   0.19525   0.01155   0.10721   0.10781   0.09006   5.47765   1.87048   0.28499   0.10223   2.21903  
 58 41.2929  13089.836167  x:  0.49877   0.16651   0.01854   0.20777   0.13865   0.11831   0.31526   0.11208   0.07204   0.03203   0.03116   0.01189   0.02382   0.01870   0.00495   0.00156   0.01694   0.01417   0.00494   0.00890   0.06166   0.42398   0.00273   0.05406   0.07894   0.03703   0.02840   0.00956   0.01361   0.01706   0.00337   0.00968   0.19484   0.01122   0.10688   0.10779   0.08826   5.48426   1.87270   0.28304   0.10261   2.21888  
 59 59.1032  13089.797746  x:  0.50074   0.16599   0.01820   0.20879   0.13871   0.11855   0.31373   0.11311   0.07236   0.03253   0.03096   0.01259   0.02357   0.01905   0.00492   0.00155   0.01646   0.01384   0.00494   0.00891   0.06158   0.42342   0.00276   0.05377   0.07888   0.03691   0.02846   0.00952   0.01361   0.01707   0.00338   0.00971   0.19454   0.01154   0.10673   0.10777   0.08746   5.48842   1.87409   0.28183   0.10234   2.21879  
 60 123.3115  13089.756379  x:  0.50290   0.16598   0.01808   0.20945   0.13868   0.11837   0.31227   0.11324   0.07279   0.03334   0.03098   0.01220   0.02321   0.01860   0.00496   0.00155   0.01676   0.01408   0.00494   0.00893   0.06209   0.42280   0.00272   0.05347   0.07883   0.03664   0.02890   0.00948   0.01352   0.01708   0.00338   0.00967   0.19407   0.01232   0.10668   0.10772   0.08734   5.49370   1.87581   0.28032   0.10191   2.21868  
 61 78.8002  13089.615283  x:  0.51016   0.16736   0.01854   0.21027   0.13832   0.11670   0.30807   0.11121   0.07400   0.03338   0.03189   0.01183   0.02417   0.01876   0.00492   0.00155   0.01653   0.01346   0.00494   0.00892   0.06394   0.42086   0.00265   0.05269   0.07879   0.03627   0.02903   0.00942   0.01385   0.01686   0.00338   0.00972   0.19225   0.01158   0.10669   0.10741   0.08836   5.51380   1.88216   0.27480   0.10277   2.21824  
 62 112.3039  13089.532840  x:  0.51412   0.16833   0.01887   0.21030   0.13809   0.11573   0.30597   0.10982   0.07433   0.03259   0.03164   0.01259   0.02371   0.01887   0.00493   0.00154   0.01681   0.01438   0.00492   0.00891   0.06409   0.41983   0.00263   0.05249   0.07881   0.03645   0.02865   0.00950   0.01323   0.01706   0.00340   0.00970   0.19138   0.01121   0.10675   0.10728   0.08909   5.52607   1.88597   0.27150   0.10285   2.21797  
 63 287.0861  13089.453695  x:  0.51725   0.16931   0.01909   0.20979   0.13788   0.11501   0.30459   0.10862   0.07409   0.03167   0.03060   0.01222   0.02290   0.01865   0.00494   0.00155   0.01664   0.01374   0.00491   0.00891   0.06314   0.41909   0.00269   0.05265   0.07885   0.03689   0.02823   0.00944   0.01351   0.01715   0.00338   0.00968   0.19097   0.01138   0.10682   0.10725   0.08969   5.53788   1.88954   0.26843   0.10241   2.21771  
 64 234.2132  13089.338014  x:  0.52045   0.17066   0.01899   0.20786   0.13757   0.11456   0.30390   0.10753   0.07251   0.03228   0.03049   0.01235   0.02417   0.01863   0.00492   0.00153   0.01661   0.01396   0.00490   0.00893   0.06045   0.41844   0.00282   0.05346   0.07864   0.03707   0.02872   0.00940   0.01346   0.01638   0.00337   0.00963   0.19137   0.01186   0.10674   0.10728   0.08973   5.55685   1.89503   0.26374   0.10208   2.21729  
 65 158.3683  13089.226347  x:  0.52244   0.17170   0.01886   0.20562   0.13738   0.11462   0.30411   0.10715   0.07092   0.03338   0.03125   0.01207   0.02357   0.01872   0.00491   0.00154   0.01673   0.01379   0.00490   0.00891   0.05913   0.41812   0.00288   0.05424   0.07830   0.03668   0.02883   0.00933   0.01329   0.01775   0.00336   0.00967   0.19231   0.01134   0.10648   0.10726   0.08904   5.57615   1.90041   0.25917   0.10280   2.21686  
 66 262.3351  13089.056912  x:  0.52366   0.17260   0.01894   0.20241   0.13733   0.11538   0.30552   0.10763   0.06943   0.03356   0.03175   0.01207   0.02222   0.01840   0.00493   0.00155   0.01670   0.01382   0.00488   0.00889   0.06008   0.41806   0.00282   0.05500   0.07793   0.03610   0.02805   0.00940   0.01343   0.01607   0.00337   0.00967   0.19429   0.01095   0.10604   0.10719   0.08766   5.60557   1.90834   0.25248   0.10338   2.21620  
 67 296.1425  13088.759523  x:  0.52401   0.17337   0.01918   0.19748   0.13747   0.11698   0.30889   0.10912   0.06833   0.03190   0.03080   0.01217   0.02369   0.01850   0.00491   0.00153   0.01676   0.01370   0.00486   0.00893   0.06345   0.41828   0.00267   0.05568   0.07761   0.03587   0.02771   0.00933   0.01317   0.01704   0.00339   0.00967   0.19793   0.01190   0.10542   0.10702   0.08582   5.65956   1.92261   0.24050   0.10244   2.21499  
 68 566.8928  13088.470541  x:  0.52057   0.17214   0.01860   0.19681   0.13787   0.11744   0.31306   0.11001   0.07096   0.03172   0.02964   0.01236   0.02317   0.01845   0.00492   0.00153   0.01691   0.01367   0.00485   0.00894   0.06330   0.41912   0.00268   0.05449   0.07830   0.03776   0.03082   0.00899   0.01324   0.01676   0.00338   0.00969   0.19988   0.01108   0.10558   0.10675   0.08688   5.71365   1.93589   0.22952   0.10411   2.21377  
 69 288.6304  13087.962658  x:  0.51209   0.16891   0.01823   0.19905   0.13865   0.11738   0.32028   0.11039   0.07567   0.03312   0.03117   0.01192   0.02334   0.01832   0.00488   0.00151   0.01697   0.01357   0.00481   0.00896   0.06068   0.42089   0.00279   0.05126   0.07906   0.03805   0.02762   0.00911   0.01298   0.01678   0.00337   0.00969   0.20140   0.01085   0.10627   0.10650   0.09020   5.80770   1.95808   0.21136   0.10365   2.21164  
 70 671.6179  13087.711430  x:  0.50613   0.16712   0.01914   0.20272   0.13848   0.11649   0.32286   0.10895   0.07430   0.03210   0.03040   0.01197   0.02320   0.01818   0.00487   0.00151   0.01689   0.01351   0.00479   0.00895   0.05987   0.42170   0.00282   0.05059   0.07743   0.03424   0.02852   0.00900   0.01293   0.01659   0.00336   0.00966   0.19961   0.01054   0.10598   0.10655   0.08996   5.85424   1.96771   0.20376   0.10365   2.21057  
 71 320.2038  13087.439580  x:  0.49788   0.16534   0.01856   0.20776   0.13717   0.11457   0.32414   0.10632   0.07033   0.03238   0.03036   0.01196   0.02318   0.01808   0.00486   0.00150   0.01701   0.01339   0.00476   0.00896   0.06108   0.42220   0.00273   0.05267   0.07630   0.03675   0.02813   0.00892   0.01280   0.01656   0.00337   0.00966   0.19518   0.01112   0.10484   0.10644   0.08758   5.90719   1.97705   0.19675   0.10393   2.20934  
 72 310.9597  13087.312856  x:  0.49234   0.16653   0.01869   0.20654   0.13552   0.11536   0.32054   0.10707   0.07139   0.03218   0.03038   0.01190   0.02316   0.01803   0.00486   0.00150   0.01703   0.01335   0.00475   0.00897   0.06077   0.42090   0.00274   0.05531   0.07918   0.03558   0.02812   0.00890   0.01276   0.01651   0.00337   0.00965   0.19164   0.01126   0.10447   0.10566   0.08697   5.93369   1.97794   0.19711   0.10399   2.20868  
 73 66.2202  13087.121413  x:  0.48394   0.16964   0.01857   0.20279   0.13428   0.11667   0.31299   0.10954   0.07052   0.03230   0.03023   0.01190   0.02308   0.01796   0.00485   0.00149   0.01706   0.01330   0.00473   0.00897   0.06059   0.41810   0.00274   0.05194   0.07778   0.03609   0.02809   0.00882   0.01268   0.01645   0.00336   0.00964   0.18760   0.01113   0.10484   0.10538   0.08775   5.97407   1.97642   0.20062   0.10392   2.20762  
 74 119.8710  13087.035057  x:  0.48171   0.17075   0.01869   0.20245   0.13636   0.11510   0.30997   0.11017   0.07192   0.03227   0.03032   0.01186   0.02310   0.01796   0.00486   0.00149   0.01709   0.01329   0.00473   0.00899   0.06046   0.41677   0.00274   0.05369   0.07523   0.03623   0.02804   0.00887   0.01266   0.01644   0.00336   0.00964   0.18937   0.01105   0.10461   0.10615   0.08799   5.99357   1.97340   0.20469   0.10380   2.20707  
 75 59.6756  13086.887914  x:  0.48085   0.17210   0.01879   0.20403   0.13996   0.11265   0.30694   0.10959   0.07054   0.03238   0.03033   0.01190   0.02315   0.01797   0.00487   0.00150   0.01715   0.01330   0.00474   0.00903   0.06083   0.41525   0.00273   0.05294   0.07835   0.03602   0.02820   0.00883   0.01263   0.01647   0.00335   0.00966   0.19523   0.01096   0.10440   0.10680   0.08793   6.02826   1.96551   0.21455   0.10349   2.20603  
 76 84.9504  13086.547924  x:  0.48796   0.17394   0.01813   0.20937   0.13600   0.11920   0.30933   0.10589   0.07146   0.03262   0.03051   0.01197   0.02333   0.01806   0.00490   0.00151   0.01738   0.01332   0.00478   0.00915   0.06131   0.41649   0.00270   0.05376   0.07772   0.03638   0.02843   0.00886   0.01261   0.01652   0.00335   0.00972   0.20377   0.01088   0.10725   0.10464   0.08864   6.11095   1.94190   0.24313   0.10250   2.20339  
 77 89.1234  13086.167985  x:  0.50141   0.17456   0.01865   0.21015   0.13562   0.11880   0.31971   0.10997   0.07249   0.03297   0.03080   0.01204   0.02354   0.01816   0.00495   0.00152   0.01756   0.01339   0.00482   0.00930   0.06185   0.42336   0.00265   0.05373   0.07891   0.03656   0.02876   0.00888   0.01257   0.01662   0.00335   0.00978   0.20064   0.01084   0.10490   0.11210   0.09034   6.20386   1.91346   0.27739   0.10118   2.20030  
 78 134.4285  13086.051202  x:  0.50609   0.17483   0.01863   0.20968   0.13923   0.11750   0.32360   0.11218   0.07233   0.03306   0.03088   0.01206   0.02359   0.01819   0.00496   0.00153   0.01762   0.01341   0.00483   0.00935   0.06194   0.42680   0.00263   0.05399   0.07898   0.03660   0.02885   0.00889   0.01256   0.01663   0.00335   0.00980   0.19770   0.01098   0.10682   0.10811   0.09032   6.23230   1.90464   0.28810   0.10071   2.19930  
 79 110.0044  13086.048581  x:  0.50617   0.17495   0.01854   0.20969   0.13971   0.11785   0.32340   0.11199   0.07234   0.03307   0.03089   0.01206   0.02360   0.01819   0.00496   0.00153   0.01763   0.01341   0.00483   0.00935   0.06199   0.42750   0.00263   0.05405   0.07905   0.03661   0.02886   0.00889   0.01256   0.01664   0.00335   0.00980   0.19756   0.01100   0.10743   0.10853   0.09018   6.23294   1.90455   0.28835   0.10073   2.19921  
 80  4.8337  13086.046629  x:  0.50621   0.17522   0.01847   0.20979   0.13994   0.11814   0.32291   0.11191   0.07233   0.03308   0.03089   0.01207   0.02360   0.01820   0.00496   0.00153   0.01764   0.01341   0.00483   0.00935   0.06200   0.42888   0.00262   0.05407   0.07905   0.03662   0.02886   0.00889   0.01257   0.01664   0.00335   0.00980   0.19765   0.01100   0.10702   0.10847   0.09034   6.23339   1.90463   0.28860   0.10073   2.19903  
 81  3.0844  13086.045717  x:  0.50621   0.17535   0.01856   0.20984   0.13960   0.11783   0.32265   0.11209   0.07235   0.03308   0.03090   0.01207   0.02360   0.01820   0.00496   0.00153   0.01763   0.01341   0.00483   0.00935   0.06201   0.42961   0.00262   0.05407   0.07906   0.03662   0.02886   0.00890   0.01257   0.01664   0.00335   0.00980   0.19783   0.01099   0.10722   0.10846   0.09029   6.23358   1.90478   0.28878   0.10072   2.19886  
 82  2.2879  13085.574951  x:  0.50792   0.17527   0.01914   0.20968   0.13937   0.11729   0.32397   0.11197   0.07223   0.03266   0.03101   0.01259   0.02343   0.01899   0.00459   0.00147   0.01717   0.01379   0.00484   0.00865   0.06223   0.42683   0.00191   0.05409   0.07892   0.03660   0.02844   0.00938   0.01402   0.01701   0.00214   0.00920   0.19692   0.01169   0.10786   0.10854   0.08966   6.30550   2.12663   0.48906   0.10154   1.96823  
 83  0.5593  13085.464051  x:  0.50822   0.17545   0.01857   0.20972   0.13948   0.11781   0.32296   0.11155   0.07222   0.03247   0.03101   0.01243   0.02336   0.01900   0.00480   0.00141   0.01636   0.01386   0.00494   0.00859   0.06229   0.42820   0.00145   0.05419   0.07879   0.03670   0.02839   0.00952   0.01372   0.01709   0.00252   0.00856   0.19721   0.01159   0.10699   0.10832   0.08978   6.32096   2.36525   0.72118   0.10163   1.67579  
 84  0.3184  13085.399013  x:  0.50804   0.17574   0.01826   0.20988   0.13947   0.11805   0.32243   0.11157   0.07224   0.03252   0.03097   0.01225   0.02335   0.01878   0.00495   0.00144   0.01619   0.01380   0.00502   0.00874   0.06208   0.42937   0.00181   0.05423   0.07876   0.03675   0.02847   0.00942   0.01326   0.01702   0.00219   0.00859   0.19765   0.01136   0.10647   0.10816   0.09001   6.32375   2.61819   0.97722   0.10142   1.33639  
 85  0.3588  13085.367025  x:  0.50777   0.17569   0.01848   0.20991   0.13931   0.11763   0.32322   0.11195   0.07225   0.03264   0.03100   0.01229   0.02337   0.01871   0.00489   0.00146   0.01669   0.01376   0.00495   0.00880   0.06223   0.42860   0.00159   0.05416   0.07883   0.03665   0.02852   0.00932   0.01338   0.01696   0.00230   0.00895   0.19753   0.01132   0.10697   0.10823   0.08998   6.32030   2.80832   1.17167   0.10129   1.05456  
 86  0.2369  13085.361986  x:  0.50775   0.17567   0.01852   0.20989   0.13932   0.11763   0.32315   0.11192   0.07224   0.03262   0.03100   0.01231   0.02336   0.01875   0.00488   0.00146   0.01668   0.01377   0.00494   0.00877   0.06221   0.42855   0.00165   0.05416   0.07883   0.03665   0.02851   0.00934   0.01344   0.01698   0.00232   0.00889   0.19749   0.01136   0.10694   0.10822   0.08997   6.31710   2.84227   1.20468   0.10136   1.00000  
 87  0.1606  13085.359563  x:  0.50781   0.17557   0.01862   0.20981   0.13930   0.11765   0.32293   0.11180   0.07224   0.03258   0.03098   0.01236   0.02335   0.01882   0.00488   0.00144   0.01661   0.01379   0.00493   0.00871   0.06219   0.42855   0.00172   0.05417   0.07880   0.03667   0.02846   0.00939   0.01354   0.01701   0.00232   0.00882   0.19744   0.01147   0.10687   0.10820   0.08993   6.31208   2.90205   1.26227   0.10151   1.00000  
 88  0.0766  13085.359270  x:  0.50786   0.17556   0.01862   0.20982   0.13928   0.11760   0.32304   0.11184   0.07224   0.03259   0.03098   0.01236   0.02336   0.01882   0.00487   0.00145   0.01662   0.01379   0.00493   0.00873   0.06218   0.42845   0.00175   0.05417   0.07881   0.03667   0.02847   0.00938   0.01353   0.01701   0.00234   0.00882   0.19745   0.01146   0.10695   0.10822   0.08991   6.31357   2.96156   1.32240   0.10148   1.00000  
 89  0.0303  13085.358902  x:  0.50780   0.17558   0.01861   0.20983   0.13931   0.11766   0.32294   0.11181   0.07223   0.03259   0.03098   0.01236   0.02335   0.01881   0.00488   0.00145   0.01663   0.01378   0.00493   0.00872   0.06219   0.42858   0.00172   0.05418   0.07881   0.03667   0.02847   0.00938   0.01353   0.01701   0.00232   0.00883   0.19745   0.01146   0.10686   0.10820   0.08994   6.31216   3.06551   1.42602   0.10150   1.00000  
 90  0.0632  13085.358883  x:  0.50782   0.17557   0.01861   0.20982   0.13930   0.11764   0.32297   0.11182   0.07224   0.03259   0.03098   0.01236   0.02335   0.01881   0.00488   0.00145   0.01662   0.01379   0.00493   0.00872   0.06219   0.42853   0.00172   0.05417   0.07881   0.03667   0.02847   0.00938   0.01353   0.01701   0.00232   0.00883   0.19745   0.01146   0.10689   0.10820   0.08993   6.31302   3.07403   1.43448   0.10150   1.00000  
 91  0.0122  13085.358883  x:  0.50782   0.17557   0.01861   0.20982   0.13930   0.11764   0.32297   0.11182   0.07224   0.03259   0.03098   0.01236   0.02335   0.01881   0.00488   0.00145   0.01662   0.01379   0.00493   0.00872   0.06219   0.42854   0.00172   0.05417   0.07881   0.03667   0.02847   0.00938   0.01353   0.01701   0.00232   0.00883   0.19745   0.01146   0.10689   0.10820   0.08993   6.31296   3.07553   1.43598   0.10150   1.00000  
 92  0.0020  13085.358883  x:  0.50782   0.17557   0.01861   0.20982   0.13930   0.11764   0.32297   0.11182   0.07224   0.03259   0.03098   0.01236   0.02335   0.01881   0.00488   0.00145   0.01662   0.01379   0.00493   0.00872   0.06219   0.42853   0.00172   0.05417   0.07881   0.03667   0.02847   0.00938   0.01353   0.01701   0.00232   0.00883   0.19745   0.01146   0.10689   0.10820   0.08993   6.31292   3.07589   1.43634   0.10150   1.00000  
 93  0.0003  13085.358883  x:  0.50782   0.17557   0.01861   0.20982   0.13930   0.11764   0.32297   0.11182   0.07224   0.03259   0.03098   0.01236   0.02335   0.01881   0.00488   0.00145   0.01662   0.01379   0.00493   0.00872   0.06219   0.42853   0.00172   0.05417   0.07881   0.03667   0.02847   0.00938   0.01353   0.01701   0.00232   0.00883   0.19745   0.01146   0.10689   0.10820   0.08993   6.31292   3.07589   1.43634   0.10150   1.00000  
 94  0.0003  13085.358883  x:  0.50782   0.17557   0.01861   0.20982   0.13930   0.11764   0.32297   0.11182   0.07224   0.03259   0.03098   0.01236   0.02335   0.01881   0.00488   0.00145   0.01662   0.01379   0.00493   0.00872   0.06219   0.42853   0.00172   0.05417   0.07881   0.03667   0.02847   0.00938   0.01353   0.01701   0.00232   0.00883   0.19745   0.01146   0.10689   0.10820   0.08993   6.31292   3.07589   1.43634   0.10150   1.00000  
 95  0.0891  13085.358883  x:  0.50782   0.17557   0.01861   0.20982   0.13930   0.11764   0.32297   0.11182   0.07224   0.03259   0.03098   0.01236   0.02335   0.01881   0.00488   0.00145   0.01662   0.01379   0.00493   0.00872   0.06219   0.42853   0.00172   0.05417   0.07881   0.03667   0.02847   0.00938   0.01353   0.01701   0.00232   0.00883   0.19745   0.01146   0.10689   0.10820   0.08993   6.31292   3.07589   1.43634   0.10150   1.00000  
check convergence!
