Supplemental results for CODEML (seqf: Human_TAS1R3_orthologues_DNA_aligned.txt  treef: TAS1R3_revised_tree_following_error_message.txt)


MLEs of dN/dS (w) for site classes (K=4)

site class             0        1       2a       2b
proportion       0.82808  0.16035  0.00969  0.00188
background w     0.10127  1.00000  0.10127  1.00000
foreground w     0.10127  1.00000  1.00000  1.00000

Naive Empirical Bayes (NEB) probabilities for 4 classes
(amino acids refer to 1st sequence: 1.Bushbaby)

   1 -   0.83941 0.14902 0.00983 0.00174 ( 1)
   2 -   0.83653 0.15190 0.00979 0.00178 ( 1)
   3 -   0.83968 0.14875 0.00983 0.00174 ( 1)
   4 -   0.83900 0.14943 0.00982 0.00175 ( 1)
   5 -   0.83674 0.15169 0.00980 0.00178 ( 1)
   6 -   0.82953 0.15889 0.00971 0.00186 ( 1)
   7 -   0.83987 0.14855 0.00983 0.00174 ( 1)
   8 -   0.83853 0.14990 0.00982 0.00175 ( 1)
   9 -   0.83276 0.15567 0.00975 0.00182 ( 1)
  10 -   0.35416 0.63426 0.00415 0.00742 ( 2)
  11 -   0.83797 0.15046 0.00981 0.00176 ( 1)
  12 -   0.83505 0.15337 0.00978 0.00180 ( 1)
  13 -   0.83505 0.15337 0.00978 0.00180 ( 1)
  14 -   0.83018 0.15825 0.00972 0.00185 ( 1)
  15 -   0.83852 0.14990 0.00982 0.00175 ( 1)
  16 -   0.83987 0.14855 0.00983 0.00174 ( 1)
  17 -   0.82976 0.15867 0.00971 0.00186 ( 1)
  18 -   0.83987 0.14855 0.00983 0.00174 ( 1)
  19 M   0.99100 0.00017 0.00883 0.00000 ( 1)
  20 P   0.88689 0.10189 0.01003 0.00119 ( 1)
  21 G   0.10068 0.88800 0.00093 0.01040 ( 2)
  22 P   0.26368 0.72487 0.00296 0.00849 ( 2)
  23 A   0.64309 0.34568 0.00718 0.00405 ( 1)
  24 V   0.99077 0.00034 0.00889 0.00000 ( 1)
  25 L   0.98642 0.00373 0.00981 0.00004 ( 1)
  26 G   0.99045 0.00046 0.00908 0.00001 ( 1)
  27 F   0.93082 0.06008 0.00840 0.00070 ( 1)
  28 S   0.99060 0.00033 0.00907 0.00000 ( 1)
  29 L   0.99068 0.00038 0.00894 0.00000 ( 1)
  30 A   0.69533 0.29476 0.00646 0.00345 ( 1)
  31 T   0.19331 0.79522 0.00216 0.00931 ( 2)
  32 L   0.68023 0.30995 0.00619 0.00363 ( 1)
  33 L   0.98425 0.00539 0.01030 0.00006 ( 1)
  34 G   0.07893 0.90955 0.00088 0.01065 ( 2)
  35 F   0.00208 0.98635 0.00002 0.01155 ( 2)
  36 G   0.87897 0.11132 0.00840 0.00130 ( 1)
  37 T   0.32193 0.66724 0.00302 0.00781 ( 2)
  38 G   0.98981 0.00085 0.00933 0.00001 ( 1)
  39 A   0.96434 0.02681 0.00853 0.00031 ( 1)
  40 P   0.95250 0.03650 0.01058 0.00043 ( 1)
  41 L   0.92915 0.06090 0.00924 0.00071 ( 1)
  42 C   0.99048 0.00039 0.00913 0.00000 ( 1)
  43 L   0.98673 0.00342 0.00981 0.00004 ( 1)
  44 S   0.91921 0.06951 0.01047 0.00081 ( 1)
  45 Q   0.62077 0.36064 0.01437 0.00422 ( 1)
  46 Q   0.97627 0.01409 0.00948 0.00016 ( 1)
  47 L   0.98288 0.00815 0.00887 0.00010 ( 1)
  48 R   0.86318 0.12708 0.00825 0.00149 ( 1)
  49 M   0.99100 0.00017 0.00883 0.00000 ( 1)
  50 P   0.02658 0.96186 0.00030 0.01126 ( 2)
  51 G   0.98981 0.00085 0.00933 0.00001 ( 1)
  52 N   0.98818 0.00292 0.00887 0.00003 ( 1)
  53 Y   0.98880 0.00171 0.00948 0.00002 ( 1)
  54 V   0.09667 0.88452 0.00845 0.01035 ( 2)
  55 L   0.98578 0.00437 0.00980 0.00005 ( 1)
  56 G   0.98820 0.00226 0.00952 0.00003 ( 1)
  57 G   0.98981 0.00085 0.00933 0.00001 ( 1)
  58 L   0.98935 0.00171 0.00892 0.00002 ( 1)
  59 F   0.99116 0.00013 0.00871 0.00000 ( 1)
  60 P   0.99096 0.00023 0.00881 0.00000 ( 1)
  61 L   0.96994 0.02017 0.00965 0.00024 ( 1)
  62 G   0.96154 0.02929 0.00882 0.00034 ( 1)
  63 A   0.69297 0.29663 0.00693 0.00347 ( 1)
  64 A   0.99093 0.00030 0.00877 0.00000 ( 1)
  65 E   0.91969 0.07094 0.00854 0.00083 ( 1)
  66 E   0.98471 0.00608 0.00914 0.00007 ( 1)
  67 A   0.92580 0.06521 0.00822 0.00076 ( 1)
  68 G   0.89953 0.09111 0.00829 0.00107 ( 1)
  69 L   0.95237 0.03859 0.00859 0.00045 ( 1)
  70 R   0.84879 0.14004 0.00953 0.00164 ( 1)
  71 T   0.91679 0.07381 0.00854 0.00086 ( 1)
  72 R   0.98913 0.00141 0.00945 0.00002 ( 1)
  73 T   0.62906 0.31062 0.05669 0.00364 ( 1)
  74 Q   0.85026 0.13984 0.00826 0.00164 ( 1)
  75 P   0.99098 0.00021 0.00881 0.00000 ( 1)
  76 S   0.93128 0.05951 0.00852 0.00070 ( 1)
  77 S   0.98766 0.00326 0.00904 0.00004 ( 1)
  78 P   0.94938 0.03979 0.01036 0.00047 ( 1)
  79 V   0.98398 0.00679 0.00916 0.00008 ( 1)
  80 C   0.99048 0.00039 0.00913 0.00000 ( 1)
  81 N   0.94753 0.04334 0.00862 0.00051 ( 1)
  82 -   0.82808 0.16035 0.00969 0.00188 ( 1)
  83 -   0.82808 0.16035 0.00969 0.00188 ( 1)
  84 -   0.82808 0.16035 0.00969 0.00188 ( 1)
  85 -   0.82808 0.16035 0.00969 0.00188 ( 1)
  86 -   0.82808 0.16035 0.00969 0.00188 ( 1)
  87 -   0.82808 0.16035 0.00969 0.00188 ( 1)
  88 -   0.82808 0.16035 0.00969 0.00188 ( 1)
  89 -   0.82808 0.16035 0.00969 0.00188 ( 1)
  90 -   0.82808 0.16035 0.00969 0.00188 ( 1)
  91 -   0.82808 0.16035 0.00969 0.00188 ( 1)
  92 R   0.98957 0.00097 0.00945 0.00001 ( 1)
  93 F   0.99108 0.00021 0.00871 0.00000 ( 1)
  94 S   0.98572 0.00302 0.01122 0.00004 ( 1)
  95 P   0.50556 0.48429 0.00448 0.00567 ( 1)
  96 L   0.17723 0.79807 0.01535 0.00934 ( 2)
  97 G   0.99044 0.00047 0.00908 0.00001 ( 1)
  98 L   0.98673 0.00342 0.00981 0.00004 ( 1)
  99 L   0.99062 0.00044 0.00893 0.00001 ( 1)
 100 W   0.98769 0.00248 0.00980 0.00003 ( 1)
 101 A   0.98358 0.00708 0.00926 0.00008 ( 1)
 102 L   0.98673 0.00342 0.00981 0.00004 ( 1)
 103 A   0.92802 0.06270 0.00854 0.00073 ( 1)
 104 M   0.98731 0.00335 0.00929 0.00004 ( 1)
 105 K   0.97676 0.01377 0.00931 0.00016 ( 1)
 106 M   0.99100 0.00017 0.00883 0.00000 ( 1)
 107 A   0.99067 0.00056 0.00876 0.00001 ( 1)
 108 V   0.99010 0.00074 0.00915 0.00001 ( 1)
 109 E   0.99026 0.00054 0.00919 0.00001 ( 1)
 110 E   0.99021 0.00059 0.00919 0.00001 ( 1)
 111 I   0.99121 0.00012 0.00867 0.00000 ( 1)
 112 N   0.99049 0.00038 0.00913 0.00000 ( 1)
 113 N   0.99028 0.00058 0.00913 0.00001 ( 1)
 114 G   0.04032 0.94491 0.00370 0.01106 ( 2)
 115 S   0.97596 0.01489 0.00897 0.00017 ( 1)
 116 T   0.58668 0.40303 0.00556 0.00472 ( 1)
 117 L   0.98673 0.00342 0.00981 0.00004 ( 1)
 118 L   0.98673 0.00342 0.00981 0.00004 ( 1)
 119 P   0.99028 0.00063 0.00908 0.00001 ( 1)
 120 G   0.98988 0.00078 0.00933 0.00001 ( 1)
 121 L   0.98673 0.00342 0.00981 0.00004 ( 1)
 122 Q   0.49603 0.49348 0.00472 0.00578 ( 1)
 123 L   0.98229 0.00785 0.00976 0.00009 ( 1)
 124 G   0.99045 0.00046 0.00908 0.00001 ( 1)
 125 Y   0.98212 0.00859 0.00919 0.00010 ( 1)
 126 D   0.99043 0.00067 0.00889 0.00001 ( 1)
 127 L   0.99068 0.00038 0.00894 0.00000 ( 1)
 128 F   0.98357 0.00561 0.01076 0.00007 ( 1)
 129 D   0.98916 0.00193 0.00888 0.00002 ( 1)
 130 T   0.99015 0.00057 0.00927 0.00001 ( 1)
 131 C   0.99048 0.00039 0.00913 0.00000 ( 1)
 132 S   0.98607 0.00310 0.01080 0.00004 ( 1)
 133 E   0.99026 0.00054 0.00919 0.00001 ( 1)
 134 P   0.64243 0.34778 0.00572 0.00407 ( 1)
 135 V   0.92797 0.06272 0.00857 0.00073 ( 1)
 136 V   0.99029 0.00055 0.00915 0.00001 ( 1)
 137 A   0.98858 0.00265 0.00874 0.00003 ( 1)
 138 M   0.99100 0.00017 0.00883 0.00000 ( 1)
 139 K   0.98961 0.00095 0.00943 0.00001 ( 1)
 140 P   0.99098 0.00021 0.00881 0.00000 ( 1)
 141 S   0.98988 0.00104 0.00906 0.00001 ( 1)
 142 L   0.98998 0.00075 0.00926 0.00001 ( 1)
 143 M   0.98943 0.00174 0.00881 0.00002 ( 1)
 144 F   0.99108 0.00021 0.00871 0.00000 ( 1)
 145 L   0.98673 0.00342 0.00981 0.00004 ( 1)
 146 A   0.99103 0.00021 0.00877 0.00000 ( 1)
 147 K   0.83808 0.08330 0.07765 0.00098 ( 1)
 148 A   0.00103 0.98705 0.00037 0.01155 ( 2)
 149 G   0.61357 0.37639 0.00563 0.00441 ( 1)
 150 S   0.99060 0.00033 0.00907 0.00000 ( 1)
 151 C   0.13371 0.84541 0.01098 0.00990 ( 2)
 152 S   0.25995 0.72918 0.00233 0.00854 ( 2)
 153 I   0.98699 0.00379 0.00917 0.00004 ( 1)
 154 A   0.99054 0.00052 0.00894 0.00001 ( 1)
 155 A   0.99104 0.00019 0.00877 0.00000 ( 1)
 156 Y   0.99011 0.00062 0.00927 0.00001 ( 1)
 157 C   0.99027 0.00059 0.00913 0.00001 ( 1)
 158 D   0.98687 0.00421 0.00886 0.00005 ( 1)
 159 Y   0.98987 0.00086 0.00927 0.00001 ( 1)
 160 A   0.97445 0.01437 0.01101 0.00017 ( 1)
 161 R   0.76937 0.22047 0.00757 0.00258 ( 1)
 162 Y   0.99016 0.00056 0.00927 0.00001 ( 1)
 163 Q   0.96829 0.02207 0.00938 0.00026 ( 1)
 164 P   0.98781 0.00118 0.01100 0.00001 ( 1)
 165 R   0.98332 0.00751 0.00908 0.00009 ( 1)
 166 V   0.99023 0.00062 0.00915 0.00001 ( 1)
 167 L   0.98615 0.00398 0.00983 0.00005 ( 1)
 168 A   0.98043 0.00853 0.01094 0.00010 ( 1)
 169 V   0.99077 0.00034 0.00889 0.00000 ( 1)
 170 I   0.99120 0.00012 0.00867 0.00000 ( 1)
 171 G   0.98892 0.00092 0.01014 0.00001 ( 1)
 172 P   0.99097 0.00022 0.00881 0.00000 ( 1)
 173 H   0.99078 0.00028 0.00894 0.00000 ( 1)
 174 S   0.98966 0.00126 0.00906 0.00001 ( 1)
 175 S   0.97765 0.01291 0.00929 0.00015 ( 1)
 176 E   0.99026 0.00054 0.00919 0.00001 ( 1)
 177 L   0.99054 0.00052 0.00894 0.00001 ( 1)
 178 A   0.99104 0.00019 0.00877 0.00000 ( 1)
 179 L   0.76034 0.22941 0.00756 0.00269 ( 1)
 180 I   0.98819 0.00291 0.00887 0.00003 ( 1)
 181 T   0.99023 0.00049 0.00927 0.00001 ( 1)
 182 G   0.99023 0.00068 0.00908 0.00001 ( 1)
 183 K   0.98961 0.00095 0.00943 0.00001 ( 1)
 184 F   0.99116 0.00013 0.00871 0.00000 ( 1)
 185 F   0.99104 0.00024 0.00871 0.00000 ( 1)
 186 G   0.86935 0.12123 0.00800 0.00142 ( 1)
 187 F   0.99116 0.00013 0.00871 0.00000 ( 1)
 188 F   0.99116 0.00013 0.00871 0.00000 ( 1)
 189 L   0.99068 0.00038 0.00894 0.00000 ( 1)
 190 M   0.98937 0.00179 0.00882 0.00002 ( 1)
 191 P   0.99077 0.00042 0.00881 0.00000 ( 1)
 192 Q   0.98884 0.00154 0.00960 0.00002 ( 1)
 193 V   0.99077 0.00034 0.00889 0.00000 ( 1)
 194 S   0.99060 0.00033 0.00907 0.00000 ( 1)
 195 Y   0.97012 0.01998 0.00966 0.00023 ( 1)
 196 G   0.98428 0.00587 0.00978 0.00007 ( 1)
 197 A   0.98481 0.00640 0.00872 0.00007 ( 1)
 198 S   0.98770 0.00323 0.00904 0.00004 ( 1)
 199 M   0.99100 0.00017 0.00883 0.00000 ( 1)
 200 D   0.98517 0.00591 0.00885 0.00007 ( 1)
 201 G   0.70081 0.28909 0.00671 0.00338 ( 1)
 202 L   0.98958 0.00148 0.00893 0.00002 ( 1)
 203 S   0.99026 0.00067 0.00906 0.00001 ( 1)
 204 I   0.95970 0.03121 0.00873 0.00037 ( 1)
 205 R   0.98928 0.00125 0.00945 0.00001 ( 1)
 206 E   0.99026 0.00054 0.00919 0.00001 ( 1)
 207 T   0.99071 0.00028 0.00901 0.00000 ( 1)
 208 F   0.99116 0.00013 0.00871 0.00000 ( 1)
 209 P   0.99098 0.00021 0.00881 0.00000 ( 1)
 210 S   0.99061 0.00032 0.00907 0.00000 ( 1)
 211 F   0.99116 0.00013 0.00871 0.00000 ( 1)
 212 F   0.99116 0.00013 0.00871 0.00000 ( 1)
 213 R   0.99036 0.00051 0.00912 0.00001 ( 1)
 214 T   0.98205 0.00864 0.00920 0.00010 ( 1)
 215 V   0.99022 0.00063 0.00915 0.00001 ( 1)
 216 P   0.99098 0.00021 0.00881 0.00000 ( 1)
 217 S   0.98879 0.00213 0.00906 0.00002 ( 1)
 218 D   0.99085 0.00025 0.00890 0.00000 ( 1)
 219 R   0.98472 0.00614 0.00907 0.00007 ( 1)
 220 T   0.90423 0.08640 0.00836 0.00101 ( 1)
 221 Q   0.98884 0.00154 0.00960 0.00002 ( 1)
 222 L   0.98673 0.00342 0.00981 0.00004 ( 1)
 223 L   0.00050 0.98793 0.00000 0.01157 ( 2)
 224 A   0.99058 0.00065 0.00876 0.00001 ( 1)
 225 V   0.04781 0.94071 0.00046 0.01101 ( 2)
 226 M   0.53546 0.45428 0.00495 0.00532 ( 1)
 227 K   0.97541 0.01535 0.00906 0.00018 ( 1)
 228 L   0.98673 0.00342 0.00981 0.00004 ( 1)
 229 L   0.98578 0.00437 0.00980 0.00005 ( 1)
 230 Q   0.96708 0.02326 0.00939 0.00027 ( 1)
 231 E   0.48194 0.50764 0.00447 0.00594 ( 2)
 232 F   0.98922 0.00207 0.00869 0.00002 ( 1)
 233 S   0.93600 0.05255 0.01084 0.00062 ( 1)
 234 W   0.98769 0.00248 0.00980 0.00003 ( 1)
 235 N   0.99049 0.00038 0.00913 0.00000 ( 1)
 236 W   0.98769 0.00248 0.00980 0.00003 ( 1)
 237 V   0.99023 0.00062 0.00915 0.00001 ( 1)
 238 A   0.99094 0.00029 0.00877 0.00000 ( 1)
 239 A   0.99072 0.00023 0.00904 0.00000 ( 1)
 240 L   0.98671 0.00345 0.00981 0.00004 ( 1)
 241 G   0.99045 0.00046 0.00908 0.00001 ( 1)
 242 S   0.98550 0.00515 0.00930 0.00006 ( 1)
 243 D   0.99046 0.00064 0.00890 0.00001 ( 1)
 244 D   0.99038 0.00071 0.00890 0.00001 ( 1)
 245 E   0.99021 0.00059 0.00919 0.00001 ( 1)
 246 Y   0.95990 0.02989 0.00986 0.00035 ( 1)
 247 G   0.99045 0.00046 0.00908 0.00001 ( 1)
 248 R   0.98887 0.00166 0.00945 0.00002 ( 1)
 249 Q   0.98859 0.00178 0.00961 0.00002 ( 1)
 250 G   0.99045 0.00046 0.00908 0.00001 ( 1)
 251 L   0.98432 0.00565 0.00996 0.00007 ( 1)
 252 S   0.98732 0.00360 0.00904 0.00004 ( 1)
 253 I   0.99013 0.00119 0.00866 0.00001 ( 1)
 254 F   0.99116 0.00013 0.00871 0.00000 ( 1)
 255 S   0.98816 0.00230 0.00951 0.00003 ( 1)
 256 S   0.13626 0.84392 0.00994 0.00988 ( 2)
 257 M   0.95743 0.03267 0.00952 0.00038 ( 1)
 258 A   0.99080 0.00043 0.00876 0.00000 ( 1)
 259 S   0.49714 0.49250 0.00459 0.00577 ( 1)
 260 T   0.39919 0.59000 0.00390 0.00691 ( 2)
 261 Q   0.81361 0.17642 0.00790 0.00207 ( 1)
 262 G   0.92668 0.06403 0.00854 0.00075 ( 1)
 263 I   0.99121 0.00012 0.00867 0.00000 ( 1)
 264 C   0.99009 0.00078 0.00913 0.00001 ( 1)
 265 I   0.99111 0.00021 0.00867 0.00000 ( 1)
 266 A   0.97017 0.01897 0.01064 0.00022 ( 1)
 267 H   0.99065 0.00041 0.00894 0.00000 ( 1)
 268 E   0.99026 0.00054 0.00919 0.00001 ( 1)
 269 G   0.99045 0.00046 0.00908 0.00001 ( 1)
 270 L   0.98653 0.00362 0.00981 0.00004 ( 1)
 271 V   0.99023 0.00061 0.00915 0.00001 ( 1)
 272 P   0.98946 0.00145 0.00907 0.00002 ( 1)
 273 L   0.98609 0.00400 0.00986 0.00005 ( 1)
 274 S   0.88957 0.03649 0.07352 0.00043 ( 1)
 275 S   0.04603 0.94250 0.00043 0.01103 ( 2)
 276 A   0.98919 0.00202 0.00877 0.00002 ( 1)
 277 N   0.48847 0.50127 0.00439 0.00587 ( 2)
 278 D   0.00094 0.98749 0.00001 0.01156 ( 2)
 279 L   0.00008 0.98834 0.00000 0.01157 ( 2)
 280 V   0.00308 0.98535 0.00003 0.01154 ( 2)
 281 M   0.22293 0.76589 0.00222 0.00897 ( 2)
 282 R   0.98347 0.00742 0.00902 0.00009 ( 1)
 283 K   0.98969 0.00088 0.00943 0.00001 ( 1)
 284 V   0.99023 0.00062 0.00915 0.00001 ( 1)
 285 Q   0.98884 0.00154 0.00960 0.00002 ( 1)
 286 A   0.65953 0.33068 0.00592 0.00387 ( 1)
 287 L   0.15384 0.83494 0.00145 0.00977 ( 2)
 288 L   0.98673 0.00342 0.00981 0.00004 ( 1)
 289 H   0.98665 0.00435 0.00894 0.00005 ( 1)
 290 Q   0.98884 0.00154 0.00960 0.00002 ( 1)
 291 I   0.94978 0.04122 0.00852 0.00048 ( 1)
 292 N   0.99049 0.00038 0.00913 0.00000 ( 1)
 293 Q   0.98871 0.00167 0.00960 0.00002 ( 1)
 294 S   0.98738 0.00354 0.00904 0.00004 ( 1)
 295 N   0.95123 0.03954 0.00877 0.00046 ( 1)
 296 V   0.95020 0.04055 0.00878 0.00047 ( 1)
 297 Q   0.98884 0.00154 0.00960 0.00002 ( 1)
 298 V   0.99023 0.00062 0.00915 0.00001 ( 1)
 299 V   0.99023 0.00062 0.00915 0.00001 ( 1)
 300 V   0.96982 0.02097 0.00896 0.00025 ( 1)
 301 L   0.98577 0.00438 0.00980 0.00005 ( 1)
 302 F   0.99103 0.00025 0.00871 0.00000 ( 1)
 303 A   0.99096 0.00027 0.00876 0.00000 ( 1)
 304 S   0.99019 0.00073 0.00907 0.00001 ( 1)
 305 A   0.87754 0.04551 0.07641 0.00053 ( 1)
 306 H   0.45486 0.53478 0.00410 0.00626 ( 2)
 307 A   0.98856 0.00108 0.01035 0.00001 ( 1)
 308 A   0.99104 0.00019 0.00877 0.00000 ( 1)
 309 H   0.47318 0.51632 0.00446 0.00604 ( 2)
 310 L   0.00020 0.98819 0.00004 0.01157 ( 2)
 311 L   0.98670 0.00435 0.00890 0.00005 ( 1)
 312 F   0.99116 0.00013 0.00871 0.00000 ( 1)
 313 S   0.11943 0.85848 0.01204 0.01005 ( 2)
 314 Y   0.97088 0.01980 0.00909 0.00023 ( 1)
 315 S   0.98757 0.00335 0.00904 0.00004 ( 1)
 316 I   0.99121 0.00012 0.00867 0.00000 ( 1)
 317 R   0.92014 0.07056 0.00848 0.00083 ( 1)
 318 F   0.01218 0.97607 0.00032 0.01143 ( 2)
 319 N   0.42488 0.56447 0.00405 0.00661 ( 2)
 320 L   0.99068 0.00038 0.00894 0.00000 ( 1)
 321 S   0.63452 0.35427 0.00706 0.00415 ( 1)
 322 P   0.96663 0.02449 0.00859 0.00029 ( 1)
 323 K   0.98969 0.00088 0.00943 0.00001 ( 1)
 324 V   0.99023 0.00062 0.00915 0.00001 ( 1)
 325 W   0.98769 0.00248 0.00980 0.00003 ( 1)
 326 V   0.99005 0.00076 0.00918 0.00001 ( 1)
 327 A   0.99104 0.00019 0.00877 0.00000 ( 1)
 328 S   0.99038 0.00055 0.00906 0.00001 ( 1)
 329 E   0.99026 0.00054 0.00919 0.00001 ( 1)
 330 A   0.99104 0.00019 0.00877 0.00000 ( 1)
 331 W   0.98769 0.00248 0.00980 0.00003 ( 1)
 332 L   0.98642 0.00373 0.00981 0.00004 ( 1)
 333 T   0.99070 0.00029 0.00901 0.00000 ( 1)
 334 S   0.93591 0.05282 0.01066 0.00062 ( 1)
 335 D   0.87422 0.03662 0.08873 0.00043 ( 1)
 336 L   0.58873 0.35953 0.04753 0.00421 ( 1)
 337 V   0.98720 0.00390 0.00886 0.00005 ( 1)
 338 M   0.99100 0.00017 0.00883 0.00000 ( 1)
 339 E   0.89557 0.09513 0.00819 0.00111 ( 1)
 340 L   0.98671 0.00344 0.00981 0.00004 ( 1)
 341 P   0.98884 0.00235 0.00879 0.00003 ( 1)
 342 G   0.99045 0.00046 0.00908 0.00001 ( 1)
 343 M   0.98946 0.00171 0.00881 0.00002 ( 1)
 344 T   0.98925 0.00198 0.00875 0.00002 ( 1)
 345 Q   0.97652 0.01384 0.00948 0.00016 ( 1)
 346 M   0.93137 0.05933 0.00861 0.00069 ( 1)
 347 G   0.99029 0.00062 0.00908 0.00001 ( 1)
 348 T   0.99043 0.00056 0.00901 0.00001 ( 1)
 349 V   0.99023 0.00062 0.00915 0.00001 ( 1)
 350 L   0.96828 0.02184 0.00962 0.00026 ( 1)
 351 G   0.99045 0.00046 0.00908 0.00001 ( 1)
 352 F   0.98927 0.00082 0.00990 0.00001 ( 1)
 353 L   0.97512 0.01501 0.00970 0.00018 ( 1)
 354 H   0.97709 0.01393 0.00882 0.00016 ( 1)
 355 Q   0.84059 0.14869 0.00897 0.00174 ( 1)
 356 G   0.81827 0.17218 0.00753 0.00202 ( 1)
 357 D   0.03817 0.94337 0.00742 0.01104 ( 2)
 358 L   0.03687 0.95109 0.00091 0.01113 ( 2)
 359 L   0.98653 0.00361 0.00982 0.00004 ( 1)
 360 P   0.95394 0.03715 0.00848 0.00043 ( 1)
 361 N   0.00833 0.97983 0.00037 0.01147 ( 2)
 362 F   0.99116 0.00013 0.00871 0.00000 ( 1)
 363 S   0.62217 0.36783 0.00570 0.00431 ( 1)
 364 Q   0.35162 0.63729 0.00363 0.00746 ( 2)
 365 Y   0.98902 0.00170 0.00926 0.00002 ( 1)
 366 V   0.99023 0.00062 0.00915 0.00001 ( 1)
 367 K   0.90174 0.00840 0.08977 0.00010 ( 1)
 368 N   0.98376 0.00720 0.00895 0.00008 ( 1)
 369 R   0.58113 0.36204 0.05260 0.00424 ( 1)
 370 L   0.95761 0.03249 0.00952 0.00038 ( 1)
 371 H   0.14443 0.84438 0.00130 0.00988 ( 2)
 372 L   0.98673 0.00342 0.00981 0.00004 ( 1)
 373 A   0.99094 0.00029 0.00877 0.00000 ( 1)
 374 A   0.98638 0.00484 0.00872 0.00006 ( 1)
 375 N   0.96179 0.02840 0.00947 0.00033 ( 1)
 376 P   0.98049 0.00998 0.00941 0.00012 ( 1)
 377 A   0.31489 0.67442 0.00279 0.00790 ( 2)
 378 F   0.99116 0.00013 0.00871 0.00000 ( 1)
 379 C   0.98641 0.00254 0.01101 0.00003 ( 1)
 380 A   0.96950 0.02167 0.00857 0.00025 ( 1)
 381 S   0.10172 0.88693 0.00097 0.01038 ( 2)
 382 L   0.98673 0.00342 0.00981 0.00004 ( 1)
 383 K   0.14609 0.84271 0.00134 0.00987 ( 2)
 384 A   0.01055 0.97626 0.00176 0.01143 ( 2)
 385 E   0.46591 0.52363 0.00433 0.00613 ( 2)
 386 Q   0.98034 0.01003 0.00952 0.00012 ( 1)
 387 P   0.92347 0.06533 0.01044 0.00076 ( 1)
 388 G   0.88680 0.03393 0.07888 0.00040 ( 1)
 389 L   0.98609 0.00400 0.00986 0.00005 ( 1)
 390 E   0.99026 0.00054 0.00919 0.00001 ( 1)
 391 E   0.99022 0.00059 0.00919 0.00001 ( 1)
 392 H   0.98628 0.00477 0.00890 0.00006 ( 1)
 393 V   0.99023 0.00062 0.00915 0.00001 ( 1)
 394 V   0.99005 0.00076 0.00918 0.00001 ( 1)
 395 G   0.99010 0.00056 0.00933 0.00001 ( 1)
 396 P   0.89793 0.09276 0.00823 0.00109 ( 1)
 397 R   0.99036 0.00051 0.00912 0.00001 ( 1)
 398 C   0.99048 0.00039 0.00913 0.00000 ( 1)
 399 P   0.98772 0.00159 0.01067 0.00002 ( 1)
 400 Q   0.98884 0.00154 0.00960 0.00002 ( 1)
 401 C   0.95343 0.03661 0.00953 0.00043 ( 1)
 402 D   0.99085 0.00025 0.00890 0.00000 ( 1)
 403 H   0.00043 0.98800 0.00000 0.01157 ( 2)
 404 I   0.97804 0.01325 0.00856 0.00016 ( 1)
 405 T   0.97120 0.01931 0.00926 0.00023 ( 1)
 406 L   0.98653 0.00362 0.00981 0.00004 ( 1)
 407 Q   0.98781 0.00257 0.00959 0.00003 ( 1)
 408 N   0.99028 0.00058 0.00913 0.00001 ( 1)
 409 V   0.98218 0.00864 0.00908 0.00010 ( 1)
 410 S   0.39936 0.59004 0.00368 0.00691 ( 2)
 411 A   0.93938 0.05170 0.00831 0.00061 ( 1)
 412 G   0.53312 0.45653 0.00501 0.00534 ( 1)
 413 L   0.96517 0.02492 0.00961 0.00029 ( 1)
 414 L   0.00000 0.98843 0.00000 0.01157 ( 2)
 415 H   0.92803 0.06094 0.01032 0.00071 ( 1)
 416 H   0.98811 0.00295 0.00891 0.00003 ( 1)
 417 R   0.83573 0.15447 0.00799 0.00181 ( 1)
 418 P   0.48936 0.46220 0.04303 0.00541 ( 1)
 419 F   0.99108 0.00021 0.00871 0.00000 ( 1)
 420 A   0.29009 0.68945 0.01240 0.00807 ( 2)
 421 A   0.98823 0.00299 0.00874 0.00004 ( 1)
 422 Y   0.98987 0.00086 0.00927 0.00001 ( 1)
 423 A   0.74512 0.24363 0.00840 0.00285 ( 1)
 424 A   0.98180 0.00902 0.00908 0.00011 ( 1)
 425 V   0.99023 0.00062 0.00915 0.00001 ( 1)
 426 Y   0.98896 0.00176 0.00926 0.00002 ( 1)
 427 S   0.98544 0.00547 0.00902 0.00006 ( 1)
 428 V   0.99023 0.00062 0.00915 0.00001 ( 1)
 429 A   0.99100 0.00024 0.00877 0.00000 ( 1)
 430 Q   0.98861 0.00175 0.00962 0.00002 ( 1)
 431 A   0.99104 0.00019 0.00877 0.00000 ( 1)
 432 L   0.98602 0.00413 0.00980 0.00005 ( 1)
 433 H   0.99078 0.00028 0.00894 0.00000 ( 1)
 434 N   0.99046 0.00041 0.00913 0.00000 ( 1)
 435 T   0.96337 0.02755 0.00876 0.00032 ( 1)
 436 L   0.98577 0.00438 0.00980 0.00005 ( 1)
 437 Q   0.03391 0.95459 0.00033 0.01117 ( 2)
 438 C   0.99048 0.00039 0.00913 0.00000 ( 1)
 439 S   0.70694 0.28323 0.00651 0.00332 ( 1)
 440 S   0.95442 0.03641 0.00874 0.00043 ( 1)
 441 S   0.98527 0.00531 0.00936 0.00006 ( 1)
 442 G   0.99045 0.00046 0.00908 0.00001 ( 1)
 443 C   0.99048 0.00039 0.00913 0.00000 ( 1)
 444 P   0.99082 0.00037 0.00881 0.00000 ( 1)
 445 A   0.00136 0.98707 0.00001 0.01156 ( 2)
 446 R   0.10765 0.88092 0.00112 0.01031 ( 2)
 447 E   0.95698 0.03374 0.00888 0.00039 ( 1)
 448 P   0.99095 0.00024 0.00881 0.00000 ( 1)
 449 V   0.99023 0.00062 0.00915 0.00001 ( 1)
 450 R   0.37082 0.61834 0.00360 0.00724 ( 2)
 451 -   0.82808 0.16035 0.00969 0.00188 ( 1)
 452 -   0.82808 0.16035 0.00969 0.00188 ( 1)
 453 -   0.82808 0.16035 0.00969 0.00188 ( 1)
 454 -   0.82808 0.16035 0.00969 0.00188 ( 1)
 455 -   0.82808 0.16035 0.00969 0.00188 ( 1)
 456 -   0.82808 0.16035 0.00969 0.00188 ( 1)
 457 P   0.98677 0.00441 0.00877 0.00005 ( 1)
 458 W   0.98769 0.00248 0.00980 0.00003 ( 1)
 459 Q   0.77000 0.15407 0.07412 0.00180 ( 1)
 460 L   0.52238 0.46739 0.00476 0.00547 ( 1)
 461 L   0.95680 0.03330 0.00951 0.00039 ( 1)
 462 E   0.07737 0.91125 0.00072 0.01067 ( 2)
 463 N   0.98196 0.00889 0.00905 0.00010 ( 1)
 464 M   0.76594 0.22461 0.00682 0.00263 ( 1)
 465 Y   0.88028 0.11019 0.00824 0.00129 ( 1)
 466 N   0.98608 0.00478 0.00909 0.00006 ( 1)
 467 M   0.98495 0.00620 0.00877 0.00007 ( 1)
 468 S   0.98701 0.00391 0.00903 0.00005 ( 1)
 469 F   0.99116 0.00013 0.00871 0.00000 ( 1)
 470 -   0.82808 0.16035 0.00969 0.00188 ( 1)
 471 R   0.06046 0.92403 0.00469 0.01082 ( 2)
 472 A   0.00020 0.98823 0.00000 0.01157 ( 2)
 473 G   0.05201 0.93655 0.00048 0.01096 ( 2)
 474 G   0.98271 0.00814 0.00905 0.00010 ( 1)
 475 L   0.94463 0.04544 0.00939 0.00053 ( 1)
 476 E   0.00070 0.98773 0.00001 0.01156 ( 2)
 477 L   0.91743 0.07260 0.00912 0.00085 ( 1)
 478 R   0.96046 0.02977 0.00942 0.00035 ( 1)
 479 F   0.98372 0.00755 0.00865 0.00009 ( 1)
 480 D   0.94986 0.04113 0.00853 0.00048 ( 1)
 481 A   0.01745 0.97002 0.00117 0.01136 ( 2)
 482 G   0.51235 0.47731 0.00475 0.00559 ( 1)
 483 G   0.98929 0.00137 0.00933 0.00002 ( 1)
 484 N   0.99028 0.00058 0.00913 0.00001 ( 1)
 485 V   0.99017 0.00067 0.00915 0.00001 ( 1)
 486 N   0.98849 0.00260 0.00888 0.00003 ( 1)
 487 L   0.70791 0.28247 0.00630 0.00331 ( 1)
 488 K   0.98340 0.00738 0.00913 0.00009 ( 1)
 489 Y   0.06328 0.91983 0.00612 0.01077 ( 2)
 490 D   0.95144 0.03956 0.00854 0.00046 ( 1)
 491 L   0.95941 0.03069 0.00954 0.00036 ( 1)
 492 K   0.98055 0.00999 0.00934 0.00012 ( 1)
 493 L   0.69342 0.29622 0.00689 0.00347 ( 1)
 494 W   0.73352 0.25620 0.00728 0.00300 ( 1)
 495 V   0.98357 0.00726 0.00909 0.00008 ( 1)
 496 W   0.98769 0.00248 0.00980 0.00003 ( 1)
 497 R   0.01009 0.97797 0.00049 0.01145 ( 2)
 498 D   0.10387 0.88303 0.00277 0.01034 ( 2)
 499 P   0.00175 0.98657 0.00014 0.01155 ( 2)
 500 T   0.70648 0.28220 0.00802 0.00330 ( 1)
 501 P   0.99080 0.00039 0.00881 0.00000 ( 1)
 502 E   0.00328 0.98486 0.00033 0.01153 ( 2)
 503 L   0.99039 0.00066 0.00893 0.00001 ( 1)
 504 R   0.63069 0.34987 0.01535 0.00410 ( 1)
 505 T   0.00080 0.98763 0.00001 0.01156 ( 2)
 506 V   0.99023 0.00062 0.00915 0.00001 ( 1)
 507 G   0.99045 0.00046 0.00908 0.00001 ( 1)
 508 T   0.00446 0.98398 0.00004 0.01152 ( 2)
 509 F   0.99116 0.00013 0.00871 0.00000 ( 1)
 510 N   0.98399 0.00704 0.00890 0.00008 ( 1)
 511 G   0.82888 0.09138 0.07868 0.00107 ( 1)
 512 S   0.12296 0.85600 0.01102 0.01002 ( 2)
 513 L   0.98720 0.00384 0.00892 0.00004 ( 1)
 514 W   0.02642 0.96205 0.00027 0.01126 ( 2)
 515 -   0.82808 0.16035 0.00969 0.00188 ( 1)
 516 L   0.01020 0.97824 0.00010 0.01145 ( 2)
 517 Q   0.90827 0.08195 0.00883 0.00096 ( 1)
 518 R   0.91983 0.07094 0.00840 0.00083 ( 1)
 519 S   0.00093 0.98750 0.00001 0.01156 ( 2)
 520 K   0.98103 0.00951 0.00935 0.00011 ( 1)
 521 I   0.99001 0.00131 0.00866 0.00002 ( 1)
 522 C   0.00095 0.98748 0.00001 0.01156 ( 2)
 523 W   0.98769 0.00248 0.00980 0.00003 ( 1)
 524 H   0.99042 0.00064 0.00893 0.00001 ( 1)
 525 T   0.96937 0.01948 0.01092 0.00023 ( 1)
 526 H   0.02406 0.96443 0.00021 0.01129 ( 2)
 527 S   0.00625 0.98220 0.00006 0.01150 ( 2)
 528 N   0.98992 0.00094 0.00912 0.00001 ( 1)
 529 R   0.83198 0.15809 0.00808 0.00185 ( 1)
 530 V   0.00002 0.98841 0.00000 0.01157 ( 2)
 531 P   0.98713 0.00169 0.01116 0.00002 ( 1)
 532 V   0.92653 0.06416 0.00856 0.00075 ( 1)
 533 S   0.98643 0.00449 0.00903 0.00005 ( 1)
 534 Q   0.76594 0.22400 0.00743 0.00262 ( 1)
 535 C   0.99048 0.00039 0.00913 0.00000 ( 1)
 536 S   0.98073 0.00984 0.00931 0.00012 ( 1)
 537 Q   0.37799 0.61124 0.00361 0.00716 ( 2)
 538 Q   0.81934 0.17071 0.00795 0.00200 ( 1)
 539 C   0.98999 0.00087 0.00912 0.00001 ( 1)
 540 Q   0.38955 0.59198 0.01154 0.00693 ( 2)
 541 E   0.97360 0.01714 0.00906 0.00020 ( 1)
 542 G   0.98993 0.00098 0.00908 0.00001 ( 1)
 543 Q   0.98747 0.00291 0.00958 0.00003 ( 1)
 544 V   0.98959 0.00125 0.00914 0.00001 ( 1)
 545 R   0.98980 0.00107 0.00912 0.00001 ( 1)
 546 R   0.98020 0.00865 0.01105 0.00010 ( 1)
 547 V   0.99001 0.00084 0.00915 0.00001 ( 1)
 548 K   0.98190 0.00864 0.00935 0.00010 ( 1)
 549 G   0.98979 0.00112 0.00908 0.00001 ( 1)
 550 F   0.98997 0.00132 0.00870 0.00002 ( 1)
 551 H   0.93968 0.05125 0.00848 0.00060 ( 1)
 552 S   0.98703 0.00389 0.00904 0.00005 ( 1)
 553 C   0.92290 0.06780 0.00851 0.00079 ( 1)
 554 C   0.92290 0.06780 0.00851 0.00079 ( 1)
 555 Y   0.98317 0.00754 0.00920 0.00009 ( 1)
 556 D   0.99085 0.00025 0.00890 0.00000 ( 1)
 557 C   0.98780 0.00306 0.00911 0.00004 ( 1)
 558 V   0.98939 0.00145 0.00914 0.00002 ( 1)
 559 D   0.99085 0.00025 0.00890 0.00000 ( 1)
 560 C   0.99044 0.00042 0.00913 0.00000 ( 1)
 561 K   0.50474 0.48477 0.00481 0.00567 ( 1)
 562 P   0.88436 0.10442 0.01000 0.00122 ( 1)
 563 G   0.99045 0.00046 0.00908 0.00001 ( 1)
 564 S   0.99043 0.00050 0.00906 0.00001 ( 1)
 565 Y   0.99016 0.00056 0.00927 0.00001 ( 1)
 566 Q   0.74861 0.24129 0.00727 0.00282 ( 1)
 567 -   0.82808 0.16035 0.00969 0.00188 ( 1)
 568 H   0.00762 0.98083 0.00007 0.01148 ( 2)
 569 S   0.61621 0.37378 0.00564 0.00438 ( 1)
 570 P   0.11415 0.87217 0.00347 0.01021 ( 2)
 571 -   0.82808 0.16035 0.00969 0.00188 ( 1)
 572 -   0.82808 0.16035 0.00969 0.00188 ( 1)
 573 E   0.17407 0.81447 0.00192 0.00953 ( 2)
 574 D   0.98654 0.00455 0.00886 0.00005 ( 1)
 575 P   0.00018 0.98825 0.00000 0.01157 ( 2)
 576 T   0.00216 0.98627 0.00002 0.01155 ( 2)
 577 C   0.93941 0.05133 0.00866 0.00060 ( 1)
 578 T   0.70958 0.28068 0.00645 0.00329 ( 1)
 579 P   0.00000 0.98843 0.00000 0.01157 ( 2)
 580 C   0.79227 0.19811 0.00730 0.00232 ( 1)
 581 R   0.00000 0.98843 0.00000 0.01157 ( 2)
 582 K   0.00757 0.98088 0.00007 0.01148 ( 2)
 583 D   0.53088 0.45791 0.00585 0.00536 ( 1)
 584 Q   0.49499 0.49463 0.00460 0.00579 ( 1)
 585 W   0.92602 0.06404 0.00919 0.00075 ( 1)
 586 S   0.99058 0.00035 0.00907 0.00000 ( 1)
 587 P   0.99042 0.00049 0.00908 0.00001 ( 1)
 588 Q   0.54942 0.44032 0.00510 0.00515 ( 1)
 589 R   0.98921 0.00132 0.00945 0.00002 ( 1)
 590 S   0.99060 0.00033 0.00907 0.00000 ( 1)
 591 R   0.32220 0.66634 0.00366 0.00780 ( 2)
 592 K   0.53141 0.45830 0.00493 0.00537 ( 1)
 593 C   0.99048 0.00039 0.00913 0.00000 ( 1)
 594 F   0.99116 0.00013 0.00871 0.00000 ( 1)
 595 S   0.01317 0.97429 0.00113 0.01141 ( 2)
 596 R   0.98954 0.00099 0.00946 0.00001 ( 1)
 597 R   0.97585 0.01483 0.00915 0.00017 ( 1)
 598 H   0.00798 0.98047 0.00007 0.01148 ( 2)
 599 T   0.63931 0.29715 0.06006 0.00348 ( 1)
 600 F   0.98967 0.00162 0.00869 0.00002 ( 1)
 601 L   0.94341 0.04666 0.00939 0.00055 ( 1)
 602 A   0.17631 0.81257 0.00161 0.00951 ( 2)
 603 W   0.53390 0.45547 0.00530 0.00533 ( 1)
 604 G   0.98403 0.00661 0.00928 0.00008 ( 1)
 605 D   0.39043 0.56921 0.03370 0.00666 ( 2)
 606 P   0.91717 0.07356 0.00841 0.00086 ( 1)
 607 T   0.81428 0.17596 0.00770 0.00206 ( 1)
 608 V   0.98321 0.00762 0.00908 0.00009 ( 1)
 609 L   0.98633 0.00383 0.00980 0.00004 ( 1)
 610 V   0.00234 0.98609 0.00002 0.01154 ( 2)
 611 L   0.72372 0.26597 0.00719 0.00311 ( 1)
 612 L   0.94480 0.04613 0.00852 0.00054 ( 1)
 613 L   0.82003 0.16983 0.00815 0.00199 ( 1)
 614 L   0.90936 0.08065 0.00904 0.00094 ( 1)
 615 L   0.93995 0.05012 0.00934 0.00059 ( 1)
 616 G   0.33844 0.65083 0.00310 0.00762 ( 2)
 617 L   0.98449 0.00566 0.00979 0.00007 ( 1)
 618 V   0.96230 0.02847 0.00890 0.00033 ( 1)
 619 L   0.98673 0.00342 0.00981 0.00004 ( 1)
 620 A   0.98362 0.00727 0.00902 0.00009 ( 1)
 621 L   0.97833 0.01180 0.00972 0.00014 ( 1)
 622 V   0.99023 0.00062 0.00915 0.00001 ( 1)
 623 L   0.90936 0.08065 0.00904 0.00094 ( 1)
 624 A   0.96230 0.02857 0.00880 0.00033 ( 1)
 625 A   0.32759 0.66176 0.00290 0.00775 ( 2)
 626 L   0.93794 0.05213 0.00932 0.00061 ( 1)
 627 G   0.98963 0.00103 0.00933 0.00001 ( 1)
 628 L   0.65324 0.33634 0.00649 0.00394 ( 1)
 629 F   0.96697 0.02210 0.01067 0.00026 ( 1)
 630 V   0.00134 0.98710 0.00001 0.01156 ( 2)
 631 H   0.55332 0.43657 0.00499 0.00511 ( 1)
 632 H   0.98358 0.00745 0.00888 0.00009 ( 1)
 633 R   0.12559 0.85124 0.01320 0.00996 ( 2)
 634 N   0.66856 0.32167 0.00600 0.00377 ( 1)
 635 S   0.93957 0.05122 0.00861 0.00060 ( 1)
 636 P   0.96557 0.02467 0.00947 0.00029 ( 1)
 637 L   0.86781 0.12213 0.00863 0.00143 ( 1)
 638 V   0.48948 0.50011 0.00455 0.00585 ( 2)
 639 Q   0.80656 0.18347 0.00783 0.00215 ( 1)
 640 A   0.99104 0.00019 0.00877 0.00000 ( 1)
 641 S   0.93958 0.05078 0.00905 0.00059 ( 1)
 642 G   0.73111 0.25889 0.00697 0.00303 ( 1)
 643 G   0.85588 0.13448 0.00807 0.00157 ( 1)
 644 L   0.00609 0.98235 0.00007 0.01150 ( 2)
 645 L   0.90936 0.08065 0.00904 0.00094 ( 1)
 646 A   0.98195 0.00894 0.00901 0.00010 ( 1)
 647 C   0.92028 0.07041 0.00848 0.00082 ( 1)
 648 F   0.56484 0.42403 0.00617 0.00496 ( 1)
 649 G   0.53279 0.45697 0.00489 0.00535 ( 1)
 650 L   0.85105 0.13886 0.00846 0.00163 ( 1)
 651 A   0.55977 0.43024 0.00495 0.00504 ( 1)
 652 C   0.98036 0.01049 0.00904 0.00012 ( 1)
 653 L   0.92081 0.06922 0.00915 0.00081 ( 1)
 654 G   0.91258 0.07813 0.00837 0.00091 ( 1)
 655 L   0.96336 0.02675 0.00958 0.00031 ( 1)
 656 V   0.98617 0.00492 0.00885 0.00006 ( 1)
 657 C   0.99048 0.00039 0.00913 0.00000 ( 1)
 658 L   0.93221 0.05868 0.00842 0.00069 ( 1)
 659 S   0.84307 0.10237 0.05337 0.00120 ( 1)
 660 G   0.57240 0.41743 0.00528 0.00489 ( 1)
 661 L   0.93820 0.05272 0.00846 0.00062 ( 1)
 662 L   0.86362 0.12631 0.00859 0.00148 ( 1)
 663 F   0.97639 0.01486 0.00858 0.00017 ( 1)
 664 P   0.88014 0.11072 0.00784 0.00130 ( 1)
 665 G   0.99023 0.00066 0.00911 0.00001 ( 1)
 666 R   0.73389 0.25609 0.00702 0.00300 ( 1)
 667 P   0.98981 0.00109 0.00908 0.00001 ( 1)
 668 S   0.94195 0.04886 0.00862 0.00057 ( 1)
 669 P   0.98607 0.00508 0.00878 0.00006 ( 1)
 670 A   0.92913 0.06189 0.00825 0.00072 ( 1)
 671 S   0.46465 0.52496 0.00425 0.00615 ( 2)
 672 C   0.99033 0.00053 0.00913 0.00001 ( 1)
 673 L   0.66572 0.32387 0.00662 0.00379 ( 1)
 674 A   0.98945 0.00178 0.00875 0.00002 ( 1)
 675 Q   0.96847 0.02187 0.00940 0.00026 ( 1)
 676 Q   0.97239 0.01796 0.00944 0.00021 ( 1)
 677 P   0.98292 0.00797 0.00902 0.00009 ( 1)
 678 L   0.31843 0.67055 0.00317 0.00785 ( 2)
 679 C   0.85124 0.13848 0.00866 0.00162 ( 1)
 680 H   0.66243 0.32776 0.00597 0.00384 ( 1)
 681 L   0.99025 0.00081 0.00893 0.00001 ( 1)
 682 P   0.97926 0.01118 0.00944 0.00013 ( 1)
 683 L   0.99013 0.00093 0.00893 0.00001 ( 1)
 684 T   0.98853 0.00245 0.00899 0.00003 ( 1)
 685 G   0.98993 0.00098 0.00908 0.00001 ( 1)
 686 C   0.98999 0.00087 0.00912 0.00001 ( 1)
 687 L   0.98449 0.00566 0.00979 0.00007 ( 1)
 688 S   0.99018 0.00075 0.00906 0.00001 ( 1)
 689 T   0.91491 0.07384 0.01039 0.00086 ( 1)
 690 L   0.97533 0.01481 0.00969 0.00017 ( 1)
 691 F   0.95420 0.03697 0.00840 0.00043 ( 1)
 692 L   0.98449 0.00566 0.00979 0.00007 ( 1)
 693 Q   0.98749 0.00289 0.00959 0.00003 ( 1)
 694 A   0.98761 0.00331 0.00904 0.00004 ( 1)
 695 A   0.99069 0.00054 0.00876 0.00001 ( 1)
 696 E   0.90430 0.01198 0.08359 0.00014 ( 1)
 697 T   0.80908 0.16734 0.02162 0.00196 ( 1)
 698 F   0.99074 0.00052 0.00874 0.00001 ( 1)
 699 V   0.87802 0.11255 0.00811 0.00132 ( 1)
 700 E   0.98954 0.00126 0.00918 0.00001 ( 1)
 701 S   0.97305 0.01750 0.00925 0.00020 ( 1)
 702 E   0.98687 0.00392 0.00916 0.00005 ( 1)
 703 L   0.98193 0.00821 0.00976 0.00010 ( 1)
 704 P   0.98198 0.00891 0.00900 0.00010 ( 1)
 705 P   0.00934 0.97911 0.00009 0.01146 ( 2)
 706 S   0.94466 0.04616 0.00864 0.00054 ( 1)
 707 W   0.96164 0.02848 0.00955 0.00033 ( 1)
 708 A   0.30136 0.68783 0.00276 0.00805 ( 2)
 709 D   0.96196 0.02906 0.00864 0.00034 ( 1)
 710 R   0.94115 0.04889 0.00938 0.00057 ( 1)
 711 L   0.95717 0.03293 0.00951 0.00039 ( 1)
 712 H   0.11180 0.87686 0.00107 0.01026 ( 2)
 713 S   0.98650 0.00440 0.00905 0.00005 ( 1)
 714 R   0.93692 0.05380 0.00865 0.00063 ( 1)
 715 L   0.98673 0.00342 0.00981 0.00004 ( 1)
 716 R   0.96686 0.02338 0.00948 0.00027 ( 1)
 717 G   0.98854 0.00112 0.01033 0.00001 ( 1)
 718 P   0.98895 0.00223 0.00879 0.00003 ( 1)
 719 C   0.76884 0.22094 0.00763 0.00259 ( 1)
 720 A   0.99104 0.00019 0.00877 0.00000 ( 1)
 721 W   0.98769 0.00248 0.00980 0.00003 ( 1)
 722 M   0.95298 0.03707 0.00952 0.00043 ( 1)
 723 V   0.59600 0.39012 0.00932 0.00457 ( 1)
 724 V   0.99023 0.00062 0.00915 0.00001 ( 1)
 725 V   0.95582 0.03427 0.00950 0.00040 ( 1)
 726 L   0.98577 0.00438 0.00980 0.00005 ( 1)
 727 A   0.98914 0.00209 0.00875 0.00002 ( 1)
 728 L   0.23226 0.74033 0.01874 0.00867 ( 2)
 729 L   0.98673 0.00342 0.00981 0.00004 ( 1)
 730 V   0.98894 0.00079 0.01025 0.00001 ( 1)
 731 E   0.99026 0.00054 0.00919 0.00001 ( 1)
 732 A   0.98433 0.00660 0.00899 0.00008 ( 1)
 733 A   0.97908 0.01162 0.00917 0.00014 ( 1)
 734 L   0.98673 0.00342 0.00981 0.00004 ( 1)
 735 C   0.98964 0.00110 0.00925 0.00001 ( 1)
 736 A   0.58419 0.39904 0.01210 0.00467 ( 1)
 737 W   0.98769 0.00248 0.00980 0.00003 ( 1)
 738 Y   0.99016 0.00056 0.00927 0.00001 ( 1)
 739 L   0.98673 0.00342 0.00981 0.00004 ( 1)
 740 I   0.00562 0.98282 0.00006 0.01151 ( 2)
 741 A   0.99094 0.00029 0.00877 0.00000 ( 1)
 742 F   0.99115 0.00014 0.00871 0.00000 ( 1)
 743 R   0.97817 0.01271 0.00897 0.00015 ( 1)
 744 P   0.97683 0.01198 0.01105 0.00014 ( 1)
 745 E   0.99026 0.00054 0.00919 0.00001 ( 1)
 746 V   0.98999 0.00085 0.00915 0.00001 ( 1)
 747 V   0.99023 0.00062 0.00915 0.00001 ( 1)
 748 M   0.50586 0.48275 0.00574 0.00565 ( 1)
 749 D   0.99085 0.00025 0.00890 0.00000 ( 1)
 750 W   0.98769 0.00248 0.00980 0.00003 ( 1)
 751 H   0.54489 0.44461 0.00530 0.00520 ( 1)
 752 V   0.91599 0.07467 0.00846 0.00087 ( 1)
 753 L   0.98651 0.00364 0.00981 0.00004 ( 1)
 754 P   0.99098 0.00021 0.00881 0.00000 ( 1)
 755 T   0.94511 0.04365 0.01073 0.00051 ( 1)
 756 K   0.98514 0.00565 0.00915 0.00007 ( 1)
 757 A   0.98384 0.00650 0.00959 0.00008 ( 1)
 758 L   0.98653 0.00362 0.00981 0.00004 ( 1)
 759 V   0.97284 0.01777 0.00918 0.00021 ( 1)
 760 H   0.99078 0.00028 0.00894 0.00000 ( 1)
 761 C   0.99002 0.00085 0.00912 0.00001 ( 1)
 762 R   0.98563 0.00523 0.00908 0.00006 ( 1)
 763 V   0.00044 0.98797 0.00002 0.01157 ( 2)
 764 H   0.98097 0.01006 0.00885 0.00012 ( 1)
 765 S   0.99061 0.00032 0.00907 0.00000 ( 1)
 766 W   0.98769 0.00248 0.00980 0.00003 ( 1)
 767 A   0.98652 0.00457 0.00886 0.00005 ( 1)
 768 G   0.95768 0.03305 0.00888 0.00039 ( 1)
 769 L   0.97820 0.01282 0.00883 0.00015 ( 1)
 770 G   0.99045 0.00046 0.00908 0.00001 ( 1)
 771 L   0.98655 0.00360 0.00981 0.00004 ( 1)
 772 V   0.98176 0.00906 0.00907 0.00011 ( 1)
 773 H   0.99043 0.00063 0.00893 0.00001 ( 1)
 774 T   0.97072 0.02045 0.00859 0.00024 ( 1)
 775 L   0.70915 0.28110 0.00646 0.00329 ( 1)
 776 N   0.98627 0.00458 0.00910 0.00005 ( 1)
 777 A   0.99096 0.00024 0.00879 0.00000 ( 1)
 778 I   0.04801 0.94053 0.00045 0.01101 ( 2)
 779 L   0.98673 0.00342 0.00981 0.00004 ( 1)
 780 A   0.98811 0.00085 0.01103 0.00001 ( 1)
 781 S   0.98826 0.00266 0.00905 0.00003 ( 1)
 782 L   0.98974 0.00132 0.00893 0.00002 ( 1)
 783 C   0.98659 0.00427 0.00909 0.00005 ( 1)
 784 F   0.99111 0.00016 0.00874 0.00000 ( 1)
 785 L   0.98567 0.00448 0.00980 0.00005 ( 1)
 786 G   0.99025 0.00066 0.00908 0.00001 ( 1)
 787 T   0.99065 0.00034 0.00901 0.00000 ( 1)
 788 F   0.99116 0.00013 0.00871 0.00000 ( 1)
 789 L   0.98673 0.00342 0.00981 0.00004 ( 1)
 790 V   0.98999 0.00085 0.00915 0.00001 ( 1)
 791 R   0.76702 0.22292 0.00745 0.00261 ( 1)
 792 S   0.99060 0.00033 0.00907 0.00000 ( 1)
 793 Q   0.19656 0.79192 0.00224 0.00927 ( 2)
 794 P   0.98973 0.00145 0.00880 0.00002 ( 1)
 795 G   0.84495 0.07612 0.07805 0.00089 ( 1)
 796 R   0.98579 0.00507 0.00908 0.00006 ( 1)
 797 Y   0.99016 0.00056 0.00927 0.00001 ( 1)
 798 S   0.98667 0.00425 0.00903 0.00005 ( 1)
 799 R   0.73403 0.19260 0.07112 0.00225 ( 1)
 800 A   0.99104 0.00019 0.00877 0.00000 ( 1)
 801 R   0.96753 0.02322 0.00898 0.00027 ( 1)
 802 G   0.99045 0.00046 0.00908 0.00001 ( 1)
 803 L   0.98581 0.00548 0.00864 0.00006 ( 1)
 804 T   0.99071 0.00028 0.00901 0.00000 ( 1)
 805 F   0.97335 0.01723 0.00922 0.00020 ( 1)
 806 A   0.99103 0.00020 0.00877 0.00000 ( 1)
 807 T   0.56492 0.38321 0.04739 0.00449 ( 1)
 808 L   0.98673 0.00342 0.00981 0.00004 ( 1)
 809 A   0.99094 0.00029 0.00877 0.00000 ( 1)
 810 Y   0.98953 0.00120 0.00926 0.00001 ( 1)
 811 L   0.98836 0.00268 0.00892 0.00003 ( 1)
 812 I   0.99121 0.00012 0.00867 0.00000 ( 1)
 813 T   0.91650 0.00283 0.08064 0.00003 ( 1)
 814 W   0.98769 0.00248 0.00980 0.00003 ( 1)
 815 V   0.99077 0.00034 0.00889 0.00000 ( 1)
 816 S   0.99061 0.00032 0.00907 0.00000 ( 1)
 817 F   0.99107 0.00022 0.00871 0.00000 ( 1)
 818 V   0.99023 0.00062 0.00915 0.00001 ( 1)
 819 P   0.99073 0.00046 0.00880 0.00001 ( 1)
 820 L   0.99068 0.00038 0.00894 0.00000 ( 1)
 821 L   0.98673 0.00342 0.00981 0.00004 ( 1)
 822 A   0.99104 0.00019 0.00877 0.00000 ( 1)
 823 N   0.98438 0.00620 0.00935 0.00007 ( 1)
 824 V   0.97134 0.01946 0.00897 0.00023 ( 1)
 825 Q   0.97521 0.01514 0.00947 0.00018 ( 1)
 826 V   0.99023 0.00062 0.00915 0.00001 ( 1)
 827 A   0.98702 0.00420 0.00873 0.00005 ( 1)
 828 H   0.52288 0.46673 0.00492 0.00546 ( 1)
 829 Q   0.96454 0.02579 0.00937 0.00030 ( 1)
 830 P   0.98881 0.00081 0.01037 0.00001 ( 1)
 831 A   0.99095 0.00026 0.00879 0.00000 ( 1)
 832 V   0.92878 0.06191 0.00858 0.00072 ( 1)
 833 Q   0.98884 0.00154 0.00960 0.00002 ( 1)
 834 M   0.99100 0.00017 0.00883 0.00000 ( 1)
 835 G   0.98806 0.00284 0.00907 0.00003 ( 1)
 836 A   0.99103 0.00021 0.00877 0.00000 ( 1)
 837 V   0.92977 0.06113 0.00839 0.00072 ( 1)
 838 L   0.98888 0.00212 0.00898 0.00002 ( 1)
 839 F   0.98337 0.00767 0.00887 0.00009 ( 1)
 840 C   0.95068 0.03926 0.00960 0.00046 ( 1)
 841 A   0.94192 0.04918 0.00833 0.00058 ( 1)
 842 L   0.98673 0.00342 0.00981 0.00004 ( 1)
 843 G   0.99045 0.00046 0.00908 0.00001 ( 1)
 844 I   0.99090 0.00042 0.00867 0.00000 ( 1)
 845 L   0.98673 0.00342 0.00981 0.00004 ( 1)
 846 V   0.97169 0.01948 0.00860 0.00023 ( 1)
 847 A   0.99104 0.00019 0.00877 0.00000 ( 1)
 848 F   0.89309 0.02233 0.08433 0.00026 ( 1)
 849 H   0.99078 0.00028 0.00894 0.00000 ( 1)
 850 L   0.98640 0.00375 0.00980 0.00004 ( 1)
 851 P   0.99091 0.00028 0.00881 0.00000 ( 1)
 852 K   0.97450 0.01603 0.00928 0.00019 ( 1)
 853 C   0.98367 0.00718 0.00907 0.00008 ( 1)
 854 Y   0.99016 0.00056 0.00927 0.00001 ( 1)
 855 L   0.98642 0.00373 0.00981 0.00004 ( 1)
 856 L   0.98899 0.00116 0.00984 0.00001 ( 1)
 857 V   0.04053 0.94797 0.00040 0.01110 ( 2)
 858 R   0.27916 0.70976 0.00277 0.00831 ( 2)
 859 Q   0.98884 0.00154 0.00960 0.00002 ( 1)
 860 P   0.98469 0.00633 0.00891 0.00007 ( 1)
 861 E   0.92219 0.06845 0.00856 0.00080 ( 1)
 862 L   0.99066 0.00040 0.00894 0.00000 ( 1)
 863 N   0.99049 0.00038 0.00913 0.00000 ( 1)
 864 T   0.99071 0.00028 0.00901 0.00000 ( 1)
 865 P   0.99000 0.00105 0.00894 0.00001 ( 1)
 866 E   0.99026 0.00054 0.00919 0.00001 ( 1)
 867 F   0.99116 0.00013 0.00871 0.00000 ( 1)
 868 F   0.99115 0.00014 0.00871 0.00000 ( 1)
 869 L   0.98673 0.00342 0.00981 0.00004 ( 1)
 870 G   0.90937 0.07936 0.01034 0.00093 ( 1)
 871 G   0.98056 0.01008 0.00924 0.00012 ( 1)
 872 R   0.22055 0.76798 0.00248 0.00899 ( 2)
 873 S   0.12752 0.86123 0.00117 0.01008 ( 2)
 874 R   0.09224 0.89639 0.00087 0.01049 ( 2)
 875 D   0.08451 0.90398 0.00093 0.01058 ( 2)
 876 A   0.53296 0.45698 0.00471 0.00535 ( 1)
 877 T   0.00027 0.98816 0.00000 0.01157 ( 2)
 878 S   0.90302 0.08767 0.00828 0.00103 ( 1)
 879 R   0.88589 0.10443 0.00846 0.00122 ( 1)
 880 E   0.00597 0.98247 0.00005 0.01150 ( 2)
 881 S   0.10986 0.87165 0.00829 0.01020 ( 2)
 882 S   0.07780 0.90304 0.00859 0.01057 ( 2)
 883 G   0.17682 0.79726 0.01659 0.00933 ( 2)
 884 G   0.84381 0.14501 0.00948 0.00170 ( 1)
 885 E   0.00818 0.98027 0.00008 0.01148 ( 2)
 886 E   0.22109 0.76746 0.00246 0.00898 ( 2)
 887 G   0.54394 0.44467 0.00618 0.00521 ( 1)
 888 T   0.14286 0.84563 0.00160 0.00990 ( 2)
 889 R   0.97267 0.01782 0.00930 0.00021 ( 1)
 890 G   0.76657 0.16243 0.06910 0.00190 ( 1)
 891 K   0.97852 0.01202 0.00932 0.00014 ( 1)
 892 S   0.00101 0.98737 0.00006 0.01156 ( 2)
 893 E   0.90820 0.00773 0.08397 0.00009 ( 1)


lnL = -13085.358779

Bayes Empirical Bayes (BEB) probabilities for 4 classes (class)
(amino acids refer to 1st sequence: 1.Bushbaby)

   1 -   0.84251 0.12414 0.02907 0.00428 ( 1)
   2 -   0.84018 0.12647 0.02899 0.00436 ( 1)
   3 -   0.84272 0.12393 0.02908 0.00428 ( 1)
   4 -   0.84217 0.12447 0.02906 0.00429 ( 1)
   5 -   0.84035 0.12630 0.02900 0.00436 ( 1)
   6 -   0.83452 0.13212 0.02880 0.00456 ( 1)
   7 -   0.84288 0.12377 0.02909 0.00427 ( 1)
   8 -   0.84179 0.12485 0.02905 0.00431 ( 1)
   9 -   0.83713 0.12951 0.02889 0.00447 ( 1)
  10 -   0.48277 0.48387 0.01666 0.01669 ( 2)
  11 -   0.84134 0.12530 0.02903 0.00432 ( 1)
  12 -   0.83898 0.12766 0.02895 0.00440 ( 1)
  13 -   0.83898 0.12766 0.02895 0.00440 ( 1)
  14 -   0.83505 0.13160 0.02882 0.00454 ( 1)
  15 -   0.84179 0.12486 0.02905 0.00431 ( 1)
  16 -   0.84288 0.12377 0.02909 0.00427 ( 1)
  17 -   0.83471 0.13194 0.02880 0.00455 ( 1)
  18 -   0.84288 0.12377 0.02909 0.00427 ( 1)
  19 M   0.97899 0.00021 0.02079 0.00001 ( 1)
  20 P   0.90063 0.06799 0.02911 0.00227 ( 1)
  21 G   0.31867 0.65570 0.00716 0.01847 ( 2)
  22 P   0.44990 0.51855 0.01434 0.01721 ( 2)
  23 A   0.73326 0.23584 0.02313 0.00778 ( 1)
  24 V   0.97815 0.00042 0.02142 0.00001 ( 1)
  25 L   0.97093 0.00386 0.02509 0.00012 ( 1)
  26 G   0.97744 0.00054 0.02200 0.00002 ( 1)
  27 F   0.94576 0.03240 0.02091 0.00093 ( 1)
  28 S   0.97791 0.00038 0.02169 0.00001 ( 1)
  29 L   0.97793 0.00046 0.02159 0.00001 ( 1)
  30 A   0.81357 0.16293 0.01877 0.00473 ( 1)
  31 T   0.36054 0.60803 0.01137 0.02006 ( 2)
  32 L   0.83390 0.14281 0.01886 0.00443 ( 1)
  33 L   0.96728 0.00540 0.02715 0.00017 ( 1)
  34 G   0.26429 0.70424 0.00830 0.02317 ( 2)
  35 F   0.01089 0.95711 0.00035 0.03165 ( 2)
  36 G   0.91625 0.05946 0.02240 0.00189 ( 1)
  37 T   0.51754 0.45740 0.01197 0.01309 ( 1)
  38 G   0.97604 0.00096 0.02297 0.00003 ( 1)
  39 A   0.96404 0.01508 0.02046 0.00042 ( 1)
  40 P   0.93681 0.03270 0.02941 0.00108 ( 1)
  41 L   0.93292 0.04168 0.02415 0.00126 ( 1)
  42 C   0.97760 0.00045 0.02194 0.00001 ( 1)
  43 L   0.97123 0.00356 0.02510 0.00011 ( 1)
  44 S   0.90847 0.05978 0.02974 0.00201 ( 1)
  45 Q   0.74493 0.18898 0.05861 0.00747 ( 1)
  46 Q   0.96252 0.01335 0.02373 0.00039 ( 1)
  47 L   0.97018 0.00813 0.02146 0.00023 ( 1)
  48 R   0.90985 0.06650 0.02173 0.00193 ( 1)
  49 M   0.97899 0.00021 0.02079 0.00001 ( 1)
  50 P   0.08725 0.88030 0.00286 0.02959 ( 2)
  51 G   0.97604 0.00096 0.02297 0.00003 ( 1)
  52 N   0.97641 0.00236 0.02116 0.00007 ( 1)
  53 Y   0.97460 0.00184 0.02350 0.00005 ( 1)
  54 V   0.28266 0.62129 0.06971 0.02634 ( 2)
  55 L   0.97032 0.00445 0.02510 0.00013 ( 1)
  56 G   0.97360 0.00241 0.02392 0.00007 ( 1)
  57 G   0.97604 0.00096 0.02297 0.00003 ( 1)
  58 L   0.97651 0.00188 0.02156 0.00005 ( 1)
  59 F   0.97949 0.00016 0.02034 0.00000 ( 1)
  60 P   0.97880 0.00028 0.02091 0.00001 ( 1)
  61 L   0.95588 0.01883 0.02473 0.00057 ( 1)
  62 G   0.95686 0.02100 0.02155 0.00060 ( 1)
  63 A   0.81056 0.16338 0.02109 0.00498 ( 1)
  64 A   0.97886 0.00036 0.02077 0.00001 ( 1)
  65 E   0.93952 0.03791 0.02149 0.00108 ( 1)
  66 E   0.97290 0.00471 0.02225 0.00013 ( 1)
  67 A   0.93350 0.04517 0.02003 0.00130 ( 1)
  68 G   0.92965 0.04809 0.02091 0.00136 ( 1)
  69 L   0.95660 0.02166 0.02112 0.00062 ( 1)
  70 R   0.89487 0.07414 0.02853 0.00246 ( 1)
  71 T   0.93823 0.03892 0.02173 0.00113 ( 1)
  72 R   0.97512 0.00155 0.02329 0.00004 ( 1)
  73 T   0.66576 0.15392 0.17284 0.00748 ( 1)
  74 Q   0.90212 0.07347 0.02225 0.00217 ( 1)
  75 P   0.97882 0.00026 0.02091 0.00001 ( 1)
  76 S   0.94670 0.03142 0.02100 0.00088 ( 1)
  77 S   0.97566 0.00259 0.02167 0.00007 ( 1)
  78 P   0.94243 0.02797 0.02869 0.00092 ( 1)
  79 V   0.97180 0.00534 0.02269 0.00017 ( 1)
  80 C   0.97760 0.00045 0.02194 0.00001 ( 1)
  81 N   0.95507 0.02330 0.02098 0.00065 ( 1)
  82 -   0.83334 0.13330 0.02876 0.00460 ( 1)
  83 -   0.83334 0.13330 0.02876 0.00460 ( 1)
  84 -   0.83334 0.13330 0.02876 0.00460 ( 1)
  85 -   0.83334 0.13330 0.02876 0.00460 ( 1)
  86 -   0.83334 0.13330 0.02876 0.00460 ( 1)
  87 -   0.83334 0.13330 0.02876 0.00460 ( 1)
  88 -   0.83334 0.13330 0.02876 0.00460 ( 1)
  89 -   0.83334 0.13330 0.02876 0.00460 ( 1)
  90 -   0.83334 0.13330 0.02876 0.00460 ( 1)
  91 -   0.83334 0.13330 0.02876 0.00460 ( 1)
  92 R   0.97560 0.00107 0.02330 0.00003 ( 1)
  93 F   0.97940 0.00025 0.02035 0.00001 ( 1)
  94 S   0.96521 0.00309 0.03160 0.00010 ( 1)
  95 P   0.73258 0.24498 0.01560 0.00683 ( 1)
  96 L   0.36375 0.52525 0.08822 0.02278 ( 2)
  97 G   0.97742 0.00056 0.02200 0.00002 ( 1)
  98 L   0.97123 0.00356 0.02510 0.00011 ( 1)
  99 L   0.97787 0.00053 0.02159 0.00002 ( 1)
 100 W   0.97254 0.00257 0.02481 0.00008 ( 1)
 101 A   0.96973 0.00716 0.02290 0.00021 ( 1)
 102 L   0.97123 0.00356 0.02510 0.00011 ( 1)
 103 A   0.94413 0.03372 0.02119 0.00096 ( 1)
 104 M   0.97415 0.00268 0.02309 0.00008 ( 1)
 105 K   0.96669 0.01007 0.02295 0.00029 ( 1)
 106 M   0.97899 0.00021 0.02079 0.00001 ( 1)
 107 A   0.97858 0.00065 0.02075 0.00002 ( 1)
 108 V   0.97675 0.00085 0.02238 0.00002 ( 1)
 109 E   0.97702 0.00062 0.02234 0.00002 ( 1)
 110 E   0.97696 0.00068 0.02234 0.00002 ( 1)
 111 I   0.97961 0.00015 0.02024 0.00000 ( 1)
 112 N   0.97762 0.00044 0.02192 0.00001 ( 1)
 113 N   0.97740 0.00066 0.02192 0.00002 ( 1)
 114 G   0.14704 0.77689 0.03958 0.03649 ( 2)
 115 S   0.96715 0.01093 0.02161 0.00031 ( 1)
 116 T   0.78508 0.19090 0.01852 0.00550 ( 1)
 117 L   0.97123 0.00356 0.02510 0.00011 ( 1)
 118 L   0.97123 0.00356 0.02510 0.00011 ( 1)
 119 P   0.97729 0.00073 0.02196 0.00002 ( 1)
 120 G   0.97611 0.00089 0.02298 0.00003 ( 1)
 121 L   0.97123 0.00356 0.02510 0.00011 ( 1)
 122 Q   0.72545 0.24890 0.01779 0.00786 ( 1)
 123 L   0.96701 0.00776 0.02499 0.00023 ( 1)
 124 G   0.97744 0.00054 0.02200 0.00002 ( 1)
 125 Y   0.97101 0.00644 0.02237 0.00018 ( 1)
 126 D   0.97802 0.00077 0.02119 0.00002 ( 1)
 127 L   0.97793 0.00046 0.02159 0.00001 ( 1)
 128 F   0.96489 0.00558 0.02935 0.00018 ( 1)
 129 D   0.97669 0.00209 0.02117 0.00006 ( 1)
 130 T   0.97681 0.00065 0.02252 0.00002 ( 1)
 131 C   0.97760 0.00045 0.02194 0.00001 ( 1)
 132 S   0.96707 0.00320 0.02962 0.00011 ( 1)
 133 E   0.97702 0.00062 0.02234 0.00002 ( 1)
 134 P   0.78021 0.19756 0.01673 0.00550 ( 1)
 135 V   0.94312 0.03428 0.02160 0.00099 ( 1)
 136 V   0.97695 0.00065 0.02238 0.00002 ( 1)
 137 A   0.97703 0.00219 0.02072 0.00006 ( 1)
 138 M   0.97899 0.00021 0.02079 0.00001 ( 1)
 139 K   0.97575 0.00105 0.02317 0.00003 ( 1)
 140 P   0.97882 0.00026 0.02091 0.00001 ( 1)
 141 S   0.97714 0.00115 0.02168 0.00003 ( 1)
 142 L   0.97622 0.00087 0.02289 0.00003 ( 1)
 143 M   0.97776 0.00144 0.02076 0.00004 ( 1)
 144 F   0.97940 0.00025 0.02035 0.00001 ( 1)
 145 L   0.97123 0.00356 0.02510 0.00011 ( 1)
 146 A   0.97898 0.00026 0.02076 0.00001 ( 1)
 147 K   0.75432 0.03812 0.20566 0.00190 ( 1)
 148 A   0.00703 0.92726 0.01005 0.05566 ( 2)
 149 G   0.80122 0.17568 0.01807 0.00503 ( 1)
 150 S   0.97791 0.00038 0.02169 0.00001 ( 1)
 151 C   0.35470 0.53641 0.08408 0.02481 ( 2)
 152 S   0.57250 0.40375 0.01242 0.01133 ( 1)
 153 I   0.97342 0.00396 0.02251 0.00012 ( 1)
 154 A   0.97785 0.00061 0.02152 0.00002 ( 1)
 155 A   0.97899 0.00024 0.02076 0.00001 ( 1)
 156 Y   0.97679 0.00070 0.02250 0.00002 ( 1)
 157 C   0.97737 0.00067 0.02194 0.00002 ( 1)
 158 D   0.97543 0.00332 0.02116 0.00009 ( 1)
 159 Y   0.97653 0.00095 0.02249 0.00003 ( 1)
 160 A   0.95824 0.01046 0.03096 0.00035 ( 1)
 161 R   0.85501 0.11846 0.02263 0.00390 ( 1)
 162 Y   0.97685 0.00064 0.02250 0.00002 ( 1)
 163 Q   0.96010 0.01568 0.02376 0.00047 ( 1)
 164 P   0.96824 0.00130 0.03042 0.00004 ( 1)
 165 R   0.97022 0.00746 0.02210 0.00021 ( 1)
 166 V   0.97688 0.00072 0.02238 0.00002 ( 1)
 167 L   0.97057 0.00410 0.02521 0.00012 ( 1)
 168 A   0.96110 0.00833 0.03029 0.00027 ( 1)
 169 V   0.97815 0.00042 0.02142 0.00001 ( 1)
 170 I   0.97960 0.00016 0.02024 0.00000 ( 1)
 171 G   0.97238 0.00104 0.02655 0.00003 ( 1)
 172 P   0.97881 0.00027 0.02091 0.00001 ( 1)
 173 H   0.97830 0.00034 0.02135 0.00001 ( 1)
 174 S   0.97691 0.00137 0.02168 0.00004 ( 1)
 175 S   0.96454 0.01230 0.02280 0.00035 ( 1)
 176 E   0.97702 0.00062 0.02234 0.00002 ( 1)
 177 L   0.97776 0.00061 0.02161 0.00002 ( 1)
 178 A   0.97899 0.00024 0.02076 0.00001 ( 1)
 179 L   0.84946 0.12482 0.02195 0.00377 ( 1)
 180 I   0.97613 0.00239 0.02141 0.00007 ( 1)
 181 T   0.97690 0.00056 0.02252 0.00002 ( 1)
 182 G   0.97720 0.00078 0.02200 0.00002 ( 1)
 183 K   0.97575 0.00105 0.02317 0.00003 ( 1)
 184 F   0.97949 0.00016 0.02034 0.00000 ( 1)
 185 F   0.97935 0.00029 0.02035 0.00001 ( 1)
 186 G   0.91648 0.06127 0.02053 0.00172 ( 1)
 187 F   0.97949 0.00016 0.02034 0.00000 ( 1)
 188 F   0.97949 0.00016 0.02034 0.00000 ( 1)
 189 L   0.97793 0.00046 0.02159 0.00001 ( 1)
 190 M   0.97767 0.00149 0.02080 0.00004 ( 1)
 191 P   0.97857 0.00049 0.02092 0.00001 ( 1)
 192 Q   0.97428 0.00166 0.02401 0.00005 ( 1)
 193 V   0.97815 0.00042 0.02142 0.00001 ( 1)
 194 S   0.97791 0.00038 0.02169 0.00001 ( 1)
 195 Y   0.95597 0.01873 0.02473 0.00057 ( 1)
 196 G   0.96883 0.00593 0.02506 0.00018 ( 1)
 197 A   0.97272 0.00645 0.02065 0.00018 ( 1)
 198 S   0.97571 0.00257 0.02164 0.00007 ( 1)
 199 M   0.97899 0.00021 0.02079 0.00001 ( 1)
 200 D   0.97415 0.00460 0.02112 0.00013 ( 1)
 201 G   0.81538 0.16019 0.01973 0.00470 ( 1)
 202 L   0.97674 0.00164 0.02157 0.00005 ( 1)
 203 S   0.97754 0.00075 0.02169 0.00002 ( 1)
 204 I   0.96131 0.01712 0.02110 0.00048 ( 1)
 205 R   0.97505 0.00138 0.02353 0.00004 ( 1)
 206 E   0.97702 0.00062 0.02234 0.00002 ( 1)
 207 T   0.97820 0.00033 0.02146 0.00001 ( 1)
 208 F   0.97949 0.00016 0.02034 0.00000 ( 1)
 209 P   0.97882 0.00026 0.02091 0.00001 ( 1)
 210 S   0.97793 0.00038 0.02168 0.00001 ( 1)
 211 F   0.97949 0.00016 0.02034 0.00000 ( 1)
 212 F   0.97949 0.00016 0.02034 0.00000 ( 1)
 213 R   0.97723 0.00059 0.02216 0.00002 ( 1)
 214 T   0.96893 0.00846 0.02237 0.00024 ( 1)
 215 V   0.97687 0.00073 0.02238 0.00002 ( 1)
 216 P   0.97882 0.00026 0.02091 0.00001 ( 1)
 217 S   0.97598 0.00227 0.02168 0.00006 ( 1)
 218 D   0.97849 0.00031 0.02120 0.00001 ( 1)
 219 R   0.97156 0.00621 0.02205 0.00018 ( 1)
 220 T   0.93115 0.04611 0.02139 0.00134 ( 1)
 221 Q   0.97428 0.00166 0.02401 0.00005 ( 1)
 222 L   0.97123 0.00356 0.02510 0.00011 ( 1)
 223 L   0.00493 0.96738 0.00011 0.02758 ( 2)
 224 A   0.97847 0.00075 0.02076 0.00002 ( 1)
 225 V   0.18657 0.78574 0.00461 0.02308 ( 2)
 226 M   0.75248 0.22378 0.01726 0.00648 ( 1)
 227 K   0.96635 0.01121 0.02212 0.00032 ( 1)
 228 L   0.97123 0.00356 0.02510 0.00011 ( 1)
 229 L   0.97032 0.00445 0.02510 0.00013 ( 1)
 230 Q   0.95928 0.01658 0.02365 0.00049 ( 1)
 231 E   0.71558 0.26062 0.01637 0.00743 ( 1)
 232 F   0.97793 0.00171 0.02031 0.00005 ( 1)
 233 S   0.94005 0.02809 0.03093 0.00093 ( 1)
 234 W   0.97254 0.00257 0.02481 0.00008 ( 1)
 235 N   0.97762 0.00044 0.02192 0.00001 ( 1)
 236 W   0.97254 0.00257 0.02481 0.00008 ( 1)
 237 V   0.97688 0.00072 0.02238 0.00002 ( 1)
 238 A   0.97887 0.00035 0.02077 0.00001 ( 1)
 239 A   0.97790 0.00029 0.02180 0.00001 ( 1)
 240 L   0.97121 0.00358 0.02510 0.00011 ( 1)
 241 G   0.97744 0.00054 0.02200 0.00002 ( 1)
 242 S   0.97172 0.00525 0.02287 0.00016 ( 1)
 243 D   0.97805 0.00073 0.02120 0.00002 ( 1)
 244 D   0.97795 0.00082 0.02121 0.00002 ( 1)
 245 E   0.97695 0.00068 0.02234 0.00002 ( 1)
 246 Y   0.94642 0.02700 0.02575 0.00083 ( 1)
 247 G   0.97744 0.00054 0.02200 0.00002 ( 1)
 248 R   0.97463 0.00180 0.02352 0.00005 ( 1)
 249 Q   0.97398 0.00190 0.02406 0.00006 ( 1)
 250 G   0.97744 0.00054 0.02200 0.00002 ( 1)
 251 L   0.96830 0.00569 0.02583 0.00018 ( 1)
 252 S   0.97542 0.00286 0.02164 0.00008 ( 1)
 253 I   0.97874 0.00102 0.02022 0.00003 ( 1)
 254 F   0.97949 0.00016 0.02034 0.00000 ( 1)
 255 S   0.97386 0.00243 0.02364 0.00007 ( 1)
 256 S   0.36233 0.54065 0.07477 0.02225 ( 2)
 257 M   0.95165 0.02306 0.02460 0.00070 ( 1)
 258 A   0.97872 0.00051 0.02076 0.00001 ( 1)
 259 S   0.72883 0.24774 0.01643 0.00701 ( 1)
 260 T   0.59012 0.38351 0.01483 0.01154 ( 1)
 261 Q   0.88294 0.09254 0.02179 0.00273 ( 1)
 262 G   0.94309 0.03438 0.02150 0.00102 ( 1)
 263 I   0.97961 0.00015 0.02024 0.00000 ( 1)
 264 C   0.97718 0.00087 0.02193 0.00002 ( 1)
 265 I   0.97950 0.00026 0.02023 0.00001 ( 1)
 266 A   0.95238 0.01773 0.02930 0.00059 ( 1)
 267 H   0.97815 0.00048 0.02136 0.00001 ( 1)
 268 E   0.97702 0.00062 0.02234 0.00002 ( 1)
 269 G   0.97744 0.00054 0.02200 0.00002 ( 1)
 270 L   0.97105 0.00374 0.02510 0.00011 ( 1)
 271 V   0.97689 0.00072 0.02238 0.00002 ( 1)
 272 P   0.97642 0.00159 0.02194 0.00005 ( 1)
 273 L   0.97040 0.00412 0.02535 0.00013 ( 1)
 274 S   0.79482 0.01761 0.18676 0.00081 ( 1)
 275 S   0.14067 0.83187 0.00327 0.02419 ( 2)
 276 A   0.97741 0.00170 0.02084 0.00005 ( 1)
 277 N   0.71916 0.25800 0.01561 0.00724 ( 1)
 278 D   0.00864 0.96267 0.00020 0.02849 ( 2)
 279 L   0.00114 0.96429 0.00008 0.03449 ( 2)
 280 V   0.02010 0.95121 0.00050 0.02820 ( 2)
 281 M   0.46251 0.51010 0.01196 0.01543 ( 2)
 282 R   0.97222 0.00572 0.02189 0.00016 ( 1)
 283 K   0.97583 0.00097 0.02317 0.00003 ( 1)
 284 V   0.97688 0.00072 0.02238 0.00002 ( 1)
 285 Q   0.97428 0.00166 0.02401 0.00005 ( 1)
 286 A   0.82770 0.15018 0.01793 0.00420 ( 1)
 287 L   0.36902 0.60312 0.00885 0.01900 ( 2)
 288 L   0.97123 0.00356 0.02510 0.00011 ( 1)
 289 H   0.97495 0.00347 0.02148 0.00010 ( 1)
 290 Q   0.97428 0.00166 0.02401 0.00005 ( 1)
 291 I   0.95570 0.02271 0.02095 0.00065 ( 1)
 292 N   0.97762 0.00044 0.02192 0.00001 ( 1)
 293 Q   0.97415 0.00179 0.02400 0.00005 ( 1)
 294 S   0.97548 0.00280 0.02164 0.00008 ( 1)
 295 N   0.95666 0.02129 0.02146 0.00060 ( 1)
 296 V   0.94792 0.02951 0.02172 0.00085 ( 1)
 297 Q   0.97428 0.00166 0.02401 0.00005 ( 1)
 298 V   0.97688 0.00072 0.02238 0.00002 ( 1)
 299 V   0.97688 0.00072 0.02238 0.00002 ( 1)
 300 V   0.96213 0.01539 0.02204 0.00044 ( 1)
 301 L   0.97031 0.00447 0.02509 0.00014 ( 1)
 302 F   0.97934 0.00031 0.02035 0.00001 ( 1)
 303 A   0.97890 0.00033 0.02076 0.00001 ( 1)
 304 S   0.97745 0.00082 0.02170 0.00002 ( 1)
 305 A   0.78509 0.02230 0.19163 0.00099 ( 1)
 306 H   0.69453 0.28237 0.01518 0.00792 ( 1)
 307 A   0.97123 0.00121 0.02752 0.00004 ( 1)
 308 A   0.97899 0.00024 0.02076 0.00001 ( 1)
 309 H   0.70973 0.26612 0.01653 0.00762 ( 1)
 310 L   0.00200 0.94037 0.00166 0.05596 ( 2)
 311 L   0.97486 0.00352 0.02153 0.00010 ( 1)
 312 F   0.97949 0.00016 0.02034 0.00000 ( 1)
 313 S   0.31911 0.54847 0.10239 0.03002 ( 2)
 314 Y   0.96356 0.01385 0.02219 0.00039 ( 1)
 315 S   0.97562 0.00266 0.02164 0.00007 ( 1)
 316 I   0.97961 0.00015 0.02024 0.00000 ( 1)
 317 R   0.94009 0.03752 0.02132 0.00107 ( 1)
 318 F   0.07045 0.89513 0.00516 0.02926 ( 2)
 319 N   0.67383 0.30147 0.01600 0.00870 ( 1)
 320 L   0.97793 0.00046 0.02159 0.00001 ( 1)
 321 S   0.77059 0.19857 0.02425 0.00659 ( 1)
 322 P   0.96523 0.01376 0.02062 0.00038 ( 1)
 323 K   0.97583 0.00097 0.02317 0.00003 ( 1)
 324 V   0.97688 0.00072 0.02238 0.00002 ( 1)
 325 W   0.97254 0.00257 0.02481 0.00008 ( 1)
 326 V   0.97659 0.00087 0.02251 0.00003 ( 1)
 327 A   0.97899 0.00024 0.02076 0.00001 ( 1)
 328 S   0.97766 0.00063 0.02169 0.00002 ( 1)
 329 E   0.97702 0.00062 0.02234 0.00002 ( 1)
 330 A   0.97899 0.00024 0.02076 0.00001 ( 1)
 331 W   0.97254 0.00257 0.02481 0.00008 ( 1)
 332 L   0.97094 0.00385 0.02509 0.00012 ( 1)
 333 T   0.97819 0.00034 0.02146 0.00001 ( 1)
 334 S   0.92226 0.04601 0.03019 0.00155 ( 1)
 335 D   0.74252 0.01698 0.23960 0.00089 ( 1)
 336 L   0.65037 0.18572 0.15569 0.00822 ( 1)
 337 V   0.97535 0.00320 0.02136 0.00009 ( 1)
 338 M   0.97899 0.00021 0.02079 0.00001 ( 1)
 339 E   0.92748 0.05031 0.02078 0.00143 ( 1)
 340 L   0.97121 0.00358 0.02510 0.00011 ( 1)
 341 P   0.97711 0.00195 0.02088 0.00005 ( 1)
 342 G   0.97744 0.00054 0.02200 0.00002 ( 1)
 343 M   0.97777 0.00142 0.02077 0.00004 ( 1)
 344 T   0.97756 0.00165 0.02074 0.00005 ( 1)
 345 Q   0.96575 0.01016 0.02380 0.00030 ( 1)
 346 M   0.94529 0.03211 0.02168 0.00093 ( 1)
 347 G   0.97727 0.00071 0.02200 0.00002 ( 1)
 348 T   0.97789 0.00063 0.02146 0.00002 ( 1)
 349 V   0.97688 0.00072 0.02238 0.00002 ( 1)
 350 L   0.95432 0.02035 0.02472 0.00062 ( 1)
 351 G   0.97744 0.00054 0.02200 0.00002 ( 1)
 352 F   0.97358 0.00093 0.02546 0.00003 ( 1)
 353 L   0.96360 0.01113 0.02493 0.00034 ( 1)
 354 H   0.96828 0.01027 0.02116 0.00029 ( 1)
 355 Q   0.89235 0.07900 0.02612 0.00254 ( 1)
 356 G   0.86203 0.11513 0.01954 0.00330 ( 1)
 357 D   0.13927 0.70608 0.11364 0.04101 ( 2)
 358 L   0.14377 0.81802 0.01013 0.02808 ( 2)
 359 L   0.97099 0.00374 0.02516 0.00011 ( 1)
 360 P   0.95824 0.02071 0.02047 0.00058 ( 1)
 361 N   0.05042 0.91101 0.00634 0.03223 ( 2)
 362 F   0.97949 0.00016 0.02034 0.00000 ( 1)
 363 S   0.80816 0.16918 0.01792 0.00474 ( 1)
 364 Q   0.60686 0.36551 0.01651 0.01113 ( 1)
 365 Y   0.97566 0.00182 0.02247 0.00005 ( 1)
 366 V   0.97688 0.00072 0.02238 0.00002 ( 1)
 367 K   0.75807 0.00533 0.23631 0.00029 ( 1)
 368 N   0.97299 0.00550 0.02136 0.00015 ( 1)
 369 R   0.66880 0.14944 0.17481 0.00695 ( 1)
 370 L   0.95173 0.02298 0.02460 0.00069 ( 1)
 371 H   0.40221 0.57239 0.00889 0.01651 ( 2)
 372 L   0.97123 0.00356 0.02510 0.00011 ( 1)
 373 A   0.97887 0.00035 0.02077 0.00001 ( 1)
 374 A   0.97537 0.00384 0.02068 0.00011 ( 1)
 375 N   0.95944 0.01565 0.02444 0.00047 ( 1)
 376 P   0.96625 0.00984 0.02362 0.00030 ( 1)
 377 A   0.56763 0.40897 0.01205 0.01135 ( 1)
 378 F   0.97949 0.00016 0.02034 0.00000 ( 1)
 379 C   0.96679 0.00263 0.03050 0.00009 ( 1)
 380 A   0.96682 0.01234 0.02050 0.00034 ( 1)
 381 S   0.31910 0.65451 0.00755 0.01885 ( 2)
 382 L   0.97123 0.00356 0.02510 0.00011 ( 1)
 383 K   0.40850 0.56649 0.00908 0.01592 ( 2)
 384 A   0.05905 0.86372 0.03254 0.04469 ( 2)
 385 E   0.70543 0.27063 0.01616 0.00778 ( 1)
 386 Q   0.96840 0.00752 0.02386 0.00022 ( 1)
 387 P   0.92455 0.04412 0.02985 0.00147 ( 1)
 388 G   0.78038 0.02132 0.19732 0.00098 ( 1)
 389 L   0.97040 0.00412 0.02535 0.00013 ( 1)
 390 E   0.97702 0.00062 0.02234 0.00002 ( 1)
 391 E   0.97696 0.00067 0.02234 0.00002 ( 1)
 392 H   0.97484 0.00377 0.02128 0.00011 ( 1)
 393 V   0.97688 0.00072 0.02238 0.00002 ( 1)
 394 V   0.97659 0.00087 0.02251 0.00003 ( 1)
 395 G   0.97634 0.00065 0.02299 0.00002 ( 1)
 396 P   0.92771 0.05002 0.02085 0.00142 ( 1)
 397 R   0.97723 0.00059 0.02216 0.00002 ( 1)
 398 C   0.97760 0.00045 0.02194 0.00001 ( 1)
 399 P   0.96917 0.00173 0.02905 0.00006 ( 1)
 400 Q   0.97428 0.00166 0.02401 0.00005 ( 1)
 401 C   0.94181 0.03272 0.02448 0.00099 ( 1)
 402 D   0.97849 0.00031 0.02120 0.00001 ( 1)
 403 H   0.00416 0.96418 0.00012 0.03154 ( 2)
 404 I   0.97209 0.00763 0.02008 0.00021 ( 1)
 405 T   0.96259 0.01399 0.02301 0.00041 ( 1)
 406 L   0.97105 0.00374 0.02510 0.00011 ( 1)
 407 Q   0.97325 0.00269 0.02398 0.00008 ( 1)
 408 N   0.97740 0.00066 0.02192 0.00002 ( 1)
 409 V   0.97091 0.00664 0.02226 0.00019 ( 1)
 410 S   0.64960 0.32644 0.01463 0.00933 ( 1)
 411 A   0.95097 0.02807 0.02018 0.00078 ( 1)
 412 G   0.71056 0.26515 0.01661 0.00768 ( 1)
 413 L   0.95172 0.02291 0.02468 0.00069 ( 1)
 414 L   0.00007 0.95161 0.00002 0.04830 ( 2)
 415 H   0.93637 0.03281 0.02971 0.00110 ( 1)
 416 H   0.97623 0.00239 0.02131 0.00007 ( 1)
 417 R   0.89433 0.08165 0.02161 0.00241 ( 1)
 418 P   0.62848 0.20554 0.15643 0.00955 ( 1)
 419 F   0.97940 0.00025 0.02035 0.00001 ( 1)
 420 A   0.46786 0.43939 0.07132 0.02143 ( 1)
 421 A   0.97674 0.00245 0.02074 0.00007 ( 1)
 422 Y   0.97653 0.00095 0.02249 0.00003 ( 1)
 423 A   0.80596 0.16270 0.02591 0.00542 ( 1)
 424 A   0.96841 0.00903 0.02229 0.00027 ( 1)
 425 V   0.97688 0.00072 0.02238 0.00002 ( 1)
 426 Y   0.97559 0.00189 0.02247 0.00005 ( 1)
 427 S   0.97404 0.00424 0.02161 0.00012 ( 1)
 428 V   0.97688 0.00072 0.02238 0.00002 ( 1)
 429 A   0.97894 0.00029 0.02076 0.00001 ( 1)
 430 Q   0.97395 0.00187 0.02412 0.00006 ( 1)
 431 A   0.97899 0.00024 0.02076 0.00001 ( 1)
 432 L   0.97054 0.00425 0.02508 0.00013 ( 1)
 433 H   0.97830 0.00034 0.02135 0.00001 ( 1)
 434 N   0.97759 0.00047 0.02192 0.00001 ( 1)
 435 T   0.95878 0.01963 0.02104 0.00055 ( 1)
 436 L   0.97030 0.00448 0.02508 0.00014 ( 1)
 437 Q   0.13736 0.83467 0.00339 0.02458 ( 2)
 438 C   0.97760 0.00045 0.02194 0.00001 ( 1)
 439 S   0.85366 0.12372 0.01915 0.00348 ( 1)
 440 S   0.95830 0.01987 0.02127 0.00056 ( 1)
 441 S   0.97153 0.00534 0.02297 0.00015 ( 1)
 442 G   0.97744 0.00054 0.02200 0.00002 ( 1)
 443 C   0.97760 0.00045 0.02194 0.00001 ( 1)
 444 P   0.97863 0.00044 0.02092 0.00001 ( 1)
 445 A   0.01216 0.96032 0.00027 0.02725 ( 2)
 446 R   0.28685 0.68204 0.00830 0.02280 ( 2)
 447 E   0.95904 0.01849 0.02193 0.00053 ( 1)
 448 P   0.97878 0.00030 0.02091 0.00001 ( 1)
 449 V   0.97688 0.00072 0.02238 0.00002 ( 1)
 450 R   0.62664 0.34766 0.01546 0.01025 ( 1)
 451 -   0.83334 0.13330 0.02876 0.00460 ( 1)
 452 -   0.83334 0.13330 0.02876 0.00460 ( 1)
 453 -   0.83334 0.13330 0.02876 0.00460 ( 1)
 454 -   0.83334 0.13330 0.02876 0.00460 ( 1)
 455 -   0.83334 0.13330 0.02876 0.00460 ( 1)
 456 -   0.83334 0.13330 0.02876 0.00460 ( 1)
 457 P   0.97555 0.00350 0.02085 0.00010 ( 1)
 458 W   0.97254 0.00257 0.02481 0.00008 ( 1)
 459 Q   0.71490 0.07009 0.21132 0.00369 ( 1)
 460 L   0.74041 0.23615 0.01664 0.00680 ( 1)
 461 L   0.95121 0.02350 0.02458 0.00071 ( 1)
 462 E   0.26333 0.71038 0.00602 0.02027 ( 2)
 463 N   0.97138 0.00665 0.02178 0.00019 ( 1)
 464 M   0.88022 0.09838 0.01869 0.00271 ( 1)
 465 Y   0.91958 0.05760 0.02118 0.00164 ( 1)
 466 N   0.97434 0.00371 0.02185 0.00010 ( 1)
 467 M   0.97436 0.00482 0.02069 0.00013 ( 1)
 468 S   0.97519 0.00309 0.02163 0.00009 ( 1)
 469 F   0.97949 0.00016 0.02034 0.00000 ( 1)
 470 -   0.83334 0.13330 0.02876 0.00460 ( 1)
 471 R   0.20660 0.71289 0.04900 0.03151 ( 2)
 472 A   0.00205 0.96394 0.00014 0.03387 ( 2)
 473 G   0.19041 0.78202 0.00439 0.02318 ( 2)
 474 G   0.97140 0.00627 0.02214 0.00019 ( 1)
 475 L   0.94307 0.03159 0.02439 0.00096 ( 1)
 476 E   0.00653 0.96265 0.00018 0.03064 ( 2)
 477 L   0.92501 0.04958 0.02391 0.00150 ( 1)
 478 R   0.95439 0.02101 0.02397 0.00062 ( 1)
 479 F   0.97375 0.00583 0.02025 0.00016 ( 1)
 480 D   0.95619 0.02246 0.02071 0.00063 ( 1)
 481 A   0.09518 0.85347 0.01753 0.03382 ( 2)
 482 G   0.74089 0.23561 0.01682 0.00668 ( 1)
 483 G   0.97549 0.00151 0.02296 0.00004 ( 1)
 484 N   0.97740 0.00066 0.02192 0.00002 ( 1)
 485 V   0.97682 0.00078 0.02238 0.00002 ( 1)
 486 N   0.97666 0.00212 0.02117 0.00006 ( 1)
 487 L   0.85397 0.12447 0.01814 0.00343 ( 1)
 488 K   0.97198 0.00562 0.02224 0.00016 ( 1)
 489 Y   0.20995 0.69205 0.06275 0.03524 ( 2)
 490 D   0.95708 0.02159 0.02073 0.00060 ( 1)
 491 L   0.95296 0.02175 0.02463 0.00066 ( 1)
 492 K   0.96935 0.00742 0.02302 0.00021 ( 1)
 493 L   0.81083 0.16327 0.02097 0.00494 ( 1)
 494 W   0.83687 0.13768 0.02135 0.00410 ( 1)
 495 V   0.97189 0.00567 0.02227 0.00016 ( 1)
 496 W   0.97254 0.00257 0.02481 0.00008 ( 1)
 497 R   0.05098 0.89874 0.00878 0.04150 ( 2)
 498 D   0.31459 0.63702 0.02601 0.02237 ( 2)
 499 P   0.00905 0.93887 0.00255 0.04953 ( 2)
 500 T   0.81443 0.15393 0.02649 0.00516 ( 1)
 501 P   0.97860 0.00046 0.02092 0.00001 ( 1)
 502 E   0.02151 0.92468 0.00677 0.04705 ( 2)
 503 L   0.97762 0.00077 0.02159 0.00002 ( 1)
 504 R   0.78091 0.15598 0.05767 0.00545 ( 1)
 505 T   0.00569 0.96252 0.00017 0.03161 ( 2)
 506 V   0.97688 0.00072 0.02238 0.00002 ( 1)
 507 G   0.97744 0.00054 0.02200 0.00002 ( 1)
 508 T   0.03097 0.94207 0.00068 0.02628 ( 2)
 509 F   0.97949 0.00016 0.02034 0.00000 ( 1)
 510 N   0.97313 0.00537 0.02135 0.00015 ( 1)
 511 G   0.74332 0.04232 0.21225 0.00211 ( 1)
 512 S   0.33335 0.55483 0.08569 0.02614 ( 2)
 513 L   0.97521 0.00310 0.02160 0.00009 ( 1)
 514 W   0.11096 0.86004 0.00293 0.02607 ( 2)
 515 -   0.83334 0.13330 0.02876 0.00460 ( 1)
 516 L   0.04718 0.92319 0.00123 0.02840 ( 2)
 517 Q   0.93228 0.04343 0.02302 0.00128 ( 1)
 518 R   0.94062 0.03733 0.02099 0.00106 ( 1)
 519 S   0.00847 0.96104 0.00022 0.03027 ( 2)
 520 K   0.96969 0.00708 0.02303 0.00020 ( 1)
 521 I   0.97864 0.00111 0.02022 0.00003 ( 1)
 522 C   0.00866 0.96217 0.00020 0.02897 ( 2)
 523 W   0.97254 0.00257 0.02481 0.00008 ( 1)
 524 H   0.97790 0.00074 0.02134 0.00002 ( 1)
 525 T   0.95089 0.01794 0.03057 0.00060 ( 1)
 526 H   0.10231 0.87118 0.00218 0.02433 ( 2)
 527 S   0.03878 0.93403 0.00085 0.02633 ( 2)
 528 N   0.97702 0.00104 0.02191 0.00003 ( 1)
 529 R   0.89241 0.08314 0.02200 0.00245 ( 1)
 530 V   0.00035 0.97015 0.00001 0.02948 ( 2)
 531 P   0.96688 0.00182 0.03125 0.00006 ( 1)
 532 V   0.94271 0.03470 0.02159 0.00100 ( 1)
 533 S   0.97479 0.00349 0.02161 0.00010 ( 1)
 534 Q   0.85472 0.12066 0.02106 0.00355 ( 1)
 535 C   0.97760 0.00045 0.02194 0.00001 ( 1)
 536 S   0.96954 0.00734 0.02292 0.00021 ( 1)
 537 Q   0.63213 0.34254 0.01526 0.01007 ( 1)
 538 Q   0.88544 0.09009 0.02182 0.00265 ( 1)
 539 C   0.97708 0.00097 0.02193 0.00003 ( 1)
 540 Q   0.56118 0.37035 0.05461 0.01386 ( 1)
 541 E   0.96492 0.01247 0.02225 0.00037 ( 1)
 542 G   0.97688 0.00110 0.02199 0.00003 ( 1)
 543 Q   0.97292 0.00302 0.02397 0.00009 ( 1)
 544 V   0.97620 0.00139 0.02236 0.00004 ( 1)
 545 R   0.97663 0.00119 0.02215 0.00003 ( 1)
 546 R   0.96034 0.00840 0.03097 0.00028 ( 1)
 547 V   0.97664 0.00096 0.02237 0.00003 ( 1)
 548 K   0.97030 0.00647 0.02304 0.00019 ( 1)
 549 G   0.97672 0.00124 0.02201 0.00004 ( 1)
 550 F   0.97853 0.00111 0.02032 0.00003 ( 1)
 551 H   0.95084 0.02764 0.02075 0.00077 ( 1)
 552 S   0.97523 0.00306 0.02162 0.00009 ( 1)
 553 C   0.94210 0.03575 0.02114 0.00101 ( 1)
 554 C   0.94210 0.03575 0.02114 0.00101 ( 1)
 555 Y   0.97178 0.00568 0.02238 0.00016 ( 1)
 556 D   0.97849 0.00031 0.02120 0.00001 ( 1)
 557 C   0.97479 0.00321 0.02190 0.00009 ( 1)
 558 V   0.97598 0.00161 0.02236 0.00005 ( 1)
 559 D   0.97849 0.00031 0.02120 0.00001 ( 1)
 560 C   0.97756 0.00049 0.02194 0.00001 ( 1)
 561 K   0.73346 0.24203 0.01745 0.00705 ( 1)
 562 P   0.89896 0.06969 0.02902 0.00233 ( 1)
 563 G   0.97744 0.00054 0.02200 0.00002 ( 1)
 564 S   0.97771 0.00058 0.02169 0.00002 ( 1)
 565 Y   0.97685 0.00064 0.02250 0.00002 ( 1)
 566 Q   0.84540 0.12991 0.02085 0.00384 ( 1)
 567 -   0.83334 0.13330 0.02876 0.00460 ( 1)
 568 H   0.04614 0.92501 0.00106 0.02779 ( 2)
 569 S   0.80439 0.17290 0.01785 0.00486 ( 1)
 570 P   0.23554 0.71264 0.02419 0.02762 ( 2)
 571 -   0.83334 0.13330 0.02876 0.00460 ( 1)
 572 -   0.83334 0.13330 0.02876 0.00460 ( 1)
 573 E   0.39059 0.57852 0.01203 0.01886 ( 2)
 574 D   0.97518 0.00359 0.02112 0.00010 ( 1)
 575 P   0.00231 0.96895 0.00005 0.02870 ( 2)
 576 T   0.01884 0.95369 0.00041 0.02706 ( 2)
 577 C   0.95061 0.02729 0.02134 0.00077 ( 1)
 578 T   0.82792 0.14974 0.01817 0.00417 ( 1)
 579 P   0.00006 0.96951 0.00000 0.03042 ( 2)
 580 C   0.88134 0.09617 0.01978 0.00271 ( 1)
 581 R   0.00004 0.97238 0.00000 0.02757 ( 2)
 582 K   0.04630 0.92446 0.00118 0.02806 ( 2)
 583 D   0.69815 0.27149 0.02151 0.00885 ( 1)
 584 Q   0.72509 0.25114 0.01660 0.00717 ( 1)
 585 W   0.93241 0.04253 0.02379 0.00127 ( 1)
 586 S   0.97790 0.00041 0.02168 0.00001 ( 1)
 587 P   0.97744 0.00058 0.02197 0.00002 ( 1)
 588 Q   0.76212 0.21432 0.01744 0.00612 ( 1)
 589 R   0.97497 0.00146 0.02353 0.00004 ( 1)
 590 S   0.97791 0.00038 0.02169 0.00001 ( 1)
 591 R   0.45346 0.51454 0.01476 0.01723 ( 2)
 592 K   0.69832 0.27660 0.01621 0.00887 ( 1)
 593 C   0.97760 0.00045 0.02194 0.00001 ( 1)
 594 F   0.97949 0.00016 0.02034 0.00000 ( 1)
 595 S   0.07199 0.86511 0.01984 0.04306 ( 2)
 596 R   0.97530 0.00113 0.02354 0.00003 ( 1)
 597 R   0.96654 0.01082 0.02234 0.00031 ( 1)
 598 H   0.03763 0.93538 0.00083 0.02616 ( 2)
 599 T   0.66139 0.14620 0.18529 0.00713 ( 1)
 600 F   0.97830 0.00135 0.02032 0.00004 ( 1)
 601 L   0.94232 0.03230 0.02441 0.00098 ( 1)
 602 A   0.39450 0.58026 0.00881 0.01642 ( 2)
 603 W   0.71531 0.25873 0.01825 0.00771 ( 1)
 604 G   0.97185 0.00513 0.02288 0.00015 ( 1)
 605 D   0.56189 0.27412 0.15089 0.01310 ( 1)
 606 P   0.93853 0.03927 0.02109 0.00111 ( 1)
 607 T   0.85774 0.11830 0.02047 0.00349 ( 1)
 608 V   0.97166 0.00591 0.02226 0.00017 ( 1)
 609 L   0.97084 0.00395 0.02509 0.00012 ( 1)
 610 V   0.01560 0.95461 0.00041 0.02937 ( 2)
 611 L   0.82862 0.14556 0.02142 0.00440 ( 1)
 612 L   0.95297 0.02527 0.02104 0.00072 ( 1)
 613 L   0.87520 0.09917 0.02263 0.00300 ( 1)
 614 L   0.92068 0.05390 0.02379 0.00163 ( 1)
 615 L   0.93998 0.03468 0.02429 0.00105 ( 1)
 616 G   0.59334 0.38234 0.01337 0.01096 ( 1)
 617 L   0.96909 0.00569 0.02505 0.00017 ( 1)
 618 V   0.95717 0.02027 0.02198 0.00059 ( 1)
 619 L   0.97123 0.00356 0.02510 0.00011 ( 1)
 620 A   0.97235 0.00560 0.02189 0.00016 ( 1)
 621 L   0.96341 0.01135 0.02490 0.00034 ( 1)
 622 V   0.97688 0.00072 0.02238 0.00002 ( 1)
 623 L   0.92068 0.05390 0.02379 0.00163 ( 1)
 624 A   0.95662 0.02117 0.02159 0.00062 ( 1)
 625 A   0.58035 0.39628 0.01234 0.01103 ( 1)
 626 L   0.93868 0.03597 0.02427 0.00109 ( 1)
 627 G   0.97585 0.00115 0.02297 0.00003 ( 1)
 628 L   0.78451 0.18953 0.02024 0.00573 ( 1)
 629 F   0.95436 0.01569 0.02944 0.00051 ( 1)
 630 V   0.00926 0.96281 0.00020 0.02772 ( 2)
 631 H   0.76553 0.21179 0.01672 0.00595 ( 1)
 632 H   0.97117 0.00740 0.02122 0.00021 ( 1)
 633 R   0.28202 0.58460 0.09975 0.03362 ( 2)
 634 N   0.83346 0.14443 0.01806 0.00404 ( 1)
 635 S   0.95080 0.02731 0.02113 0.00077 ( 1)
 636 P   0.95233 0.02285 0.02412 0.00069 ( 1)
 637 L   0.89359 0.08086 0.02310 0.00245 ( 1)
 638 V   0.66700 0.30861 0.01544 0.00895 ( 1)
 639 Q   0.87834 0.09715 0.02164 0.00286 ( 1)
 640 A   0.97899 0.00024 0.02076 0.00001 ( 1)
 641 S   0.94186 0.03426 0.02286 0.00102 ( 1)
 642 G   0.83320 0.14239 0.02016 0.00426 ( 1)
 643 G   0.90534 0.07129 0.02131 0.00206 ( 1)
 644 L   0.03732 0.93085 0.00116 0.03067 ( 2)
 645 L   0.92068 0.05390 0.02379 0.00163 ( 1)
 646 A   0.97092 0.00687 0.02201 0.00020 ( 1)
 647 C   0.94072 0.03712 0.02111 0.00104 ( 1)
 648 F   0.72399 0.24605 0.02197 0.00799 ( 1)
 649 G   0.75025 0.22642 0.01689 0.00644 ( 1)
 650 L   0.89327 0.08119 0.02309 0.00246 ( 1)
 651 A   0.76953 0.20832 0.01634 0.00581 ( 1)
 652 C   0.97019 0.00782 0.02177 0.00022 ( 1)
 653 L   0.92656 0.04804 0.02395 0.00145 ( 1)
 654 G   0.93594 0.04180 0.02107 0.00119 ( 1)
 655 L   0.95564 0.01909 0.02470 0.00058 ( 1)
 656 V   0.97460 0.00394 0.02135 0.00011 ( 1)
 657 C   0.97760 0.00045 0.02194 0.00001 ( 1)
 658 L   0.93714 0.04097 0.02073 0.00116 ( 1)
 659 S   0.80310 0.04975 0.14506 0.00209 ( 1)
 660 G   0.77810 0.19882 0.01748 0.00561 ( 1)
 661 L   0.94933 0.02888 0.02097 0.00082 ( 1)
 662 L   0.89223 0.08221 0.02308 0.00249 ( 1)
 663 F   0.97117 0.00843 0.02017 0.00023 ( 1)
 664 P   0.90393 0.07458 0.01942 0.00208 ( 1)
 665 G   0.97710 0.00076 0.02212 0.00002 ( 1)
 666 R   0.83700 0.13869 0.02023 0.00409 ( 1)
 667 P   0.97678 0.00121 0.02197 0.00003 ( 1)
 668 S   0.95206 0.02609 0.02112 0.00073 ( 1)
 669 P   0.97375 0.00521 0.02089 0.00015 ( 1)
 670 A   0.94540 0.03335 0.02028 0.00097 ( 1)
 671 S   0.70271 0.27402 0.01559 0.00768 ( 1)
 672 C   0.97744 0.00061 0.02194 0.00002 ( 1)
 673 L   0.79290 0.18112 0.02049 0.00548 ( 1)
 674 A   0.97773 0.00150 0.02073 0.00004 ( 1)
 675 Q   0.96025 0.01563 0.02366 0.00046 ( 1)
 676 Q   0.96290 0.01299 0.02373 0.00038 ( 1)
 677 P   0.97188 0.00608 0.02186 0.00017 ( 1)
 678 L   0.51078 0.46199 0.01325 0.01398 ( 1)
 679 C   0.90095 0.07269 0.02413 0.00223 ( 1)
 680 H   0.82880 0.14895 0.01809 0.00417 ( 1)
 681 L   0.97746 0.00093 0.02158 0.00003 ( 1)
 682 P   0.96504 0.01088 0.02376 0.00033 ( 1)
 683 L   0.97733 0.00106 0.02158 0.00003 ( 1)
 684 T   0.97593 0.00258 0.02142 0.00007 ( 1)
 685 G   0.97688 0.00110 0.02199 0.00003 ( 1)
 686 C   0.97708 0.00097 0.02193 0.00003 ( 1)
 687 L   0.96909 0.00569 0.02505 0.00017 ( 1)
 688 S   0.97745 0.00084 0.02168 0.00002 ( 1)
 689 T   0.90512 0.06331 0.02945 0.00212 ( 1)
 690 L   0.96371 0.01105 0.02490 0.00033 ( 1)
 691 F   0.95928 0.02014 0.02002 0.00056 ( 1)
 692 L   0.96909 0.00569 0.02505 0.00017 ( 1)
 693 Q   0.97294 0.00300 0.02397 0.00009 ( 1)
 694 A   0.97458 0.00349 0.02183 0.00010 ( 1)
 695 A   0.97860 0.00063 0.02075 0.00002 ( 1)
 696 E   0.78017 0.00776 0.21170 0.00037 ( 1)
 697 T   0.84466 0.07955 0.07278 0.00302 ( 1)
 698 F   0.97891 0.00060 0.02048 0.00002 ( 1)
 699 V   0.91698 0.06028 0.02101 0.00174 ( 1)
 700 E   0.97625 0.00138 0.02233 0.00004 ( 1)
 701 S   0.96040 0.01639 0.02273 0.00047 ( 1)
 702 E   0.97358 0.00404 0.02227 0.00012 ( 1)
 703 L   0.96670 0.00806 0.02500 0.00024 ( 1)
 704 P   0.96921 0.00876 0.02178 0.00025 ( 1)
 705 P   0.04334 0.92797 0.00104 0.02765 ( 2)
 706 S   0.95349 0.02467 0.02115 0.00069 ( 1)
 707 W   0.95510 0.01994 0.02437 0.00059 ( 1)
 708 A   0.49464 0.48067 0.01108 0.01361 ( 1)
 709 D   0.96262 0.01607 0.02086 0.00045 ( 1)
 710 R   0.94193 0.03288 0.02420 0.00098 ( 1)
 711 L   0.95138 0.02333 0.02459 0.00071 ( 1)
 712 H   0.28399 0.68892 0.00686 0.02023 ( 2)
 713 S   0.97446 0.00348 0.02195 0.00010 ( 1)
 714 R   0.94872 0.02878 0.02166 0.00084 ( 1)
 715 L   0.97123 0.00356 0.02510 0.00011 ( 1)
 716 R   0.95885 0.01659 0.02407 0.00049 ( 1)
 717 G   0.97138 0.00124 0.02734 0.00004 ( 1)
 718 P   0.97721 0.00186 0.02088 0.00005 ( 1)
 719 C   0.85718 0.11745 0.02187 0.00350 ( 1)
 720 A   0.97899 0.00024 0.02076 0.00001 ( 1)
 721 W   0.97254 0.00257 0.02481 0.00008 ( 1)
 722 M   0.94848 0.02601 0.02471 0.00079 ( 1)
 723 V   0.78020 0.18194 0.03234 0.00551 ( 1)
 724 V   0.97688 0.00072 0.02238 0.00002 ( 1)
 725 V   0.95050 0.02420 0.02457 0.00073 ( 1)
 726 L   0.97031 0.00447 0.02509 0.00014 ( 1)
 727 A   0.97746 0.00175 0.02074 0.00005 ( 1)
 728 L   0.48710 0.38615 0.10963 0.01712 ( 1)
 729 L   0.97123 0.00356 0.02510 0.00011 ( 1)
 730 V   0.97195 0.00091 0.02711 0.00003 ( 1)
 731 E   0.97702 0.00062 0.02234 0.00002 ( 1)
 732 A   0.97299 0.00515 0.02172 0.00015 ( 1)
 733 A   0.96566 0.01140 0.02261 0.00034 ( 1)
 734 L   0.97123 0.00356 0.02510 0.00011 ( 1)
 735 C   0.97624 0.00122 0.02251 0.00004 ( 1)
 736 A   0.77199 0.18217 0.04053 0.00531 ( 1)
 737 W   0.97254 0.00257 0.02481 0.00008 ( 1)
 738 Y   0.97685 0.00064 0.02250 0.00002 ( 1)
 739 L   0.97123 0.00356 0.02510 0.00011 ( 1)
 740 I   0.03079 0.93681 0.00100 0.03140 ( 2)
 741 A   0.97887 0.00035 0.02077 0.00001 ( 1)
 742 F   0.97947 0.00018 0.02034 0.00000 ( 1)
 743 R   0.96847 0.00949 0.02177 0.00027 ( 1)
 744 P   0.95716 0.01152 0.03094 0.00038 ( 1)
 745 E   0.97702 0.00062 0.02234 0.00002 ( 1)
 746 V   0.97662 0.00097 0.02239 0.00003 ( 1)
 747 V   0.97688 0.00072 0.02238 0.00002 ( 1)
 748 M   0.67695 0.29129 0.02200 0.00976 ( 1)
 749 D   0.97849 0.00031 0.02120 0.00001 ( 1)
 750 W   0.97254 0.00257 0.02481 0.00008 ( 1)
 751 H   0.75722 0.21764 0.01872 0.00642 ( 1)
 752 V   0.93746 0.03990 0.02148 0.00115 ( 1)
 753 L   0.97103 0.00376 0.02510 0.00011 ( 1)
 754 P   0.97882 0.00026 0.02091 0.00001 ( 1)
 755 T   0.93001 0.03844 0.03026 0.00129 ( 1)
 756 K   0.97323 0.00437 0.02227 0.00013 ( 1)
 757 A   0.96887 0.00661 0.02432 0.00020 ( 1)
 758 L   0.97105 0.00374 0.02510 0.00011 ( 1)
 759 V   0.96346 0.01321 0.02294 0.00039 ( 1)
 760 H   0.97830 0.00034 0.02135 0.00001 ( 1)
 761 C   0.97710 0.00094 0.02193 0.00003 ( 1)
 762 R   0.97367 0.00413 0.02208 0.00012 ( 1)
 763 V   0.00329 0.96006 0.00050 0.03615 ( 2)
 764 H   0.97097 0.00760 0.02121 0.00021 ( 1)
 765 S   0.97793 0.00038 0.02168 0.00001 ( 1)
 766 W   0.97254 0.00257 0.02481 0.00008 ( 1)
 767 A   0.97485 0.00365 0.02140 0.00010 ( 1)
 768 G   0.95973 0.01794 0.02182 0.00051 ( 1)
 769 L   0.96878 0.00951 0.02144 0.00027 ( 1)
 770 G   0.97744 0.00054 0.02200 0.00002 ( 1)
 771 L   0.97103 0.00375 0.02511 0.00011 ( 1)
 772 V   0.97054 0.00703 0.02223 0.00020 ( 1)
 773 H   0.97792 0.00072 0.02134 0.00002 ( 1)
 774 T   0.96756 0.01159 0.02053 0.00032 ( 1)
 775 L   0.85504 0.12267 0.01884 0.00346 ( 1)
 776 N   0.97334 0.00466 0.02187 0.00013 ( 1)
 777 A   0.97882 0.00030 0.02087 0.00001 ( 1)
 778 I   0.14947 0.82334 0.00347 0.02372 ( 2)
 779 L   0.97123 0.00356 0.02510 0.00011 ( 1)
 780 A   0.96847 0.00096 0.03053 0.00003 ( 1)
 781 S   0.97615 0.00214 0.02165 0.00006 ( 1)
 782 L   0.97691 0.00148 0.02157 0.00004 ( 1)
 783 C   0.97469 0.00334 0.02187 0.00009 ( 1)
 784 F   0.97933 0.00019 0.02047 0.00001 ( 1)
 785 L   0.97022 0.00457 0.02508 0.00014 ( 1)
 786 G   0.97721 0.00075 0.02201 0.00002 ( 1)
 787 T   0.97813 0.00040 0.02146 0.00001 ( 1)
 788 F   0.97949 0.00016 0.02034 0.00000 ( 1)
 789 L   0.97123 0.00356 0.02510 0.00011 ( 1)
 790 V   0.97662 0.00097 0.02239 0.00003 ( 1)
 791 R   0.85761 0.11778 0.02114 0.00347 ( 1)
 792 S   0.97791 0.00038 0.02169 0.00001 ( 1)
 793 Q   0.42401 0.54370 0.01394 0.01834 ( 2)
 794 P   0.97744 0.00160 0.02091 0.00004 ( 1)
 795 G   0.75727 0.03505 0.20592 0.00176 ( 1)
 796 R   0.97379 0.00401 0.02208 0.00011 ( 1)
 797 Y   0.97685 0.00064 0.02250 0.00002 ( 1)
 798 S   0.97494 0.00333 0.02164 0.00009 ( 1)
 799 R   0.68022 0.11143 0.20248 0.00587 ( 1)
 800 A   0.97899 0.00024 0.02076 0.00001 ( 1)
 801 R   0.95596 0.02143 0.02199 0.00062 ( 1)
 802 G   0.97744 0.00054 0.02200 0.00002 ( 1)
 803 L   0.97525 0.00440 0.02023 0.00012 ( 1)
 804 T   0.97820 0.00033 0.02146 0.00001 ( 1)
 805 F   0.96048 0.01617 0.02288 0.00047 ( 1)
 806 A   0.97898 0.00025 0.02076 0.00001 ( 1)
 807 T   0.66821 0.16021 0.16369 0.00789 ( 1)
 808 L   0.97123 0.00356 0.02510 0.00011 ( 1)
 809 A   0.97887 0.00035 0.02077 0.00001 ( 1)
 810 Y   0.97617 0.00131 0.02248 0.00004 ( 1)
 811 L   0.97614 0.00218 0.02162 0.00006 ( 1)
 812 I   0.97961 0.00015 0.02024 0.00000 ( 1)
 813 T   0.79921 0.00200 0.19870 0.00009 ( 1)
 814 W   0.97254 0.00257 0.02481 0.00008 ( 1)
 815 V   0.97815 0.00042 0.02142 0.00001 ( 1)
 816 S   0.97793 0.00038 0.02168 0.00001 ( 1)
 817 F   0.97938 0.00027 0.02034 0.00001 ( 1)
 818 V   0.97688 0.00072 0.02238 0.00002 ( 1)
 819 P   0.97853 0.00055 0.02091 0.00002 ( 1)
 820 L   0.97793 0.00046 0.02159 0.00001 ( 1)
 821 L   0.97123 0.00356 0.02510 0.00011 ( 1)
 822 A   0.97899 0.00024 0.02076 0.00001 ( 1)
 823 N   0.97045 0.00625 0.02311 0.00019 ( 1)
 824 V   0.96320 0.01432 0.02207 0.00041 ( 1)
 825 Q   0.96484 0.01106 0.02377 0.00033 ( 1)
 826 V   0.97688 0.00072 0.02238 0.00002 ( 1)
 827 A   0.97583 0.00338 0.02069 0.00009 ( 1)
 828 H   0.74366 0.23238 0.01731 0.00665 ( 1)
 829 Q   0.95756 0.01827 0.02363 0.00054 ( 1)
 830 P   0.97144 0.00092 0.02761 0.00003 ( 1)
 831 A   0.97880 0.00032 0.02087 0.00001 ( 1)
 832 V   0.94376 0.03364 0.02162 0.00097 ( 1)
 833 Q   0.97428 0.00166 0.02401 0.00005 ( 1)
 834 M   0.97899 0.00021 0.02079 0.00001 ( 1)
 835 G   0.97494 0.00300 0.02198 0.00009 ( 1)
 836 A   0.97898 0.00026 0.02076 0.00001 ( 1)
 837 V   0.94506 0.03309 0.02090 0.00094 ( 1)
 838 L   0.97582 0.00230 0.02182 0.00007 ( 1)
 839 F   0.97239 0.00594 0.02150 0.00017 ( 1)
 840 C   0.94687 0.02725 0.02504 0.00083 ( 1)
 841 A   0.95209 0.02697 0.02019 0.00075 ( 1)
 842 L   0.97123 0.00356 0.02510 0.00011 ( 1)
 843 G   0.97744 0.00054 0.02200 0.00002 ( 1)
 844 I   0.97926 0.00050 0.02023 0.00001 ( 1)
 845 L   0.97123 0.00356 0.02510 0.00011 ( 1)
 846 V   0.96490 0.01422 0.02048 0.00040 ( 1)
 847 A   0.97899 0.00024 0.02076 0.00001 ( 1)
 848 F   0.76887 0.01069 0.21989 0.00056 ( 1)
 849 H   0.97830 0.00034 0.02135 0.00001 ( 1)
 850 L   0.97091 0.00388 0.02509 0.00012 ( 1)
 851 P   0.97874 0.00034 0.02091 0.00001 ( 1)
 852 K   0.96511 0.01163 0.02292 0.00034 ( 1)
 853 C   0.97092 0.00709 0.02180 0.00020 ( 1)
 854 Y   0.97685 0.00064 0.02250 0.00002 ( 1)
 855 L   0.97093 0.00386 0.02509 0.00012 ( 1)
 856 L   0.97349 0.00129 0.02519 0.00004 ( 1)
 857 V   0.15682 0.81447 0.00406 0.02466 ( 2)
 858 R   0.53247 0.44078 0.01360 0.01315 ( 1)
 859 Q   0.97428 0.00166 0.02401 0.00005 ( 1)
 860 P   0.97204 0.00634 0.02144 0.00018 ( 1)
 861 E   0.94094 0.03648 0.02153 0.00104 ( 1)
 862 L   0.97792 0.00048 0.02159 0.00001 ( 1)
 863 N   0.97762 0.00044 0.02192 0.00001 ( 1)
 864 T   0.97820 0.00033 0.02146 0.00001 ( 1)
 865 P   0.97724 0.00121 0.02151 0.00003 ( 1)
 866 E   0.97702 0.00062 0.02234 0.00002 ( 1)
 867 F   0.97949 0.00016 0.02034 0.00000 ( 1)
 868 F   0.97948 0.00017 0.02034 0.00000 ( 1)
 869 L   0.97123 0.00356 0.02510 0.00011 ( 1)
 870 G   0.90050 0.06783 0.02939 0.00228 ( 1)
 871 G   0.96934 0.00762 0.02282 0.00022 ( 1)
 872 R   0.45617 0.51227 0.01455 0.01700 ( 2)
 873 S   0.31199 0.66175 0.00703 0.01923 ( 2)
 874 R   0.29727 0.67600 0.00704 0.01969 ( 2)
 875 D   0.22950 0.73933 0.00707 0.02410 ( 2)
 876 A   0.75193 0.22585 0.01595 0.00628 ( 1)
 877 T   0.00188 0.96571 0.00006 0.03235 ( 2)
 878 S   0.93096 0.04673 0.02097 0.00133 ( 1)
 879 R   0.92080 0.05560 0.02199 0.00161 ( 1)
 880 E   0.03758 0.93544 0.00081 0.02616 ( 2)
 881 S   0.31595 0.59146 0.06769 0.02490 ( 2)
 882 S   0.16269 0.73043 0.06282 0.04405 ( 2)
 883 G   0.30855 0.57787 0.08647 0.02712 ( 2)
 884 G   0.87211 0.09685 0.02782 0.00321 ( 1)
 885 E   0.04902 0.92348 0.00112 0.02637 ( 2)
 886 E   0.39712 0.57165 0.01245 0.01879 ( 2)
 887 G   0.65513 0.31298 0.02138 0.01050 ( 1)
 888 T   0.28690 0.68136 0.00915 0.02259 ( 2)
 889 R   0.96342 0.01292 0.02328 0.00038 ( 1)
 890 G   0.73004 0.07706 0.18926 0.00364 ( 1)
 891 K   0.96526 0.01148 0.02292 0.00033 ( 1)
 892 S   0.00709 0.95352 0.00127 0.03811 ( 2)
 893 E   0.78223 0.00513 0.21240 0.00025 ( 1)

