Supplemental results for CODEML (seqf: Human_TAS1R1_breaks2_2nd_attempt.txt  treef: TAS1R1_revised_tree_following_error_message.txt)

I	J	ij	2Ns_IJ	pMut_IJ	pSub_IJ	2Ns_JI	pMut_JI	pSub_JI

TTC	TTT	CT	0.37088	0.07490	0.08965	-0.37088	0.10853	0.08965	0.08965	0.08965
TTA	TTT	AT	4.48573	0.00023	0.00105	-4.48573	0.02061	0.00105	0.00105	0.00105
TTA	TTC	AC	4.11484	0.00072	0.00300	-4.11484	0.04397	0.00300	0.00300	0.00300
TTG	TTT	GT	1.70787	0.00332	0.00693	-1.70787	0.01832	0.00693	0.00693	0.00693
TTG	TTC	GC	1.33699	0.01027	0.01861	-1.33699	0.03909	0.01861	0.01861	0.01861
TTG	TTA	GA	-2.77786	0.03576	0.00659	2.77786	0.00222	0.00659	0.00659	0.00659
TCT	TTT	CT	1.37093	0.02755	0.05063	-1.37093	0.10853	0.05063	0.05063	0.05063
TCC	TTC	CT	1.57046	0.04814	0.09546	-1.57046	0.23152	0.09546	0.09546	0.09546
TCC	TCT	CT	0.57041	0.04814	0.06317	-0.57041	0.08517	0.06317	0.06317	0.06317
TCA	TTA	CT	-1.07979	0.00905	0.00503	1.07979	0.00307	0.00503	0.00503	0.00503
TCA	TCT	AT	2.03500	0.00211	0.00495	-2.03500	0.01617	0.00495	0.00495	0.00495
TCA	TCC	AC	1.46459	0.00653	0.01244	-1.46459	0.02826	0.01244	0.01244	0.01244
TCG	TTG	CT	2.62559	0.00318	0.00901	-2.62559	0.04397	0.00901	0.00901	0.00901
TCG	TCT	GT	2.96253	0.00074	0.00232	-2.96253	0.01438	0.00232	0.00232	0.00232
TCG	TCC	GC	2.39212	0.00230	0.00605	-2.39212	0.02512	0.00605	0.00605	0.00605
TCG	TCA	GA	0.92753	0.00800	0.01228	-0.92753	0.02023	0.01228	0.01228	0.01228
TAT	TTT	AT	1.21997	0.00609	0.01053	-1.21997	0.02061	0.01053	0.01053	0.01053
TAT	TCT	AC	-0.15096	0.01881	0.01743	0.15096	0.01617	0.01743	0.01743	0.01743
TAC	TTC	AT	1.57210	0.00913	0.01811	-1.57210	0.04397	0.01811	0.01811	0.01811
TAC	TCC	AC	0.00164	0.02821	0.02824	-0.00164	0.02826	0.02824	0.02824	0.02824
TAC	TAT	CT	0.72302	0.03909	0.05491	-0.72302	0.08055	0.05491	0.05491	0.05491
TGT	TTT	GT	0.99739	0.00676	0.01068	-0.99739	0.01832	0.01068	0.01068	0.01068
TGT	TCT	GC	-0.37354	0.02089	0.01723	0.37354	0.01438	0.01723	0.01723	0.01723
TGT	TAT	GA	-0.22257	0.07277	0.06497	0.22257	0.05825	0.06497	0.06497	0.06497
TGC	TTC	GT	1.23187	0.01140	0.01983	-1.23187	0.03909	0.01983	0.01983	0.01983
TGC	TCC	GC	-0.33859	0.03525	0.02962	0.33859	0.02512	0.02962	0.02962	0.02962
TGC	TAC	GA	-0.34023	0.12278	0.10308	0.34023	0.08737	0.10308	0.10308	0.10308
TGC	TGT	CT	0.60536	0.04884	0.06511	-0.60536	0.08947	0.06511	0.06511	0.06511
TGG	TTG	GT	-0.33993	0.01043	0.00876	0.33993	0.00742	0.00876	0.00876	0.00876
TGG	TCG	GC	-2.96552	0.03223	0.00519	2.96552	0.00166	0.00519	0.00519	0.00519
TGG	TGT	GT	0.37055	0.01043	0.01248	-0.37055	0.01511	0.01248	0.01248	0.01248
TGG	TGC	GC	-0.23481	0.03223	0.02860	0.23481	0.02549	0.02860	0.02860	0.02860
CTT	TTT	CT	1.35659	0.02795	0.05107	-1.35659	0.10853	0.05107	0.05107	0.05107
CTC	TTC	CT	1.42998	0.05541	0.10415	-1.42998	0.23152	0.10415	0.10415	0.10415
CTC	CTT	CT	0.44427	0.05541	0.06862	-0.44427	0.08640	0.06862	0.06862	0.06862
CTA	TTA	CT	-1.56615	0.01472	0.00609	1.56615	0.00307	0.00609	0.00609	0.00609
CTA	CTT	AT	1.56299	0.00344	0.00680	-1.56299	0.01641	0.00680	0.00680	0.00680
CTA	CTC	AC	1.11872	0.01062	0.01765	-1.11872	0.03252	0.01765	0.01765	0.01765
CTG	TTG	CT	-1.05781	0.12663	0.07125	1.05781	0.04397	0.07125	0.07125	0.07125
CTG	CTT	GT	-0.70653	0.02957	0.02034	0.70653	0.01459	0.02034	0.02034	0.02034
CTG	CTC	GC	-1.15080	0.09139	0.04867	1.15080	0.02891	0.04867	0.04867	0.04867
CTG	CTA	GA	-2.26951	0.31833	0.08328	2.26951	0.03290	0.08328	0.08328	0.08328
CCT	TCT	CT	0.95948	0.03263	0.05074	-0.95948	0.08517	0.05074	0.05074	0.05074
CCT	CTT	CT	0.97382	0.03263	0.05105	-0.97382	0.08640	0.05105	0.05105	0.05105
CCC	TCC	CT	1.29685	0.04068	0.07261	-1.29685	0.14881	0.07261	0.07261	0.07261
CCC	CTC	CT	1.43733	0.04068	0.07670	-1.43733	0.17125	0.07670	0.07670	0.07670
CCC	CCT	CT	0.90778	0.04068	0.06191	-0.90778	0.10085	0.06191	0.06191	0.06191
CCA	TCA	CT	0.62206	0.01502	0.02017	-0.62206	0.02798	0.02017	0.02017	0.02017
CCA	CTA	CT	1.10841	0.01502	0.02485	-1.10841	0.04550	0.02485	0.02485	0.02485
CCA	CCT	AT	1.69758	0.00351	0.00729	-1.69758	0.01915	0.00729	0.00729	0.00729
CCA	CCC	AC	0.78980	0.01084	0.01568	-0.78980	0.02388	0.01568	0.01568	0.01568
CCG	TCG	CT	1.16023	0.00308	0.00521	-1.16023	0.00984	0.00521	0.00521	0.00521
CCG	CTG	CT	4.84362	0.00308	0.01505	-4.84362	0.39140	0.01505	0.01505	0.01505
CCG	CCT	GT	3.16328	0.00072	0.00238	-3.16328	0.01703	0.00238	0.00238	0.00238
CCG	CCC	GC	2.25550	0.00223	0.00561	-2.25550	0.02123	0.00561	0.00561	0.00561
CCG	CCA	GA	1.46570	0.00775	0.01477	-1.46570	0.03357	0.01477	0.01477	0.01477
CAT	TAT	CT	1.61542	0.01601	0.03229	-1.61542	0.08055	0.03229	0.03229	0.03229
CAT	CTT	AT	1.47879	0.00374	0.00716	-1.47879	0.01641	0.00716	0.00716	0.00716
CAT	CCT	AC	0.50497	0.01156	0.01472	-0.50497	0.01915	0.01472	0.01472	0.01472
CAC	TAC	CT	1.06681	0.04158	0.06763	-1.06681	0.12083	0.06763	0.06763	0.06763
CAC	CTC	AT	1.20893	0.00971	0.01673	-1.20893	0.03252	0.01673	0.01673	0.01673
CAC	CCC	AC	-0.22840	0.03001	0.02671	0.22840	0.02388	0.02671	0.02671	0.02671
CAC	CAT	CT	0.17440	0.04158	0.04531	-0.17440	0.04950	0.04531	0.04531	0.04531
CAA	CTA	AT	1.22771	0.00253	0.00440	-1.22771	0.00864	0.00440	0.00440	0.00440
CAA	CCA	AC	0.11930	0.00783	0.00830	-0.11930	0.00882	0.00830	0.00830	0.00830
CAA	CAT	AT	1.31190	0.00253	0.00455	-1.31190	0.00940	0.00455	0.00455	0.00455
CAA	CAC	AC	1.13750	0.00783	0.01310	-1.13750	0.02441	0.01310	0.01310	0.01310
CAG	CTG	AT	1.45491	0.01735	0.03293	-1.45491	0.07433	0.03293	0.03293	0.03293
CAG	CCG	AC	-3.38871	0.05363	0.00635	3.38871	0.00181	0.00635	0.00635	0.00635
CAG	CAT	GT	-0.73041	0.01735	0.01178	0.73041	0.00836	0.01178	0.01178	0.01178
CAG	CAC	GC	-0.90481	0.05363	0.03298	0.90481	0.02170	0.03298	0.03298	0.03298
CAG	CAA	GA	-2.04231	0.18680	0.05687	2.04231	0.02423	0.05687	0.05687	0.05687
CGT	TGT	CT	3.27544	0.00338	0.01151	-3.27544	0.08947	0.01151	0.01151	0.01151
CGT	CTT	GT	2.91624	0.00079	0.00243	-2.91624	0.01459	0.00243	0.00243	0.00243
CGT	CCT	GC	1.94242	0.00244	0.00553	-1.94242	0.01703	0.00553	0.00553	0.00553
CGT	CAT	GA	1.43745	0.00850	0.01603	-1.43745	0.03579	0.01603	0.01603	0.01603
CGC	TGC	CT	1.78759	0.02527	0.05424	-1.78759	0.15096	0.05424	0.05424	0.05424
CGC	CTC	GT	1.58948	0.00590	0.01178	-1.58948	0.02891	0.01178	0.01178	0.01178
CGC	CCC	GC	0.15215	0.01823	0.01966	-0.15215	0.02123	0.01966	0.01966	0.01966
CGC	CAC	GA	0.38055	0.06352	0.07637	-0.38055	0.09293	0.07637	0.07637	0.07637
CGC	CGT	CT	-0.88249	0.02527	0.01574	0.88249	0.01045	0.01574	0.01574	0.01574
CGA	CTA	GT	2.01727	0.00102	0.00238	-2.01727	0.00768	0.00238	0.00238	0.00238
CGA	CCA	GC	0.90886	0.00316	0.00481	-0.90886	0.00784	0.00481	0.00481	0.00481
CGA	CAA	GA	0.78956	0.01100	0.01591	-0.78956	0.02423	0.01591	0.01591	0.01591
CGA	CGT	AT	0.66402	0.00102	0.00140	-0.66402	0.00199	0.00140	0.00140	0.00140
CGA	CGC	AC	1.54651	0.00316	0.00621	-1.54651	0.01483	0.00621	0.00621	0.00621
CGG	TGG	CT	2.48191	0.01154	0.03125	-2.48191	0.13805	0.03125	0.03125	0.03125
CGG	CTG	GT	3.19979	0.00269	0.00899	-3.19979	0.06608	0.00899	0.00899	0.00899
CGG	CCG	GC	-1.64383	0.00833	0.00328	1.64383	0.00161	0.00328	0.00328	0.00328
CGG	CAG	GA	1.74488	0.02901	0.06133	-1.74488	0.16607	0.06133	0.06133	0.06133
CGG	CGT	GT	-0.42298	0.00269	0.00216	0.42298	0.00176	0.00216	0.00216	0.00216
CGG	CGC	GC	0.45951	0.00833	0.01039	-0.45951	0.01319	0.01039	0.01039	0.01039
CGG	CGA	GA	-1.08700	0.02901	0.01604	1.08700	0.00978	0.01604	0.01604	0.01604
ATT	TTT	AT	1.79110	0.00344	0.00739	-1.79110	0.02061	0.00739	0.00739	0.00739
ATT	CTT	AC	0.43451	0.01062	0.01310	-0.43451	0.01641	0.01310	0.01310	0.01310
ATC	TTC	AT	1.38260	0.01103	0.02036	-1.38260	0.04397	0.02036	0.02036	0.02036
ATC	CTC	AC	-0.04739	0.03410	0.03330	0.04739	0.03252	0.03330	0.03330	0.03330
ATC	ATT	CT	-0.03762	0.04725	0.04637	0.03762	0.04550	0.04637	0.04637	0.04637
ATA	TTA	AT	-1.46692	0.00253	0.00111	1.46692	0.00058	0.00111	0.00111	0.00111
ATA	CTA	AC	0.09923	0.00783	0.00822	-0.09923	0.00864	0.00822	0.00822	0.00822
ATA	ATT	AT	1.22771	0.00253	0.00440	-1.22771	0.00864	0.00440	0.00440	0.00440
ATA	ATC	AC	1.26533	0.00783	0.01379	-1.26533	0.02773	0.01379	0.01379	0.01379
ATG	TTG	AT	0.06758	0.00780	0.00807	-0.06758	0.00835	0.00807	0.00807	0.00807
ATG	CTG	AC	1.12538	0.02412	0.04019	-1.12538	0.07433	0.04019	0.04019	0.04019
ATG	ATT	GT	-0.01565	0.00780	0.00774	0.01565	0.00768	0.00774	0.00774	0.00774
ATG	ATC	GC	0.02197	0.02412	0.02439	-0.02197	0.02466	0.02439	0.02439	0.02439
ATG	ATA	GA	-1.24336	0.08402	0.04234	1.24336	0.02423	0.04234	0.04234	0.04234
ACT	TCT	AT	1.08628	0.00546	0.00895	-1.08628	0.01617	0.00895	0.00895	0.00895
ACT	CCT	AC	0.12679	0.01687	0.01796	-0.12679	0.01915	0.01796	0.01796	0.01796
ACT	ATT	CT	0.66611	0.02338	0.03202	-0.66611	0.04550	0.03202	0.03202	0.03202
ACC	TCC	AT	0.90342	0.01145	0.01739	-0.90342	0.02826	0.01739	0.01739	0.01739
ACC	CCC	AC	-0.39343	0.03539	0.02889	0.39343	0.02388	0.02889	0.02889	0.02889
ACC	ATC	CT	1.09129	0.04904	0.08057	-1.09129	0.14604	0.08057	0.08057	0.08057
ACC	ACT	CT	0.38756	0.04904	0.05915	-0.38756	0.07225	0.05915	0.05915	0.05915
ACA	TCA	AT	0.11458	0.00474	0.00501	-0.11458	0.00531	0.00501	0.00501	0.00501
ACA	CCA	AC	-0.50748	0.01465	0.01124	0.50748	0.00882	0.01124	0.01124	0.01124
ACA	ATA	CT	0.50171	0.02029	0.02581	-0.50171	0.03351	0.02581	0.02581	0.02581
ACA	ACT	AT	1.06331	0.00474	0.00770	-1.06331	0.01372	0.00770	0.00770	0.00770
ACA	ACC	AC	0.67575	0.01465	0.02015	-0.67575	0.02879	0.02015	0.02015	0.02015
ACG	TCG	AT	-1.01959	0.00518	0.00298	1.01959	0.00187	0.00298	0.00298	0.00298
ACG	CCG	AC	-2.17982	0.01601	0.00445	2.17982	0.00181	0.00445	0.00445	0.00445
ACG	ATG	CT	1.53842	0.02218	0.04346	-1.53842	0.10331	0.04346	0.04346	0.04346
ACG	ACT	GT	0.85666	0.00518	0.00771	-0.85666	0.01220	0.00771	0.00771	0.00771
ACG	ACC	GC	0.46911	0.01601	0.02006	-0.46911	0.02559	0.02006	0.02006	0.02006
ACG	ACA	GA	-0.20665	0.05576	0.05020	0.20665	0.04535	0.05020	0.05020	0.05020
AAT	TAT	AT	1.20192	0.00460	0.00790	-1.20192	0.01530	0.00790	0.00790	0.00790
AAT	CAT	AC	-0.41350	0.01421	0.01148	0.41350	0.00940	0.01148	0.01148	0.01148
AAT	ATT	AT	0.63079	0.00460	0.00620	-0.63079	0.00864	0.00620	0.00620	0.00620
AAT	ACT	AC	-0.03532	0.01421	0.01396	0.03532	0.01372	0.01396	0.01396	0.01396
AAC	TAC	AT	0.82261	0.01008	0.01479	-0.82261	0.02295	0.01479	0.01479	0.01479
AAC	CAC	AC	-0.24420	0.03116	0.02751	0.24420	0.02441	0.02751	0.02751	0.02751
AAC	ATC	AT	1.01211	0.01008	0.01603	-1.01211	0.02773	0.01603	0.01603	0.01603
AAC	ACC	AC	-0.07917	0.03116	0.02994	0.07917	0.02879	0.02994	0.02994	0.02994
AAC	AAT	CT	0.34370	0.04317	0.05101	-0.34370	0.06088	0.05101	0.05101	0.05101
AAA	CAA	AC	-0.01510	0.00646	0.00641	0.01510	0.00636	0.00641	0.00641	0.00641
AAA	ATA	AT	1.11338	0.00209	0.00347	-1.11338	0.00636	0.00347	0.00347	0.00347
AAA	ACA	AC	0.61167	0.00646	0.00864	-0.61167	0.01191	0.00864	0.00864	0.00864
AAA	AAT	AT	1.71030	0.00209	0.00436	-1.71030	0.01156	0.00436	0.00436	0.00436
AAA	AAC	AC	1.36660	0.00646	0.01185	-1.36660	0.02534	0.01185	0.01185	0.01185
AAG	CAG	AC	0.24401	0.03417	0.03851	-0.24401	0.04362	0.03851	0.03851	0.03851
AAG	ATG	AT	0.57354	0.01106	0.01453	-0.57354	0.01962	0.01453	0.01453	0.01453
AAG	ACG	AC	-0.96488	0.03417	0.02030	0.96488	0.01302	0.02030	0.02030	0.02030
AAG	AAT	GT	-0.07290	0.01106	0.01066	0.07290	0.01028	0.01066	0.01066	0.01066
AAG	AAC	GC	-0.41660	0.03417	0.02755	0.41660	0.02253	0.02755	0.02755	0.02755
AAG	AAA	GA	-1.78320	0.11903	0.04289	1.78320	0.02001	0.04289	0.04289	0.04289
AGT	TGT	AT	1.51999	0.00372	0.00723	-1.51999	0.01699	0.00723	0.00723	0.00723
AGT	CGT	AC	-1.75545	0.01149	0.00421	1.75545	0.00199	0.00421	0.00421	0.00421
AGT	ATT	GT	0.72629	0.00372	0.00523	-0.72629	0.00768	0.00523	0.00523	0.00523
AGT	ACT	GC	0.06018	0.01149	0.01184	-0.06018	0.01220	0.01184	0.01184	0.01184
AGT	AAT	GA	0.09550	0.04001	0.04195	-0.09550	0.04402	0.04195	0.04195	0.04195
AGC	TGC	AT	0.77969	0.01315	0.01893	-0.77969	0.02867	0.01893	0.01893	0.01893
AGC	CGC	AC	-1.00790	0.04063	0.02354	1.00790	0.01483	0.02354	0.02354	0.02354
AGC	ATC	GT	0.62897	0.01315	0.01771	-0.62897	0.02466	0.01771	0.01771	0.01771
AGC	ACC	GC	-0.46232	0.04063	0.03196	0.46232	0.02559	0.03196	0.03196	0.03196
AGC	AAC	GA	-0.38315	0.14153	0.11615	0.38315	0.09649	0.11615	0.11615	0.11615
AGC	AGT	CT	-0.13494	0.05630	0.05259	0.13494	0.04919	0.05259	0.05259	0.05259
AGA	CGA	AC	-0.97632	0.00682	0.00402	0.97632	0.00257	0.00402	0.00402	0.00402
AGA	ATA	GT	0.94172	0.00221	0.00341	-0.94172	0.00566	0.00341	0.00341	0.00341
AGA	ACA	GC	0.44001	0.00682	0.00843	-0.44001	0.01059	0.00843	0.00843	0.00843
AGA	AAA	GA	-0.17166	0.02376	0.02178	0.17166	0.02001	0.02178	0.02178	0.02178
AGA	AGT	AT	1.44314	0.00221	0.00417	-1.44314	0.00934	0.00417	0.00417	0.00417
AGA	AGC	AC	1.57808	0.00682	0.01356	-1.57808	0.03305	0.01356	0.01356	0.01356
AGG	TGG	AT	1.39766	0.00648	0.01203	-1.39766	0.02622	0.01203	0.01203	0.01203
AGG	CGG	AC	-1.08426	0.02003	0.01110	1.08426	0.00677	0.01110	0.01110	0.01110
AGG	ATG	GT	0.99015	0.00648	0.01021	-0.99015	0.01744	0.01021	0.01021	0.01021
AGG	ACG	GC	-0.54827	0.02003	0.01504	0.54827	0.01158	0.01504	0.01504	0.01504
AGG	AAG	GA	0.41661	0.06977	0.08531	-0.41661	0.10582	0.08531	0.08531	0.08531
AGG	AGT	GT	0.24821	0.00648	0.00732	-0.24821	0.00831	0.00732	0.00732	0.00732
AGG	AGC	GC	0.38315	0.02003	0.02411	-0.38315	0.02938	0.02411	0.02411	0.02411
AGG	AGA	GA	-1.19493	0.06977	0.03619	1.19493	0.02112	0.03619	0.03619	0.03619
GTT	TTT	GT	1.44497	0.00432	0.00817	-1.44497	0.01832	0.00817	0.00817	0.00817
GTT	CTT	GC	0.08838	0.01335	0.01395	-0.08838	0.01459	0.01395	0.01395	0.01395
GTT	ATT	GA	-0.34613	0.04651	0.03893	0.34613	0.03290	0.03893	0.03893	0.03893
GTC	TTC	GT	1.81519	0.00636	0.01380	-1.81519	0.03909	0.01380	0.01380	0.01380
GTC	CTC	GC	0.38521	0.01967	0.02370	-0.38521	0.02891	0.02370	0.02370	0.02370
GTC	ATC	GA	0.43259	0.06852	0.08440	-0.43259	0.10560	0.08440	0.08440	0.08440
GTC	GTT	CT	0.74110	0.02725	0.03859	-0.74110	0.05719	0.03859	0.03859	0.03859
GTA	TTA	GT	-0.41953	0.00079	0.00064	0.41953	0.00052	0.00064	0.00064	0.00064
GTA	CTA	GC	1.14662	0.00244	0.00410	-1.14662	0.00768	0.00410	0.00410	0.00410
GTA	ATA	GA	1.04739	0.00850	0.01372	-1.04739	0.02423	0.01372	0.01372	0.01372
GTA	GTT	AT	2.62123	0.00079	0.00223	-2.62123	0.01086	0.00223	0.00223	0.00223
GTA	GTC	AC	1.88013	0.00244	0.00542	-1.88013	0.01600	0.00542	0.00542	0.00542
GTG	TTG	GT	-1.06378	0.02151	0.01206	1.06378	0.00742	0.01206	0.01206	0.01206
GTG	CTG	GC	-0.00597	0.06648	0.06628	0.00597	0.06608	0.06628	0.06628	0.06628
GTG	ATG	GA	-1.13136	0.23156	0.12476	1.13136	0.07470	0.12476	0.12476	0.12476
GTG	GTT	GT	-0.80088	0.02151	0.01403	0.80088	0.00966	0.01403	0.01403	0.01403
GTG	GTC	GC	-1.54198	0.06648	0.02790	1.54198	0.01422	0.02790	0.02790	0.02790
GTG	GTA	GA	-3.42211	0.23156	0.02674	3.42211	0.00756	0.02674	0.02674	0.02674
GCT	TCT	GT	0.68847	0.00722	0.00999	-0.68847	0.01438	0.00999	0.00999	0.00999
GCT	CCT	GC	-0.27101	0.02233	0.01944	0.27101	0.01703	0.01944	0.01944	0.01944
GCT	ACT	GA	-0.39780	0.07777	0.06332	0.39780	0.05224	0.06332	0.06332	0.06332
GCT	GTT	CT	0.61443	0.03094	0.04141	-0.61443	0.05719	0.04141	0.04141	0.04141
GCC	TCC	GT	0.21784	0.02021	0.02249	-0.21784	0.02512	0.02249	0.02249	0.02249
GCC	CCC	GC	-1.07901	0.06246	0.03471	1.07901	0.02123	0.03471	0.03471	0.03471
GCC	ACC	GA	-0.68558	0.21755	0.15143	0.68558	0.10960	0.15143	0.15143	0.15143
GCC	GTC	CT	-0.02688	0.08654	0.08538	0.02688	0.08424	0.08538	0.08538	0.08538
GCC	GCT	CT	0.09978	0.08654	0.09093	-0.09978	0.09562	0.09093	0.09093	0.09093
GCA	TCA	GT	-0.26462	0.00615	0.00538	0.26462	0.00472	0.00538	0.00538	0.00538
GCA	CCA	GC	-0.88668	0.01902	0.01182	0.88668	0.00784	0.01182	0.01182	0.01182
GCA	ACA	GA	-0.37921	0.06627	0.05449	0.37921	0.04535	0.05449	0.05449	0.05449
GCA	GTA	CT	-0.92489	0.02636	0.01602	0.92489	0.01045	0.01602	0.01602	0.01602
GCA	GCT	AT	1.08191	0.00615	0.01007	-1.08191	0.01816	0.01007	0.01007	0.01007
GCA	GCC	AC	0.98213	0.01902	0.02987	-0.98213	0.05080	0.02987	0.02987	0.02987
GCG	TCG	GT	-0.41215	0.00251	0.00203	0.41215	0.00166	0.00203	0.00203	0.00203
GCG	CCG	GC	-1.57238	0.00775	0.00319	1.57238	0.00161	0.00319	0.00319	0.00319
GCG	ACG	GA	0.60745	0.02701	0.03603	-0.60745	0.04958	0.03603	0.03603	0.03603
GCG	GTG	CT	3.27722	0.01074	0.03659	-3.27722	0.28471	0.03659	0.03659	0.03659
GCG	GCT	GT	1.86191	0.00251	0.00553	-1.86191	0.01614	0.00553	0.00553	0.00553
GCG	GCC	GC	1.76213	0.00775	0.01649	-1.76213	0.04516	0.01649	0.01649	0.01649
GCG	GCA	GA	0.78000	0.02701	0.03889	-0.78000	0.05891	0.03889	0.03889	0.03889
GAT	TAT	GT	1.78763	0.00228	0.00489	-1.78763	0.01360	0.00489	0.00489	0.00489
GAT	CAT	GC	0.17221	0.00704	0.00766	-0.17221	0.00836	0.00766	0.00766	0.00766
GAT	AAT	GA	0.58570	0.02451	0.03238	-0.58570	0.04402	0.03238	0.03238	0.03238
GAT	GTT	AT	1.56262	0.00228	0.00450	-1.56262	0.01086	0.00450	0.00450	0.00450
GAT	GCT	AC	0.94819	0.00704	0.01089	-0.94819	0.01816	0.01089	0.01089	0.01089
GAC	TAC	GT	0.57958	0.01143	0.01506	-0.57958	0.02040	0.01506	0.01506	0.01506
GAC	CAC	GC	-0.48723	0.03532	0.02741	0.48723	0.02170	0.02741	0.02741	0.02741
GAC	AAC	GA	-0.24303	0.12303	0.10869	0.24303	0.09649	0.10869	0.10869	0.10869
GAC	GTC	AT	0.33649	0.01143	0.01346	-0.33649	0.01600	0.01346	0.01346	0.01346
GAC	GCC	AC	0.36338	0.03532	0.04213	-0.36338	0.05080	0.04213	0.04213	0.04213
GAC	GAT	CT	-0.48503	0.04894	0.03803	0.48503	0.03013	0.03803	0.03803	0.03803
GAA	CAA	GC	-0.85863	0.01335	0.00843	0.85863	0.00566	0.00843	0.00843	0.00843
GAA	AAA	GA	-0.84353	0.04651	0.02962	0.84353	0.02001	0.02962	0.02962	0.02962
GAA	GTA	AT	-0.77754	0.00432	0.00286	0.77754	0.00199	0.00286	0.00286	0.00286
GAA	GCA	AC	0.14735	0.01335	0.01436	-0.14735	0.01547	0.01436	0.01436	0.01436
GAA	GAT	AT	0.28107	0.00432	0.00496	-0.28107	0.00572	0.00496	0.00496	0.00496
GAA	GAC	AC	0.76610	0.01335	0.01911	-0.76610	0.02873	0.01911	0.01911	0.01911
GAG	CAG	GC	0.01519	0.03819	0.03848	-0.01519	0.03878	0.03848	0.03848	0.03848
GAG	AAG	GA	-0.22882	0.13303	0.11839	0.22882	0.10582	0.11839	0.11839	0.11839
GAG	GTG	AT	1.47608	0.01236	0.02364	-1.47608	0.05407	0.02364	0.02364	0.02364
GAG	GCG	AC	-1.80115	0.03819	0.01360	1.80115	0.00631	0.01360	0.01360	0.01360
GAG	GAT	GT	-0.88743	0.01236	0.00767	0.88743	0.00509	0.00767	0.00767	0.00767
GAG	GAC	GC	-0.40240	0.03819	0.03102	0.40240	0.02554	0.03102	0.03102	0.03102
GAG	GAA	GA	-1.16849	0.13303	0.07011	1.16849	0.04135	0.07011	0.07011	0.07011
GGT	TGT	GT	1.40867	0.00369	0.00689	-1.40867	0.01511	0.00689	0.00689	0.00689
GGT	CGT	GC	-1.86677	0.01141	0.00390	1.86677	0.00176	0.00390	0.00390	0.00390
GGT	AGT	GA	-0.11133	0.03976	0.03759	0.11133	0.03557	0.03759	0.03759	0.03759
GGT	GTT	GT	0.96109	0.00369	0.00575	-0.96109	0.00966	0.00575	0.00575	0.00575
GGT	GCT	GC	0.34666	0.01141	0.01351	-0.34666	0.01614	0.01351	0.01351	0.01351
GGT	GAT	GA	-0.60153	0.03976	0.02899	0.60153	0.02179	0.02899	0.02899	0.02899
GGC	TGC	GT	0.59381	0.01407	0.01867	-0.59381	0.02549	0.01867	0.01867	0.01867
GGC	CGC	GC	-1.19378	0.04350	0.02259	1.19378	0.01319	0.02259	0.02259	0.02259
GGC	AGC	GA	-0.18588	0.15154	0.13789	0.18588	0.12583	0.13789	0.13789	0.13789
GGC	GTC	GT	0.01050	0.01407	0.01415	-0.01050	0.01422	0.01415	0.01415	0.01415
GGC	GCC	GC	0.03738	0.04350	0.04432	-0.03738	0.04516	0.04432	0.04432	0.04432
GGC	GAC	GA	-0.32600	0.15154	0.12818	0.32600	0.10938	0.12818	0.12818	0.12818
GGC	GGT	CT	-0.20950	0.06028	0.05419	0.20950	0.04889	0.05419	0.05419	0.05419
GGA	CGA	GC	-1.42284	0.00948	0.00428	1.42284	0.00228	0.00428	0.00428	0.00428
GGA	AGA	GA	-0.44652	0.03301	0.02619	0.44652	0.02112	0.02619	0.02619	0.02619
GGA	GTA	GT	-0.55219	0.00307	0.00230	0.55219	0.00176	0.00230	0.00230	0.00230
GGA	GCA	GC	0.37270	0.00948	0.01135	-0.37270	0.01376	0.01135	0.01135	0.01135
GGA	GAA	GA	0.22535	0.03301	0.03687	-0.22535	0.04135	0.03687	0.03687	0.03687
GGA	GGT	AT	1.10795	0.00307	0.00507	-1.10795	0.00928	0.00507	0.00507	0.00507
GGA	GGC	AC	1.31744	0.00948	0.01705	-1.31744	0.03538	0.01705	0.01705	0.01705
GGG	TGG	GT	0.75006	0.01101	0.01565	-0.75006	0.02331	0.01565	0.01565	0.01565
GGG	CGG	GC	-1.73185	0.03403	0.01267	1.73185	0.00602	0.01267	0.01267	0.01267
GGG	AGG	GA	-0.64759	0.11853	0.08426	0.64759	0.06203	0.08426	0.08426	0.08426
GGG	GTG	GT	1.47392	0.01101	0.02105	-1.47392	0.04807	0.02105	0.02105	0.02105
GGG	GCG	GC	-1.80331	0.03403	0.01210	1.80331	0.00561	0.01210	0.01210	0.01210
GGG	GAG	GA	-0.00216	0.11853	0.11840	0.00216	0.11827	0.11840	0.11840	0.11840
GGG	GGT	GT	-0.28805	0.01101	0.00950	0.28805	0.00825	0.00950	0.00950	0.00950
GGG	GGC	GC	-0.07856	0.03403	0.03271	0.07856	0.03146	0.03271	0.03271	0.03271
GGG	GGA	GA	-1.39600	0.11853	0.05445	1.39600	0.02935	0.05445	0.05445	0.05445


Histograms
2Ns	FMut	FSub(CodonUsage)	FSubw(after w)

-4.61298	0.02319	0.00112	0.00112
-4.15168	0.00248	0.00021	0.00021
-3.69038	0.00000	0.00000	0.00000
-3.22908	0.04180	0.00644	0.00644
-2.76779	0.00854	0.00193	0.00193
-2.30649	0.02920	0.00909	0.00909
-1.84519	0.06088	0.02660	0.02660
-1.38389	0.14036	0.07967	0.07967
-0.92260	0.13126	0.09554	0.09554
-0.46130	0.17630	0.17259	0.17259
0.00000	0.17340	0.21361	0.21361
0.46130	0.11307	0.17259	0.17259
0.92260	0.04954	0.09554	0.09554
1.38389	0.03488	0.07967	0.07967
1.84519	0.00997	0.02660	0.02660
2.30649	0.00286	0.00909	0.00909
2.76779	0.00053	0.00193	0.00193
3.22908	0.00151	0.00644	0.00644
3.69038	0.00000	0.00000	0.00000
4.15168	0.00004	0.00021	0.00021
4.61298	0.00019	0.00112	0.00112

Proportion of advantageous (S > 0) mutations:
 0.29432

Proportions of good & bad mutations (|S| > 2.0000) among mutations:
0.00667  0.11707

mean |Ns| = 1.06627	mean Ns+ = 0.63403	mean Ns- = -1.24655

