

TREE # 1

  0  0.0000  11182.067559  x:  0.26385   0.11577   0.08596   0.00000   0.06063   0.05075   0.04950   0.04981   0.05520   0.02619   0.00368   0.00258   0.00477   0.02271   0.00778   0.00197   0.00852   0.00766   0.00524   0.00418   0.00162   0.00718   0.00615   0.00626   0.01824   0.14125   0.01212   0.02718   0.01864   0.01586   0.00123   0.00887   0.00574   0.00380   0.00237   0.05365   0.19416   0.06079   0.10998   0.00040   0.10813   0.08203   0.93161   1.12869   0.98627   1.01965   1.12216   0.91928  
  1 99.0000  11168.401069  x:  0.26382   0.11602   0.08603   0.00647   0.06064   0.05074   0.04963   0.05003   0.05533   0.02607   0.00361   0.00239   0.00534   0.02279   0.00807   0.00062   0.00876   0.00750   0.00556   0.00384   0.00000   0.00678   0.00652   0.00659   0.01857   0.14126   0.01211   0.02705   0.01873   0.01580   0.00130   0.00879   0.00633   0.00420   0.00157   0.05432   0.19409   0.06105   0.11006   0.00933   0.10805   0.08239   0.93314   1.12858   0.98645   1.01962   1.12110   0.91927  
  2 4138.6044  11166.465456  x:  0.26376   0.11653   0.08606   0.00563   0.06056   0.05059   0.04965   0.05055   0.05561   0.02580   0.00354   0.00232   0.00606   0.02297   0.00857   0.00483   0.00924   0.00723   0.00596   0.00344   0.00135   0.00610   0.00706   0.00708   0.01928   0.14128   0.01209   0.02676   0.01891   0.01569   0.00108   0.00860   0.00712   0.00471   0.00099   0.05579   0.19391   0.06133   0.11002   0.01199   0.10768   0.08296   0.93666   1.12832   0.98686   1.01955   1.11865   0.91922  
  3 1230.2001  11161.615535  x:  0.26369   0.11714   0.08608   0.00377   0.06045   0.05041   0.04966   0.05116   0.05593   0.02548   0.00353   0.00235   0.00652   0.02314   0.00899   0.00537   0.00960   0.00702   0.00620   0.00331   0.00000   0.00559   0.00742   0.00741   0.02003   0.14131   0.01206   0.02644   0.01911   0.01560   0.00123   0.00844   0.00765   0.00501   0.00165   0.05748   0.19370   0.06162   0.10996   0.01340   0.10723   0.08360   0.94089   1.12801   0.98735   1.01947   1.11571   0.91917  
  4 1798.6863  11157.492752  x:  0.26359   0.11793   0.08611   0.00202   0.06033   0.05019   0.04971   0.05193   0.05634   0.02509   0.00354   0.00235   0.00674   0.02332   0.00931   0.00552   0.00993   0.00690   0.00629   0.00340   0.00000   0.00540   0.00762   0.00760   0.02087   0.14135   0.01199   0.02607   0.01931   0.01550   0.00095   0.00832   0.00795   0.00498   0.00025   0.05965   0.19341   0.06197   0.10986   0.01445   0.10660   0.08443   0.94668   1.12758   0.98803   1.01936   1.11165   0.91910  
  5 5885.3587  11152.537983  x:  0.26345   0.11890   0.08614   0.00185   0.06019   0.04996   0.04982   0.05283   0.05683   0.02466   0.00359   0.00225   0.00644   0.02346   0.00934   0.00589   0.01013   0.00703   0.00604   0.00385   0.00000   0.00599   0.00740   0.00740   0.02161   0.14141   0.01188   0.02570   0.01948   0.01541   0.00000   0.00837   0.00767   0.00437   0.00038   0.06222   0.19302   0.06234   0.10970   0.01463   0.10580   0.08542   0.95427   1.12702   0.98892   1.01921   1.10630   0.91901  
  6 5485.4623  11123.407642  x:  0.26263   0.12482   0.08632   0.00175   0.05936   0.04854   0.05057   0.05824   0.05976   0.02208   0.00393   0.00162   0.00430   0.02423   0.00931   0.00836   0.01116   0.00797   0.00435   0.00668   0.00000   0.00992   0.00585   0.00599   0.02595   0.14172   0.01121   0.02353   0.02047   0.01489   0.00025   0.00874   0.00566   0.00044   0.00068   0.07771   0.19066   0.06460   0.10875   0.01508   0.10091   0.09143   1.00062   1.12359   0.99435   1.01831   1.07358   0.91846  
  7 66927.0437  11089.024534  x:  0.26124   0.13459   0.08661   0.00306   0.05802   0.04625   0.05183   0.06706   0.06456   0.01798   0.00441   0.00103   0.00069   0.02538   0.00892   0.01192   0.01253   0.00963   0.00166   0.01116   0.00000   0.01666   0.00313   0.00351   0.03272   0.14225   0.01011   0.02015   0.02198   0.01409   0.00052   0.00951   0.00208   0.00347   0.00089   0.10313   0.18673   0.06824   0.10714   0.01421   0.09278   0.10131   1.07803   1.11786   1.00342   1.01681   1.01884   0.91753  
  8 72680.0608  11043.325619  x:  0.25851   0.15283   0.08702   0.01078   0.05563   0.04227   0.05431   0.08305   0.07328   0.01196   0.00481   0.00438   0.01252   0.02692   0.00704   0.01675   0.01344   0.01284   0.00488   0.01851   0.00000   0.03009   0.00105   0.00109   0.04342   0.14325   0.00820   0.01504   0.02411   0.01308   0.00084   0.01126   0.00205   0.00677   0.00081   0.15003   0.17916   0.07469   0.10398   0.00648   0.07745   0.11959   1.22800   1.10672   1.02104   1.01389   0.91229   0.91572  
  9 43626.2878  11019.953299  x:  0.25694   0.16275   0.08717   0.01627   0.05441   0.04031   0.05562   0.09151   0.07783   0.00983   0.00477   0.00504   0.01563   0.02747   0.00598   0.01882   0.01331   0.01444   0.00556   0.02213   0.00000   0.03769   0.00716   0.00664   0.04846   0.14381   0.00737   0.01322   0.02494   0.01280   0.00098   0.01216   0.00385   0.00824   0.00066   0.17542   0.17495   0.07806   0.10223   0.00084   0.06921   0.12945   1.31229   1.10043   1.03095   1.01226   0.85212   0.91470  
 10 64313.6723  10998.883410  x:  0.25634   0.16488   0.08692   0.01694   0.05443   0.04065   0.05560   0.09256   0.07816   0.01429   0.00387   0.00374   0.01515   0.02667   0.00671   0.01818   0.01140   0.01376   0.00597   0.02085   0.00000   0.03900   0.00664   0.00638   0.04715   0.14399   0.00812   0.01649   0.02408   0.01369   0.00098   0.01184   0.00616   0.00835   0.00062   0.18075   0.17378   0.07840   0.10191   0.00000   0.06822   0.13134   1.34016   1.09827   1.03429   1.01172   0.83117   0.91435  
 11 7745.9737  10963.544630  x:  0.25502   0.16709   0.08598   0.01542   0.05504   0.04252   0.05503   0.09179   0.07689   0.01741   0.00431   0.00408   0.01623   0.02398   0.00411   0.01541   0.00632   0.01217   0.00731   0.01617   0.00000   0.04224   0.00769   0.00737   0.03933   0.14425   0.00918   0.02126   0.02095   0.01542   0.00099   0.01142   0.00077   0.00834   0.00067   0.18572   0.17188   0.07781   0.10174   0.00140   0.06907   0.13269   1.39435   1.09393   1.04085   1.01069   0.78866   0.91365  
 12 11503.1396  10934.146989  x:  0.25376   0.16849   0.08497   0.01390   0.05580   0.04458   0.05437   0.09009   0.07506   0.01605   0.00592   0.00534   0.01561   0.02133   0.00065   0.01223   0.00245   0.01109   0.00711   0.01165   0.00000   0.04630   0.00767   0.00717   0.03022   0.14446   0.00959   0.02355   0.01776   0.01659   0.00099   0.01138   0.00214   0.00829   0.00071   0.18846   0.17026   0.07682   0.10173   0.00277   0.07083   0.13313   1.44512   1.08982   1.04703   1.00974   0.74815   0.91298  
 13 33958.5341  10909.609634  x:  0.25265   0.16950   0.08405   0.01301   0.05651   0.04646   0.05377   0.08832   0.07328   0.01422   0.00741   0.00666   0.01525   0.01905   0.00215   0.00924   0.00049   0.01023   0.00688   0.00761   0.00000   0.05004   0.00776   0.00707   0.02178   0.14464   0.00986   0.02515   0.01496   0.01751   0.00099   0.01142   0.00269   0.00823   0.00073   0.19023   0.16889   0.07581   0.10176   0.00352   0.07261   0.13324   1.48930   1.08622   1.05241   1.00891   0.71269   0.91240  
 14 91847.4939  10866.884160  x:  0.25078   0.17108   0.08248   0.01163   0.05773   0.04968   0.05273   0.08521   0.07021   0.01195   0.00969   0.00865   0.01469   0.01516   0.00331   0.00406   0.00162   0.00869   0.00664   0.00065   0.00000   0.05616   0.00793   0.00693   0.00745   0.14493   0.01044   0.02831   0.01022   0.01916   0.00098   0.01142   0.00341   0.00814   0.00075   0.19294   0.16663   0.07405   0.10181   0.00462   0.07571   0.13332   1.56326   1.08019   1.06143   1.00752   0.65322   0.91142  
 15 282033.5056  10854.143165  x:  0.24996   0.17111   0.08174   0.01068   0.05839   0.05128   0.05213   0.08306   0.06844   0.01167   0.01020   0.00920   0.01476   0.01391   0.00380   0.00161   0.00202   0.00785   0.00680   0.00387   0.00000   0.05800   0.00808   0.00702   0.00185   0.14502   0.01093   0.02961   0.00901   0.01971   0.00103   0.01121   0.00378   0.00833   0.00085   0.19239   0.16585   0.07294   0.10199   0.00563   0.07783   0.13259   1.59450   1.07758   1.06526   1.00695   0.62741   0.91099  
 16 24468.8106  10841.441779  x:  0.24948   0.17046   0.08128   0.01052   0.05890   0.05236   0.05170   0.08108   0.06709   0.01147   0.01024   0.00940   0.01476   0.01374   0.00392   0.00000   0.00210   0.00754   0.00679   0.00415   0.00000   0.05882   0.00811   0.00705   0.00284   0.14506   0.01143   0.02986   0.00933   0.01979   0.00103   0.01107   0.00387   0.00836   0.00086   0.19031   0.16559   0.07195   0.10221   0.00580   0.07977   0.13139   1.61172   1.07608   1.06739   1.00665   0.61248   0.91075  
 17 13225.3519  10841.441779  x:  0.24948   0.17046   0.08128   0.01052   0.05890   0.05236   0.05170   0.08108   0.06709   0.01147   0.01024   0.00940   0.01476   0.01374   0.00392   0.00000   0.00210   0.00754   0.00679   0.00415   0.00000   0.05882   0.00811   0.00705   0.00284   0.14506   0.01143   0.02986   0.00933   0.01979   0.00103   0.01107   0.00387   0.00836   0.00086   0.19031   0.16559   0.07195   0.10221   0.00580   0.07977   0.13139   1.61172   1.07608   1.06739   1.00665   0.61248   0.91075  
 18 94773.4449  10836.422160  x:  0.24948   0.17038   0.08129   0.01033   0.05891   0.05234   0.05168   0.08102   0.06709   0.01184   0.01001   0.00913   0.01459   0.01399   0.00440   0.00557   0.00337   0.00752   0.00674   0.00410   0.00353   0.05850   0.00810   0.00707   0.00388   0.14505   0.01150   0.02981   0.00970   0.01971   0.00108   0.01098   0.00418   0.00821   0.00104   0.19014   0.16563   0.07192   0.10223   0.00598   0.07985   0.13130   1.61181   1.07606   1.06741   1.00665   0.61230   0.91075  
 19 16001.2755  10793.080955  x:  0.24945   0.16814   0.08151   0.00482   0.05900   0.05180   0.05119   0.07911   0.06671   0.02165   0.00332   0.00137   0.00951   0.02081   0.01565   0.00442   0.02200   0.00696   0.00548   0.00274   0.00000   0.04919   0.00682   0.00719   0.02749   0.14497   0.01336   0.02844   0.01970   0.01752   0.00212   0.00865   0.01177   0.00377   0.00389   0.18537   0.16658   0.07121   0.10289   0.01104   0.08212   0.12870   1.61431   1.07556   1.06775   1.00673   0.60708   0.91067  
 20 3515.0334  10781.103834  x:  0.24947   0.16620   0.08160   0.00224   0.05908   0.05144   0.05087   0.07714   0.06585   0.02394   0.00279   0.00531   0.00628   0.02260   0.01488   0.00285   0.02145   0.00703   0.00588   0.00476   0.00000   0.04104   0.00697   0.00716   0.03025   0.14487   0.01271   0.02756   0.02133   0.01615   0.00000   0.00819   0.01028   0.00362   0.00070   0.18119   0.16738   0.07056   0.10333   0.01228   0.08382   0.12645   1.61650   1.07511   1.06805   1.00680   0.60246   0.91061  
 21 1530.1915  10779.309360  x:  0.24947   0.16584   0.08161   0.00180   0.05909   0.05138   0.05082   0.07678   0.06569   0.02434   0.00272   0.00598   0.00571   0.02291   0.01471   0.00256   0.02129   0.00705   0.00595   0.00510   0.00000   0.03953   0.00700   0.00715   0.03070   0.14485   0.01259   0.02740   0.02161   0.01591   0.00027   0.00811   0.00998   0.00361   0.00020   0.18042   0.16753   0.07045   0.10341   0.01249   0.08413   0.12603   1.61691   1.07502   1.06810   1.00682   0.60160   0.91059  
 22 20316.7369  10771.072455  x:  0.24949   0.16406   0.08169   0.00000   0.05917   0.05106   0.05055   0.07496   0.06488   0.02615   0.00261   0.00889   0.00307   0.02433   0.01363   0.00112   0.02016   0.00713   0.00630   0.00657   0.00000   0.03202   0.00716   0.00712   0.03253   0.14476   0.01194   0.02661   0.02279   0.01478   0.00093   0.00780   0.00839   0.00381   0.00143   0.17655   0.16826   0.06985   0.10380   0.01345   0.08567   0.12396   1.61894   1.07461   1.06838   1.00688   0.59733   0.91053  
 23 13658.6220  10763.193392  x:  0.24952   0.16231   0.08181   0.00218   0.05927   0.05080   0.05038   0.07320   0.06411   0.02774   0.00286   0.00982   0.00220   0.02554   0.01266   0.00000   0.01899   0.00717   0.00644   0.00696   0.00000   0.02467   0.00724   0.00711   0.03417   0.14468   0.01140   0.02591   0.02377   0.01392   0.00108   0.00765   0.00718   0.00409   0.00167   0.17275   0.16897   0.06928   0.10418   0.01422   0.08713   0.12194   1.62096   1.07420   1.06865   1.00695   0.59309   0.91047  
 24 6707.3042  10763.193392  x:  0.24952   0.16231   0.08181   0.00218   0.05927   0.05080   0.05038   0.07320   0.06411   0.02774   0.00286   0.00982   0.00220   0.02554   0.01266   0.00000   0.01899   0.00717   0.00644   0.00696   0.00000   0.02467   0.00724   0.00711   0.03417   0.14468   0.01140   0.02591   0.02377   0.01392   0.00108   0.00765   0.00718   0.00409   0.00167   0.17275   0.16897   0.06928   0.10418   0.01422   0.08713   0.12194   1.62096   1.07420   1.06865   1.00695   0.59309   0.91047  
 25 51634.7242  10761.161670  x:  0.24952   0.16230   0.08181   0.00220   0.05927   0.05080   0.05038   0.07319   0.06410   0.02773   0.00287   0.00979   0.00226   0.02553   0.01265   0.00082   0.01897   0.00717   0.00644   0.00693   0.00054   0.02464   0.00725   0.00711   0.03415   0.14468   0.01140   0.02590   0.02376   0.01392   0.00109   0.00765   0.00718   0.00410   0.00167   0.17273   0.16897   0.06927   0.10418   0.01422   0.08713   0.12193   1.62097   1.07420   1.06866   1.00695   0.59307   0.91047  
 26 18208.4943  10754.346502  x:  0.24954   0.16184   0.08186   0.00284   0.05929   0.05076   0.05037   0.07275   0.06391   0.02750   0.00342   0.00790   0.00545   0.02529   0.01200   0.00118   0.01772   0.00715   0.00624   0.00571   0.00000   0.02273   0.00721   0.00713   0.03337   0.14466   0.01131   0.02588   0.02333   0.01419   0.00136   0.00795   0.00720   0.00433   0.00144   0.17166   0.16916   0.06913   0.10426   0.01395   0.08741   0.12141   1.62155   1.07407   1.06873   1.00697   0.59183   0.91045  
 27 1759.6294  10741.430255  x:  0.24962   0.16005   0.08201   0.00341   0.05935   0.05062   0.05030   0.07109   0.06310   0.02640   0.00344   0.00121   0.00450   0.02445   0.00986   0.00186   0.01327   0.00711   0.00580   0.00221   0.00000   0.01557   0.00712   0.00717   0.03046   0.14460   0.01105   0.02579   0.02179   0.01500   0.00021   0.00861   0.00723   0.00468   0.00186   0.16756   0.16987   0.06858   0.10454   0.01305   0.08848   0.11940   1.62382   1.07360   1.06904   1.00705   0.58702   0.91038  
 28 2580.6822  10740.299554  x:  0.24963   0.15977   0.08203   0.00346   0.05936   0.05059   0.05028   0.07082   0.06297   0.02623   0.00343   0.00058   0.00427   0.02433   0.00956   0.00192   0.01260   0.00711   0.00576   0.00193   0.00000   0.01444   0.00711   0.00718   0.03000   0.14459   0.01102   0.02577   0.02156   0.01512   0.00081   0.00869   0.00724   0.00471   0.00188   0.16689   0.16998   0.06850   0.10458   0.01291   0.08865   0.11908   1.62419   1.07353   1.06908   1.00707   0.58624   0.91037  
 29 6564.4878  10730.991071  x:  0.24975   0.15729   0.08225   0.00384   0.05944   0.05039   0.05018   0.06855   0.06189   0.02486   0.00353   0.00203   0.00348   0.02328   0.00713   0.00214   0.00705   0.00707   0.00541   0.00090   0.00000   0.00486   0.00703   0.00721   0.02612   0.14451   0.01077   0.02566   0.01963   0.01606   0.00158   0.00934   0.00727   0.00492   0.00177   0.16116   0.17096   0.06776   0.10498   0.01178   0.09011   0.11632   1.62738   1.07287   1.06951   1.00719   0.57950   0.91027  
 30 4866.7446  10729.307813  x:  0.24978   0.15668   0.08231   0.00387   0.05946   0.05034   0.05015   0.06799   0.06163   0.02455   0.00354   0.00191   0.00346   0.02305   0.00670   0.00213   0.00599   0.00707   0.00537   0.00196   0.00000   0.00288   0.00702   0.00721   0.02520   0.14449   0.01074   0.02563   0.01920   0.01625   0.00152   0.00944   0.00728   0.00493   0.00172   0.15972   0.17121   0.06758   0.10508   0.01153   0.09046   0.11563   1.62818   1.07270   1.06961   1.00722   0.57781   0.91024  
 31 6572.2234  10713.173653  x:  0.25020   0.14900   0.08307   0.00191   0.05966   0.04976   0.04981   0.06133   0.05865   0.02193   0.00259   0.00186   0.00367   0.02125   0.00727   0.00000   0.00533   0.00713   0.00650   0.00227   0.00000   0.00456   0.00713   0.00713   0.01530   0.14423   0.01114   0.02543   0.01558   0.01725   0.00145   0.00903   0.00723   0.00374   0.00059   0.14159   0.17427   0.06544   0.10633   0.00956   0.09477   0.10721   1.63843   1.07056   1.07095   1.00761   0.55605   0.90992  
 32 1426.1524  10713.173653  x:  0.25020   0.14900   0.08307   0.00191   0.05966   0.04976   0.04981   0.06133   0.05865   0.02193   0.00259   0.00186   0.00367   0.02125   0.00727   0.00000   0.00533   0.00713   0.00650   0.00227   0.00000   0.00456   0.00713   0.00713   0.01530   0.14423   0.01114   0.02543   0.01558   0.01725   0.00145   0.00903   0.00723   0.00374   0.00059   0.14159   0.17427   0.06544   0.10633   0.00956   0.09477   0.10721   1.63843   1.07056   1.07095   1.00761   0.55605   0.90992  
 33 103292.0353  10711.217968  x:  0.25020   0.14899   0.08307   0.00193   0.05966   0.04976   0.04981   0.06133   0.05865   0.02194   0.00261   0.00187   0.00370   0.02126   0.00729   0.00209   0.00537   0.00713   0.00649   0.00230   0.00139   0.00458   0.00713   0.00713   0.01532   0.14423   0.01115   0.02543   0.01559   0.01724   0.00145   0.00902   0.00723   0.00376   0.00066   0.14157   0.17427   0.06544   0.10633   0.00957   0.09477   0.10721   1.63845   1.07055   1.07096   1.00761   0.55603   0.90992  
 34 37255.3555  10707.646355  x:  0.25025   0.14855   0.08318   0.00312   0.05968   0.04977   0.04986   0.06116   0.05871   0.02240   0.00394   0.00282   0.00575   0.02162   0.00810   0.00253   0.00806   0.00712   0.00618   0.00428   0.00069   0.00565   0.00713   0.00714   0.01637   0.14421   0.01147   0.02546   0.01645   0.01688   0.00089   0.00882   0.00723   0.00461   0.00443   0.14034   0.17446   0.06540   0.10641   0.01006   0.09493   0.10680   1.63926   1.07038   1.07106   1.00765   0.55430   0.90989  
 35 1582.3504  10705.323800  x:  0.25031   0.14809   0.08328   0.00348   0.05969   0.04977   0.04988   0.06098   0.05877   0.02278   0.00403   0.00262   0.00647   0.02192   0.00863   0.00299   0.00926   0.00712   0.00599   0.00434   0.00000   0.00607   0.00712   0.00715   0.01727   0.14419   0.01169   0.02551   0.01718   0.01652   0.00177   0.00874   0.00723   0.00461   0.00379   0.13907   0.17465   0.06536   0.10649   0.01048   0.09510   0.10638   1.64010   1.07019   1.07116   1.00769   0.55250   0.90986  
 36 1066.3506  10701.888819  x:  0.25046   0.14695   0.08351   0.00384   0.05972   0.04977   0.04994   0.06055   0.05890   0.02356   0.00398   0.00239   0.00739   0.02258   0.00951   0.00340   0.01111   0.00711   0.00572   0.00417   0.00000   0.00657   0.00712   0.00716   0.01920   0.14414   0.01210   0.02564   0.01865   0.01573   0.00024   0.00853   0.00723   0.00447   0.00211   0.13589   0.17513   0.06524   0.10668   0.01135   0.09550   0.10535   1.64222   1.06973   1.07142   1.00779   0.54798   0.90979  
 37 2623.5727  10682.300083  x:  0.25180   0.13739   0.08539   0.00039   0.05985   0.04972   0.05011   0.05702   0.05955   0.02745   0.00272   0.00894   0.00373   0.02596   0.00935   0.00037   0.01053   0.00713   0.00734   0.00361   0.00000   0.00267   0.00713   0.00708   0.02914   0.14378   0.01258   0.02607   0.02512   0.01221   0.00052   0.00700   0.00719   0.00558   0.00255   0.10881   0.17915   0.06431   0.10819   0.01532   0.09866   0.09671   1.66062   1.06572   1.07363   1.00870   0.50866   0.90920  
 38 1939.2072  10672.532961  x:  0.25299   0.12940   0.08700   0.00266   0.05999   0.04974   0.05033   0.05416   0.05996   0.02986   0.00264   0.01235   0.00111   0.02798   0.00799   0.00089   0.00720   0.00714   0.00839   0.00304   0.00444   0.00342   0.00713   0.00706   0.03541   0.14349   0.01218   0.02628   0.02862   0.01085   0.00069   0.00673   0.00718   0.00575   0.00289   0.08593   0.18254   0.06357   0.10941   0.01748   0.10124   0.08958   1.67650   1.06224   1.07553   1.00951   0.47472   0.90868  
 39 9409.6952  10664.382422  x:  0.25388   0.12406   0.08806   0.00331   0.06007   0.04975   0.05042   0.05236   0.06015   0.03080   0.00287   0.01356   0.00448   0.02866   0.00624   0.00055   0.00309   0.00715   0.00894   0.00267   0.00528   0.00440   0.00714   0.00706   0.03792   0.14331   0.01127   0.02630   0.02937   0.01132   0.00073   0.00729   0.00718   0.00528   0.00285   0.07041   0.18484   0.06313   0.11018   0.01794   0.10291   0.08489   1.68770   1.05978   1.07685   1.01009   0.45081   0.90831  
 40 11179.6265  10646.715652  x:  0.25561   0.11608   0.08966   0.00352   0.06017   0.04977   0.05043   0.05015   0.05995   0.02944   0.00400   0.01092   0.00350   0.02723   0.00305   0.00000   0.00583   0.00714   0.00856   0.00400   0.00270   0.00652   0.00716   0.00712   0.03579   0.14310   0.00805   0.02589   0.02492   0.01643   0.00065   0.01007   0.00723   0.00307   0.00266   0.04649   0.18850   0.06276   0.11124   0.01517   0.10526   0.07827   1.70722   1.05543   1.07908   1.01118   0.40932   0.90767  
 41 5184.2270  10638.841352  x:  0.25676   0.11210   0.09055   0.00402   0.06022   0.04979   0.05040   0.04932   0.05971   0.02822   0.00365   0.00780   0.00290   0.02607   0.00877   0.00000   0.00538   0.00713   0.00772   0.00370   0.00054   0.00635   0.00714   0.00714   0.03324   0.14303   0.00741   0.02566   0.02158   0.01832   0.00057   0.01053   0.00725   0.00440   0.00356   0.03486   0.19058   0.06285   0.11180   0.01317   0.10646   0.07515   1.71903   1.05276   1.08039   1.01188   0.38443   0.90727  
 42 5853.8476  10637.676091  x:  0.25712   0.11105   0.09080   0.00385   0.06024   0.04980   0.05039   0.04913   0.05966   0.02789   0.00349   0.00693   0.00291   0.02575   0.00998   0.00161   0.00545   0.00713   0.00748   0.00362   0.00063   0.00598   0.00714   0.00715   0.03255   0.14302   0.00747   0.02561   0.02075   0.01860   0.00055   0.01047   0.00725   0.00477   0.00382   0.03195   0.19118   0.06293   0.11196   0.01269   0.10680   0.07435   1.72247   1.05198   1.08077   1.01209   0.37723   0.90716  
 43 9835.6518  10633.423220  x:  0.25766   0.11050   0.09105   0.00408   0.06026   0.04980   0.05037   0.04927   0.05962   0.02747   0.00332   0.00560   0.00313   0.02539   0.00934   0.00188   0.00561   0.00713   0.00717   0.00346   0.00000   0.00506   0.00713   0.00713   0.03165   0.14304   0.00891   0.02563   0.02036   0.01746   0.00056   0.00933   0.00724   0.00509   0.00421   0.03166   0.19184   0.06333   0.11213   0.01258   0.10710   0.07406   1.72680   1.05097   1.08120   1.01239   0.36850   0.90701  
 44 2071.6666  10621.153698  x:  0.26133   0.10940   0.09227   0.00000   0.06037   0.04980   0.05013   0.05101   0.05940   0.02617   0.00606   0.00361   0.00191   0.02459   0.00997   0.00399   0.00401   0.00713   0.00767   0.00596   0.00000   0.01026   0.00716   0.00712   0.02700   0.14321   0.00872   0.02592   0.02125   0.01042   0.00067   0.00728   0.00724   0.00381   0.00414   0.03874   0.19563   0.06633   0.11309   0.01367   0.10860   0.07443   1.75389   1.04455   1.08373   1.01446   0.31571   0.90607  
 45 3314.3806  10615.278162  x:  0.26378   0.10946   0.09297   0.00375   0.06047   0.04985   0.05006   0.05238   0.05928   0.02541   0.00565   0.00530   0.00170   0.02419   0.01036   0.00587   0.00394   0.00714   0.00882   0.00579   0.00000   0.01081   0.00719   0.00710   0.02368   0.14334   0.00664   0.02609   0.02166   0.00821   0.00068   0.00799   0.00726   0.00317   0.00350   0.04536   0.19791   0.06832   0.11364   0.01416   0.10938   0.07541   1.77163   1.04029   1.08529   1.01590   0.28219   0.90546  
 46 6572.8871  10609.730210  x:  0.26566   0.10982   0.09334   0.00216   0.06053   0.04987   0.04999   0.05325   0.05945   0.02599   0.00337   0.00899   0.00295   0.02487   0.01081   0.00442   0.00586   0.00714   0.00982   0.00342   0.00000   0.01020   0.00718   0.00710   0.02358   0.14345   0.00535   0.02630   0.02322   0.01174   0.00064   0.01041   0.00727   0.00452   0.00330   0.05002   0.19952   0.06950   0.11402   0.01496   0.10990   0.07639   1.78556   1.03689   1.08640   1.01715   0.25802   0.90497  
 47 3243.9792  10608.163470  x:  0.26640   0.11060   0.09328   0.00230   0.06056   0.04990   0.05004   0.05357   0.05965   0.02658   0.00467   0.00953   0.00262   0.02532   0.01150   0.00363   0.00515   0.00712   0.00876   0.00508   0.00000   0.00907   0.00716   0.00715   0.02498   0.14357   0.00730   0.02625   0.02348   0.01472   0.00063   0.01166   0.00730   0.00334   0.00264   0.05137   0.19983   0.06956   0.11405   0.01464   0.10983   0.07734   1.79118   1.03540   1.08667   1.01782   0.25166   0.90476  
 48 891.3004  10606.454838  x:  0.26756   0.11268   0.09280   0.00246   0.06058   0.04999   0.05024   0.05382   0.06003   0.02749   0.00515   0.00748   0.00201   0.02577   0.01086   0.00170   0.00460   0.00712   0.00620   0.00515   0.00000   0.00917   0.00718   0.00718   0.02802   0.14387   0.00528   0.02589   0.02262   0.01536   0.00055   0.01179   0.00732   0.00463   0.00304   0.05142   0.19975   0.06884   0.11386   0.01296   0.10929   0.07946   1.80065   1.03271   1.08678   1.01929   0.24805   0.90439  
 49 423.3309  10605.448370  x:  0.26832   0.11409   0.09244   0.00241   0.06058   0.05005   0.05035   0.05388   0.06019   0.02774   0.00462   0.00702   0.00195   0.02581   0.01112   0.00061   0.00478   0.00714   0.00724   0.00470   0.00000   0.00974   0.00719   0.00717   0.02925   0.14412   0.00536   0.02565   0.02163   0.01505   0.00055   0.01168   0.00730   0.00344   0.00365   0.05085   0.19960   0.06826   0.11372   0.01190   0.10886   0.08078   1.80718   1.03081   1.08678   1.02036   0.24709   0.90413  
 50 737.4248  10604.856810  x:  0.26929   0.11595   0.09198   0.00247   0.06059   0.05013   0.05048   0.05395   0.06040   0.02800   0.00411   0.00653   0.00177   0.02585   0.01115   0.00007   0.00483   0.00714   0.00829   0.00409   0.00171   0.01070   0.00719   0.00718   0.03067   0.14444   0.00590   0.02542   0.02057   0.01500   0.00055   0.01160   0.00729   0.00291   0.00419   0.05043   0.19939   0.06754   0.11354   0.01083   0.10829   0.08247   1.81562   1.02834   1.08677   1.02177   0.24616   0.90379  
 51 1769.3686  10602.053731  x:  0.27292   0.12275   0.09026   0.00282   0.06060   0.05035   0.05081   0.05388   0.06088   0.02772   0.00456   0.00748   0.00149   0.02529   0.01026   0.00060   0.00482   0.00712   0.01176   0.00475   0.00059   0.01299   0.00711   0.00724   0.03253   0.14565   0.00852   0.02536   0.01783   0.01493   0.00046   0.01172   0.00732   0.00746   0.00247   0.04875   0.19842   0.06511   0.11294   0.00972   0.10619   0.08801   1.84859   1.01858   1.08658   1.02741   0.24577   0.90246  
 52 1225.2787  10597.188122  x:  0.27599   0.12819   0.08893   0.00271   0.06060   0.05050   0.05102   0.05373   0.06110   0.02748   0.00472   0.00829   0.00178   0.02502   0.01035   0.00117   0.00489   0.00711   0.01144   0.00498   0.00000   0.01222   0.00713   0.00721   0.03335   0.14665   0.00769   0.02540   0.01752   0.01477   0.00051   0.01069   0.00730   0.00688   0.00221   0.04720   0.19760   0.06329   0.11251   0.01033   0.10452   0.09202   1.87783   1.00986   1.08636   1.03246   0.24651   0.90127  
 53 2558.5105  10590.040226  x:  0.28310   0.13794   0.08717   0.00280   0.06054   0.05045   0.05087   0.05327   0.06056   0.02641   0.00304   0.00561   0.00083   0.02487   0.00951   0.00345   0.00389   0.00719   0.00795   0.00201   0.00000   0.01341   0.00694   0.00744   0.02991   0.14872   0.01022   0.02604   0.02392   0.01458   0.00042   0.01658   0.00750   0.00603   0.00523   0.04542   0.19600   0.06181   0.11189   0.01243   0.10175   0.09584   1.95779   0.98574   1.08565   1.04639   0.25096   0.89799  
 54 3203.1432  10584.391311  x:  0.28778   0.14253   0.08675   0.00244   0.06049   0.05024   0.05053   0.05274   0.05998   0.02641   0.00090   0.00421   0.00108   0.02552   0.00952   0.00214   0.00383   0.00722   0.00877   0.00498   0.00000   0.01190   0.00701   0.00734   0.02675   0.14983   0.01005   0.02630   0.02791   0.01242   0.00037   0.02130   0.00749   0.00618   0.00524   0.04380   0.19512   0.06197   0.11163   0.01150   0.10062   0.09520   2.01922   0.96704   1.08505   1.05715   0.25549   0.89544  
 55 5030.8770  10577.976129  x:  0.29301   0.14726   0.08643   0.00201   0.06043   0.04997   0.05010   0.05212   0.05929   0.02647   0.00270   0.00302   0.00143   0.02630   0.00977   0.00030   0.00424   0.00725   0.01060   0.00560   0.00000   0.00941   0.00710   0.00720   0.02287   0.15102   0.00966   0.02655   0.03215   0.00985   0.00029   0.02642   0.00745   0.00643   0.00512   0.04203   0.19418   0.06243   0.11138   0.01014   0.09952   0.09382   2.08993   0.94549   1.08434   1.06954   0.26090   0.89251  
 56 29987.1970  10561.190374  x:  0.30177   0.14638   0.09017   0.00249   0.06041   0.04893   0.04886   0.05189   0.05843   0.03174   0.00318   0.00246   0.00134   0.03060   0.01010   0.00150   0.00433   0.00674   0.01134   0.00547   0.00000   0.00970   0.00777   0.00696   0.02168   0.15129   0.00897   0.02544   0.03243   0.01322   0.00029   0.02238   0.00687   0.00667   0.00486   0.04944   0.19371   0.07066   0.11196   0.00119   0.10199   0.07739   2.26402   0.89144   1.08237   1.10033   0.27656   0.88516  
 57 3799.6992  10543.191942  x:  0.31262   0.14180   0.09619   0.00346   0.06038   0.04767   0.04732   0.05227   0.05740   0.03649   0.00274   0.00162   0.00063   0.03343   0.01080   0.00058   0.00441   0.00688   0.01125   0.00522   0.00000   0.01281   0.00752   0.00727   0.01897   0.15095   0.00893   0.02312   0.02237   0.01983   0.00027   0.01577   0.00712   0.00707   0.00461   0.05928   0.19321   0.08338   0.11321   0.00950   0.10669   0.05400   2.51153   0.81418   1.07947   1.14423   0.29954   0.87465  
 58 15825.0687  10540.596834  x:  0.31287   0.13904   0.09720   0.00328   0.06038   0.04773   0.04735   0.05262   0.05744   0.03548   0.00239   0.00434   0.00076   0.03232   0.01105   0.00011   0.00477   0.00717   0.00860   0.00465   0.00000   0.01376   0.00709   0.00742   0.01903   0.15048   0.00990   0.02330   0.02030   0.01887   0.00031   0.01598   0.00744   0.00681   0.00404   0.06021   0.19326   0.08497   0.11342   0.00887   0.10782   0.05294   2.54254   0.80424   1.07908   1.14978   0.30266   0.87329  
 59 4126.1344  10539.661897  x:  0.31291   0.13839   0.09743   0.00324   0.06038   0.04775   0.04736   0.05270   0.05745   0.03525   0.00232   0.00493   0.00079   0.03206   0.01111   0.00000   0.00485   0.00724   0.00802   0.00453   0.00036   0.01396   0.00699   0.00745   0.01907   0.15037   0.01011   0.02334   0.01983   0.01865   0.00032   0.01605   0.00751   0.00675   0.00392   0.06043   0.19327   0.08534   0.11347   0.00874   0.10808   0.05272   2.54956   0.80199   1.07899   1.15104   0.30337   0.87298  
 60 74701.2645  10527.668804  x:  0.30353   0.10522   0.10439   0.00303   0.06060   0.04999   0.04958   0.05615   0.06002   0.02311   0.00256   0.00331   0.00109   0.02051   0.01203   0.00025   0.00473   0.00610   0.00939   0.00477   0.00000   0.01201   0.00812   0.00639   0.03052   0.14384   0.00848   0.02888   0.01690   0.01860   0.00030   0.02086   0.00641   0.00635   0.00468   0.06924   0.19479   0.09308   0.11571   0.00894   0.11900   0.06590   2.70736   0.74891   1.07683   1.17969   0.31976   0.86566  
 61 2397.5052  10525.922737  x:  0.29908   0.09867   0.10456   0.00314   0.06059   0.05033   0.04991   0.05664   0.06024   0.02376   0.00257   0.00307   0.00103   0.02214   0.01202   0.00018   0.00472   0.00893   0.00977   0.00489   0.00006   0.01222   0.00616   0.00894   0.02894   0.14233   0.00840   0.02728   0.01757   0.01944   0.00028   0.01965   0.00891   0.00647   0.00460   0.07013   0.19486   0.09248   0.11578   0.00877   0.12019   0.07048   2.73021   0.74039   1.07651   1.18395   0.32201   0.86446  
 62 1098.2992  10523.995496  x:  0.29376   0.09340   0.10408   0.00327   0.06055   0.05051   0.05007   0.05700   0.06027   0.02553   0.00247   0.00342   0.00091   0.02450   0.01196   0.00000   0.00477   0.00776   0.00945   0.00482   0.00030   0.01295   0.00725   0.00813   0.02599   0.14096   0.00880   0.02510   0.01820   0.02023   0.00028   0.01811   0.00813   0.00664   0.00436   0.07052   0.19479   0.09085   0.11563   0.00885   0.12064   0.07473   2.74675   0.73363   1.07626   1.18710   0.32355   0.86348  
 63 1214.3750  10523.592224  x:  0.29033   0.09267   0.10346   0.00329   0.06053   0.05036   0.04992   0.05710   0.06024   0.02630   0.00246   0.00337   0.00090   0.02447   0.01196   0.00001   0.00477   0.00741   0.00941   0.00482   0.00030   0.01297   0.00538   0.00734   0.02562   0.14045   0.00882   0.02538   0.01811   0.02025   0.00028   0.01809   0.00732   0.00663   0.00438   0.07091   0.19470   0.08945   0.11539   0.00887   0.12027   0.07485   2.75128   0.73112   1.07621   1.18803   0.32377   0.86309  
 64 350.7957  10521.599802  x:  0.26579   0.09146   0.09876   0.00326   0.06040   0.04909   0.04870   0.05772   0.06007   0.02984   0.00247   0.00307   0.00090   0.02229   0.01203   0.00012   0.00485   0.00884   0.00907   0.00475   0.00015   0.01262   0.00667   0.00738   0.02529   0.13744   0.00894   0.02904   0.01680   0.01958   0.00029   0.01924   0.00733   0.00644   0.00462   0.07373   0.19404   0.07929   0.11361   0.00914   0.11675   0.07190   2.77526   0.71553   1.07595   1.19321   0.32435   0.86059  
 65 607.7404  10521.087195  x:  0.25863   0.09214   0.09785   0.00328   0.06041   0.04909   0.04871   0.05787   0.06016   0.02801   0.00247   0.00307   0.00093   0.02252   0.01208   0.00007   0.00485   0.00674   0.00915   0.00477   0.00021   0.01263   0.00638   0.00846   0.02565   0.13687   0.00889   0.02834   0.01711   0.01968   0.00028   0.01906   0.00850   0.00645   0.00461   0.07427   0.19400   0.07728   0.11330   0.00908   0.11591   0.07068   2.78084   0.71097   1.07591   1.19451   0.32439   0.85983  
 66 460.9454  10520.640634  x:  0.25160   0.09359   0.09749   0.00332   0.06046   0.04941   0.04907   0.05794   0.06031   0.02468   0.00246   0.00312   0.00095   0.02334   0.01214   0.00002   0.00483   0.00782   0.00925   0.00481   0.00028   0.01279   0.00644   0.00781   0.02618   0.13663   0.00887   0.02643   0.01780   0.02002   0.00028   0.01859   0.00780   0.00654   0.00452   0.07451   0.19414   0.07643   0.11325   0.00899   0.11538   0.06954   2.78546   0.70618   1.07591   1.19567   0.32437   0.85901  
 67 413.7499  10520.211798  x:  0.24292   0.09776   0.10013   0.00319   0.06062   0.05087   0.05052   0.05735   0.06017   0.02633   0.00249   0.00313   0.00096   0.02289   0.01207   0.00010   0.00483   0.00778   0.00923   0.00479   0.00017   0.01258   0.00643   0.00794   0.02616   0.13809   0.00886   0.02548   0.01748   0.01963   0.00028   0.01918   0.00775   0.00651   0.00455   0.07336   0.19540   0.08176   0.11464   0.00897   0.11676   0.07077   2.78888   0.69666   1.07606   1.19705   0.32438   0.85723  
 68 100.5919  10520.103141  x:  0.24142   0.09863   0.10071   0.00326   0.06053   0.05039   0.05004   0.05711   0.06019   0.02597   0.00246   0.00318   0.00092   0.02334   0.01205   0.00002   0.00481   0.00778   0.00929   0.00480   0.00029   0.01286   0.00645   0.00748   0.02576   0.13867   0.00885   0.02716   0.01780   0.02005   0.00028   0.01843   0.00819   0.00653   0.00450   0.07292   0.19570   0.08294   0.11489   0.00886   0.11705   0.07129   2.78888   0.69284   1.07617   1.19737   0.32432   0.85647  
 69 93.6971  10520.066120  x:  0.24128   0.09872   0.10078   0.00327   0.06051   0.05021   0.04986   0.05707   0.06020   0.02591   0.00245   0.00320   0.00092   0.02341   0.01205   0.00000   0.00481   0.00777   0.00929   0.00480   0.00030   0.01289   0.00645   0.00774   0.02572   0.13880   0.00885   0.02735   0.01783   0.02009   0.00028   0.01835   0.00794   0.00654   0.00449   0.07286   0.19575   0.08308   0.11491   0.00885   0.11708   0.07137   2.78881   0.69178   1.07620   1.19745   0.32431   0.85625  
 70 127.1623  10519.523419  x:  0.24125   0.09873   0.10122   0.00332   0.05992   0.04583   0.04540   0.05635   0.06058   0.02595   0.00249   0.00315   0.00097   0.02371   0.01203   0.00012   0.00482   0.00777   0.00922   0.00477   0.00017   0.01262   0.00644   0.00734   0.02639   0.14156   0.00883   0.02574   0.01727   0.01959   0.00028   0.01913   0.00832   0.00649   0.00455   0.07277   0.19646   0.08393   0.11456   0.00894   0.11716   0.07208   2.78661   0.66121   1.07720   1.19952   0.32388   0.84999  
 71 169.3546  10518.404413  x:  0.24304   0.09830   0.10085   0.00336   0.06004   0.04685   0.04631   0.05622   0.06060   0.02612   0.00245   0.00327   0.00092   0.02219   0.01205   0.00000   0.00480   0.00779   0.00935   0.00480   0.00032   0.01289   0.00644   0.00737   0.02606   0.14387   0.00881   0.02548   0.01821   0.02006   0.00028   0.01831   0.00830   0.00656   0.00444   0.07272   0.19687   0.08303   0.11381   0.00883   0.11660   0.07172   2.78219   0.61905   1.07867   1.20203   0.32318   0.84119  
 72 463.4115  10517.885810  x:  0.24459   0.09794   0.10058   0.00320   0.06027   0.04850   0.04807   0.05652   0.06049   0.02574   0.00250   0.00308   0.00099   0.02558   0.01197   0.00017   0.00484   0.00771   0.00911   0.00471   0.00011   0.01247   0.00648   0.00733   0.02633   0.14402   0.00885   0.02678   0.01665   0.01922   0.00029   0.01961   0.00826   0.00639   0.00464   0.07294   0.19693   0.08234   0.11368   0.00901   0.11639   0.07140   2.77965   0.58708   1.07986   1.20385   0.32273   0.83435  
 73 852.9658  10517.675737  x:  0.24559   0.09949   0.10059   0.00321   0.06027   0.04761   0.04797   0.05773   0.05969   0.02584   0.00249   0.00312   0.00099   0.02542   0.01194   0.00016   0.00483   0.00771   0.00916   0.00471   0.00013   0.01252   0.00648   0.00733   0.02624   0.13669   0.00892   0.02668   0.01689   0.01926   0.00029   0.01947   0.00826   0.00640   0.00463   0.07237   0.19566   0.08273   0.11574   0.00894   0.11713   0.07152   2.77857   0.57474   1.08083   1.20331   0.32255   0.83046  
 74 79.1314  10517.644442  x:  0.24565   0.09959   0.10039   0.00322   0.06020   0.04845   0.04722   0.05623   0.06058   0.02581   0.00249   0.00311   0.00099   0.02538   0.01196   0.00016   0.00484   0.00771   0.00913   0.00470   0.00014   0.01253   0.00648   0.00734   0.02617   0.13577   0.00894   0.02669   0.01686   0.01925   0.00029   0.01947   0.00826   0.00638   0.00464   0.07250   0.19502   0.08297   0.11572   0.00893   0.11713   0.07155   2.77874   0.57345   1.08143   1.20208   0.32255   0.82877  
 75 19.5363  10517.473576  x:  0.24543   0.09937   0.10022   0.00320   0.05996   0.04619   0.04972   0.05393   0.06156   0.02575   0.00248   0.00311   0.00099   0.02527   0.01199   0.00015   0.00486   0.00771   0.00908   0.00469   0.00015   0.01253   0.00649   0.00733   0.02610   0.13539   0.00894   0.02668   0.01685   0.01927   0.00029   0.01945   0.00826   0.00635   0.00465   0.07276   0.19106   0.08411   0.11424   0.00894   0.11661   0.07167   2.78118   0.56908   1.08666   1.19022   0.32297   0.81468  
 76 26.0850  10516.489386  x:  0.24408   0.09866   0.10088   0.00325   0.06049   0.04825   0.04714   0.05802   0.05921   0.02575   0.00248   0.00322   0.00102   0.02531   0.01195   0.00011   0.00488   0.00769   0.00910   0.00467   0.00021   0.01258   0.00650   0.00731   0.02666   0.13743   0.00891   0.02666   0.01717   0.01954   0.00029   0.01907   0.00827   0.00640   0.00453   0.07255   0.17484   0.08773   0.10937   0.00902   0.11466   0.07221   2.79606   0.54598   1.11738   1.11963   0.32638   0.73125  
 77 229.1781  10514.500639  x:  0.24380   0.09944   0.09959   0.00332   0.05977   0.04800   0.04742   0.05815   0.06030   0.02565   0.00245   0.00319   0.00105   0.02506   0.01208   0.00000   0.00499   0.00768   0.00880   0.00461   0.00035   0.01272   0.00651   0.00728   0.02612   0.13953   0.00897   0.02652   0.01716   0.02002   0.00029   0.01875   0.00829   0.00637   0.00446   0.07390   0.17712   0.08533   0.11466   0.00888   0.11552   0.07284   2.81492   0.51849   1.15497   1.03068   0.33232   0.62518  
 78 452.1104  10514.500639  x:  0.24380   0.09944   0.09959   0.00332   0.05977   0.04800   0.04742   0.05815   0.06030   0.02565   0.00245   0.00319   0.00105   0.02506   0.01208   0.00000   0.00499   0.00768   0.00880   0.00461   0.00035   0.01272   0.00651   0.00728   0.02612   0.13953   0.00897   0.02652   0.01716   0.02002   0.00029   0.01875   0.00829   0.00637   0.00446   0.07390   0.17712   0.08533   0.11466   0.00888   0.11552   0.07284   2.81492   0.51849   1.15497   1.03068   0.33232   0.62518  
 79 488.3493  10509.774952  x:  0.24390   0.09970   0.09950   0.00331   0.05978   0.04805   0.04748   0.05816   0.06031   0.02566   0.00294   0.00291   0.00435   0.02499   0.01185   0.00198   0.00599   0.00760   0.00844   0.00436   0.00233   0.01214   0.00662   0.00728   0.02599   0.13957   0.00918   0.02650   0.01733   0.01977   0.00198   0.01819   0.00816   0.00601   0.00381   0.07396   0.17717   0.08521   0.11463   0.00904   0.11542   0.07311   2.81497   0.51849   1.15497   1.03068   0.33219   0.62517  
 80 3805.2120  10503.226793  x:  0.24440   0.10092   0.09909   0.00327   0.05983   0.04827   0.04773   0.05817   0.06029   0.02551   0.00419   0.00190   0.00776   0.02463   0.01072   0.00000   0.00916   0.00726   0.00688   0.00339   0.00038   0.00950   0.00702   0.00719   0.02540   0.13979   0.01010   0.02640   0.01801   0.01858   0.00134   0.01558   0.00759   0.00445   0.00108   0.07427   0.17741   0.08466   0.11451   0.00975   0.11497   0.07438   2.81524   0.51848   1.15496   1.03071   0.33157   0.62513  
 81 1556.1772  10502.003646  x:  0.24463   0.10148   0.09890   0.00326   0.05986   0.04838   0.04784   0.05818   0.06026   0.02540   0.00432   0.00187   0.00763   0.02447   0.01027   0.00032   0.00996   0.00715   0.00632   0.00319   0.00075   0.00840   0.00714   0.00717   0.02512   0.13989   0.01045   0.02635   0.01828   0.01808   0.00040   0.01441   0.00739   0.00405   0.00073   0.07441   0.17752   0.08440   0.11446   0.01003   0.11476   0.07495   2.81536   0.51848   1.15496   1.03072   0.33128   0.62511  
 82 1614.8560  10499.171661  x:  0.24548   0.10350   0.09823   0.00322   0.05994   0.04874   0.04825   0.05823   0.06016   0.02504   0.00424   0.00235   0.00666   0.02394   0.00881   0.00040   0.01192   0.00686   0.00472   0.00297   0.00098   0.00481   0.00745   0.00712   0.02416   0.14025   0.01151   0.02614   0.01919   0.01646   0.00100   0.01040   0.00684   0.00338   0.00221   0.07491   0.17791   0.08347   0.11425   0.01093   0.11400   0.07699   2.81581   0.51847   1.15494   1.03077   0.33024   0.62504  
 83 2325.9521  10497.704573  x:  0.24642   0.10569   0.09748   0.00322   0.06002   0.04910   0.04865   0.05828   0.06005   0.02477   0.00340   0.00240   0.00624   0.02355   0.00823   0.00037   0.01180   0.00693   0.00547   0.00400   0.00109   0.00451   0.00736   0.00714   0.02319   0.14065   0.01204   0.02598   0.01980   0.01525   0.00161   0.00754   0.00692   0.00458   0.00096   0.07544   0.17835   0.08242   0.11401   0.01150   0.11316   0.07910   2.81633   0.51846   1.15492   1.03082   0.32906   0.62495  
 84 786.8927  10496.693552  x:  0.24756   0.10826   0.09660   0.00321   0.06011   0.04949   0.04909   0.05835   0.05993   0.02457   0.00337   0.00215   0.00703   0.02322   0.00810   0.00019   0.01132   0.00706   0.00613   0.00394   0.00105   0.00549   0.00721   0.00716   0.02217   0.14112   0.01241   0.02578   0.02028   0.01434   0.00090   0.00589   0.00711   0.00513   0.00189   0.07604   0.17889   0.08116   0.11371   0.01193   0.11214   0.08149   2.81697   0.51844   1.15490   1.03089   0.32763   0.62485  
 85 911.6640  10494.177458  x:  0.25134   0.11660   0.09373   0.00316   0.06039   0.05066   0.05043   0.05858   0.05955   0.02401   0.00440   0.00287   0.00663   0.02243   0.00848   0.00008   0.00938   0.00725   0.00601   0.00209   0.00128   0.00681   0.00696   0.00720   0.01927   0.14268   0.01310   0.02518   0.02134   0.01281   0.00145   0.00667   0.00743   0.00400   0.00131   0.07796   0.18068   0.07703   0.11272   0.01285   0.10879   0.08904   2.81914   0.51836   1.15482   1.03113   0.32285   0.62449  
 86 1023.8099  10492.694585  x:  0.25368   0.12158   0.09201   0.00313   0.06054   0.05128   0.05114   0.05872   0.05936   0.02380   0.00446   0.00243   0.00685   0.02216   0.00883   0.00000   0.00885   0.00721   0.00553   0.00374   0.00129   0.00657   0.00699   0.00719   0.01800   0.14362   0.01329   0.02491   0.02166   0.01277   0.00130   0.00819   0.00740   0.00352   0.00150   0.07906   0.18180   0.07453   0.11212   0.01310   0.10676   0.09337   2.82053   0.51831   1.15477   1.03128   0.31986   0.62426  
 87 1880.1342  10491.695484  x:  0.25583   0.12577   0.09058   0.00312   0.06063   0.05158   0.05153   0.05884   0.05934   0.02391   0.00325   0.00192   0.00708   0.02240   0.00915   0.00000   0.00947   0.00706   0.00570   0.00298   0.00091   0.00555   0.00721   0.00716   0.01816   0.14444   0.01295   0.02497   0.02124   0.01427   0.00107   0.00937   0.00719   0.00508   0.00166   0.07987   0.18285   0.07239   0.11159   0.01265   0.10500   0.09658   2.82194   0.51825   1.15470   1.03145   0.31705   0.62403  
 88 907.7117  10491.476658  x:  0.25658   0.12709   0.09014   0.00313   0.06064   0.05160   0.05158   0.05888   0.05937   0.02402   0.00322   0.00220   0.00711   0.02258   0.00920   0.00064   0.00981   0.00702   0.00585   0.00297   0.00110   0.00546   0.00725   0.00716   0.01856   0.14470   0.01272   0.02506   0.02093   0.01494   0.00101   0.00943   0.00713   0.00527   0.00168   0.08008   0.18323   0.07172   0.11142   0.01235   0.10443   0.09744   2.82248   0.51822   1.15467   1.03152   0.31605   0.62394  
 89 924.5719  10490.916190  x:  0.25822   0.12967   0.08931   0.00316   0.06062   0.05148   0.05149   0.05895   0.05951   0.02437   0.00383   0.00315   0.00699   0.02319   0.00917   0.00034   0.01059   0.00701   0.00623   0.00324   0.00076   0.00576   0.00729   0.00716   0.02013   0.14525   0.01203   0.02538   0.01997   0.01657   0.00101   0.00881   0.00708   0.00498   0.00163   0.08038   0.18407   0.07041   0.11109   0.01144   0.10331   0.09876   2.82376   0.51814   1.15459   1.03169   0.31383   0.62372  
 90 948.4713  10490.621361  x:  0.25926   0.13106   0.08890   0.00317   0.06058   0.05127   0.05130   0.05898   0.05962   0.02462   0.00385   0.00220   0.00662   0.02358   0.00905   0.00041   0.01065   0.00706   0.00612   0.00316   0.00083   0.00610   0.00721   0.00717   0.02131   0.14556   0.01161   0.02562   0.01937   0.01716   0.00128   0.00826   0.00716   0.00437   0.00158   0.08043   0.18462   0.06975   0.11093   0.01090   0.10271   0.09915   2.82469   0.51809   1.15453   1.03182   0.31239   0.62357  
 91 545.0675  10490.367316  x:  0.26077   0.13234   0.08869   0.00318   0.06046   0.05071   0.05071   0.05895   0.05980   0.02494   0.00323   0.00250   0.00702   0.02393   0.00881   0.00035   0.00973   0.00718   0.00536   0.00313   0.00086   0.00591   0.00704   0.00718   0.02290   0.14593   0.01138   0.02593   0.01898   0.01636   0.00113   0.00815   0.00735   0.00423   0.00151   0.08014   0.18545   0.06931   0.11084   0.01067   0.10222   0.09854   2.82634   0.51797   1.15440   1.03207   0.31024   0.62329  
 92 222.4089  10490.143395  x:  0.26247   0.13346   0.08860   0.00322   0.06031   0.05006   0.05002   0.05888   0.05995   0.02515   0.00405   0.00229   0.00701   0.02410   0.00869   0.00027   0.00935   0.00711   0.00562   0.00314   0.00100   0.00545   0.00711   0.00717   0.02416   0.14631   0.01136   0.02616   0.01894   0.01524   0.00111   0.00843   0.00727   0.00477   0.00156   0.07967   0.18640   0.06905   0.11081   0.01080   0.10184   0.09743   2.82839   0.51781   1.15422   1.03239   0.30780   0.62294  
 93 370.8213  10489.856310  x:  0.26504   0.13470   0.08869   0.00329   0.06012   0.04925   0.04912   0.05873   0.06003   0.02515   0.00348   0.00238   0.00683   0.02394   0.00894   0.00007   0.01033   0.00691   0.00640   0.00316   0.00116   0.00586   0.00741   0.00714   0.02470   0.14681   0.01157   0.02620   0.01950   0.01428   0.00118   0.00890   0.00693   0.00434   0.00168   0.07880   0.18783   0.06901   0.11087   0.01148   0.10156   0.09532   2.83180   0.51753   1.15392   1.03293   0.30417   0.62236  
 94 333.4028  10489.523670  x:  0.26763   0.13553   0.08895   0.00329   0.06000   0.04879   0.04856   0.05855   0.06000   0.02488   0.00366   0.00238   0.00672   0.02353   0.00924   0.00000   0.01062   0.00716   0.00570   0.00320   0.00124   0.00618   0.00713   0.00719   0.02391   0.14723   0.01163   0.02600   0.02006   0.01498   0.00122   0.00871   0.00730   0.00472   0.00162   0.07784   0.18924   0.06923   0.11100   0.01200   0.10155   0.09303   2.83564   0.51720   1.15356   1.03357   0.30062   0.62170  
 95 340.5514  10489.325252  x:  0.26964   0.13589   0.08924   0.00332   0.05998   0.04877   0.04849   0.05843   0.05993   0.02466   0.00362   0.00237   0.00693   0.02330   0.00906   0.00000   0.00987   0.00705   0.00623   0.00312   0.00095   0.00560   0.00716   0.00717   0.02286   0.14749   0.01157   0.02579   0.02005   0.01576   0.00113   0.00842   0.00718   0.00428   0.00160   0.07711   0.19027   0.06954   0.11113   0.01192   0.10172   0.09138   2.83904   0.51688   1.15322   1.03415   0.29803   0.62112  
 96 390.5978  10489.294584  x:  0.27007   0.13594   0.08931   0.00332   0.05999   0.04880   0.04852   0.05841   0.05992   0.02462   0.00361   0.00237   0.00697   0.02327   0.00900   0.00025   0.00973   0.00702   0.00632   0.00311   0.00097   0.00551   0.00719   0.00716   0.02264   0.14754   0.01157   0.02575   0.02001   0.01589   0.00112   0.00838   0.00714   0.00421   0.00160   0.07696   0.19048   0.06961   0.11115   0.01187   0.10177   0.09108   2.83980   0.51681   1.15315   1.03428   0.29751   0.62098  
 97 848.3731  10489.142056  x:  0.27176   0.13569   0.08969   0.00326   0.06016   0.04954   0.04929   0.05841   0.05986   0.02461   0.00364   0.00238   0.00692   0.02356   0.00836   0.00038   0.00981   0.00670   0.00599   0.00312   0.00078   0.00589   0.00766   0.00709   0.02179   0.14762   0.01171   0.02567   0.01917   0.01557   0.00116   0.00842   0.00657   0.00444   0.00158   0.07652   0.19117   0.07007   0.11131   0.01099   0.10227   0.09044   2.84379   0.51639   1.15271   1.03500   0.29583   0.62029  
 98 209.9429  10488.955476  x:  0.27389   0.13497   0.09023   0.00322   0.06046   0.05074   0.05060   0.05850   0.05981   0.02484   0.00360   0.00239   0.00686   0.02413   0.00864   0.00051   0.01030   0.00721   0.00623   0.00312   0.00065   0.00566   0.00724   0.00717   0.02133   0.14761   0.01193   0.02574   0.01834   0.01490   0.00116   0.00854   0.00742   0.00437   0.00163   0.07613   0.19188   0.07074   0.11156   0.01019   0.10314   0.09034   2.84981   0.51574   1.15202   1.03613   0.29418   0.61924  
 99 289.5075  10488.534812  x:  0.27837   0.13266   0.09134   0.00306   0.06106   0.05296   0.05311   0.05885   0.05985   0.02551   0.00364   0.00237   0.00688   0.02477   0.00996   0.00042   0.00996   0.00658   0.00605   0.00313   0.00073   0.00562   0.00673   0.00717   0.02256   0.14732   0.01189   0.02622   0.01911   0.01509   0.00117   0.00826   0.00654   0.00437   0.00159   0.07587   0.19294   0.07220   0.11219   0.01117   0.10527   0.09186   2.86569   0.51399   1.15013   1.03917   0.29194   0.61644  
100 298.0317  10488.144095  x:  0.28224   0.13043   0.09212   0.00310   0.06138   0.05399   0.05435   0.05912   0.05991   0.02557   0.00362   0.00236   0.00690   0.02443   0.00873   0.00022   0.00977   0.00728   0.00615   0.00313   0.00095   0.00575   0.00812   0.00711   0.02381   0.14697   0.01157   0.02641   0.02019   0.01563   0.00114   0.00854   0.00731   0.00434   0.00160   0.07591   0.19360   0.07327   0.11268   0.01206   0.10697   0.09369   2.88171   0.51221   1.14820   1.04226   0.29064   0.61362  
101 680.5681  10487.584288  x:  0.28531   0.12850   0.09241   0.00297   0.06127   0.05338   0.05377   0.05922   0.05990   0.02502   0.00359   0.00236   0.00691   0.02345   0.00775   0.00000   0.00998   0.00699   0.00631   0.00314   0.00118   0.00582   0.00698   0.00721   0.02411   0.14663   0.01124   0.02609   0.02031   0.01566   0.00113   0.00885   0.00728   0.00436   0.00164   0.07628   0.19374   0.07368   0.11289   0.01167   0.10787   0.09540   2.89806   0.51039   1.14621   1.04544   0.29046   0.61072  
102 603.9017  10486.194582  x:  0.29550   0.12203   0.09283   0.00386   0.06047   0.04971   0.04995   0.05933   0.05974   0.02337   0.00362   0.00239   0.00698   0.02126   0.01027   0.00000   0.00989   0.00732   0.00600   0.00315   0.00167   0.00554   0.00833   0.00694   0.02376   0.14546   0.01100   0.02491   0.01923   0.01518   0.00114   0.00827   0.00686   0.00437   0.00157   0.07792   0.19360   0.07433   0.11328   0.00927   0.10996   0.10084   2.95993   0.50352   1.13869   1.05745   0.29116   0.59972  
103 1847.1848  10485.544515  x:  0.29849   0.12027   0.09268   0.00310   0.06017   0.04850   0.04853   0.05928   0.05974   0.02360   0.00364   0.00238   0.00694   0.02218   0.01040   0.00000   0.00982   0.00710   0.00598   0.00313   0.00068   0.00558   0.00857   0.00713   0.02330   0.14513   0.01160   0.02508   0.01891   0.01523   0.00115   0.00818   0.00709   0.00437   0.00156   0.07852   0.19323   0.07423   0.11327   0.00969   0.11004   0.10186   2.98403   0.50088   1.13578   1.06212   0.29202   0.59542  
104 1522.2060  10485.071795  x:  0.30126   0.11870   0.09249   0.00247   0.05988   0.04742   0.04724   0.05921   0.05974   0.02392   0.00366   0.00237   0.00691   0.02325   0.01042   0.00113   0.00975   0.00691   0.00597   0.00311   0.00000   0.00561   0.00875   0.00729   0.02276   0.14484   0.01222   0.02532   0.01858   0.01533   0.00116   0.00811   0.00729   0.00436   0.00155   0.07910   0.19283   0.07407   0.11323   0.01016   0.10999   0.10269   3.00746   0.49833   1.13295   1.06665   0.29293   0.59123  
105 11018.8237  10485.071795  x:  0.30126   0.11870   0.09249   0.00247   0.05988   0.04742   0.04724   0.05921   0.05974   0.02392   0.00366   0.00237   0.00691   0.02325   0.01042   0.00113   0.00975   0.00691   0.00597   0.00311   0.00000   0.00561   0.00875   0.00729   0.02276   0.14484   0.01222   0.02532   0.01858   0.01533   0.00116   0.00811   0.00729   0.00436   0.00155   0.07910   0.19283   0.07407   0.11323   0.01016   0.10999   0.10269   3.00746   0.49833   1.13295   1.06665   0.29293   0.59123  
106 2823.5291  10484.667748  x:  0.30090   0.11920   0.09236   0.00356   0.05995   0.04777   0.04760   0.05920   0.05974   0.02404   0.00355   0.00228   0.00632   0.02326   0.00973   0.00113   0.00961   0.00709   0.00593   0.00397   0.00064   0.00597   0.00766   0.00720   0.02253   0.14493   0.01202   0.02540   0.01894   0.01538   0.00127   0.00846   0.00726   0.00456   0.00137   0.07908   0.19274   0.07388   0.11315   0.01043   0.10966   0.10232   3.00768   0.49835   1.13294   1.06668   0.29305   0.59118  
107 351.2970  10484.474354  x:  0.30067   0.11953   0.09227   0.00393   0.05999   0.04799   0.04782   0.05919   0.05974   0.02411   0.00353   0.00228   0.00605   0.02326   0.00936   0.00060   0.00954   0.00716   0.00591   0.00415   0.00045   0.00610   0.00712   0.00716   0.02240   0.14499   0.01191   0.02544   0.01914   0.01541   0.00122   0.00862   0.00725   0.00463   0.00141   0.07907   0.19269   0.07376   0.11310   0.01058   0.10944   0.10208   3.00782   0.49836   1.13293   1.06669   0.29313   0.59115  
108 704.0634  10484.240445  x:  0.29996   0.12047   0.09201   0.00379   0.06010   0.04857   0.04837   0.05917   0.05973   0.02435   0.00362   0.00245   0.00575   0.02330   0.00868   0.00029   0.00942   0.00722   0.00591   0.00342   0.00096   0.00611   0.00644   0.00712   0.02205   0.14515   0.01170   0.02555   0.01960   0.01547   0.00092   0.00881   0.00724   0.00459   0.00179   0.07903   0.19253   0.07341   0.11294   0.01094   0.10881   0.10137   3.00826   0.49838   1.13291   1.06675   0.29336   0.59105  
109 321.7310  10484.068702  x:  0.29936   0.12126   0.09179   0.00352   0.06018   0.04903   0.04880   0.05915   0.05972   0.02454   0.00365   0.00242   0.00570   0.02334   0.00834   0.00000   0.00937   0.00721   0.00592   0.00314   0.00123   0.00605   0.00631   0.00712   0.02179   0.14529   0.01157   0.02563   0.01991   0.01551   0.00135   0.00888   0.00724   0.00451   0.00159   0.07900   0.19240   0.07312   0.11281   0.01119   0.10829   0.10078   3.00864   0.49840   1.13289   1.06679   0.29355   0.59096  
110 553.8149  10483.760638  x:  0.29767   0.12347   0.09120   0.00287   0.06039   0.05021   0.04992   0.05910   0.05971   0.02502   0.00360   0.00219   0.00589   0.02347   0.00801   0.00000   0.00936   0.00715   0.00594   0.00352   0.00166   0.00587   0.00670   0.00715   0.02117   0.14567   0.01138   0.02583   0.02057   0.01556   0.00099   0.00887   0.00725   0.00436   0.00113   0.07890   0.19202   0.07231   0.11244   0.01172   0.10684   0.09916   3.00971   0.49846   1.13283   1.06693   0.29410   0.59072  
111 631.6189  10483.424401  x:  0.29543   0.12631   0.09045   0.00264   0.06065   0.05161   0.05126   0.05904   0.05969   0.02554   0.00353   0.00225   0.00619   0.02364   0.00809   0.00000   0.00941   0.00707   0.00595   0.00415   0.00146   0.00578   0.00736   0.00719   0.02053   0.14616   0.01129   0.02601   0.02116   0.01562   0.00122   0.00875   0.00726   0.00447   0.00194   0.07876   0.19155   0.07127   0.11197   0.01224   0.10499   0.09709   3.01115   0.49853   1.13276   1.06710   0.29482   0.59040  
112 938.9634  10483.179364  x:  0.29391   0.12814   0.08999   0.00307   0.06079   0.05233   0.05197   0.05901   0.05970   0.02572   0.00358   0.00247   0.00626   0.02373   0.00854   0.00000   0.00950   0.00706   0.00594   0.00391   0.00087   0.00588   0.00756   0.00720   0.02033   0.14648   0.01142   0.02606   0.02122   0.01559   0.00106   0.00864   0.00727   0.00452   0.00162   0.07866   0.19124   0.07061   0.11167   0.01235   0.10383   0.09580   3.01215   0.49858   1.13271   1.06722   0.29530   0.59017  
113 664.0731  10483.060955  x:  0.29259   0.12968   0.08961   0.00346   0.06088   0.05283   0.05248   0.05898   0.05971   0.02579   0.00360   0.00255   0.00629   0.02379   0.00903   0.00060   0.00958   0.00707   0.00593   0.00368   0.00067   0.00599   0.00767   0.00720   0.02027   0.14675   0.01160   0.02607   0.02112   0.01555   0.00098   0.00852   0.00727   0.00459   0.00146   0.07857   0.19098   0.07008   0.11142   0.01235   0.10288   0.09476   3.01303   0.49862   1.13266   1.06733   0.29571   0.58997  
114 1221.2164  10482.924939  x:  0.29125   0.13102   0.08932   0.00331   0.06089   0.05287   0.05254   0.05897   0.05974   0.02554   0.00356   0.00189   0.00610   0.02374   0.00937   0.00062   0.00959   0.00712   0.00592   0.00361   0.00058   0.00602   0.00732   0.00718   0.02059   0.14698   0.01191   0.02594   0.02055   0.01549   0.00096   0.00848   0.00726   0.00457   0.00152   0.07847   0.19076   0.06967   0.11123   0.01203   0.10216   0.09398   3.01399   0.49867   1.13262   1.06744   0.29610   0.58976  
115 317.1080  10482.737836  x:  0.28905   0.13306   0.08892   0.00279   0.06084   0.05260   0.05234   0.05896   0.05979   0.02496   0.00355   0.00236   0.00583   0.02359   0.00957   0.00050   0.00956   0.00718   0.00593   0.00392   0.00070   0.00596   0.00676   0.00715   0.02129   0.14732   0.01235   0.02568   0.01948   0.01539   0.00103   0.00852   0.00724   0.00448   0.00150   0.07829   0.19043   0.06911   0.11095   0.01141   0.10116   0.09295   3.01562   0.49875   1.13254   1.06764   0.29671   0.58939  
116 519.2537  10482.554692  x:  0.28652   0.13492   0.08869   0.00337   0.06067   0.05167   0.05152   0.05894   0.05985   0.02425   0.00364   0.00235   0.00621   0.02332   0.00879   0.00000   0.00943   0.00708   0.00594   0.00372   0.00120   0.00587   0.00733   0.00719   0.02205   0.14761   0.01219   0.02542   0.01871   0.01539   0.00111   0.00873   0.00726   0.00460   0.00163   0.07807   0.19015   0.06881   0.11078   0.01102   0.10058   0.09244   3.01767   0.49886   1.13245   1.06788   0.29736   0.58892  
117 233.7816  10482.340357  x:  0.28215   0.13738   0.08860   0.00327   0.06032   0.04979   0.04979   0.05889   0.05984   0.02396   0.00315   0.00237   0.00618   0.02317   0.00897   0.00000   0.00967   0.00714   0.00588   0.00370   0.00104   0.00636   0.00730   0.00718   0.02230   0.14797   0.01111   0.02542   0.01955   0.01554   0.00108   0.00845   0.00726   0.00440   0.00160   0.07768   0.18983   0.06881   0.11075   0.01165   0.10043   0.09256   3.02162   0.49904   1.13229   1.06832   0.29836   0.58803  
118 172.8984  10482.289670  x:  0.28089   0.13800   0.08860   0.00327   0.06023   0.04929   0.04932   0.05887   0.05983   0.02397   0.00341   0.00236   0.00614   0.02317   0.00913   0.00030   0.00970   0.00715   0.00588   0.00373   0.00107   0.00632   0.00725   0.00718   0.02231   0.14806   0.01095   0.02544   0.01982   0.01556   0.00108   0.00840   0.00726   0.00445   0.00160   0.07757   0.18975   0.06886   0.11076   0.01182   0.10047   0.09269   3.02282   0.49910   1.13225   1.06846   0.29863   0.58776  
119 579.3683  10482.229650  x:  0.27959   0.13857   0.08863   0.00326   0.06015   0.04889   0.04894   0.05884   0.05982   0.02407   0.00387   0.00232   0.00611   0.02319   0.00920   0.00014   0.00966   0.00714   0.00592   0.00381   0.00097   0.00606   0.00717   0.00718   0.02224   0.14813   0.01097   0.02550   0.02007   0.01557   0.00107   0.00846   0.00726   0.00457   0.00157   0.07747   0.18968   0.06893   0.11078   0.01197   0.10055   0.09287   3.02412   0.49916   1.13220   1.06860   0.29891   0.58746  
120 573.2500  10482.116736  x:  0.27686   0.13938   0.08881   0.00337   0.06007   0.04848   0.04850   0.05879   0.05979   0.02458   0.00346   0.00235   0.00609   0.02336   0.00926   0.00022   0.00939   0.00707   0.00600   0.00378   0.00095   0.00538   0.00710   0.00718   0.02185   0.14822   0.01174   0.02568   0.02036   0.01550   0.00105   0.00875   0.00725   0.00473   0.00155   0.07726   0.18962   0.06924   0.11090   0.01201   0.10105   0.09358   3.02720   0.49930   1.13209   1.06894   0.29941   0.58676  
121 258.4289  10481.954422  x:  0.27268   0.14014   0.08922   0.00330   0.06005   0.04849   0.04840   0.05870   0.05974   0.02539   0.00363   0.00234   0.00613   0.02364   0.00895   0.00017   0.00923   0.00707   0.00591   0.00378   0.00099   0.00624   0.00727   0.00719   0.02110   0.14827   0.01294   0.02592   0.02026   0.01538   0.00106   0.00888   0.00725   0.00434   0.00161   0.07700   0.18961   0.06985   0.11114   0.01167   0.10210   0.09495   3.03246   0.49954   1.13192   1.06951   0.30009   0.58555  
122 345.9582  10481.756779  x:  0.26781   0.14030   0.08980   0.00322   0.06020   0.04944   0.04917   0.05860   0.05970   0.02560   0.00356   0.00235   0.00597   0.02377   0.00874   0.00006   0.01001   0.00726   0.00587   0.00373   0.00110   0.00614   0.00721   0.00716   0.02044   0.14815   0.01237   0.02589   0.01944   0.01539   0.00109   0.00810   0.00727   0.00502   0.00155   0.07682   0.18972   0.07062   0.11149   0.01100   0.10355   0.09668   3.03981   0.49988   1.13170   1.07030   0.30074   0.58387  
123 279.7531  10481.617724  x:  0.26470   0.14007   0.09018   0.00340   0.06036   0.05034   0.04998   0.05856   0.05970   0.02529   0.00361   0.00234   0.00606   0.02371   0.00910   0.00005   0.00986   0.00710   0.00598   0.00378   0.00110   0.00579   0.00711   0.00718   0.02052   0.14801   0.01156   0.02571   0.01908   0.01550   0.00110   0.00837   0.00725   0.00419   0.00164   0.07679   0.18985   0.07106   0.11172   0.01080   0.10443   0.09766   3.04539   0.50012   1.13154   1.07089   0.30109   0.58259  
124 388.7485  10481.493794  x:  0.26220   0.13949   0.09045   0.00313   0.06052   0.05114   0.05076   0.05855   0.05976   0.02461   0.00357   0.00234   0.00617   0.02349   0.00944   0.00013   0.00918   0.00701   0.00592   0.00374   0.00103   0.00611   0.00718   0.00720   0.02125   0.14782   0.01122   0.02551   0.01929   0.01555   0.00107   0.00904   0.00724   0.00476   0.00157   0.07690   0.19001   0.07129   0.11189   0.01102   0.10501   0.09819   3.05127   0.50037   1.13139   1.07151   0.30128   0.58123  
125 334.7446  10481.296315  x:  0.25932   0.13800   0.09063   0.00315   0.06069   0.05188   0.05162   0.05854   0.05993   0.02355   0.00361   0.00234   0.00603   0.02302   0.00904   0.00032   0.00944   0.00740   0.00584   0.00379   0.00084   0.00592   0.00735   0.00715   0.02288   0.14746   0.01205   0.02537   0.02032   0.01546   0.00104   0.00837   0.00730   0.00452   0.00154   0.07733   0.19033   0.07125   0.11203   0.01170   0.10526   0.09813   3.06167   0.50080   1.13115   1.07259   0.30131   0.57882  
126 295.0673  10480.899944  x:  0.25627   0.13434   0.09048   0.00319   0.06069   0.05156   0.05165   0.05853   0.06006   0.02398   0.00358   0.00234   0.00680   0.02296   0.00898   0.00020   0.01048   0.00588   0.00653   0.00382   0.00096   0.00614   0.00673   0.00731   0.02346   0.14674   0.01230   0.02563   0.02071   0.01538   0.00106   0.00846   0.00708   0.00465   0.00155   0.07856   0.19100   0.07043   0.11196   0.01163   0.10454   0.09648   3.08383   0.50167   1.13067   1.07486   0.30090   0.57366  
127 335.8916  10480.170248  x:  0.25331   0.13016   0.09023   0.00324   0.06062   0.05092   0.05137   0.05852   0.06013   0.02478   0.00359   0.00234   0.00672   0.02312   0.00915   0.00000   0.01055   0.00659   0.00623   0.00377   0.00115   0.00610   0.00685   0.00729   0.02332   0.14594   0.01206   0.02593   0.02064   0.01538   0.00109   0.00881   0.00712   0.00462   0.00161   0.08000   0.19175   0.06942   0.11182   0.01136   0.10352   0.09441   3.11016   0.50269   1.13013   1.07756   0.30039   0.56751  
128 1949.2512  10479.774093  x:  0.25176   0.12774   0.08999   0.00330   0.06056   0.05056   0.05101   0.05860   0.06009   0.02469   0.00358   0.00234   0.00552   0.02331   0.00898   0.00000   0.00913   0.00563   0.00616   0.00378   0.00106   0.00605   0.00728   0.00710   0.02241   0.14553   0.01193   0.02581   0.02015   0.01544   0.00109   0.00776   0.00734   0.00461   0.00157   0.08097   0.19226   0.06880   0.11171   0.01166   0.10274   0.09314   3.13273   0.50350   1.12968   1.07988   0.30014   0.56223  
129 1403.8182  10479.108972  x:  0.25209   0.12680   0.08970   0.00330   0.06049   0.05064   0.05026   0.05903   0.05981   0.02276   0.00357   0.00232   0.00700   0.02355   0.00889   0.00000   0.00817   0.00642   0.00716   0.00386   0.00091   0.00616   0.00657   0.00735   0.01985   0.14559   0.01251   0.02470   0.01916   0.01562   0.00106   0.00692   0.00704   0.00468   0.00148   0.08185   0.19276   0.06862   0.11158   0.01332   0.10199   0.09280   3.17354   0.50481   1.12896   1.08406   0.30026   0.55259  
130 907.4070  10478.910703  x:  0.25249   0.12673   0.08963   0.00331   0.06047   0.05072   0.05003   0.05920   0.05973   0.02218   0.00357   0.00232   0.00703   0.02358   0.00897   0.00082   0.00833   0.00642   0.00710   0.00385   0.00097   0.00617   0.00656   0.00734   0.01922   0.14567   0.01272   0.02439   0.01898   0.01565   0.00108   0.00703   0.00703   0.00469   0.00150   0.08206   0.19289   0.06865   0.11155   0.01374   0.10183   0.09288   3.18698   0.50522   1.12873   1.08544   0.30034   0.54941  
131 3639.3145  10477.712437  x:  0.25504   0.12758   0.08923   0.00307   0.06040   0.05136   0.04904   0.06012   0.05932   0.01960   0.00360   0.00228   0.00636   0.02362   0.00863   0.00082   0.01034   0.00585   0.00585   0.00388   0.00038   0.00601   0.00704   0.00715   0.01643   0.14631   0.01352   0.02299   0.01823   0.01578   0.00094   0.00894   0.00724   0.00462   0.00137   0.08291   0.19343   0.06888   0.11134   0.01533   0.10100   0.09353   3.26051   0.50744   1.12749   1.09298   0.30102   0.53198  
132 5686.2685  10471.186374  x:  0.27165   0.13684   0.08844   0.00305   0.06036   0.05432   0.04714   0.06378   0.05889   0.02243   0.00358   0.00226   0.00554   0.02243   0.00836   0.00118   0.01009   0.00634   0.00784   0.00389   0.00000   0.00616   0.00755   0.00726   0.01951   0.15005   0.01250   0.02353   0.01953   0.01525   0.00085   0.00896   0.00733   0.00466   0.00126   0.08384   0.19469   0.07137   0.11054   0.01264   0.10004   0.09985   3.56389   0.51613   1.12263   1.12408   0.30486   0.45984  
133 3485.9948  10470.268501  x:  0.27479   0.13837   0.08848   0.00322   0.06038   0.05410   0.04754   0.06376   0.05901   0.02270   0.00361   0.00227   0.00691   0.02280   0.00861   0.00089   0.00950   0.00574   0.00500   0.00392   0.00033   0.00590   0.00672   0.00711   0.02020   0.15058   0.01248   0.02417   0.01969   0.01553   0.00091   0.00809   0.00716   0.00463   0.00131   0.08341   0.19473   0.07176   0.11055   0.01236   0.10038   0.10076   3.61696   0.51752   1.12187   1.12950   0.30549   0.44715  
134 4908.6765  10469.586550  x:  0.27721   0.13907   0.08903   0.00338   0.06046   0.05189   0.04982   0.06175   0.05954   0.02177   0.00361   0.00232   0.00651   0.02432   0.00935   0.00000   0.00965   0.00573   0.00535   0.00377   0.00121   0.00602   0.00688   0.00701   0.02040   0.15050   0.01281   0.02549   0.01946   0.01635   0.00108   0.00801   0.00723   0.00469   0.00152   0.08138   0.19418   0.07176   0.11099   0.01292   0.10197   0.10050   3.65118   0.51803   1.12168   1.13293   0.30577   0.43873  
135 1075.6938  10469.330953  x:  0.27800   0.13971   0.08955   0.00322   0.06057   0.05057   0.05132   0.05984   0.05991   0.02206   0.00361   0.00229   0.00657   0.02384   0.00895   0.00000   0.00960   0.00577   0.00528   0.00384   0.00075   0.00597   0.00685   0.00752   0.02022   0.15023   0.01260   0.02505   0.01944   0.01548   0.00100   0.00811   0.00712   0.00464   0.00143   0.07931   0.19342   0.07145   0.11137   0.01280   0.10319   0.09948   3.66427   0.51779   1.12193   1.13418   0.30593   0.43527  
136 496.4797  10469.190480  x:  0.27856   0.14010   0.08992   0.00313   0.06066   0.04970   0.05228   0.05853   0.06015   0.02227   0.00361   0.00227   0.00660   0.02343   0.00874   0.00066   0.00957   0.00579   0.00524   0.00388   0.00049   0.00594   0.00684   0.00781   0.02008   0.15003   0.01248   0.02466   0.01946   0.01486   0.00096   0.00817   0.00706   0.00461   0.00138   0.07788   0.19289   0.07124   0.11164   0.01272   0.10405   0.09877   3.67335   0.51761   1.12211   1.13504   0.30604   0.43287  
137 6301.3048  10469.123004  x:  0.27878   0.14024   0.09020   0.00308   0.06070   0.04963   0.05236   0.05792   0.06021   0.02244   0.00361   0.00227   0.00678   0.02309   0.00866   0.00077   0.00956   0.00580   0.00533   0.00390   0.00037   0.00594   0.00681   0.00690   0.02002   0.14982   0.01248   0.02435   0.01952   0.01513   0.00093   0.00820   0.00724   0.00462   0.00134   0.07702   0.19251   0.07112   0.11182   0.01259   0.10454   0.09825   3.67702   0.51733   1.12234   1.13536   0.30607   0.43178  
138 278.2640  10469.051246  x:  0.27906   0.14025   0.09083   0.00311   0.06075   0.05034   0.05154   0.05731   0.06017   0.02255   0.00361   0.00227   0.00668   0.02274   0.00871   0.00073   0.00957   0.00580   0.00529   0.00389   0.00042   0.00594   0.00683   0.00729   0.02000   0.14930   0.01262   0.02399   0.01966   0.01620   0.00092   0.00816   0.00711   0.00465   0.00133   0.07561   0.19174   0.07101   0.11218   0.01239   0.10538   0.09726   3.68165   0.51650   1.12301   1.13567   0.30606   0.43012  
139 143.8539  10468.987184  x:  0.27934   0.14016   0.09157   0.00318   0.06077   0.05139   0.05034   0.05712   0.06001   0.02235   0.00361   0.00228   0.00667   0.02308   0.00884   0.00053   0.00957   0.00578   0.00530   0.00387   0.00061   0.00596   0.00681   0.00723   0.02007   0.14862   0.01258   0.02426   0.01966   0.01538   0.00097   0.00814   0.00728   0.00464   0.00139   0.07425   0.19078   0.07102   0.11261   0.01252   0.10622   0.09623   3.68615   0.51516   1.12408   1.13588   0.30602   0.42819  
140 125.5348  10468.969279  x:  0.27933   0.14020   0.09174   0.00316   0.06074   0.05144   0.05030   0.05739   0.05995   0.02237   0.00361   0.00228   0.00664   0.02320   0.00877   0.00060   0.00957   0.00579   0.00529   0.00387   0.00055   0.00595   0.00686   0.00711   0.02014   0.14837   0.01255   0.02444   0.01956   0.01537   0.00096   0.00816   0.00682   0.00463   0.00138   0.07413   0.19040   0.07112   0.11270   0.01261   0.10630   0.09602   3.68697   0.51429   1.12478   1.13581   0.30603   0.42746  
141 46.6086  10468.891119  x:  0.27922   0.14040   0.09234   0.00307   0.06056   0.05125   0.05061   0.05891   0.05968   0.02255   0.00361   0.00226   0.00677   0.02357   0.00842   0.00093   0.00960   0.00582   0.00530   0.00393   0.00021   0.00592   0.00679   0.00724   0.02036   0.14725   0.01244   0.02508   0.01915   0.01571   0.00089   0.00825   0.00725   0.00462   0.00130   0.07398   0.18858   0.07172   0.11308   0.01290   0.10643   0.09533   3.69056   0.50959   1.12856   1.13531   0.30610   0.42373  
142 146.1546  10468.717950  x:  0.27947   0.14024   0.09294   0.00319   0.06032   0.05030   0.05153   0.06121   0.05931   0.02234   0.00361   0.00229   0.00664   0.02292   0.00886   0.00036   0.00954   0.00577   0.00529   0.00384   0.00077   0.00597   0.00681   0.00719   0.01984   0.14516   0.01266   0.02406   0.01979   0.01546   0.00101   0.00810   0.00717   0.00466   0.00142   0.07456   0.18513   0.07302   0.11357   0.01230   0.10641   0.09490   3.70236   0.49823   1.13787   1.13435   0.30614   0.41379  
143 219.3297  10468.239823  x:  0.27938   0.13971   0.09019   0.00328   0.06118   0.05091   0.05069   0.05715   0.06075   0.02281   0.00362   0.00231   0.00653   0.02294   0.00887   0.00007   0.00960   0.00576   0.00526   0.00380   0.00103   0.00597   0.00680   0.00718   0.02032   0.14380   0.01261   0.02409   0.01911   0.01550   0.00107   0.00813   0.00717   0.00466   0.00150   0.07709   0.18045   0.07381   0.11299   0.01319   0.10500   0.09715   3.73007   0.46507   1.16609   1.13035   0.30634   0.38561  
144 198.9213  10468.100262  x:  0.27916   0.13963   0.09010   0.00323   0.06094   0.05102   0.05064   0.05682   0.06040   0.02180   0.00361   0.00230   0.00666   0.02346   0.00862   0.00027   0.00945   0.00579   0.00532   0.00383   0.00083   0.00595   0.00676   0.00719   0.01988   0.14481   0.01251   0.02481   0.02004   0.01559   0.00103   0.00813   0.00715   0.00465   0.00145   0.07680   0.18130   0.07311   0.11257   0.01166   0.10490   0.09733   3.73729   0.45545   1.17516   1.12870   0.30639   0.37694  
145 243.5997  10467.816360  x:  0.27904   0.13937   0.09101   0.00329   0.06023   0.05085   0.05089   0.05776   0.05940   0.02222   0.00362   0.00232   0.00657   0.02318   0.00872   0.00000   0.00950   0.00577   0.00529   0.00379   0.00108   0.00597   0.00676   0.00718   0.02010   0.14757   0.01254   0.02455   0.01964   0.01557   0.00108   0.00810   0.00716   0.00468   0.00150   0.07538   0.18509   0.07159   0.11208   0.01236   0.10543   0.09725   3.75005   0.44136   1.18991   1.12585   0.30637   0.36253  
146 323.4780  10467.728946  x:  0.27902   0.14005   0.09146   0.00329   0.06172   0.05070   0.05069   0.05817   0.06129   0.02235   0.00362   0.00232   0.00656   0.02404   0.00864   0.00000   0.00950   0.00577   0.00529   0.00379   0.00108   0.00596   0.00676   0.00717   0.02013   0.14741   0.01249   0.02382   0.01978   0.01561   0.00108   0.00810   0.00716   0.00468   0.00150   0.07557   0.18757   0.07265   0.11291   0.01221   0.10572   0.09622   3.75481   0.43814   1.19773   1.12340   0.30627   0.35523  
147 70.7549  10467.656356  x:  0.27906   0.14064   0.09159   0.00330   0.06225   0.05065   0.05060   0.05812   0.06201   0.02210   0.00362   0.00232   0.00654   0.02278   0.00879   0.00000   0.00947   0.00577   0.00529   0.00378   0.00116   0.00597   0.00675   0.00717   0.01975   0.14676   0.01255   0.02489   0.01963   0.01557   0.00110   0.00810   0.00716   0.00467   0.00153   0.07589   0.18924   0.07354   0.11363   0.01220   0.10588   0.09556   3.75889   0.43668   1.20490   1.12088   0.30618   0.34853  
148 141.3781  10467.275264  x:  0.27913   0.14298   0.09070   0.00335   0.05899   0.05090   0.05088   0.05607   0.05886   0.02227   0.00362   0.00232   0.00653   0.02355   0.00868   0.00000   0.00948   0.00577   0.00529   0.00376   0.00124   0.00596   0.00675   0.00715   0.02030   0.14184   0.01256   0.02431   0.01967   0.01562   0.00111   0.00809   0.00716   0.00469   0.00153   0.07717   0.19334   0.07517   0.11580   0.01201   0.10594   0.09472   3.77862   0.43512   1.24531   1.10523   0.30597   0.31106  
149 157.2484  10466.352159  x:  0.27907   0.14271   0.09034   0.00341   0.06241   0.05031   0.05071   0.05809   0.05960   0.02227   0.00363   0.00234   0.00646   0.02358   0.00870   0.00000   0.00945   0.00576   0.00529   0.00371   0.00150   0.00597   0.00673   0.00710   0.02022   0.13900   0.01256   0.02433   0.01967   0.01571   0.00116   0.00806   0.00719   0.00472   0.00157   0.07465   0.19083   0.06882   0.11312   0.01213   0.10537   0.09865   3.82486   0.43704   1.34321   1.06634   0.30887   0.21931  
150 327.1572  10466.001345  x:  0.27917   0.14057   0.09124   0.00344   0.05959   0.05072   0.05082   0.05770   0.06150   0.02226   0.00363   0.00234   0.00643   0.02358   0.00874   0.00000   0.00944   0.00575   0.00529   0.00369   0.00159   0.00597   0.00672   0.00708   0.02018   0.14518   0.01249   0.02426   0.01969   0.01574   0.00117   0.00804   0.00720   0.00474   0.00158   0.07527   0.18711   0.07207   0.11216   0.01208   0.10561   0.09700   3.84263   0.43856   1.38139   1.05132   0.31330   0.18246  
151 280.8460  10465.968537  x:  0.27923   0.14021   0.09115   0.00344   0.06094   0.05052   0.05079   0.05744   0.06005   0.02227   0.00363   0.00234   0.00643   0.02362   0.00872   0.00000   0.00945   0.00575   0.00529   0.00369   0.00160   0.00597   0.00672   0.00708   0.02031   0.14617   0.01248   0.02425   0.01969   0.01575   0.00117   0.00804   0.00720   0.00475   0.00157   0.07558   0.18671   0.07270   0.11261   0.01206   0.10572   0.09657   3.84423   0.43873   1.38481   1.05015   0.31439   0.17871  
152 58.4787  10465.960371  x:  0.27938   0.13998   0.09077   0.00344   0.06080   0.05055   0.05079   0.05758   0.06019   0.02227   0.00363   0.00234   0.00643   0.02362   0.00872   0.00000   0.00945   0.00575   0.00530   0.00369   0.00160   0.00597   0.00672   0.00708   0.02028   0.14601   0.01248   0.02425   0.01969   0.01575   0.00117   0.00804   0.00720   0.00475   0.00157   0.07563   0.18684   0.07219   0.11357   0.01204   0.10579   0.09662   3.84434   0.43879   1.38509   1.05076   0.31581   0.17684  
153  7.3097  10465.938874  x:  0.27958   0.13978   0.09147   0.00343   0.06084   0.05054   0.05079   0.05734   0.06013   0.02228   0.00363   0.00234   0.00643   0.02362   0.00871   0.00000   0.00945   0.00576   0.00530   0.00369   0.00159   0.00597   0.00672   0.00708   0.02028   0.14488   0.01249   0.02426   0.01969   0.01575   0.00117   0.00804   0.00720   0.00475   0.00157   0.07553   0.18753   0.07246   0.11212   0.01209   0.10547   0.09661   3.84391   0.43925   1.38431   1.05482   0.31760   0.16931  
154  8.0787  10465.846954  x:  0.27934   0.14020   0.09025   0.00344   0.06085   0.05056   0.05079   0.05773   0.06011   0.02230   0.00363   0.00233   0.00644   0.02360   0.00872   0.00000   0.00945   0.00577   0.00531   0.00370   0.00154   0.00597   0.00673   0.00708   0.02028   0.14496   0.01249   0.02428   0.01970   0.01577   0.00116   0.00804   0.00720   0.00475   0.00155   0.07521   0.18782   0.07253   0.11248   0.01206   0.10587   0.09657   3.84168   0.44176   1.38015   1.07314   0.31471   0.13692  
155 31.2335  10465.841732  x:  0.27935   0.14035   0.09117   0.00343   0.06085   0.05056   0.05077   0.05747   0.06012   0.02231   0.00363   0.00233   0.00644   0.02360   0.00872   0.00000   0.00945   0.00577   0.00531   0.00370   0.00154   0.00597   0.00673   0.00708   0.02028   0.14507   0.01249   0.02428   0.01970   0.01577   0.00115   0.00804   0.00720   0.00475   0.00155   0.07564   0.18773   0.07218   0.11290   0.01205   0.10559   0.09670   3.84161   0.44195   1.38004   1.07435   0.31445   0.13516  
156 13.8448  10465.466432  x:  0.27915   0.13846   0.09083   0.00345   0.06095   0.05053   0.05085   0.05771   0.06004   0.02271   0.00364   0.00231   0.00640   0.02358   0.00878   0.00000   0.00944   0.00596   0.00544   0.00366   0.00138   0.00597   0.00678   0.00705   0.02043   0.14672   0.01235   0.02454   0.01975   0.01575   0.00117   0.00815   0.00726   0.00472   0.00153   0.07220   0.18881   0.07417   0.11364   0.01189   0.10135   0.09775   3.87961   0.46799   1.46117   1.20538   0.31398   0.15207  
157  1.5705  10465.267300  x:  0.27941   0.13912   0.09032   0.00347   0.06098   0.05060   0.05063   0.05803   0.06003   0.02292   0.00364   0.00230   0.00638   0.02355   0.00881   0.00000   0.00943   0.00606   0.00551   0.00364   0.00127   0.00596   0.00681   0.00702   0.02046   0.14759   0.01228   0.02466   0.01975   0.01573   0.00117   0.00820   0.00730   0.00470   0.00151   0.07569   0.18898   0.07226   0.11148   0.01189   0.10581   0.09611   3.89980   0.48174   1.50409   1.27468   0.31409   0.16115  
158 359.0673  10464.287690  x:  0.27922   0.13827   0.09074   0.00330   0.06087   0.05066   0.05058   0.05853   0.05994   0.02414   0.00361   0.00231   0.00629   0.02322   0.00891   0.00000   0.00951   0.00666   0.00585   0.00361   0.00048   0.00594   0.00698   0.00714   0.02086   0.14809   0.01194   0.02552   0.01981   0.01579   0.00107   0.00844   0.00728   0.00463   0.00140   0.07674   0.19207   0.07146   0.11200   0.01146   0.10418   0.09565   4.03426   0.46617   1.42685   1.17426   0.31519   0.15903  
159  1.0902  10463.893438  x:  0.27910   0.13775   0.09100   0.00320   0.06081   0.05070   0.05055   0.05883   0.05988   0.02489   0.00359   0.00232   0.00624   0.02301   0.00897   0.00117   0.00955   0.00703   0.00605   0.00358   0.00000   0.00593   0.00708   0.00720   0.02111   0.14840   0.01173   0.02604   0.01984   0.01583   0.00100   0.00859   0.00728   0.00458   0.00134   0.07738   0.19396   0.07097   0.11232   0.01119   0.10319   0.09536   4.11654   0.45664   1.37959   1.11282   0.31587   0.15773  
160 68152.0185  10463.540292  x:  0.27885   0.13659   0.09078   0.00325   0.06054   0.05041   0.05035   0.05895   0.05977   0.02505   0.00360   0.00234   0.00610   0.02373   0.00892   0.00000   0.00951   0.00711   0.00603   0.00353   0.00099   0.00593   0.00716   0.00718   0.02144   0.14899   0.01171   0.02567   0.01985   0.01592   0.00099   0.00854   0.00730   0.00462   0.00142   0.07812   0.19279   0.07052   0.11177   0.01111   0.10355   0.09543   4.16604   0.45722   1.36634   1.14473   0.31505   0.15866  
161  0.1616  10463.495424  x:  0.27863   0.13630   0.09070   0.00327   0.06053   0.05042   0.05032   0.05903   0.05982   0.02501   0.00360   0.00235   0.00607   0.02375   0.00892   0.00000   0.00950   0.00712   0.00600   0.00353   0.00133   0.00594   0.00716   0.00718   0.02151   0.14906   0.01175   0.02557   0.01988   0.01591   0.00099   0.00851   0.00729   0.00463   0.00143   0.07820   0.19244   0.07058   0.11172   0.01119   0.10359   0.09550   4.19783   0.45505   1.37187   1.14499   0.31556   0.15795  
162  0.1069  10463.431491  x:  0.27805   0.13599   0.09053   0.00325   0.06058   0.05058   0.05029   0.05925   0.05999   0.02495   0.00360   0.00234   0.00603   0.02352   0.00892   0.00000   0.00953   0.00718   0.00591   0.00357   0.00116   0.00595   0.00714   0.00716   0.02161   0.14900   0.01183   0.02555   0.01998   0.01588   0.00096   0.00851   0.00726   0.00464   0.00137   0.07835   0.19221   0.07077   0.11186   0.01142   0.10351   0.09557   4.27938   0.44895   1.37511   1.12516   0.31704   0.15560  
163  0.1342  10463.428725  x:  0.27808   0.13630   0.09064   0.00325   0.06059   0.05059   0.05030   0.05918   0.05994   0.02485   0.00360   0.00233   0.00606   0.02355   0.00891   0.00000   0.00952   0.00712   0.00594   0.00356   0.00114   0.00595   0.00713   0.00718   0.02145   0.14887   0.01182   0.02553   0.01996   0.01588   0.00096   0.00851   0.00726   0.00463   0.00138   0.07831   0.19241   0.07072   0.11204   0.01134   0.10354   0.09556   4.28301   0.44780   1.38266   1.12606   0.31690   0.15653  
164  0.0070  10463.428640  x:  0.27811   0.13627   0.09064   0.00325   0.06059   0.05059   0.05031   0.05918   0.05995   0.02484   0.00360   0.00233   0.00606   0.02354   0.00892   0.00000   0.00953   0.00712   0.00593   0.00356   0.00115   0.00595   0.00714   0.00718   0.02144   0.14884   0.01183   0.02554   0.01995   0.01589   0.00096   0.00851   0.00726   0.00463   0.00138   0.07830   0.19246   0.07073   0.11203   0.01136   0.10352   0.09555   4.28273   0.44747   1.38300   1.12507   0.31695   0.15629  
165  0.0010  10463.428637  x:  0.27811   0.13627   0.09064   0.00325   0.06059   0.05059   0.05031   0.05918   0.05995   0.02484   0.00360   0.00233   0.00606   0.02353   0.00892   0.00000   0.00952   0.00712   0.00593   0.00356   0.00115   0.00595   0.00714   0.00718   0.02144   0.14884   0.01183   0.02554   0.01995   0.01588   0.00096   0.00851   0.00726   0.00463   0.00138   0.07831   0.19246   0.07073   0.11204   0.01136   0.10352   0.09555   4.28277   0.44742   1.38293   1.12477   0.31695   0.15628  
166  0.0003  10463.428637  x:  0.27811   0.13627   0.09064   0.00325   0.06059   0.05059   0.05031   0.05918   0.05995   0.02484   0.00360   0.00233   0.00606   0.02353   0.00892   0.00000   0.00952   0.00712   0.00593   0.00356   0.00115   0.00595   0.00714   0.00718   0.02144   0.14885   0.01183   0.02554   0.01995   0.01588   0.00096   0.00851   0.00726   0.00463   0.00138   0.07830   0.19246   0.07073   0.11204   0.01136   0.10352   0.09555   4.28275   0.44742   1.38297   1.12479   0.31695   0.15629  
167  0.0000  10463.428637  x:  0.27811   0.13627   0.09064   0.00325   0.06059   0.05059   0.05031   0.05918   0.05995   0.02484   0.00360   0.00233   0.00606   0.02353   0.00892   0.00000   0.00952   0.00712   0.00593   0.00356   0.00115   0.00595   0.00714   0.00718   0.02144   0.14884   0.01183   0.02554   0.01995   0.01588   0.00096   0.00851   0.00726   0.00463   0.00138   0.07830   0.19246   0.07073   0.11204   0.01136   0.10352   0.09555   4.28275   0.44742   1.38297   1.12479   0.31695   0.15629  
168  0.0000  10463.428637  x:  0.27811   0.13627   0.09064   0.00325   0.06059   0.05059   0.05031   0.05918   0.05995   0.02484   0.00360   0.00233   0.00606   0.02353   0.00892   0.00000   0.00952   0.00712   0.00593   0.00356   0.00115   0.00595   0.00714   0.00718   0.02144   0.14884   0.01183   0.02554   0.01995   0.01588   0.00096   0.00851   0.00726   0.00463   0.00138   0.07830   0.19246   0.07073   0.11204   0.01136   0.10352   0.09555   4.28275   0.44742   1.38297   1.12479   0.31695   0.15629  
169  0.0000  10463.428637  x:  0.27811   0.13627   0.09064   0.00325   0.06059   0.05059   0.05031   0.05918   0.05995   0.02484   0.00360   0.00233   0.00606   0.02353   0.00892   0.00000   0.00952   0.00712   0.00593   0.00356   0.00115   0.00595   0.00714   0.00718   0.02144   0.14884   0.01183   0.02554   0.01995   0.01588   0.00096   0.00851   0.00726   0.00463   0.00138   0.07830   0.19246   0.07073   0.11204   0.01136   0.10352   0.09555   4.28275   0.44742   1.38297   1.12479   0.31695   0.15629  
170  0.0000  10463.428637  x:  0.27811   0.13627   0.09064   0.00325   0.06059   0.05059   0.05031   0.05918   0.05995   0.02484   0.00360   0.00233   0.00606   0.02353   0.00892   0.00000   0.00952   0.00712   0.00593   0.00356   0.00115   0.00595   0.00714   0.00718   0.02144   0.14884   0.01183   0.02554   0.01995   0.01588   0.00096   0.00851   0.00726   0.00463   0.00138   0.07830   0.19246   0.07073   0.11204   0.01136   0.10352   0.09555   4.28275   0.44742   1.38297   1.12479   0.31695   0.15629  