

TREE # 1

  0  0.0000  13466.153255  x:  0.36826   0.07062   0.00720   0.13921   0.12976   0.10564   0.17512   0.07302   0.07041   0.01860   0.03711   0.00956   0.01947   0.01673   0.00903   0.01422   0.02413   0.01472   0.01167   0.01334   0.06697   0.30034   0.00000   0.03920   0.06707   0.03865   0.03363   0.00938   0.02524   0.01451   0.00507   0.01040   0.12469   0.00873   0.10201   0.08664   0.06768   3.00000   1.39835   0.16116   0.29812   2.50136  
  1 99.0000  13433.572863  x:  0.36978   0.07641   0.01348   0.14189   0.13000   0.10641   0.17857   0.07618   0.07059   0.02357   0.03599   0.01110   0.02062   0.01781   0.00488   0.00671   0.02111   0.01386   0.00611   0.00998   0.06663   0.30215   0.00602   0.04137   0.06829   0.03815   0.03224   0.00891   0.02087   0.01579   0.00000   0.00886   0.12730   0.01492   0.10260   0.08798   0.06919   3.00106   1.39926   0.16037   0.28525   2.50130  
  2 1991.8627  13414.746872  x:  0.37100   0.08107   0.01851   0.14405   0.13019   0.10704   0.18135   0.07872   0.07074   0.02755   0.03509   0.01233   0.02155   0.01868   0.00159   0.00067   0.01868   0.01317   0.00168   0.00729   0.06635   0.30360   0.01073   0.04312   0.06928   0.03774   0.03113   0.00853   0.01736   0.01683   0.00052   0.00768   0.12940   0.01985   0.10306   0.08905   0.07039   3.00191   1.40000   0.15973   0.27486   2.50125  
  3 34284.1797  13406.946642  x:  0.37156   0.08303   0.02018   0.14498   0.13025   0.10727   0.18257   0.07980   0.07078   0.02890   0.03469   0.01268   0.02194   0.01897   0.00300   0.00000   0.01782   0.01303   0.00275   0.00674   0.06614   0.30425   0.01156   0.04381   0.06969   0.03759   0.03069   0.00848   0.01604   0.01714   0.00059   0.00752   0.13031   0.02136   0.10326   0.08950   0.07085   3.00230   1.40033   0.15944   0.27012   2.50123  
  4 4360.5625  13368.029952  x:  0.37629   0.09986   0.03479   0.15295   0.13079   0.10926   0.19300   0.08908   0.07118   0.04062   0.03133   0.01579   0.02524   0.02149   0.01272   0.00189   0.01042   0.01180   0.00950   0.00178   0.06439   0.30981   0.01927   0.04979   0.07326   0.03627   0.02697   0.00804   0.00466   0.01991   0.00130   0.00598   0.13810   0.03460   0.10493   0.09339   0.07479   3.00565   1.40321   0.15695   0.22954   2.50103  
  5 77784.8835  13330.231954  x:  0.38330   0.12326   0.05260   0.16430   0.13149   0.11180   0.20800   0.10198   0.07162   0.05449   0.02698   0.01866   0.02900   0.02397   0.02002   0.00316   0.00491   0.01149   0.01396   0.02089   0.06156   0.31801   0.02543   0.05772   0.07822   0.03477   0.02253   0.00860   0.00154   0.02281   0.00189   0.00709   0.14920   0.04994   0.10729   0.09883   0.07983   3.01066   1.40748   0.15325   0.16937   2.50074  
  6 9639.7650  13304.219918  x:  0.38865   0.14066   0.06547   0.17280   0.13203   0.11364   0.21927   0.11155   0.07193   0.06437   0.02403   0.02051   0.03157   0.02558   0.02530   0.00405   0.00522   0.01159   0.01713   0.02701   0.05944   0.32426   0.02940   0.06350   0.08188   0.03378   0.01973   0.00921   0.01205   0.02477   0.00229   0.00776   0.15751   0.06090   0.10905   0.10287   0.08344   3.01449   1.41071   0.15046   0.12409   2.50052  
  7 19715.3408  13290.508831  x:  0.39210   0.14920   0.06887   0.17735   0.13231   0.11417   0.22559   0.11611   0.07195   0.06610   0.02422   0.01949   0.03140   0.02477   0.02531   0.00401   0.01822   0.01343   0.01683   0.02691   0.05818   0.32822   0.02603   0.06561   0.08349   0.03393   0.02132   0.01015   0.00938   0.02388   0.00226   0.00939   0.16197   0.06270   0.10995   0.10480   0.08434   3.01703   1.41257   0.14889   0.10088   2.50039  
  8 3357.4696  13273.587521  x:  0.39921   0.16144   0.06639   0.18469   0.13271   0.11391   0.23668   0.12208   0.07145   0.06068   0.02805   0.01394   0.02763   0.02015   0.02056   0.00325   0.01050   0.01408   0.01311   0.02168   0.05624   0.33619   0.00768   0.06672   0.08508   0.03539   0.02763   0.01099   0.00789   0.01886   0.00173   0.01012   0.16919   0.05623   0.11115   0.10716   0.08329   3.02250   1.41564   0.14644   0.07769   2.50010  
  9 1236.5853  13266.551524  x:  0.40495   0.17234   0.06673   0.19057   0.13260   0.11364   0.24593   0.12705   0.07083   0.05899   0.02701   0.01463   0.02731   0.02101   0.01876   0.00308   0.01107   0.01282   0.01286   0.02120   0.05576   0.34256   0.00000   0.06791   0.08599   0.03463   0.02370   0.00839   0.00774   0.01989   0.00159   0.00751   0.17495   0.05387   0.11166   0.10864   0.08302   3.02738   1.41790   0.14472   0.07905   2.49985  
 10 681.3436  13245.403189  x:  0.43923   0.23214   0.05909   0.22342   0.13173   0.11078   0.29912   0.15281   0.06698   0.04142   0.02700   0.01251   0.02300   0.02020   0.01217   0.00278   0.01133   0.01394   0.01666   0.01928   0.05850   0.38110   0.00505   0.07210   0.09000   0.03292   0.01793   0.01351   0.00765   0.01891   0.00142   0.01770   0.20700   0.02975   0.11416   0.11592   0.07904   3.05751   1.43144   0.13452   0.09201   2.49831  
 11 1477.7495  13240.155711  x:  0.44931   0.24706   0.05448   0.23112   0.13190   0.11018   0.31346   0.15721   0.06686   0.03915   0.02979   0.01614   0.02671   0.02161   0.01382   0.00288   0.01203   0.01514   0.01603   0.02065   0.06116   0.39250   0.00790   0.07235   0.09027   0.03467   0.02974   0.01170   0.00813   0.02038   0.00151   0.01013   0.21429   0.02470   0.11508   0.11706   0.07899   3.06841   1.43585   0.13133   0.09579   2.49775  
 12 957.8381  13236.490777  x:  0.46083   0.25373   0.04035   0.23265   0.13429   0.11118   0.32490   0.15040   0.07008   0.04601   0.03154   0.01234   0.03171   0.02200   0.01956   0.00297   0.01238   0.01315   0.01017   0.02079   0.06756   0.40570   0.00800   0.06849   0.08782   0.04045   0.02868   0.00836   0.00822   0.01941   0.00147   0.01234   0.21483   0.02903   0.11705   0.11516   0.08321   3.08875   1.44214   0.12737   0.09697   2.49667  
 13 284.4761  13234.193587  x:  0.46980   0.25684   0.03020   0.23247   0.13675   0.11306   0.33285   0.14294   0.07281   0.05048   0.03115   0.01503   0.03176   0.02190   0.02004   0.00293   0.01216   0.01555   0.00934   0.02068   0.07061   0.41591   0.00700   0.06524   0.08586   0.04232   0.02620   0.01497   0.00809   0.02034   0.00146   0.00991   0.21376   0.03278   0.11844   0.11344   0.08625   3.10711   1.44746   0.12417   0.09696   2.49569  
 14 675.4243  13230.930016  x:  0.48287   0.25776   0.02152   0.23014   0.14144   0.11844   0.34277   0.12912   0.07663   0.05305   0.02810   0.01941   0.02675   0.02182   0.01372   0.00284   0.01189   0.01541   0.01591   0.02048   0.07055   0.43053   0.00835   0.06138   0.08360   0.03957   0.02712   0.01006   0.00803   0.02225   0.00149   0.01070   0.20995   0.03627   0.11972   0.11113   0.08890   3.13946   1.45614   0.11925   0.09532   2.49397  
 15 524.7971  13227.113932  x:  0.49807   0.25542   0.02722   0.22587   0.14730   0.12746   0.35284   0.11247   0.07935   0.05165   0.02687   0.01372   0.02821   0.02394   0.01343   0.00294   0.01258   0.01063   0.01705   0.02109   0.06449   0.44674   0.00911   0.06015   0.08420   0.03383   0.02856   0.01277   0.00814   0.02009   0.00157   0.00818   0.20414   0.03718   0.11957   0.10995   0.08906   3.18703   1.46807   0.11290   0.09612   2.49143  
 16 500.0303  13224.086506  x:  0.51123   0.25189   0.03562   0.22154   0.15157   0.13473   0.36093   0.09918   0.08089   0.04992   0.02893   0.01403   0.03111   0.02457   0.01581   0.00297   0.01194   0.01783   0.01480   0.02111   0.05883   0.46028   0.00814   0.06081   0.08594   0.03150   0.02829   0.01144   0.00827   0.02001   0.00155   0.01072   0.19910   0.03716   0.11881   0.10968   0.08832   3.23374   1.47948   0.10701   0.09751   2.48892  
 17 1284.7093  13220.809369  x:  0.52262   0.24402   0.04276   0.21618   0.15233   0.13730   0.36604   0.09293   0.08029   0.04680   0.03211   0.02072   0.02930   0.01952   0.01914   0.00305   0.01242   0.01338   0.01207   0.02138   0.05800   0.47062   0.00916   0.06402   0.08911   0.03879   0.02498   0.01076   0.00823   0.02249   0.00156   0.01078   0.19567   0.03312   0.11715   0.11115   0.08578   3.28887   1.49212   0.10097   0.09651   2.48593  
 18 669.5233  13213.917212  x:  0.54121   0.22264   0.05123   0.20555   0.14686   0.13193   0.37079   0.09785   0.07488   0.04676   0.02343   0.01626   0.02379   0.02542   0.01893   0.00309   0.01212   0.01765   0.01271   0.02152   0.06729   0.48420   0.01017   0.07180   0.09296   0.04917   0.02324   0.00921   0.00812   0.02333   0.00162   0.00659   0.19420   0.02863   0.11377   0.11631   0.08225   3.41432   1.51937   0.08896   0.09503   2.47903  
 19 819.8897  13206.206301  x:  0.56210   0.19626   0.06090   0.19445   0.13807   0.12159   0.37461   0.11144   0.06726   0.05203   0.02138   0.01951   0.02725   0.03095   0.01470   0.00300   0.01176   0.01386   0.01636   0.02097   0.07659   0.49725   0.00421   0.07975   0.09425   0.04951   0.02923   0.01387   0.00811   0.02478   0.00152   0.01550   0.19539   0.03206   0.11070   0.12228   0.08137   3.57922   1.55443   0.07404   0.09717   2.46989  
 20 2462.5152  13196.708644  x:  0.58148   0.16834   0.06470   0.18716   0.12859   0.10765   0.37543   0.13098   0.05999   0.05498   0.03495   0.01756   0.03013   0.02223   0.01153   0.00308   0.01223   0.01530   0.02126   0.02194   0.08065   0.50623   0.00582   0.08322   0.09073   0.03634   0.02469   0.01177   0.00836   0.01879   0.00169   0.01043   0.19936   0.03762   0.10961   0.12617   0.08280   3.76897   1.59349   0.05840   0.09752   2.45926  
 21 2428.0891  13189.304735  x:  0.58806   0.15541   0.06061   0.19249   0.12640   0.09970   0.37010   0.14626   0.06155   0.05034   0.02622   0.01733   0.02760   0.01529   0.01970   0.00318   0.01204   0.01511   0.01292   0.02177   0.06787   0.50211   0.00779   0.07782   0.08428   0.02623   0.02607   0.01064   0.00820   0.02682   0.00163   0.01014   0.20390   0.04045   0.11190   0.12231   0.08502   3.91807   1.62198   0.04873   0.09681   2.45072  
 22 1215.4962  13181.823840  x:  0.58910   0.14910   0.05447   0.20438   0.12782   0.09609   0.36031   0.16045   0.06720   0.04405   0.02779   0.02209   0.02659   0.02791   0.02232   0.00317   0.01176   0.01355   0.00985   0.02142   0.04844   0.48968   0.01089   0.06814   0.07866   0.02945   0.02336   0.00946   0.00802   0.02255   0.00163   0.00996   0.20843   0.04170   0.11512   0.11424   0.08697   4.08457   1.65242   0.03966   0.09505   2.44102  
 23 1951.5323  13171.586076  x:  0.58011   0.15935   0.05616   0.22708   0.13571   0.10476   0.34277   0.17183   0.07864   0.04854   0.02457   0.01738   0.03237   0.01777   0.01487   0.00309   0.01182   0.01610   0.01760   0.02160   0.03936   0.46067   0.01061   0.05554   0.07942   0.04521   0.02529   0.01029   0.00821   0.01952   0.00169   0.00934   0.21211   0.04374   0.11824   0.10177   0.08760   4.31175   1.69164   0.03025   0.09953   2.42750  
 24 1597.4780  13159.829501  x:  0.55970   0.18528   0.05644   0.25402   0.14646   0.12117   0.31836   0.17262   0.09063   0.05115   0.03385   0.01436   0.02593   0.02222   0.01528   0.00308   0.01164   0.01550   0.01645   0.02129   0.05980   0.41714   0.00883   0.04395   0.08255   0.03847   0.02480   0.01122   0.00808   0.02844   0.00159   0.01056   0.21210   0.03400   0.11974   0.09236   0.08368   4.58861   1.73692   0.02204   0.09930   2.41072  
 25 2038.3316  13153.996055  x:  0.54473   0.20459   0.05009   0.26059   0.14677   0.12474   0.30827   0.16504   0.09005   0.04998   0.02658   0.02116   0.02871   0.02050   0.01725   0.00298   0.01158   0.01479   0.01329   0.02080   0.06597   0.39651   0.00881   0.04926   0.08457   0.03201   0.02428   0.01018   0.00801   0.01563   0.00155   0.01048   0.21004   0.02940   0.11867   0.09904   0.08345   4.71051   1.75483   0.02112   0.09882   2.40303  
 26 1268.5815  13146.438573  x:  0.51346   0.24289   0.03303   0.26046   0.13890   0.12127   0.29643   0.14449   0.07622   0.04463   0.02931   0.01603   0.03387   0.02130   0.01399   0.00279   0.01124   0.01449   0.01477   0.01980   0.05838   0.36753   0.00991   0.06711   0.08619   0.03176   0.02346   0.01064   0.00765   0.02338   0.00145   0.00990   0.20566   0.02931   0.11410   0.11916   0.08831   4.88797   1.77776   0.02417   0.09804   2.39125  
 27 1128.8808  13144.457894  x:  0.50077   0.25609   0.03407   0.25613   0.13543   0.11807   0.29626   0.13934   0.06877   0.04707   0.03114   0.01504   0.02474   0.02070   0.01616   0.00292   0.01162   0.01452   0.01338   0.02035   0.05575   0.36366   0.00917   0.06766   0.08404   0.03312   0.02635   0.01100   0.00792   0.02074   0.00147   0.01034   0.20603   0.03291   0.11169   0.11872   0.09043   4.93237   1.78188   0.02739   0.10028   2.38792  
 28 507.6420  13142.088511  x:  0.47542   0.27342   0.03695   0.24164   0.12996   0.10969   0.29966   0.13315   0.06012   0.04464   0.02929   0.01557   0.02828   0.02035   0.01519   0.00284   0.01135   0.01441   0.01371   0.01996   0.05668   0.36608   0.00915   0.05984   0.07703   0.03365   0.02523   0.01075   0.00776   0.02073   0.00145   0.01017   0.20814   0.02918   0.10762   0.10641   0.08970   4.98821   1.78400   0.03634   0.09768   2.38295  
 29 330.0711  13140.691236  x:  0.45214   0.28288   0.03736   0.22779   0.12859   0.10378   0.30472   0.13346   0.07298   0.04348   0.03000   0.01487   0.02765   0.02021   0.01500   0.00283   0.01138   0.01448   0.01376   0.01994   0.05614   0.37311   0.00889   0.06272   0.07890   0.03303   0.02559   0.01097   0.00779   0.02050   0.00144   0.01027   0.21079   0.02820   0.11003   0.10130   0.08929   5.02364   1.78307   0.04630   0.09785   2.37889  
 30 218.1013  13139.932509  x:  0.43454   0.28338   0.03583   0.22214   0.13426   0.10805   0.31000   0.13776   0.07250   0.04402   0.03009   0.01505   0.02777   0.02033   0.01528   0.00283   0.01141   0.01457   0.01343   0.01994   0.05561   0.38142   0.00904   0.05659   0.08260   0.03306   0.02565   0.01085   0.00780   0.02074   0.00143   0.01029   0.21192   0.02759   0.11489   0.10876   0.08911   5.04349   1.77967   0.05758   0.09803   2.37536  
 31 108.1690  13139.426074  x:  0.42231   0.27935   0.03372   0.22605   0.13885   0.11526   0.31630   0.14124   0.07086   0.04393   0.03035   0.01507   0.02791   0.02036   0.01543   0.00283   0.01145   0.01464   0.01326   0.01996   0.05625   0.38880   0.00897   0.06217   0.07786   0.03352   0.02570   0.01097   0.00782   0.02083   0.00143   0.01032   0.21104   0.02798   0.11131   0.10862   0.08974   5.05766   1.77358   0.07294   0.09786   2.37121  
 32 72.8783  13139.010505  x:  0.41703   0.27453   0.03207   0.23390   0.13633   0.11595   0.32306   0.14032   0.06897   0.04437   0.03034   0.01520   0.02814   0.02055   0.01548   0.00284   0.01149   0.01460   0.01323   0.01998   0.05635   0.39304   0.00900   0.06346   0.08493   0.03267   0.02586   0.01092   0.00783   0.02084   0.00143   0.01032   0.20886   0.02885   0.11012   0.10558   0.09014   5.06985   1.76497   0.09335   0.09732   2.36593  
 33 67.5935  13138.301363  x:  0.41704   0.26832   0.03585   0.24533   0.13014   0.11299   0.33439   0.13582   0.07233   0.04485   0.03042   0.01525   0.02821   0.02061   0.01519   0.00287   0.01160   0.01478   0.01391   0.02021   0.05833   0.39555   0.00868   0.06168   0.08103   0.03409   0.02614   0.01118   0.00792   0.02084   0.00145   0.01050   0.20596   0.02864   0.11622   0.11030   0.08965   5.09187   1.74599   0.13852   0.09628   2.35420  
 34 101.4946  13136.690424  x:  0.44287   0.26577   0.03538   0.23984   0.14163   0.11294   0.34759   0.13816   0.07619   0.04828   0.03112   0.01543   0.02871   0.02101   0.01552   0.00291   0.01188   0.01511   0.01394   0.02058   0.05810   0.39068   0.00885   0.06051   0.08368   0.03459   0.02679   0.01145   0.00811   0.02132   0.00146   0.01079   0.21325   0.02679   0.10959   0.11402   0.09092   5.14178   1.69897   0.25682   0.09358   2.32221  
 35 109.4148  13136.315097  x:  0.45000   0.26680   0.03506   0.23734   0.14211   0.11685   0.34644   0.13984   0.07462   0.04356   0.03112   0.01548   0.02893   0.02101   0.01577   0.00293   0.01199   0.01525   0.01399   0.02075   0.06021   0.39179   0.00872   0.06251   0.08456   0.03536   0.02706   0.01150   0.00817   0.02122   0.00148   0.01085   0.21515   0.03041   0.11504   0.11189   0.09198   5.15323   1.68929   0.28561   0.09313   2.31360  
 36 150.4539  13136.109253  x:  0.45405   0.26835   0.03409   0.23647   0.14024   0.11988   0.34164   0.14109   0.07324   0.04663   0.03131   0.01550   0.02898   0.02116   0.01582   0.00293   0.01202   0.01524   0.01380   0.02073   0.05896   0.39555   0.00879   0.06467   0.08449   0.03501   0.02705   0.01156   0.00818   0.02141   0.00147   0.01090   0.21571   0.02808   0.11937   0.11025   0.09037   5.15913   1.68591   0.30210   0.09284   2.30767  
 37 82.0403  13135.812658  x:  0.45853   0.27253   0.03447   0.23932   0.13786   0.11995   0.32681   0.14221   0.07504   0.04579   0.03143   0.01547   0.02897   0.02114   0.01590   0.00294   0.01207   0.01532   0.01389   0.02083   0.05945   0.40794   0.00858   0.06307   0.08478   0.03526   0.02717   0.01160   0.00822   0.02139   0.00148   0.01095   0.21534   0.02906   0.11560   0.11275   0.09009   5.16615   1.68751   0.32667   0.09251   2.29572  
 38 45.6661  13135.663823  x:  0.45921   0.27317   0.03566   0.24147   0.14303   0.11524   0.32244   0.14132   0.07373   0.04594   0.03144   0.01549   0.02894   0.02116   0.01567   0.00294   0.01208   0.01532   0.01409   0.02082   0.06005   0.41159   0.00845   0.06464   0.08508   0.03536   0.02719   0.01166   0.00822   0.02139   0.00148   0.01101   0.21479   0.02759   0.11767   0.11229   0.09325   5.16817   1.69546   0.33909   0.09253   2.28633  
 39 27.3983  13128.426959  x:  0.46203   0.26855   0.02870   0.24340   0.15671   0.10469   0.32477   0.13384   0.06976   0.04353   0.03166   0.01406   0.02870   0.02065   0.01539   0.00286   0.01194   0.01515   0.01363   0.02016   0.06056   0.41494   0.00749   0.06759   0.08397   0.03554   0.02769   0.01173   0.00809   0.02049   0.00147   0.01098   0.21405   0.03455   0.11824   0.11246   0.06121   5.21202   2.28809   0.90837   0.09274   1.74939  
 40 41.5542  13114.279087  x:  0.46602   0.25938   0.02586   0.23909   0.14989   0.11235   0.33043   0.12815   0.07165   0.04163   0.03133   0.01317   0.02774   0.02015   0.01376   0.00256   0.01137   0.01496   0.01207   0.01812   0.06146   0.41596   0.00641   0.06506   0.08369   0.03580   0.02779   0.01172   0.00757   0.01967   0.00133   0.01118   0.21493   0.01771   0.11315   0.11465   0.08677   5.27248   3.11607   1.70131   0.09325   1.00000  
 41 3682.8478  13114.204756  x:  0.46693   0.26138   0.02570   0.23820   0.15008   0.11182   0.33151   0.13189   0.07178   0.04134   0.03140   0.01310   0.02768   0.02009   0.01375   0.00255   0.01136   0.01497   0.01199   0.01808   0.06122   0.41566   0.00639   0.06465   0.08354   0.03573   0.02781   0.01171   0.00757   0.01962   0.00132   0.01119   0.20645   0.01743   0.11307   0.11435   0.08705   5.27333   3.12158   1.70650   0.09323   1.00000  
 42 14.3145  13098.898261  x:  0.48796   0.21033   0.01048   0.22178   0.14168   0.12003   0.33133   0.11297   0.07022   0.02905   0.03106   0.00982   0.02338   0.01794   0.00751   0.00156   0.01100   0.01413   0.00757   0.01133   0.06400   0.42265   0.00000   0.05829   0.08088   0.03656   0.02877   0.01120   0.00633   0.01600   0.00090   0.01119   0.20451   0.00274   0.10743   0.11199   0.08797   5.61741   3.32269   1.72358   0.09770   1.00000  
 43  0.8504  13092.134342  x:  0.50644   0.17455   0.01014   0.21062   0.13826   0.12293   0.33322   0.10744   0.07035   0.02654   0.03061   0.01144   0.02143   0.01813   0.00417   0.00119   0.01293   0.01339   0.00657   0.00939   0.06442   0.42932   0.00087   0.05410   0.07932   0.03691   0.02874   0.00915   0.00668   0.01556   0.00074   0.00944   0.19945   0.01637   0.10414   0.10971   0.08975   5.87093   3.62408   1.95309   0.10177   1.00000  
 44  1.0737  13089.797946  x:  0.51142   0.16683   0.01877   0.20796   0.13723   0.12126   0.33025   0.10817   0.07173   0.03042   0.03009   0.01307   0.02174   0.01857   0.00688   0.00126   0.01434   0.01338   0.00389   0.00980   0.06427   0.43077   0.00190   0.05271   0.07906   0.03720   0.02847   0.00857   0.00747   0.01693   0.00076   0.00871   0.19772   0.01465   0.10447   0.10849   0.09164   5.98310   3.80330   2.13886   0.10322   1.00000  
 45  0.9045  13088.688269  x:  0.51189   0.16688   0.02352   0.20670   0.13744   0.11928   0.32588   0.11005   0.07260   0.03397   0.03052   0.01355   0.02284   0.01893   0.00487   0.00128   0.01526   0.01341   0.00629   0.01012   0.06350   0.43037   0.00228   0.05258   0.07888   0.03719   0.02830   0.00849   0.00823   0.01760   0.00082   0.00836   0.19618   0.01261   0.10545   0.10785   0.09274   6.07007   3.94104   2.29250   0.10371   1.00000  
 46  0.8065  13087.102738  x:  0.50656   0.17783   0.01775   0.20638   0.14086   0.11550   0.31321   0.11300   0.07266   0.03500   0.03115   0.01195   0.02500   0.01920   0.00575   0.00132   0.01654   0.01399   0.00535   0.00984   0.06136   0.42597   0.00169   0.05463   0.07822   0.03677   0.02808   0.01010   0.01019   0.01771   0.00094   0.00881   0.19336   0.01267   0.10841   0.10717   0.09048   6.31692   4.21016   2.58401   0.10315   1.00000  
 47  0.4360  13086.483255  x:  0.50465   0.17418   0.01915   0.20943   0.13945   0.11599   0.31750   0.11161   0.07227   0.03103   0.03124   0.01234   0.02312   0.01877   0.00495   0.00124   0.01673   0.01377   0.00503   0.00887   0.06123   0.42546   0.00209   0.05392   0.07833   0.03649   0.02813   0.00952   0.01139   0.01724   0.00100   0.00909   0.19615   0.01050   0.10746   0.10706   0.08866   6.42718   4.43429   2.79072   0.10190   1.00000  
 48  0.3090  13086.186550  x:  0.50676   0.17288   0.01879   0.21070   0.13844   0.11782   0.32580   0.11111   0.07192   0.03256   0.03106   0.01244   0.02267   0.01849   0.00538   0.00133   0.01674   0.01383   0.00529   0.00900   0.06223   0.42846   0.00118   0.05394   0.07883   0.03663   0.02864   0.00931   0.01253   0.01671   0.00113   0.00927   0.19856   0.01153   0.10611   0.10832   0.08877   6.43196   4.63337   2.98080   0.10133   1.00000  
 49  0.2423  13086.035790  x:  0.50902   0.17544   0.01707   0.21064   0.13858   0.11883   0.32888   0.11146   0.07183   0.03309   0.03084   0.01230   0.02322   0.01860   0.00547   0.00137   0.01668   0.01377   0.00538   0.00898   0.06209   0.43041   0.00203   0.05420   0.07906   0.03663   0.02861   0.00907   0.01329   0.01678   0.00123   0.00893   0.19936   0.01106   0.10605   0.10904   0.08967   6.41402   4.79785   3.14349   0.10088   1.00000  
 50  0.3173  13085.858251  x:  0.51165   0.17917   0.01898   0.20987   0.13959   0.11804   0.32589   0.11288   0.07221   0.03255   0.03056   0.01241   0.02394   0.01894   0.00487   0.00133   0.01656   0.01383   0.00512   0.00855   0.06241   0.43132   0.00173   0.05423   0.07899   0.03658   0.02867   0.00945   0.01425   0.01744   0.00133   0.00880   0.19794   0.01139   0.10701   0.10850   0.09113   6.37401   5.08054   3.43115   0.10074   1.00000  
 51  0.3530  13085.727007  x:  0.51037   0.17502   0.01907   0.21102   0.14026   0.11744   0.32136   0.11220   0.07256   0.03243   0.03112   0.01230   0.02302   0.01896   0.00525   0.00141   0.01663   0.01371   0.00518   0.00862   0.06222   0.42935   0.00177   0.05429   0.07876   0.03674   0.02841   0.00953   0.01495   0.01685   0.00152   0.00883   0.19759   0.01164   0.10774   0.10793   0.09083   6.31349   5.34512   3.71231   0.10120   1.00000  
 52  0.2324  13085.674547  x:  0.50718   0.17404   0.01827   0.20942   0.13926   0.11777   0.32207   0.11130   0.07247   0.03302   0.03096   0.01249   0.02332   0.01872   0.00495   0.00138   0.01674   0.01376   0.00491   0.00845   0.06207   0.42764   0.00170   0.05405   0.07873   0.03674   0.02847   0.00926   0.01505   0.01694   0.00159   0.00895   0.19722   0.01151   0.10682   0.10805   0.08991   6.28662   5.50400   3.86838   0.10178   1.00000  
 53  0.1741  13085.629969  x:  0.50467   0.17572   0.01872   0.20839   0.13857   0.11758   0.32317   0.11117   0.07195   0.03204   0.03100   0.01227   0.02360   0.01868   0.00505   0.00142   0.01692   0.01385   0.00508   0.00876   0.06227   0.42709   0.00174   0.05402   0.07877   0.03661   0.02861   0.00929   0.01488   0.01711   0.00171   0.00895   0.19689   0.01164   0.10630   0.10820   0.08888   6.26070   5.65127   4.00876   0.10208   1.00000  
 54  0.1259  13085.526830  x:  0.50438   0.17451   0.01825   0.21016   0.13912   0.11715   0.32105   0.11236   0.07143   0.03263   0.03100   0.01236   0.02306   0.01900   0.00469   0.00143   0.01716   0.01386   0.00494   0.00890   0.06227   0.42741   0.00180   0.05422   0.07860   0.03619   0.02875   0.00969   0.01396   0.01688   0.00196   0.00872   0.19642   0.01123   0.10709   0.10802   0.08892   6.26076   6.06989   4.41407   0.10173   1.00000  
 55  0.1908  13085.443802  x:  0.50797   0.17536   0.01855   0.20971   0.13966   0.11736   0.32167   0.11132   0.07251   0.03240   0.03096   0.01232   0.02341   0.01865   0.00493   0.00148   0.01711   0.01375   0.00479   0.00895   0.06241   0.42842   0.00168   0.05418   0.07880   0.03676   0.02863   0.00923   0.01339   0.01696   0.00223   0.00894   0.19752   0.01136   0.10703   0.10815   0.09034   6.30220   6.49385   4.85395   0.10126   1.00000  
 56  0.3020  13085.419718  x:  0.50847   0.17551   0.01865   0.20967   0.13914   0.11800   0.32417   0.11199   0.07239   0.03264   0.03108   0.01237   0.02327   0.01886   0.00487   0.00151   0.01679   0.01379   0.00491   0.00877   0.06209   0.42883   0.00171   0.05407   0.07882   0.03678   0.02842   0.00945   0.01355   0.01704   0.00240   0.00880   0.19763   0.01148   0.10678   0.10824   0.09012   6.31207   6.77814   5.14245   0.10149   1.00000  
 57  0.2329  13085.415639  x:  0.50802   0.17559   0.01863   0.21002   0.13933   0.11765   0.32302   0.11178   0.07217   0.03260   0.03097   0.01235   0.02336   0.01879   0.00488   0.00152   0.01665   0.01379   0.00491   0.00870   0.06217   0.42861   0.00173   0.05424   0.07883   0.03669   0.02845   0.00937   0.01355   0.01700   0.00245   0.00882   0.19749   0.01150   0.10694   0.10820   0.08989   6.31306   6.87577   5.23538   0.10159   1.00000  
 58  0.1062  13085.414991  x:  0.50757   0.17567   0.01861   0.20966   0.13932   0.11761   0.32278   0.11184   0.07226   0.03258   0.03097   0.01238   0.02330   0.01881   0.00491   0.00152   0.01661   0.01377   0.00491   0.00870   0.06220   0.42842   0.00173   0.05414   0.07879   0.03664   0.02848   0.00938   0.01352   0.01702   0.00246   0.00883   0.19741   0.01147   0.10687   0.10819   0.08993   6.31333   6.91086   5.26984   0.10159   1.00000  
 59  0.0274  13085.413327  x:  0.50719   0.17513   0.01869   0.20962   0.13917   0.11764   0.32301   0.11181   0.07233   0.03260   0.03102   0.01223   0.02337   0.01879   0.00491   0.00150   0.01653   0.01380   0.00491   0.00870   0.06226   0.42834   0.00172   0.05417   0.07879   0.03665   0.02851   0.00941   0.01350   0.01702   0.00246   0.00881   0.19742   0.01139   0.10683   0.10823   0.09003   6.31241   6.99319   5.35254   0.10159   1.00000  
 60  0.0256  13085.407287  x:  0.50723   0.17577   0.01867   0.21006   0.13908   0.11769   0.32332   0.11170   0.07222   0.03259   0.03105   0.01247   0.02342   0.01880   0.00491   0.00141   0.01644   0.01380   0.00496   0.00876   0.06236   0.42857   0.00168   0.05439   0.07881   0.03665   0.02853   0.00939   0.01353   0.01697   0.00241   0.00883   0.19741   0.01127   0.10696   0.10823   0.09019   6.30933   7.26204   5.62347   0.10162   1.00000  
 61  0.1061  13085.402452  x:  0.50797   0.17582   0.01857   0.20984   0.13935   0.11765   0.32278   0.11188   0.07215   0.03262   0.03097   0.01231   0.02327   0.01879   0.00492   0.00134   0.01652   0.01379   0.00494   0.00876   0.06219   0.42865   0.00171   0.05413   0.07881   0.03670   0.02846   0.00936   0.01355   0.01704   0.00238   0.00885   0.19751   0.01139   0.10692   0.10815   0.08994   6.31244   7.51686   5.87583   0.10162   1.00000  
 62  0.2108  13085.400944  x:  0.50794   0.17539   0.01859   0.20980   0.13936   0.11763   0.32291   0.11179   0.07226   0.03257   0.03094   0.01238   0.02339   0.01881   0.00495   0.00133   0.01661   0.01377   0.00494   0.00875   0.06214   0.42847   0.00173   0.05414   0.07880   0.03667   0.02843   0.00940   0.01354   0.01700   0.00241   0.00881   0.19746   0.01148   0.10687   0.10822   0.08987   6.31429   7.66962   6.02843   0.10160   1.00000  
 63  0.1467  13085.400144  x:  0.50756   0.17569   0.01869   0.20978   0.13924   0.11761   0.32304   0.11177   0.07226   0.03264   0.03096   0.01236   0.02332   0.01879   0.00493   0.00133   0.01666   0.01379   0.00495   0.00873   0.06217   0.42840   0.00174   0.05424   0.07880   0.03666   0.02847   0.00937   0.01354   0.01700   0.00243   0.00883   0.19737   0.01152   0.10690   0.10821   0.08993   6.31289   7.79625   6.15606   0.10158   1.00000  
 64  0.0916  13085.398336  x:  0.50770   0.17551   0.01858   0.21005   0.13928   0.11776   0.32292   0.11206   0.07217   0.03260   0.03103   0.01238   0.02339   0.01881   0.00495   0.00134   0.01671   0.01378   0.00495   0.00868   0.06233   0.42885   0.00171   0.05414   0.07884   0.03670   0.02856   0.00937   0.01356   0.01709   0.00242   0.00884   0.19769   0.01145   0.10696   0.10817   0.09003   6.30852   8.03089   6.39153   0.10158   1.00000  
 65  0.0647  13085.393376  x:  0.50816   0.17593   0.01857   0.20963   0.13942   0.11751   0.32290   0.11151   0.07215   0.03258   0.03105   0.01233   0.02333   0.01880   0.00495   0.00139   0.01675   0.01378   0.00495   0.00861   0.06231   0.42896   0.00170   0.05412   0.07882   0.03672   0.02854   0.00943   0.01352   0.01687   0.00237   0.00879   0.19753   0.01133   0.10684   0.10827   0.09006   6.30852   8.52726   6.88619   0.10160   1.00000  
 66  0.1743  13085.388108  x:  0.50794   0.17557   0.01858   0.20993   0.13938   0.11772   0.32308   0.11183   0.07235   0.03260   0.03092   0.01235   0.02332   0.01881   0.00495   0.00145   0.01667   0.01378   0.00497   0.00865   0.06213   0.42831   0.00172   0.05429   0.07881   0.03667   0.02845   0.00938   0.01346   0.01706   0.00231   0.00885   0.19728   0.01140   0.10692   0.10824   0.08986   6.31139   9.12059   7.48051   0.10160   1.00000  
 67  0.3961  13085.386135  x:  0.50747   0.17562   0.01867   0.20974   0.13920   0.11761   0.32280   0.11189   0.07219   0.03260   0.03098   0.01237   0.02336   0.01878   0.00492   0.00145   0.01660   0.01378   0.00493   0.00869   0.06217   0.42837   0.00172   0.05409   0.07879   0.03666   0.02845   0.00936   0.01352   0.01699   0.00230   0.00880   0.19759   0.01150   0.10689   0.10813   0.08992   6.31187   9.71760   8.07675   0.10161   1.00000  
 68  0.4034  13085.385170  x:  0.50770   0.17549   0.01861   0.20982   0.13929   0.11757   0.32299   0.11167   0.07217   0.03259   0.03098   0.01236   0.02333   0.01882   0.00492   0.00145   0.01662   0.01377   0.00493   0.00873   0.06221   0.42863   0.00173   0.05423   0.07881   0.03667   0.02848   0.00940   0.01353   0.01703   0.00232   0.00885   0.19740   0.01149   0.10686   0.10825   0.08995   6.31291  10.34038   8.69947   0.10159   1.00000  
 69  0.4118  13085.384670  x:  0.50780   0.17557   0.01860   0.20981   0.13931   0.11771   0.32289   0.11192   0.07228   0.03258   0.03098   0.01236   0.02334   0.01878   0.00492   0.00145   0.01663   0.01380   0.00493   0.00874   0.06221   0.42850   0.00173   0.05417   0.07880   0.03668   0.02848   0.00938   0.01354   0.01699   0.00233   0.00883   0.19737   0.01146   0.10690   0.10819   0.08991   6.31340  10.99108   9.35060   0.10159   1.00000  
 70  0.4386  13085.384371  x:  0.50774   0.17557   0.01862   0.20981   0.13928   0.11761   0.32294   0.11170   0.07223   0.03259   0.03097   0.01235   0.02334   0.01881   0.00492   0.00145   0.01662   0.01378   0.00493   0.00873   0.06217   0.42845   0.00172   0.05415   0.07880   0.03666   0.02847   0.00938   0.01354   0.01702   0.00233   0.00882   0.19756   0.01144   0.10690   0.10818   0.08994   6.31230  11.76811  10.12739   0.10160   1.00000  
 71  0.4699  13085.384224  x:  0.50772   0.17555   0.01862   0.20980   0.13929   0.11763   0.32293   0.11185   0.07221   0.03259   0.03097   0.01236   0.02334   0.01879   0.00492   0.00145   0.01662   0.01377   0.00493   0.00872   0.06218   0.42849   0.00172   0.05420   0.07881   0.03668   0.02847   0.00939   0.01353   0.01700   0.00232   0.00883   0.19738   0.01146   0.10687   0.10822   0.08993   6.31212  12.53115  10.89036   0.10159   1.00000  
 72  0.5040  13085.384159  x:  0.50773   0.17557   0.01861   0.20982   0.13929   0.11765   0.32292   0.11178   0.07225   0.03259   0.03097   0.01236   0.02334   0.01880   0.00492   0.00145   0.01662   0.01379   0.00494   0.00872   0.06219   0.42849   0.00173   0.05416   0.07879   0.03666   0.02847   0.00938   0.01352   0.01701   0.00232   0.00883   0.19747   0.01146   0.10690   0.10820   0.08992   6.31252  13.33172  11.69112   0.10160   1.00000  
 73  0.4854  13085.384128  x:  0.50773   0.17555   0.01862   0.20979   0.13930   0.11762   0.32293   0.11180   0.07222   0.03259   0.03097   0.01236   0.02334   0.01880   0.00492   0.00145   0.01662   0.01378   0.00493   0.00872   0.06219   0.42850   0.00172   0.05419   0.07881   0.03668   0.02847   0.00938   0.01353   0.01701   0.00232   0.00883   0.19744   0.01146   0.10688   0.10820   0.08993   6.31246  14.28415  12.64344   0.10160   1.00000  
 74  0.5247  13085.384116  x:  0.50773   0.17556   0.01861   0.20982   0.13929   0.11764   0.32292   0.11180   0.07223   0.03259   0.03097   0.01236   0.02334   0.01880   0.00492   0.00145   0.01662   0.01378   0.00493   0.00872   0.06219   0.42849   0.00172   0.05417   0.07880   0.03667   0.02847   0.00938   0.01353   0.01701   0.00232   0.00883   0.19743   0.01146   0.10689   0.10820   0.08993   6.31252  14.96961  13.32893   0.10160   1.00000  
 75  0.4784  13085.384112  x:  0.50773   0.17556   0.01861   0.20980   0.13929   0.11764   0.32293   0.11180   0.07223   0.03259   0.03097   0.01236   0.02334   0.01880   0.00492   0.00145   0.01662   0.01378   0.00493   0.00872   0.06219   0.42849   0.00172   0.05418   0.07880   0.03667   0.02847   0.00938   0.01353   0.01701   0.00232   0.00883   0.19746   0.01146   0.10689   0.10820   0.08993   6.31243  15.41993  13.77925   0.10160   1.00000  
 76  0.3241  13085.384108  x:  0.50773   0.17556   0.01862   0.20980   0.13929   0.11763   0.32293   0.11180   0.07222   0.03259   0.03097   0.01236   0.02334   0.01880   0.00492   0.00145   0.01662   0.01378   0.00493   0.00872   0.06219   0.42849   0.00172   0.05418   0.07881   0.03667   0.02847   0.00938   0.01353   0.01701   0.00232   0.00883   0.19744   0.01146   0.10688   0.10820   0.08993   6.31235  17.22121  15.58052   0.10160   1.00000  
 77  0.6820  13085.384107  x:  0.50773   0.17556   0.01861   0.20981   0.13929   0.11763   0.32293   0.11180   0.07223   0.03259   0.03097   0.01236   0.02334   0.01880   0.00492   0.00145   0.01662   0.01378   0.00493   0.00872   0.06219   0.42849   0.00172   0.05418   0.07880   0.03667   0.02847   0.00938   0.01353   0.01701   0.00232   0.00883   0.19744   0.01146   0.10689   0.10820   0.08993   6.31243  17.06224  15.42155   0.10160   1.00000  
 78  0.2397  13085.384107  x:  0.50773   0.17556   0.01861   0.20981   0.13929   0.11764   0.32293   0.11180   0.07223   0.03259   0.03097   0.01236   0.02334   0.01880   0.00492   0.00145   0.01662   0.01378   0.00493   0.00872   0.06219   0.42849   0.00172   0.05418   0.07880   0.03667   0.02847   0.00938   0.01353   0.01701   0.00232   0.00883   0.19744   0.01146   0.10689   0.10820   0.08993   6.31250  17.47824  15.83756   0.10160   1.00000  
 79  0.3262  13085.384107  x:  0.50773   0.17556   0.01861   0.20981   0.13929   0.11764   0.32293   0.11180   0.07223   0.03259   0.03097   0.01236   0.02334   0.01880   0.00492   0.00145   0.01662   0.01378   0.00493   0.00872   0.06219   0.42849   0.00172   0.05418   0.07880   0.03667   0.02847   0.00938   0.01353   0.01701   0.00232   0.00883   0.19744   0.01146   0.10689   0.10820   0.08993   6.31250  17.48474  15.84406   0.10160   1.00000  
 80 417.6081  13085.384107  x:  0.50773   0.17556   0.01861   0.20981   0.13929   0.11764   0.32293   0.11180   0.07223   0.03259   0.03097   0.01236   0.02334   0.01880   0.00492   0.00145   0.01662   0.01378   0.00493   0.00872   0.06219   0.42849   0.00172   0.05418   0.07880   0.03667   0.02847   0.00938   0.01353   0.01701   0.00232   0.00883   0.19744   0.01146   0.10689   0.10820   0.08993   6.31251  17.47093  15.83024   0.10160   1.00000  
 81  0.0087  13085.384107  x:  0.50773   0.17556   0.01861   0.20981   0.13929   0.11764   0.32293   0.11180   0.07223   0.03259   0.03097   0.01236   0.02334   0.01880   0.00492   0.00145   0.01662   0.01378   0.00493   0.00872   0.06219   0.42849   0.00172   0.05418   0.07880   0.03667   0.02847   0.00938   0.01353   0.01701   0.00232   0.00883   0.19744   0.01146   0.10689   0.10820   0.08993   6.31248  17.46942  15.82874   0.10160   1.00000  
 82  0.0013  13085.384107  x:  0.50773   0.17556   0.01861   0.20981   0.13929   0.11764   0.32293   0.11180   0.07223   0.03259   0.03097   0.01236   0.02334   0.01880   0.00492   0.00145   0.01662   0.01378   0.00493   0.00872   0.06219   0.42849   0.00172   0.05418   0.07880   0.03667   0.02847   0.00938   0.01353   0.01701   0.00232   0.00883   0.19744   0.01146   0.10689   0.10820   0.08993   6.31244  17.46755  15.82686   0.10160   1.00000  
 83  0.0005  13085.384107  x:  0.50773   0.17556   0.01861   0.20981   0.13929   0.11764   0.32293   0.11180   0.07223   0.03259   0.03097   0.01236   0.02334   0.01880   0.00492   0.00145   0.01662   0.01378   0.00493   0.00872   0.06219   0.42849   0.00172   0.05418   0.07880   0.03667   0.02847   0.00938   0.01353   0.01701   0.00232   0.00883   0.19744   0.01146   0.10689   0.10820   0.08993   6.31247  17.46946  15.82878   0.10160   1.00000  
 84  0.0014  13085.384107  x:  0.50773   0.17556   0.01861   0.20981   0.13929   0.11764   0.32293   0.11180   0.07223   0.03259   0.03097   0.01236   0.02334   0.01880   0.00492   0.00145   0.01662   0.01378   0.00493   0.00872   0.06219   0.42849   0.00172   0.05418   0.07880   0.03667   0.02847   0.00938   0.01353   0.01701   0.00232   0.00883   0.19744   0.01146   0.10689   0.10820   0.08993   6.31248  17.46959  15.82891   0.10160   1.00000  
 85  0.0001  13085.384107  x:  0.50773   0.17556   0.01861   0.20981   0.13929   0.11764   0.32293   0.11180   0.07223   0.03259   0.03097   0.01236   0.02334   0.01880   0.00492   0.00145   0.01662   0.01378   0.00493   0.00872   0.06219   0.42849   0.00172   0.05418   0.07880   0.03667   0.02847   0.00938   0.01353   0.01701   0.00232   0.00883   0.19744   0.01146   0.10689   0.10820   0.08993   6.31248  17.46959  15.82891   0.10160   1.00000  
 86  0.0012  13085.384107  x:  0.50773   0.17556   0.01861   0.20981   0.13929   0.11764   0.32293   0.11180   0.07223   0.03259   0.03097   0.01236   0.02334   0.01880   0.00492   0.00145   0.01662   0.01378   0.00493   0.00872   0.06219   0.42849   0.00172   0.05418   0.07880   0.03667   0.02847   0.00938   0.01353   0.01701   0.00232   0.00883   0.19744   0.01146   0.10689   0.10820   0.08993   6.31248  17.46959  15.82891   0.10160   1.00000  