

TREE # 1

  0  0.0000  11454.658309  x:  0.26385   0.11577   0.08596   0.00000   0.06063   0.05075   0.04950   0.04981   0.05520   0.02619   0.00368   0.00258   0.00477   0.02271   0.00778   0.00197   0.00852   0.00766   0.00524   0.00418   0.00162   0.00718   0.00615   0.00626   0.01824   0.14125   0.01212   0.02718   0.01864   0.01586   0.00123   0.00887   0.00574   0.00380   0.00237   0.05365   0.19416   0.06079   0.10998   0.00040   0.10813   0.08203   0.93099   0.88607   1.00391  
  1 99.0000  11441.236093  x:  0.26377   0.11593   0.08600   0.00736   0.06068   0.05071   0.04962   0.04998   0.05533   0.02600   0.00364   0.00243   0.00560   0.02275   0.00827   0.00051   0.00878   0.00753   0.00558   0.00387   0.00019   0.00681   0.00654   0.00660   0.01851   0.14126   0.01207   0.02702   0.01872   0.01583   0.00162   0.00867   0.00632   0.00422   0.00152   0.05430   0.19411   0.06100   0.11007   0.00898   0.10808   0.08239   0.93252   0.88484   1.00389  
  2 4294.2564  11439.471789  x:  0.26363   0.11620   0.08598   0.00686   0.06067   0.05051   0.04965   0.05029   0.05556   0.02564   0.00361   0.00237   0.00645   0.02282   0.00894   0.00309   0.00919   0.00735   0.00594   0.00355   0.00302   0.00628   0.00701   0.00703   0.01896   0.14128   0.01198   0.02675   0.01885   0.01578   0.00115   0.00840   0.00695   0.00459   0.00117   0.05546   0.19400   0.06119   0.11006   0.01152   0.10782   0.08286   0.93538   0.88253   1.00386  
  3 1334.1908  11426.936894  x:  0.26295   0.11748   0.08584   0.00000   0.06058   0.04953   0.04972   0.05176   0.05668   0.02395   0.00356   0.00241   0.00890   0.02308   0.01129   0.00179   0.01049   0.00673   0.00695   0.00297   0.00238   0.00454   0.00844   0.00832   0.02090   0.14139   0.01156   0.02552   0.01945   0.01556   0.00113   0.00755   0.00884   0.00561   0.00191   0.06095   0.19345   0.06195   0.10993   0.01756   0.10648   0.08501   0.94945   0.87113   1.00370  
  4 1732.0272  11383.521392  x:  0.26049   0.12188   0.08545   0.00200   0.06044   0.04643   0.05033   0.05685   0.06051   0.01841   0.00367   0.00279   0.01262   0.02373   0.01640   0.00000   0.01319   0.00587   0.00793   0.00434   0.00282   0.00374   0.01058   0.01024   0.02668   0.14181   0.01026   0.02168   0.02116   0.01497   0.00119   0.00620   0.01160   0.00578   0.00179   0.07981   0.19136   0.06406   0.10906   0.01409   0.10140   0.09214   1.00110   0.82906   1.00312  
  5 3200.8005  11363.410458  x:  0.25919   0.12384   0.08522   0.00155   0.06040   0.04532   0.05062   0.05884   0.06205   0.01758   0.00355   0.00183   0.01192   0.02364   0.01631   0.00000   0.01270   0.00706   0.00695   0.00306   0.00288   0.00727   0.00959   0.00928   0.02793   0.14203   0.01020   0.02115   0.02134   0.01503   0.00154   0.00777   0.01058   0.00477   0.00000   0.08789   0.19028   0.06492   0.10865   0.01442   0.09902   0.09537   1.02857   0.80620   1.00280  
  6 11336.1307  11333.839334  x:  0.25696   0.12714   0.08482   0.00105   0.06033   0.04346   0.05111   0.06217   0.06462   0.01632   0.00334   0.00013   0.01055   0.02347   0.01596   0.00000   0.01173   0.00917   0.00520   0.00075   0.00319   0.01354   0.00776   0.00751   0.02994   0.14241   0.01014   0.02036   0.02161   0.01516   0.00213   0.01060   0.00868   0.00298   0.00009   0.10149   0.18846   0.06636   0.10796   0.01521   0.09500   0.10082   1.07527   0.76733   1.00226  
  7 286106.4621  11324.998675  x:  0.25616   0.12832   0.08468   0.00084   0.06030   0.04281   0.05129   0.06334   0.06553   0.01595   0.00327   0.00072   0.00999   0.02339   0.01576   0.00000   0.01133   0.00995   0.00456   0.00016   0.00330   0.01583   0.00706   0.00684   0.03059   0.14255   0.01014   0.02013   0.02168   0.01522   0.00231   0.01165   0.00793   0.00237   0.00012   0.10631   0.18781   0.06686   0.10772   0.01558   0.09357   0.10275   1.09205   0.75333   1.00207  
  8 248054.4194  11297.182597  x:  0.25377   0.13180   0.08426   0.00000   0.06024   0.04092   0.05181   0.06679   0.06821   0.01499   0.00304   0.00181   0.00817   0.02314   0.01497   0.00000   0.01002   0.01235   0.00260   0.00122   0.00370   0.02284   0.00486   0.00472   0.03244   0.14295   0.01018   0.01955   0.02185   0.01541   0.00279   0.01489   0.00559   0.00061   0.00020   0.12063   0.18585   0.06837   0.10699   0.01703   0.08931   0.10853   1.14244   0.71128   1.00149  
  9 385694.1845  11297.182597  x:  0.25377   0.13180   0.08426   0.00000   0.06024   0.04092   0.05181   0.06679   0.06821   0.01499   0.00304   0.00181   0.00817   0.02314   0.01497   0.00000   0.01002   0.01235   0.00260   0.00122   0.00370   0.02284   0.00486   0.00472   0.03244   0.14295   0.01018   0.01955   0.02185   0.01541   0.00279   0.01489   0.00559   0.00061   0.00020   0.12063   0.18585   0.06837   0.10699   0.01703   0.08931   0.10853   1.14244   0.71128   1.00149  
 10 74742.1349  11286.555728  x:  0.25376   0.13174   0.08426   0.00248   0.06026   0.04107   0.05182   0.06667   0.06811   0.01537   0.00319   0.00206   0.00808   0.02311   0.01473   0.00000   0.00999   0.01203   0.00361   0.00272   0.00318   0.02228   0.00523   0.00513   0.03219   0.14295   0.01022   0.01978   0.02176   0.01542   0.00241   0.01454   0.00581   0.00563   0.00490   0.12039   0.18585   0.06831   0.10699   0.01690   0.08938   0.10843   1.14280   0.71084   1.00148  
 11 8295.6731  11276.298011  x:  0.25370   0.13137   0.08424   0.00402   0.06032   0.04187   0.05174   0.06594   0.06752   0.01753   0.00382   0.00286   0.00754   0.02296   0.01332   0.00000   0.00982   0.01018   0.00683   0.00454   0.00029   0.01890   0.00700   0.00704   0.03070   0.14296   0.01044   0.02105   0.02127   0.01549   0.00081   0.01245   0.00692   0.00586   0.00306   0.11896   0.18585   0.06797   0.10700   0.01615   0.08980   0.10782   1.14500   0.70819   1.00145  
 12 1736.6716  11272.246840  x:  0.25366   0.13108   0.08423   0.00503   0.06036   0.04245   0.05168   0.06539   0.06707   0.01906   0.00419   0.00328   0.00716   0.02286   0.01230   0.00173   0.00970   0.00884   0.00880   0.00562   0.00013   0.01637   0.00813   0.00826   0.02958   0.14296   0.01060   0.02198   0.02091   0.01554   0.00012   0.01093   0.00765   0.00612   0.00181   0.11787   0.18586   0.06771   0.10701   0.01559   0.09012   0.10736   1.14666   0.70619   1.00142  
 13 8876.6011  11270.349259  x:  0.25365   0.13098   0.08422   0.00535   0.06038   0.04266   0.05165   0.06520   0.06692   0.01957   0.00430   0.00339   0.00704   0.02282   0.01195   0.00219   0.00966   0.00840   0.00941   0.00594   0.00000   0.01549   0.00849   0.00865   0.02920   0.14296   0.01065   0.02229   0.02079   0.01556   0.00048   0.01042   0.00788   0.00622   0.00142   0.11750   0.18586   0.06762   0.10701   0.01540   0.09024   0.10720   1.14724   0.70549   1.00141  
 14 16328.3517  11256.945629  x:  0.25347   0.12977   0.08414   0.00478   0.06051   0.04481   0.05127   0.06291   0.06505   0.02346   0.00294   0.00064   0.00638   0.02258   0.00888   0.00159   0.00948   0.00521   0.00797   0.00345   0.00000   0.00538   0.00818   0.00827   0.02480   0.14297   0.01114   0.02495   0.01961   0.01570   0.00040   0.00633   0.00777   0.00676   0.00189   0.11278   0.18589   0.06656   0.10707   0.01346   0.09160   0.10524   1.15469   0.69646   1.00130  
 15 2124.9357  11254.491841  x:  0.25341   0.12940   0.08412   0.00448   0.06054   0.04542   0.05116   0.06223   0.06449   0.02443   0.00273   0.00192   0.00626   0.02253   0.00817   0.00132   0.00945   0.00472   0.00727   0.00278   0.00000   0.00285   0.00793   0.00799   0.02354   0.14297   0.01126   0.02563   0.01929   0.01574   0.00039   0.00554   0.00764   0.00687   0.00211   0.11134   0.18590   0.06625   0.10709   0.01294   0.09201   0.10465   1.15699   0.69367   1.00126  
 16 6122.3055  11242.859222  x:  0.25317   0.12776   0.08406   0.00386   0.06070   0.04792   0.05069   0.05924   0.06205   0.02783   0.00455   0.00200   0.00624   0.02248   0.00687   0.00009   0.00944   0.00634   0.00544   0.00424   0.00000   0.00330   0.00725   0.00723   0.01852   0.14297   0.01175   0.02802   0.01824   0.01583   0.00039   0.00606   0.00725   0.00715   0.00191   0.10476   0.18595   0.06488   0.10721   0.01114   0.09385   0.10198   1.16773   0.68054   1.00109  
 17 1991.6757  11240.985814  x:  0.25313   0.12754   0.08406   0.00377   0.06072   0.04825   0.05063   0.05884   0.06172   0.02828   0.00478   0.00201   0.00624   0.02247   0.00670   0.00000   0.00943   0.00656   0.00519   0.00443   0.00017   0.00335   0.00715   0.00712   0.01785   0.14297   0.01182   0.02834   0.01810   0.01584   0.00039   0.00613   0.00719   0.00718   0.00189   0.10388   0.18596   0.06470   0.10723   0.01090   0.09409   0.10163   1.16917   0.67878   1.00107  
 18 151521.2021  11232.016523  x:  0.25297   0.12647   0.08406   0.00382   0.06081   0.04962   0.05038   0.05701   0.06024   0.02962   0.00344   0.00224   0.00637   0.02257   0.00765   0.00016   0.00948   0.00634   0.00579   0.00342   0.00000   0.00433   0.00711   0.00708   0.01587   0.14297   0.01207   0.02925   0.01783   0.01584   0.00039   0.00679   0.00715   0.00710   0.00213   0.09940   0.18601   0.06388   0.10735   0.01047   0.09530   0.09987   1.17693   0.66922   1.00095  
 19 5387.8897  11232.016523  x:  0.25297   0.12647   0.08406   0.00382   0.06081   0.04962   0.05038   0.05701   0.06024   0.02962   0.00344   0.00224   0.00637   0.02257   0.00765   0.00016   0.00948   0.00634   0.00579   0.00342   0.00000   0.00433   0.00711   0.00708   0.01587   0.14297   0.01207   0.02925   0.01783   0.01584   0.00039   0.00679   0.00715   0.00710   0.00213   0.09940   0.18601   0.06388   0.10735   0.01047   0.09530   0.09987   1.17693   0.66922   1.00095  
 20 6019.7928  11230.574151  x:  0.25297   0.12646   0.08406   0.00381   0.06081   0.04961   0.05038   0.05700   0.06023   0.02960   0.00345   0.00225   0.00638   0.02257   0.00768   0.00090   0.00948   0.00636   0.00580   0.00343   0.00076   0.00438   0.00711   0.00709   0.01590   0.14297   0.01207   0.02924   0.01784   0.01584   0.00062   0.00682   0.00715   0.00706   0.00208   0.09937   0.18601   0.06388   0.10735   0.01049   0.09531   0.09986   1.17698   0.66915   1.00094  
 21 7238.5828  11228.479336  x:  0.25295   0.12635   0.08410   0.00350   0.06080   0.04953   0.05039   0.05689   0.06017   0.02897   0.00362   0.00247   0.00651   0.02266   0.00843   0.00064   0.00952   0.00681   0.00592   0.00360   0.00054   0.00561   0.00716   0.00715   0.01667   0.14296   0.01203   0.02881   0.01813   0.01582   0.00380   0.00754   0.00717   0.00595   0.00086   0.09872   0.18603   0.06384   0.10739   0.01096   0.09544   0.09966   1.17846   0.66726   1.00092  
 22 1263.8899  11222.773459  x:  0.25286   0.12582   0.08425   0.00254   0.06078   0.04920   0.05041   0.05641   0.05987   0.02628   0.00395   0.00266   0.00697   0.02301   0.01095   0.00051   0.00966   0.00819   0.00630   0.00395   0.00054   0.00859   0.00732   0.00735   0.01972   0.14294   0.01184   0.02698   0.01922   0.01566   0.00469   0.00961   0.00725   0.00181   0.00442   0.09583   0.18612   0.06366   0.10758   0.01280   0.09605   0.09874   1.18510   0.65873   1.00081  
 23 1405.1100  11196.620710  x:  0.25235   0.12247   0.08524   0.00228   0.06068   0.04724   0.05071   0.05339   0.05806   0.01062   0.00355   0.00139   0.00837   0.02454   0.02050   0.00048   0.01017   0.01198   0.00702   0.00354   0.00102   0.01613   0.00775   0.00789   0.03534   0.14282   0.01047   0.01662   0.02471   0.01487   0.00107   0.01405   0.00744   0.01098   0.00345   0.07739   0.18667   0.06253   0.10866   0.02191   0.09983   0.09285   1.22853   0.60276   1.00010  
 24 2518.7210  11186.677135  x:  0.25225   0.12166   0.08550   0.00305   0.06068   0.04686   0.05079   0.05269   0.05768   0.01080   0.00356   0.00380   0.00830   0.02456   0.02111   0.00054   0.01009   0.01150   0.00668   0.00354   0.00110   0.01571   0.00761   0.00772   0.03789   0.14281   0.01020   0.01597   0.02531   0.01488   0.00000   0.01374   0.00737   0.01025   0.00215   0.07277   0.18682   0.06227   0.10889   0.02310   0.10074   0.09137   1.24068   0.58692   0.99990  
 25 4651.3560  11123.760691  x:  0.25128   0.11377   0.08805   0.01192   0.06063   0.04326   0.05162   0.04589   0.05405   0.01385   0.00244   0.02233   0.00699   0.02449   0.02384   0.00040   0.00918   0.00436   0.00279   0.00233   0.00096   0.00405   0.00600   0.00581   0.06090   0.14272   0.00756   0.01069   0.03049   0.01517   0.00222   0.00662   0.00665   0.01019   0.00376   0.02780   0.18827   0.05977   0.11108   0.03340   0.10963   0.07696   1.36000   0.43133   0.99792  
 26 49008.4563  11086.101134  x:  0.25121   0.11038   0.08957   0.01059   0.06068   0.04216   0.05160   0.04321   0.05268   0.01904   0.00653   0.01879   0.00655   0.02360   0.01967   0.00062   0.00931   0.00831   0.01441   0.00743   0.00078   0.00205   0.00758   0.00776   0.06968   0.14291   0.00821   0.02079   0.03044   0.01557   0.00196   0.00459   0.00729   0.01065   0.00323   0.01189   0.18937   0.05927   0.11219   0.03536   0.11453   0.06965   1.43894   0.32747   0.99659  
 27 9273.8667  11045.646441  x:  0.25172   0.10851   0.09107   0.00923   0.06082   0.04175   0.05150   0.04167   0.05176   0.02507   0.00292   0.01322   0.00586   0.02248   0.01232   0.00081   0.00924   0.00486   0.01225   0.00355   0.00065   0.01113   0.00711   0.00714   0.07488   0.14322   0.00841   0.02583   0.02860   0.01601   0.00150   0.00583   0.00717   0.01142   0.00351   0.01391   0.19068   0.05971   0.11318   0.03476   0.11899   0.06378   1.51924   0.22250   0.99522  
 28 11629.0912  11032.017271  x:  0.25223   0.10868   0.09155   0.00748   0.06091   0.04201   0.05144   0.04201   0.05172   0.02335   0.00463   0.00992   0.00662   0.02275   0.01237   0.00076   0.00940   0.00785   0.00804   0.00370   0.00075   0.00384   0.00702   0.00701   0.07611   0.14344   0.00814   0.02347   0.02797   0.01582   0.00123   0.00728   0.00712   0.00877   0.00158   0.02034   0.19125   0.06027   0.11352   0.03433   0.12023   0.06327   1.54703   0.19035   0.99474  
 29 4585.7178  11029.239964  x:  0.25275   0.10941   0.09165   0.00640   0.06101   0.04267   0.05143   0.04316   0.05219   0.02171   0.00298   0.00777   0.00635   0.02310   0.01355   0.00072   0.00937   0.00575   0.00796   0.00566   0.00081   0.00338   0.00744   0.00757   0.07447   0.14373   0.00827   0.02205   0.02723   0.01568   0.00105   0.00450   0.00727   0.00713   0.00074   0.02001   0.19153   0.06069   0.11358   0.03289   0.12016   0.06519   1.55760   0.18733   0.99454  
 30 751.1071  11019.858956  x:  0.25538   0.11312   0.09199   0.00554   0.06152   0.04578   0.05158   0.04856   0.05458   0.01936   0.00712   0.00635   0.00555   0.02409   0.01700   0.00058   0.00894   0.00221   0.00742   0.00698   0.00097   0.00389   0.00761   0.00789   0.06392   0.14523   0.00871   0.01775   0.02342   0.01541   0.00092   0.00741   0.00727   0.00679   0.00065   0.01571   0.19280   0.06256   0.11377   0.02464   0.11930   0.07484   1.60494   0.18399   0.99361  
 31 1475.3724  11010.678304  x:  0.25862   0.11758   0.09236   0.00563   0.06212   0.04921   0.05181   0.05461   0.05731   0.01756   0.00716   0.00681   0.00510   0.02503   0.02067   0.00043   0.00856   0.00705   0.00606   0.00692   0.00110   0.00577   0.00739   0.00772   0.05110   0.14703   0.00910   0.01323   0.01947   0.01521   0.00096   0.00683   0.00715   0.00680   0.00105   0.01099   0.19436   0.06477   0.11403   0.01503   0.11822   0.08603   1.66351   0.18151   0.99246  
 32 9383.6082  10991.703994  x:  0.26407   0.12397   0.09269   0.00709   0.06273   0.05133   0.05224   0.05987   0.05984   0.01201   0.00184   0.01261   0.01081   0.02568   0.02938   0.00035   0.01021   0.00659   0.01293   0.00181   0.00111   0.00389   0.00708   0.00695   0.03732   0.14966   0.00937   0.01709   0.02241   0.01516   0.00140   0.00841   0.00728   0.00714   0.00173   0.01360   0.19704   0.06775   0.11498   0.00984   0.11698   0.09887   1.76592   0.18463   0.99045  
 33 3725.7345  10971.364926  x:  0.27204   0.13218   0.09277   0.01020   0.06321   0.05127   0.05275   0.06318   0.06177   0.01149   0.00649   0.02044   0.01349   0.02506   0.03908   0.00038   0.01108   0.00651   0.01301   0.01066   0.00096   0.00789   0.00605   0.00561   0.02262   0.15306   0.00939   0.02130   0.03072   0.01547   0.00207   0.00368   0.00693   0.01132   0.00463   0.02286   0.20091   0.07128   0.11669   0.01236   0.11543   0.11214   1.92281   0.19454   0.98735  
 34 7618.2446  10940.945979  x:  0.28023   0.13921   0.09211   0.00699   0.06317   0.04876   0.05250   0.06274   0.06251   0.02161   0.00082   0.01466   0.00583   0.02271   0.04203   0.00071   0.00872   0.00793   0.00858   0.01377   0.00068   0.00606   0.00993   0.01179   0.01486   0.15604   0.01184   0.02326   0.03668   0.01580   0.00158   0.01069   0.00775   0.01209   0.00394   0.02462   0.20458   0.07339   0.11821   0.02007   0.11331   0.12076   2.09980   0.21196   0.98380  
 35 7311.6481  10915.746496  x:  0.28725   0.14466   0.09122   0.00261   0.06297   0.04608   0.05203   0.06098   0.06270   0.02805   0.00607   0.00443   0.00110   0.02063   0.04036   0.00101   0.00783   0.00881   0.00514   0.00373   0.00050   0.00586   0.01141   0.01448   0.01335   0.15831   0.01398   0.02475   0.03963   0.01600   0.00076   0.00721   0.00816   0.00894   0.00152   0.02469   0.20751   0.07446   0.11916   0.02526   0.11108   0.12591   2.26048   0.22986   0.98055  
 36 15577.5601  10909.309945  x:  0.28901   0.14593   0.09092   0.00192   0.06289   0.04543   0.05188   0.06034   0.06273   0.03044   0.00688   0.00107   0.00416   0.02018   0.03859   0.00108   0.00761   0.00896   0.00396   0.00244   0.00047   0.00586   0.01140   0.01474   0.01376   0.15881   0.01445   0.02438   0.03937   0.01605   0.00050   0.00694   0.00808   0.00809   0.00082   0.02419   0.20819   0.07456   0.11929   0.02616   0.11039   0.12681   2.30312   0.23491   0.97967  
 37 20420.7752  10891.588255  x:  0.29236   0.14795   0.08985   0.00144   0.06259   0.04492   0.05111   0.05832   0.06253   0.03011   0.00644   0.00000   0.00358   0.02040   0.02652   0.00098   0.00918   0.00905   0.00798   0.00367   0.00060   0.00541   0.00924   0.01254   0.02149   0.15917   0.01489   0.01929   0.03140   0.01570   0.00049   0.00799   0.00739   0.00650   0.00012   0.02697   0.20896   0.07387   0.11857   0.02341   0.10801   0.12591   2.39823   0.24732   0.97767  
 38 6187.0621  10887.762863  x:  0.29316   0.14844   0.08958   0.00072   0.06251   0.04480   0.05090   0.05786   0.06250   0.02999   0.00639   0.00015   0.00363   0.02043   0.02356   0.00095   0.00944   0.00905   0.00886   0.00391   0.00062   0.00532   0.00901   0.01240   0.02335   0.15926   0.01514   0.01805   0.02938   0.01560   0.00051   0.00814   0.00732   0.00628   0.00002   0.02768   0.20914   0.07372   0.11839   0.02279   0.10742   0.12571   2.42076   0.25025   0.97719  
 39 169172.2325  10878.695235  x:  0.29561   0.14981   0.08840   0.00159   0.06217   0.04533   0.04970   0.05665   0.06248   0.03389   0.00672   0.00051   0.00383   0.02188   0.02156   0.00071   0.01023   0.00893   0.01233   0.00412   0.00085   0.00542   0.01090   0.01480   0.03562   0.15910   0.01640   0.01429   0.01714   0.01439   0.00063   0.00766   0.00807   0.00682   0.00025   0.03254   0.20930   0.07258   0.11708   0.01674   0.10472   0.12425   2.50123   0.26091   0.97545  
 40 9729.3499  10874.368565  x:  0.29525   0.14875   0.08776   0.00278   0.06198   0.04698   0.04911   0.05637   0.06192   0.02995   0.00657   0.00047   0.00363   0.02352   0.02025   0.00051   0.00746   0.00907   0.00819   0.00551   0.00105   0.00550   0.01257   0.01627   0.03993   0.15799   0.01461   0.02026   0.01228   0.01450   0.00065   0.00837   0.00867   0.00644   0.00020   0.03281   0.20817   0.07108   0.11554   0.01152   0.10317   0.12071   2.52992   0.26526   0.97473  
 41 1658.4962  10873.352206  x:  0.29439   0.14768   0.08750   0.00126   0.06189   0.04825   0.04885   0.05679   0.06164   0.03006   0.00643   0.00048   0.00352   0.02407   0.02052   0.00045   0.00896   0.00905   0.00727   0.00599   0.00111   0.00547   0.01249   0.01628   0.04074   0.15709   0.01343   0.02106   0.01326   0.01463   0.00063   0.00860   0.00826   0.00668   0.00023   0.03280   0.20716   0.07023   0.11456   0.00858   0.10243   0.11847   2.53641   0.26635   0.97450  
 42 664.7213  10872.503200  x:  0.29237   0.14566   0.08710   0.00241   0.06181   0.05071   0.04846   0.05828   0.06138   0.02984   0.00675   0.00047   0.00369   0.02423   0.01981   0.00040   0.00897   0.00904   0.00765   0.00593   0.00115   0.00567   0.01373   0.01859   0.03987   0.15529   0.01284   0.01994   0.01525   0.01473   0.00064   0.00855   0.00840   0.00639   0.00021   0.03342   0.20502   0.06902   0.11277   0.00651   0.10115   0.11473   2.54262   0.26732   0.97416  
 43 451.0505  10871.127900  x:  0.28707   0.14081   0.08637   0.00162   0.06170   0.05585   0.04795   0.06233   0.06113   0.03007   0.00683   0.00045   0.00378   0.02468   0.02117   0.00026   0.00743   0.00900   0.00891   0.00555   0.00128   0.00567   0.01262   0.01907   0.03610   0.15104   0.01172   0.01861   0.01348   0.01477   0.00064   0.00837   0.00793   0.00639   0.00021   0.03435   0.19977   0.06681   0.10895   0.00798   0.09870   0.10716   2.55241   0.26889   0.97341  
 44 456.3698  10870.824181  x:  0.28523   0.13943   0.08616   0.00188   0.06170   0.05661   0.04792   0.06353   0.06132   0.02974   0.00686   0.00044   0.00380   0.02456   0.02131   0.00030   0.00906   0.00901   0.00858   0.00556   0.00125   0.00568   0.01272   0.01920   0.03509   0.14980   0.01297   0.01874   0.01262   0.01457   0.00064   0.00842   0.00852   0.00632   0.00020   0.03438   0.19810   0.06652   0.10799   0.00870   0.09813   0.10560   2.55472   0.26926   0.97315  
 45 348.6674  10870.555397  x:  0.28210   0.13774   0.08588   0.00173   0.06173   0.05567   0.04815   0.06489   0.06210   0.02959   0.00678   0.00045   0.00377   0.02414   0.02149   0.00034   0.00833   0.00901   0.00848   0.00572   0.00121   0.00562   0.01272   0.01807   0.03511   0.14822   0.01586   0.01879   0.01305   0.01419   0.00064   0.00848   0.00849   0.00634   0.00021   0.03455   0.19558   0.06696   0.10716   0.00813   0.09777   0.10520   2.55680   0.26961   0.97269  
 46 150.2744  10870.207561  x:  0.27577   0.13532   0.08540   0.00180   0.06187   0.05247   0.04857   0.06646   0.06344   0.02956   0.00681   0.00045   0.00378   0.02395   0.02105   0.00041   0.00856   0.00903   0.00853   0.00569   0.00114   0.00565   0.01400   0.01787   0.03535   0.14571   0.01459   0.01876   0.01283   0.01541   0.00064   0.00847   0.00780   0.00630   0.00021   0.03487   0.19107   0.06875   0.10664   0.00818   0.09782   0.10704   2.55948   0.27002   0.97164  
 47 122.7026  10870.091500  x:  0.27324   0.13461   0.08526   0.00174   0.06192   0.05180   0.04859   0.06662   0.06363   0.02967   0.00681   0.00045   0.00379   0.02413   0.02076   0.00039   0.00847   0.00905   0.00855   0.00569   0.00116   0.00567   0.01361   0.01805   0.03552   0.14500   0.01381   0.01877   0.01298   0.01450   0.00064   0.00848   0.00893   0.00630   0.00021   0.03497   0.18950   0.06935   0.10667   0.00816   0.09794   0.10802   2.56039   0.27016   0.97115  
 48 159.9294  10869.978314  x:  0.27058   0.13432   0.08522   0.00183   0.06195   0.05233   0.04837   0.06602   0.06324   0.02961   0.00682   0.00045   0.00378   0.02443   0.02045   0.00032   0.00858   0.00906   0.00846   0.00568   0.00123   0.00568   0.01271   0.01901   0.03574   0.14478   0.01389   0.01898   0.01305   0.01373   0.00065   0.00847   0.00810   0.00628   0.00021   0.03505   0.18828   0.06966   0.10706   0.00828   0.09819   0.10929   2.56121   0.27027   0.97046  
 49 87.0251  10869.849507  x:  0.26716   0.13426   0.08530   0.00179   0.06195   0.05364   0.04808   0.06468   0.06234   0.02957   0.00682   0.00045   0.00377   0.02453   0.02024   0.00027   0.00849   0.00908   0.00843   0.00570   0.00127   0.00566   0.01190   0.01945   0.03596   0.14492   0.01433   0.01899   0.01315   0.01502   0.00064   0.00848   0.00856   0.00627   0.00021   0.03517   0.18714   0.06968   0.10775   0.00826   0.09856   0.11068   2.56222   0.27042   0.96936  
 50 116.2084  10869.671773  x:  0.26282   0.13470   0.08573   0.00169   0.06182   0.05524   0.04804   0.06255   0.06104   0.02943   0.00682   0.00045   0.00380   0.02384   0.01999   0.00039   0.00847   0.00907   0.00851   0.00572   0.00116   0.00567   0.01377   0.01810   0.03554   0.14581   0.01431   0.01876   0.01303   0.01450   0.00064   0.00850   0.00852   0.00621   0.00021   0.03527   0.18656   0.06902   0.10873   0.00824   0.09898   0.11151   2.56361   0.27062   0.96741  
 51 82.9191  10868.909589  x:  0.25175   0.13932   0.08843   0.00160   0.06096   0.05177   0.04979   0.06146   0.06316   0.02838   0.00687   0.00044   0.00386   0.02556   0.01892   0.00054   0.00846   0.00901   0.00870   0.00582   0.00101   0.00569   0.01305   0.01910   0.03313   0.15153   0.01457   0.01812   0.01256   0.01454   0.00064   0.00858   0.00847   0.00587   0.00021   0.03533   0.19096   0.06493   0.10987   0.00764   0.09813   0.10763   2.56916   0.27129   0.95667  
 52 44.3454  10868.087036  x:  0.24801   0.14182   0.08834   0.00160   0.06161   0.05282   0.04836   0.06442   0.06468   0.02770   0.00679   0.00046   0.00385   0.02299   0.01723   0.00000   0.00845   0.00903   0.00836   0.00598   0.00154   0.00560   0.01279   0.01908   0.03420   0.15347   0.01406   0.01847   0.01304   0.01460   0.00064   0.00867   0.00847   0.00570   0.00022   0.03503   0.19429   0.06541   0.10916   0.00837   0.09734   0.10678   2.57327   0.27173   0.94772  
 53 113.3492  10867.934460  x:  0.24804   0.14183   0.08819   0.00160   0.06166   0.05290   0.04830   0.06452   0.06459   0.02765   0.00679   0.00046   0.00385   0.02323   0.01708   0.00000   0.00842   0.00903   0.00835   0.00599   0.00088   0.00560   0.01281   0.01905   0.03421   0.15341   0.01407   0.01847   0.01308   0.01461   0.00064   0.00868   0.00847   0.00568   0.00022   0.03501   0.19446   0.06560   0.10907   0.00842   0.09735   0.10675   2.57363   0.27176   0.94690  
 54 189.4121  10867.659264  x:  0.24806   0.14187   0.08777   0.00159   0.06178   0.05304   0.04815   0.06475   0.06434   0.02752   0.00679   0.00046   0.00385   0.02390   0.01663   0.00092   0.00839   0.00903   0.00832   0.00600   0.00000   0.00559   0.01294   0.01893   0.03418   0.15327   0.01414   0.01845   0.01319   0.01463   0.00064   0.00869   0.00848   0.00563   0.00022   0.03495   0.19495   0.06611   0.10882   0.00857   0.09739   0.10664   2.57469   0.27187   0.94447  
 55 623.9009  10866.578923  x:  0.24854   0.14166   0.08625   0.00153   0.06199   0.05281   0.04819   0.06475   0.06306   0.02682   0.00678   0.00046   0.00388   0.02494   0.01502   0.00000   0.00838   0.00902   0.00829   0.00609   0.00099   0.00558   0.01327   0.01875   0.03344   0.15246   0.01441   0.01828   0.01333   0.01467   0.00064   0.00877   0.00848   0.00538   0.00022   0.03476   0.19659   0.06769   0.10802   0.00883   0.09772   0.10593   2.57917   0.27229   0.93423  
 56 338.7134  10865.227323  x:  0.25259   0.13917   0.08513   0.00142   0.06131   0.05103   0.04961   0.06171   0.06123   0.02500   0.00677   0.00047   0.00401   0.02138   0.01359   0.00093   0.00834   0.00895   0.00840   0.00637   0.00000   0.00555   0.01189   0.02003   0.03117   0.14953   0.01433   0.01765   0.01259   0.01457   0.00064   0.00894   0.00841   0.00490   0.00023   0.03467   0.19632   0.06803   0.10788   0.00784   0.09871   0.10507   2.58614   0.27293   0.91794  
 57 418.2697  10864.146866  x:  0.25998   0.13620   0.09019   0.00130   0.06005   0.05245   0.04943   0.05981   0.06684   0.02386   0.00674   0.00048   0.00399   0.02217   0.01050   0.00083   0.00829   0.00899   0.00818   0.00652   0.00014   0.00551   0.01239   0.01972   0.03092   0.14692   0.01432   0.01768   0.01328   0.01470   0.00064   0.00907   0.00843   0.00451   0.00024   0.03476   0.19061   0.06216   0.11067   0.00895   0.09824   0.10722   2.59350   0.27346   0.89989  
 58 203.0318  10864.012933  x:  0.26159   0.13699   0.09197   0.00131   0.06162   0.05157   0.04744   0.06014   0.06563   0.02366   0.00673   0.00048   0.00401   0.02222   0.01036   0.00082   0.00828   0.00897   0.00820   0.00656   0.00015   0.00550   0.01235   0.01966   0.03054   0.14893   0.01436   0.01757   0.01318   0.01469   0.00064   0.00909   0.00842   0.00445   0.00024   0.03463   0.18701   0.06313   0.11218   0.00878   0.09736   0.10598   2.59443   0.27353   0.89671  
 59 46.3752  10863.960422  x:  0.26233   0.13794   0.09193   0.00128   0.06119   0.05200   0.04916   0.06064   0.06534   0.02366   0.00672   0.00048   0.00401   0.02217   0.01020   0.00083   0.00828   0.00897   0.00815   0.00656   0.00014   0.00549   0.01234   0.01969   0.03082   0.15056   0.01429   0.01763   0.01325   0.01470   0.00064   0.00909   0.00842   0.00445   0.00024   0.03454   0.18480   0.06401   0.11240   0.00887   0.09711   0.10547   2.59480   0.27354   0.89464  
 60 31.7407  10863.893804  x:  0.26282   0.13906   0.08986   0.00133   0.05981   0.05189   0.04816   0.06003   0.06621   0.02359   0.00671   0.00048   0.00400   0.02217   0.01027   0.00083   0.00828   0.00896   0.00816   0.00657   0.00014   0.00548   0.01231   0.01954   0.03060   0.15219   0.01425   0.01760   0.01328   0.01470   0.00064   0.00910   0.00841   0.00443   0.00024   0.03447   0.18283   0.06384   0.11123   0.00892   0.09777   0.10518   2.59532   0.27348   0.89009  
 61 19.3404  10863.557125  x:  0.26326   0.14046   0.08730   0.00131   0.06539   0.05162   0.04943   0.05927   0.06667   0.02361   0.00669   0.00048   0.00399   0.02212   0.01021   0.00084   0.00829   0.00896   0.00814   0.00658   0.00013   0.00547   0.01219   0.01926   0.03055   0.15350   0.01415   0.01766   0.01341   0.01472   0.00064   0.00913   0.00839   0.00441   0.00024   0.03453   0.18088   0.06095   0.10800   0.00915   0.09954   0.10573   2.59829   0.27355   0.86156  
 62 35.2535  10852.607775  x:  0.26317   0.14410   0.09720   0.00202   0.06049   0.04852   0.04932   0.06209   0.05606   0.02434   0.00616   0.00054   0.00393   0.02239   0.00958   0.00088   0.00857   0.00893   0.00774   0.00701   0.00016   0.00508   0.00957   0.01137   0.02938   0.15007   0.01292   0.01888   0.01472   0.01499   0.00059   0.00976   0.00801   0.00402   0.00026   0.03458   0.17952   0.05600   0.09570   0.01021   0.10563   0.10562   2.66641   0.27710   0.20236  
 63 277.3682  10851.670207  x:  0.26294   0.14304   0.09563   0.00206   0.06185   0.04943   0.04961   0.06022   0.05906   0.02430   0.00611   0.00055   0.00392   0.02245   0.00985   0.00086   0.00861   0.00890   0.00775   0.00705   0.00019   0.00503   0.00931   0.01056   0.02868   0.14993   0.01274   0.01882   0.01473   0.01498   0.00058   0.00982   0.00798   0.00396   0.00026   0.03456   0.18007   0.05820   0.09854   0.01001   0.10486   0.10379   2.67380   0.27752   0.13163  
 64 1748.6967  10851.588480  x:  0.26299   0.14148   0.09350   0.00209   0.06156   0.04895   0.04962   0.06167   0.05793   0.02433   0.00610   0.00055   0.00392   0.02244   0.00975   0.00087   0.00861   0.00891   0.00774   0.00706   0.00018   0.00503   0.00928   0.01041   0.02878   0.15102   0.01273   0.01889   0.01478   0.01500   0.00058   0.00984   0.00797   0.00396   0.00026   0.03468   0.18028   0.05645   0.10056   0.01009   0.10380   0.10437   2.67465   0.27750   0.12895  
 65 19.5356  10850.534806  x:  0.26313   0.12608   0.09525   0.00215   0.06202   0.04955   0.04969   0.06078   0.05940   0.02445   0.00604   0.00056   0.00391   0.02249   0.00970   0.00086   0.00866   0.00893   0.00774   0.00712   0.00021   0.00500   0.00887   0.00935   0.02816   0.16332   0.01231   0.01891   0.01483   0.01500   0.00058   0.00994   0.00792   0.00388   0.00027   0.03552   0.18323   0.05890   0.09725   0.01004   0.10410   0.10557   2.68734   0.27851   0.13919  
 66  9.3910  10845.825953  x:  0.26239   0.12904   0.09109   0.00258   0.06348   0.05063   0.05045   0.05963   0.06265   0.02478   0.00570   0.00059   0.00384   0.02283   0.01034   0.00083   0.00887   0.00884   0.00762   0.00739   0.00029   0.00473   0.00711   0.00389   0.02594   0.15662   0.01146   0.01934   0.01528   0.01505   0.00058   0.01035   0.00766   0.00360   0.00028   0.03540   0.18366   0.06069   0.10750   0.00967   0.10669   0.09885   2.73650   0.28115   0.19325  
 67 74.3321  10845.805396  x:  0.26240   0.12930   0.09098   0.00259   0.06348   0.05050   0.05051   0.05897   0.06257   0.02476   0.00569   0.00059   0.00384   0.02282   0.01038   0.00083   0.00887   0.00883   0.00761   0.00739   0.00029   0.00473   0.00709   0.00381   0.02594   0.15646   0.01144   0.01935   0.01535   0.01506   0.00058   0.01035   0.00766   0.00361   0.00028   0.03535   0.18365   0.06072   0.10683   0.00979   0.10462   0.09925   2.73678   0.28101   0.19347  
 68  9.0115  10830.842082  x:  0.26395   0.12648   0.08138   0.00340   0.06543   0.04802   0.05317   0.04719   0.06434   0.02360   0.00583   0.00068   0.00454   0.02276   0.01191   0.00062   0.00961   0.00848   0.00652   0.00565   0.00052   0.00631   0.00362   0.01062   0.01804   0.14444   0.00982   0.02305   0.01978   0.01610   0.00064   0.00926   0.00680   0.00395   0.00031   0.03988   0.19075   0.06763   0.12181   0.01293   0.09385   0.08012   3.04377   0.28598   0.28084  
 69  1.4646  10816.841383  x:  0.26945   0.12848   0.08361   0.00351   0.06248   0.04602   0.05193   0.04995   0.05729   0.02635   0.00577   0.00073   0.00528   0.02257   0.00737   0.00044   0.01009   0.00815   0.00626   0.00168   0.00071   0.00849   0.01283   0.00966   0.02051   0.14171   0.01089   0.02704   0.02167   0.01694   0.00075   0.00650   0.00650   0.00513   0.00033   0.04892   0.20044   0.07292   0.11851   0.01356   0.10101   0.08106   3.46395   0.29065   0.28531  
 70  0.8376  10808.142659  x:  0.27740   0.13252   0.09417   0.00360   0.05844   0.04715   0.05069   0.06012   0.05270   0.02792   0.00546   0.00086   0.00680   0.02266   0.00837   0.00042   0.01009   0.00852   0.00522   0.00666   0.00082   0.00707   0.01040   0.00788   0.02204   0.14593   0.01197   0.02867   0.02228   0.01707   0.00086   0.00936   0.00692   0.00634   0.00039   0.05893   0.20118   0.07160   0.10875   0.01313   0.11112   0.09766   3.82352   0.29318   0.26399  
 71  0.5071  10803.676982  x:  0.27684   0.13425   0.09087   0.00331   0.06196   0.05155   0.05006   0.06219   0.06292   0.02772   0.00443   0.00096   0.00654   0.02304   0.00975   0.00050   0.00964   0.00802   0.00715   0.00436   0.00074   0.00593   0.00602   0.00743   0.02325   0.15275   0.01246   0.02813   0.02037   0.01617   0.00093   0.00808   0.00770   0.00486   0.00044   0.06621   0.19684   0.06880   0.10926   0.01077   0.10763   0.10455   4.04573   0.28867   0.27621  
 72  0.2194  10802.085144  x:  0.27457   0.13083   0.08966   0.00331   0.06319   0.05066   0.05107   0.05840   0.06404   0.02420   0.00391   0.00104   0.00654   0.02295   0.01211   0.00049   0.00934   0.00769   0.00608   0.00418   0.00066   0.00535   0.00792   0.00731   0.01929   0.15253   0.01176   0.02764   0.02074   0.01594   0.00095   0.00824   0.00765   0.00416   0.00047   0.06966   0.19356   0.06711   0.11195   0.01157   0.10524   0.09768   4.14892   0.28411   0.28564  
 73  0.1527  10801.254662  x:  0.27171   0.13101   0.08867   0.00333   0.06286   0.04900   0.05078   0.05604   0.06114   0.02326   0.00330   0.00111   0.00643   0.02294   0.00957   0.00057   0.00935   0.00732   0.00572   0.00367   0.00057   0.00573   0.00690   0.00693   0.02097   0.15094   0.01103   0.02678   0.02025   0.01582   0.00098   0.00815   0.00725   0.00452   0.00050   0.07249   0.19485   0.06784   0.11188   0.01133   0.10427   0.09378   4.23482   0.28031   0.28318  
 74  0.1163  10801.060437  x:  0.27347   0.13141   0.08895   0.00329   0.06227   0.04868   0.05110   0.05615   0.05983   0.02372   0.00356   0.00117   0.00666   0.02285   0.00974   0.00059   0.00959   0.00726   0.00672   0.00359   0.00058   0.00599   0.00720   0.00713   0.02063   0.14947   0.01153   0.02591   0.02031   0.01597   0.00100   0.00849   0.00715   0.00494   0.00053   0.07395   0.19600   0.06853   0.11292   0.01165   0.10399   0.09445   4.25379   0.27847   0.28320  
 75  0.0181  10800.905089  x:  0.27520   0.13138   0.08941   0.00328   0.06188   0.04921   0.05120   0.05713   0.05980   0.02380   0.00371   0.00125   0.00676   0.02291   0.01015   0.00058   0.00973   0.00720   0.00580   0.00350   0.00061   0.00599   0.00730   0.00743   0.02185   0.14900   0.01154   0.02502   0.02009   0.01614   0.00101   0.00858   0.00727   0.00489   0.00057   0.07583   0.19688   0.06876   0.11339   0.01180   0.10436   0.09544   4.26523   0.27774   0.28152  
 76  0.0080  10800.745597  x:  0.27421   0.13110   0.08982   0.00320   0.06199   0.04941   0.05087   0.05788   0.06041   0.02314   0.00382   0.00141   0.00694   0.02302   0.00944   0.00055   0.00979   0.00712   0.00584   0.00363   0.00061   0.00621   0.00720   0.00732   0.02035   0.15048   0.01131   0.02422   0.01981   0.01608   0.00104   0.00861   0.00732   0.00457   0.00064   0.07782   0.19689   0.06840   0.11197   0.01175   0.10593   0.09580   4.25377   0.27790   0.27304  
 77  0.0082  10800.530976  x:  0.27243   0.13005   0.08953   0.00312   0.06273   0.04877   0.05080   0.05629   0.06118   0.02297   0.00380   0.00167   0.00696   0.02280   0.01026   0.00054   0.00960   0.00706   0.00621   0.00382   0.00060   0.00639   0.00735   0.00725   0.02176   0.15139   0.01132   0.02434   0.01995   0.01589   0.00107   0.00840   0.00716   0.00457   0.00076   0.07981   0.19460   0.06764   0.11176   0.01172   0.10546   0.09434   4.19462   0.27919   0.26693  
 78  0.0277  10800.362674  x:  0.27274   0.13119   0.08857   0.00322   0.06231   0.04917   0.05099   0.05666   0.06002   0.02335   0.00374   0.00192   0.00692   0.02303   0.00990   0.00054   0.00955   0.00710   0.00599   0.00352   0.00065   0.00602   0.00699   0.00724   0.02096   0.14910   0.01149   0.02513   0.01999   0.01585   0.00109   0.00827   0.00728   0.00474   0.00087   0.08096   0.19531   0.06813   0.11254   0.01152   0.10362   0.09547   4.14416   0.27957   0.26792  
 79  0.0273  10800.317151  x:  0.27374   0.13071   0.08937   0.00331   0.06207   0.04901   0.05105   0.05671   0.06042   0.02364   0.00362   0.00204   0.00691   0.02288   0.00971   0.00055   0.00966   0.00714   0.00596   0.00364   0.00061   0.00598   0.00727   0.00716   0.02096   0.14984   0.01128   0.02560   0.02020   0.01604   0.00110   0.00837   0.00726   0.00480   0.00093   0.08155   0.19637   0.06828   0.11292   0.01168   0.10468   0.09440   4.14477   0.27886   0.27153  
 80  0.0027  10800.290250  x:  0.27363   0.13028   0.08958   0.00337   0.06215   0.04894   0.05099   0.05674   0.06017   0.02370   0.00350   0.00215   0.00683   0.02290   0.00990   0.00058   0.00965   0.00717   0.00605   0.00349   0.00058   0.00597   0.00720   0.00721   0.02089   0.15017   0.01159   0.02583   0.02015   0.01605   0.00110   0.00833   0.00724   0.00458   0.00097   0.08177   0.19581   0.06805   0.11234   0.01172   0.10488   0.09487   4.15823   0.27808   0.27649  
 81  0.0068  10800.261105  x:  0.27310   0.13052   0.08858   0.00341   0.06255   0.04924   0.05084   0.05669   0.06054   0.02385   0.00352   0.00225   0.00677   0.02299   0.00968   0.00060   0.00963   0.00725   0.00607   0.00364   0.00057   0.00594   0.00736   0.00740   0.02109   0.14994   0.01151   0.02575   0.01992   0.01596   0.00110   0.00846   0.00728   0.00458   0.00102   0.08124   0.19544   0.06817   0.11232   0.01158   0.10420   0.09545   4.16671   0.27796   0.28482  
 82  0.0076  10800.214449  x:  0.27320   0.13102   0.08940   0.00340   0.06218   0.04910   0.05085   0.05694   0.06002   0.02391   0.00363   0.00241   0.00665   0.02297   0.00992   0.00061   0.00956   0.00733   0.00597   0.00366   0.00057   0.00605   0.00717   0.00734   0.02095   0.14959   0.01127   0.02555   0.01979   0.01588   0.00109   0.00847   0.00736   0.00477   0.00110   0.07944   0.19526   0.06795   0.11171   0.01163   0.10487   0.09478   4.17655   0.27874   0.28924  
 83  0.0057  10800.194396  x:  0.27356   0.13097   0.08930   0.00336   0.06213   0.04898   0.05100   0.05668   0.06030   0.02360   0.00366   0.00250   0.00662   0.02290   0.00979   0.00057   0.00958   0.00729   0.00599   0.00361   0.00058   0.00605   0.00719   0.00725   0.02097   0.14996   0.01158   0.02533   0.01984   0.01596   0.00109   0.00835   0.00723   0.00469   0.00114   0.07854   0.19615   0.06829   0.11252   0.01163   0.10472   0.09477   4.18076   0.27908   0.28799  
 84  0.0032  10800.188601  x:  0.27359   0.13082   0.08923   0.00333   0.06221   0.04907   0.05099   0.05674   0.06032   0.02361   0.00366   0.00254   0.00667   0.02293   0.00984   0.00056   0.00964   0.00723   0.00604   0.00357   0.00061   0.00602   0.00723   0.00720   0.02103   0.14996   0.01131   0.02530   0.01996   0.01600   0.00109   0.00830   0.00727   0.00465   0.00117   0.07843   0.19603   0.06828   0.11256   0.01164   0.10449   0.09500   4.18250   0.27901   0.28343  
 85  0.0034  10800.185935  x:  0.27352   0.13085   0.08919   0.00331   0.06226   0.04910   0.05095   0.05679   0.06032   0.02365   0.00365   0.00257   0.00672   0.02296   0.00983   0.00056   0.00963   0.00720   0.00599   0.00361   0.00062   0.00601   0.00724   0.00720   0.02100   0.14986   0.01145   0.02533   0.02004   0.01599   0.00109   0.00831   0.00729   0.00468   0.00118   0.07838   0.19582   0.06822   0.11242   0.01165   0.10452   0.09495   4.18321   0.27888   0.27870  
 86  0.0033  10800.185138  x:  0.27350   0.13100   0.08923   0.00332   0.06221   0.04906   0.05097   0.05677   0.06031   0.02367   0.00364   0.00257   0.00675   0.02294   0.00982   0.00056   0.00961   0.00720   0.00601   0.00360   0.00061   0.00601   0.00721   0.00725   0.02102   0.14988   0.01142   0.02536   0.02001   0.01597   0.00110   0.00834   0.00725   0.00467   0.00118   0.07830   0.19589   0.06823   0.11248   0.01162   0.10459   0.09496   4.18409   0.27885   0.27680  
 87  0.0012  10800.184855  x:  0.27351   0.13093   0.08920   0.00334   0.06222   0.04908   0.05097   0.05677   0.06032   0.02365   0.00363   0.00256   0.00676   0.02293   0.00983   0.00056   0.00960   0.00720   0.00601   0.00360   0.00060   0.00602   0.00722   0.00726   0.02101   0.14991   0.01143   0.02537   0.01997   0.01597   0.00110   0.00834   0.00729   0.00467   0.00118   0.07824   0.19594   0.06824   0.11253   0.01161   0.10458   0.09491   4.18401   0.27888   0.27628  
 88  0.0003  10800.184426  x:  0.27354   0.13082   0.08921   0.00335   0.06225   0.04909   0.05096   0.05679   0.06031   0.02365   0.00362   0.00255   0.00678   0.02295   0.00984   0.00057   0.00962   0.00722   0.00600   0.00359   0.00060   0.00601   0.00724   0.00724   0.02100   0.14984   0.01143   0.02535   0.01993   0.01599   0.00110   0.00834   0.00725   0.00467   0.00118   0.07821   0.19588   0.06822   0.11248   0.01163   0.10454   0.09493   4.18323   0.27899   0.27592  
 89  0.0002  10800.183050  x:  0.27354   0.13109   0.08923   0.00337   0.06221   0.04900   0.05095   0.05671   0.06029   0.02366   0.00361   0.00255   0.00684   0.02293   0.00980   0.00057   0.00964   0.00726   0.00602   0.00359   0.00060   0.00599   0.00722   0.00720   0.02106   0.14988   0.01143   0.02530   0.01993   0.01597   0.00113   0.00833   0.00730   0.00467   0.00120   0.07820   0.19587   0.06823   0.11243   0.01168   0.10459   0.09498   4.18317   0.27895   0.27667  
 90  0.0001  10800.180014  x:  0.27337   0.13103   0.08916   0.00334   0.06221   0.04918   0.05098   0.05682   0.06036   0.02361   0.00361   0.00253   0.00690   0.02292   0.00985   0.00056   0.00961   0.00728   0.00600   0.00359   0.00061   0.00603   0.00721   0.00723   0.02098   0.15000   0.01142   0.02532   0.02000   0.01592   0.00118   0.00829   0.00725   0.00466   0.00123   0.07820   0.19592   0.06825   0.11256   0.01162   0.10457   0.09487   4.18301   0.27872   0.27975  
 91  0.0007  10800.177139  x:  0.27355   0.13070   0.08932   0.00331   0.06224   0.04899   0.05098   0.05672   0.06027   0.02361   0.00365   0.00248   0.00687   0.02299   0.00981   0.00055   0.00959   0.00724   0.00600   0.00359   0.00062   0.00601   0.00721   0.00727   0.02104   0.14974   0.01142   0.02536   0.02004   0.01599   0.00122   0.00831   0.00728   0.00464   0.00126   0.07816   0.19591   0.06825   0.11244   0.01155   0.10457   0.09498   4.18137   0.27887   0.27982  
 92  0.0006  10800.173738  x:  0.27372   0.13101   0.08914   0.00330   0.06223   0.04910   0.05094   0.05678   0.06031   0.02369   0.00363   0.00244   0.00676   0.02289   0.00982   0.00056   0.00962   0.00715   0.00601   0.00358   0.00061   0.00601   0.00723   0.00723   0.02101   0.14995   0.01143   0.02536   0.01995   0.01599   0.00124   0.00833   0.00727   0.00466   0.00129   0.07815   0.19591   0.06821   0.11240   0.01158   0.10462   0.09488   4.18367   0.27896   0.27830  
 93  0.0008  10800.172096  x:  0.27332   0.13093   0.08926   0.00334   0.06220   0.04906   0.05100   0.05676   0.06032   0.02367   0.00363   0.00243   0.00671   0.02296   0.00984   0.00057   0.00961   0.00716   0.00600   0.00361   0.00060   0.00602   0.00723   0.00724   0.02099   0.14988   0.01143   0.02536   0.01993   0.01593   0.00124   0.00831   0.00727   0.00463   0.00132   0.07823   0.19588   0.06825   0.11257   0.01167   0.10455   0.09500   4.18366   0.27893   0.27736  
 94  0.0004  10800.169552  x:  0.27363   0.13085   0.08918   0.00339   0.06227   0.04911   0.05092   0.05684   0.06029   0.02366   0.00366   0.00242   0.00669   0.02295   0.00981   0.00056   0.00960   0.00724   0.00603   0.00360   0.00061   0.00601   0.00719   0.00725   0.02105   0.14985   0.01143   0.02535   0.01999   0.01597   0.00121   0.00828   0.00727   0.00464   0.00136   0.07838   0.19596   0.06826   0.11246   0.01165   0.10454   0.09484   4.18247   0.27884   0.27510  
 95  0.0005  10800.167850  x:  0.27361   0.13096   0.08919   0.00337   0.06221   0.04905   0.05096   0.05667   0.06037   0.02365   0.00366   0.00239   0.00671   0.02292   0.00984   0.00056   0.00961   0.00727   0.00599   0.00360   0.00061   0.00602   0.00724   0.00725   0.02097   0.14991   0.01143   0.02536   0.01999   0.01599   0.00117   0.00828   0.00727   0.00465   0.00137   0.07832   0.19587   0.06822   0.11250   0.01158   0.10461   0.09500   4.18523   0.27881   0.27546  
 96  0.0011  10800.166801  x:  0.27342   0.13096   0.08922   0.00333   0.06221   0.04907   0.05099   0.05682   0.06029   0.02366   0.00364   0.00237   0.00674   0.02295   0.00982   0.00056   0.00962   0.00724   0.00601   0.00360   0.00061   0.00601   0.00723   0.00724   0.02102   0.14988   0.01143   0.02536   0.01998   0.01597   0.00114   0.00830   0.00727   0.00464   0.00138   0.07828   0.19589   0.06823   0.11253   0.01159   0.10456   0.09490   4.18530   0.27891   0.27636  
 97  0.0004  10800.166555  x:  0.27351   0.13091   0.08922   0.00333   0.06223   0.04907   0.05096   0.05676   0.06031   0.02366   0.00363   0.00237   0.00676   0.02294   0.00983   0.00056   0.00961   0.00722   0.00601   0.00360   0.00061   0.00602   0.00722   0.00724   0.02101   0.14989   0.01143   0.02536   0.01997   0.01597   0.00114   0.00831   0.00727   0.00465   0.00139   0.07830   0.19591   0.06823   0.11251   0.01163   0.10457   0.09495   4.18336   0.27891   0.27686  
 98  0.0012  10800.166529  x:  0.27352   0.13093   0.08921   0.00334   0.06222   0.04907   0.05096   0.05677   0.06032   0.02365   0.00364   0.00237   0.00676   0.02294   0.00983   0.00056   0.00961   0.00721   0.00601   0.00360   0.00060   0.00602   0.00722   0.00725   0.02101   0.14988   0.01143   0.02536   0.01997   0.01597   0.00114   0.00831   0.00727   0.00464   0.00139   0.07829   0.19590   0.06824   0.11249   0.01162   0.10457   0.09493   4.18330   0.27890   0.27707  
 99  0.0001  10800.166525  x:  0.27351   0.13092   0.08921   0.00335   0.06222   0.04907   0.05097   0.05677   0.06032   0.02365   0.00364   0.00237   0.00676   0.02294   0.00983   0.00056   0.00961   0.00721   0.00601   0.00360   0.00061   0.00602   0.00722   0.00724   0.02101   0.14989   0.01143   0.02536   0.01997   0.01597   0.00114   0.00831   0.00727   0.00464   0.00139   0.07829   0.19590   0.06824   0.11249   0.01162   0.10457   0.09493   4.18336   0.27889   0.27708  
100  0.0000  10800.166524  x:  0.27351   0.13092   0.08921   0.00335   0.06222   0.04907   0.05097   0.05677   0.06032   0.02365   0.00364   0.00237   0.00676   0.02294   0.00983   0.00056   0.00961   0.00721   0.00601   0.00360   0.00061   0.00602   0.00722   0.00724   0.02101   0.14989   0.01143   0.02536   0.01997   0.01597   0.00114   0.00831   0.00727   0.00465   0.00139   0.07829   0.19590   0.06823   0.11249   0.01162   0.10457   0.09494   4.18336   0.27889   0.27708  
101  0.0000  10800.166524  x:  0.27351   0.13092   0.08921   0.00335   0.06222   0.04907   0.05097   0.05677   0.06032   0.02365   0.00364   0.00237   0.00676   0.02294   0.00983   0.00056   0.00961   0.00721   0.00601   0.00360   0.00061   0.00602   0.00722   0.00724   0.02101   0.14989   0.01143   0.02536   0.01997   0.01597   0.00114   0.00831   0.00727   0.00465   0.00139   0.07829   0.19590   0.06823   0.11249   0.01162   0.10457   0.09494   4.18337   0.27889   0.27708  
102  0.0000  10800.166524  x:  0.27351   0.13092   0.08921   0.00335   0.06222   0.04907   0.05097   0.05677   0.06032   0.02365   0.00364   0.00237   0.00676   0.02294   0.00983   0.00056   0.00961   0.00721   0.00601   0.00360   0.00061   0.00602   0.00722   0.00724   0.02101   0.14989   0.01143   0.02536   0.01997   0.01597   0.00114   0.00831   0.00727   0.00465   0.00139   0.07829   0.19590   0.06823   0.11249   0.01162   0.10457   0.09494   4.18337   0.27889   0.27708  