

TREE # 1

  0  0.0000  14549.454908  x:  0.36826   0.07062   0.00720   0.13921   0.12976   0.10564   0.17512   0.07302   0.07041   0.01860   0.03711   0.00956   0.01947   0.01673   0.00903   0.01422   0.02413   0.01472   0.01167   0.01334   0.06697   0.30034   0.00000   0.03920   0.06707   0.03865   0.03363   0.00938   0.02524   0.01451   0.00507   0.01040   0.12469   0.00873   0.10201   0.08664   0.06768   1.11868   1.12232   1.19249  
  1 99.0000  14522.314393  x:  0.36898   0.07480   0.01522   0.14060   0.12910   0.10538   0.17699   0.07501   0.06982   0.02272   0.03577   0.01057   0.01985   0.01725   0.00498   0.00735   0.02107   0.01368   0.00654   0.01007   0.06606   0.30132   0.00986   0.04045   0.06759   0.03770   0.03191   0.00864   0.02094   0.01519   0.00039   0.00863   0.12569   0.01526   0.10206   0.08713   0.06826   1.12492   1.11633   1.19244  
  2 2158.6270  14510.843233  x:  0.36959   0.07830   0.02114   0.14177   0.12852   0.10511   0.17858   0.07669   0.06931   0.02590   0.03465   0.01131   0.02017   0.01764   0.00216   0.00159   0.01857   0.01290   0.00263   0.00756   0.06518   0.30215   0.01570   0.04148   0.06803   0.03692   0.03049   0.00813   0.01740   0.01571   0.00468   0.00739   0.12653   0.01996   0.10210   0.08753   0.06869   1.13029   1.11116   1.19240  
  3 8801.7327  14505.859360  x:  0.36989   0.07985   0.02259   0.14230   0.12820   0.10489   0.17932   0.07745   0.06906   0.02685   0.03413   0.01145   0.02038   0.01776   0.00400   0.00016   0.01769   0.01278   0.00348   0.00722   0.06461   0.30254   0.01555   0.04190   0.06822   0.03661   0.02991   0.00814   0.01601   0.01584   0.00490   0.00737   0.12691   0.02091   0.10210   0.08771   0.06882   1.13300   1.10852   1.19237  
  4 2279.0782  14485.549254  x:  0.37219   0.09172   0.03384   0.14636   0.12574   0.10316   0.18501   0.08329   0.06711   0.03420   0.03020   0.01261   0.02196   0.01862   0.01420   0.00355   0.01099   0.01194   0.00799   0.00460   0.06031   0.30551   0.01500   0.04509   0.06972   0.03419   0.02549   0.00818   0.00551   0.01683   0.00689   0.00715   0.12979   0.02833   0.10213   0.08902   0.06980   1.15380   1.08825   1.19220  
  5 10281.1671  14425.274754  x:  0.37798   0.11889   0.05098   0.15607   0.11926   0.09786   0.19875   0.09668   0.06225   0.04528   0.02250   0.01286   0.02429   0.01916   0.01476   0.00376   0.00758   0.01281   0.00499   0.01730   0.04959   0.31303   0.00000   0.05167   0.07306   0.02975   0.01767   0.00998   0.01272   0.01798   0.00573   0.00996   0.13655   0.03675   0.10203   0.09199   0.07133   1.20844   1.03418   1.19175  
  6 3473.1071  14237.198174  x:  0.41025   0.25033   0.07311   0.20589   0.08199   0.06233   0.27054   0.15952   0.03793   0.06061   0.01406   0.00351   0.02660   0.01367   0.01088   0.00611   0.09115   0.02710   0.03731   0.02821   0.00928   0.35684   0.02121   0.07654   0.08726   0.02077   0.02595   0.01596   0.02699   0.01136   0.01180   0.01514   0.16956   0.01602   0.10023   0.10532   0.07298   1.53855   0.69738   1.18892  
  7 5346.5977  14032.266948  x:  0.43157   0.33578   0.07931   0.23765   0.06112   0.04213   0.31736   0.19771   0.02900   0.06391   0.02876   0.03077   0.02563   0.01530   0.00416   0.00573   0.13133   0.02739   0.04737   0.02543   0.04115   0.38662   0.01583   0.09010   0.09446   0.02276   0.03083   0.01325   0.02720   0.01354   0.01157   0.01193   0.18969   0.00000   0.09889   0.11284   0.07405   1.77612   0.44646   1.18685  
  8 16857.7754  13816.993232  x:  0.44733   0.39762   0.06502   0.25952   0.05622   0.03748   0.35173   0.22140   0.03120   0.04955   0.03789   0.02766   0.02087   0.01736   0.00154   0.00518   0.16486   0.02008   0.04516   0.01104   0.05655   0.41002   0.00000   0.09491   0.09608   0.03168   0.03882   0.00598   0.02403   0.01480   0.00926   0.00566   0.20289   0.02357   0.09817   0.11664   0.07761   1.98626   0.20939   1.18495  
  9 20078.7725  13781.148171  x:  0.45075   0.41164   0.06181   0.26391   0.05978   0.04186   0.35946   0.22544   0.03284   0.04452   0.03799   0.02445   0.02072   0.01775   0.01062   0.00607   0.16829   0.01664   0.03384   0.01016   0.06044   0.41548   0.00287   0.09481   0.09536   0.03323   0.03864   0.00548   0.02565   0.01561   0.00935   0.00967   0.20508   0.01979   0.09788   0.11690   0.07777   2.04135   0.14674   1.18445  
 10 12196.3609  13767.810188  x:  0.45166   0.41522   0.06029   0.26464   0.06345   0.04591   0.36154   0.22560   0.03350   0.04244   0.03610   0.02101   0.02158   0.01725   0.00678   0.00513   0.16571   0.01558   0.03226   0.00842   0.05906   0.41693   0.00000   0.09401   0.09448   0.03293   0.03777   0.00557   0.02028   0.01549   0.00812   0.00851   0.20525   0.01271   0.09784   0.11665   0.07760   2.05949   0.13534   1.18429  
 11 2055.8488  13750.678113  x:  0.45397   0.42281   0.04841   0.26577   0.07044   0.05227   0.36643   0.22506   0.03654   0.03546   0.03363   0.01562   0.02183   0.01808   0.00117   0.00431   0.15296   0.01491   0.03656   0.01738   0.06086   0.42042   0.00550   0.09125   0.09205   0.03430   0.03473   0.00484   0.01511   0.01604   0.00821   0.00705   0.20561   0.00922   0.09827   0.11600   0.07943   2.10532   0.12766   1.18387  
 12 1734.9123  13730.701833  x:  0.45692   0.43148   0.03799   0.26737   0.07538   0.05634   0.37244   0.22462   0.03813   0.02977   0.03354   0.01251   0.02156   0.01777   0.00276   0.00415   0.14614   0.01612   0.03109   0.01613   0.06108   0.42466   0.00642   0.08821   0.08977   0.03555   0.03567   0.00434   0.01413   0.01523   0.00756   0.00135   0.20638   0.00722   0.09881   0.11557   0.08145   2.15760   0.13093   1.18340  
 13 2982.7725  13676.282079  x:  0.46670   0.45990   0.00362   0.27254   0.09097   0.06909   0.39231   0.22287   0.04324   0.01167   0.03437   0.00365   0.02038   0.01658   0.00423   0.00290   0.12470   0.02001   0.01371   0.00646   0.06186   0.43873   0.00744   0.07798   0.08226   0.03986   0.04019   0.00265   0.00859   0.01256   0.00480   0.00509   0.20889   0.00314   0.10060   0.11418   0.08828   2.33172   0.14444   1.18183  
 14 30583.7577  13667.928844  x:  0.46730   0.46103   0.00000   0.27217   0.09399   0.07239   0.39360   0.22106   0.04438   0.01258   0.03428   0.00640   0.02033   0.01628   0.00416   0.00282   0.12299   0.01956   0.01306   0.00549   0.05976   0.43985   0.00773   0.07595   0.08106   0.04040   0.04154   0.00396   0.00890   0.01276   0.00465   0.00516   0.20840   0.00316   0.10074   0.11366   0.08878   2.35182   0.14546   1.18164  
 15 4423.3955  13621.549023  x:  0.46928   0.45709   0.00295   0.26485   0.11612   0.09970   0.39794   0.19858   0.05407   0.02852   0.04411   0.00314   0.01854   0.01588   0.00479   0.00339   0.12006   0.01284   0.01694   0.00651   0.05892   0.44585   0.00780   0.05668   0.07149   0.04620   0.05868   0.00000   0.01412   0.01645   0.00533   0.00622   0.20081   0.00267   0.10117   0.10828   0.09037   2.50462   0.15617   1.18018  
 16 4528.7089  13604.397555  x:  0.46853   0.44454   0.01595   0.25517   0.12752   0.11469   0.39730   0.17384   0.06009   0.02483   0.05120   0.00218   0.02058   0.01767   0.00520   0.00353   0.12005   0.01439   0.01782   0.01260   0.06019   0.44838   0.00701   0.04133   0.06661   0.04928   0.07042   0.02242   0.01072   0.01406   0.00589   0.00689   0.19188   0.00585   0.10101   0.10385   0.08990   2.63192   0.16427   1.17901  
 17 5264.0511  13577.269330  x:  0.46401   0.41842   0.03103   0.23999   0.12945   0.11813   0.39012   0.14122   0.06437   0.00917   0.04869   0.01356   0.02381   0.01867   0.00587   0.00360   0.11764   0.02072   0.01856   0.01652   0.05229   0.44687   0.00679   0.03241   0.06629   0.04537   0.07047   0.01477   0.00874   0.00869   0.00636   0.00765   0.17956   0.00617   0.10028   0.09994   0.08708   2.75896   0.16959   1.17773  
 18 3549.9264  13496.037007  x:  0.44655   0.32888   0.03752   0.19294   0.11213   0.09713   0.36110   0.04836   0.07150   0.01596   0.03043   0.01244   0.02949   0.01985   0.00486   0.00311   0.10001   0.03801   0.01739   0.00838   0.04705   0.43638   0.00773   0.03151   0.07628   0.02922   0.05121   0.01700   0.01023   0.02392   0.00606   0.00737   0.14459   0.00080   0.09775   0.09293   0.07676   3.08658   0.17830   1.17441  
 19 5380.4593  13474.841308  x:  0.44029   0.29608   0.03615   0.18104   0.10945   0.09412   0.34957   0.04212   0.06728   0.02266   0.02879   0.01184   0.02865   0.01340   0.00515   0.00292   0.09734   0.03209   0.01514   0.01062   0.04755   0.43076   0.00779   0.03999   0.07839   0.02730   0.04390   0.01769   0.00709   0.00708   0.00586   0.00758   0.14145   0.00067   0.09744   0.09408   0.07316   3.16717   0.18129   1.17355  
 20 2528.5135  13447.665936  x:  0.43284   0.25646   0.03876   0.17015   0.10878   0.09417   0.33530   0.05163   0.05804   0.02007   0.02844   0.01234   0.02851   0.01186   0.00510   0.00295   0.09536   0.02099   0.01561   0.00958   0.04527   0.42303   0.00821   0.05026   0.07985   0.02617   0.03582   0.01958   0.00767   0.00967   0.00592   0.00752   0.14314   0.00000   0.09738   0.09713   0.06922   3.24786   0.18585   1.17264  
 21 3297.9155  13437.024898  x:  0.42668   0.22116   0.03738   0.16729   0.11116   0.09717   0.32222   0.06308   0.04663   0.02372   0.02387   0.01232   0.03397   0.02968   0.00506   0.00278   0.09530   0.02596   0.01434   0.00918   0.04636   0.41491   0.00805   0.05179   0.08074   0.02067   0.03231   0.01863   0.00647   0.00683   0.00576   0.00766   0.14815   0.00051   0.09759   0.10020   0.06684   3.30912   0.18821   1.17187  
 22 2198.7466  13429.611517  x:  0.42248   0.19346   0.03755   0.17628   0.11287   0.09875   0.31086   0.07196   0.04093   0.02747   0.02155   0.01281   0.03918   0.02170   0.00526   0.00252   0.09037   0.04414   0.01238   0.01055   0.04700   0.40614   0.00800   0.04753   0.08233   0.02457   0.03548   0.01660   0.00385   0.00935   0.00563   0.00791   0.15688   0.00110   0.09840   0.10303   0.07009   3.34593   0.18753   1.17125  
 23 841.4839  13426.437504  x:  0.42052   0.18035   0.03907   0.18177   0.11380   0.09965   0.30521   0.07606   0.03968   0.02822   0.02105   0.01237   0.04144   0.01854   0.00477   0.00255   0.08475   0.05268   0.01397   0.00729   0.04737   0.40154   0.00856   0.04541   0.08306   0.02600   0.03649   0.01678   0.00702   0.00779   0.00580   0.00781   0.16148   0.00072   0.09882   0.10432   0.07211   3.36292   0.18666   1.17094  
 24 2658.1932  13424.879800  x:  0.42011   0.17591   0.03932   0.18545   0.11316   0.09908   0.30296   0.07699   0.04213   0.02860   0.02362   0.01231   0.04009   0.01910   0.00471   0.00251   0.08264   0.05468   0.01365   0.00731   0.04576   0.39942   0.00857   0.04560   0.08313   0.02526   0.03746   0.01682   0.00682   0.00762   0.00574   0.00781   0.16366   0.00000   0.09896   0.10462   0.07315   3.36805   0.18637   1.17081  
 25 538.8889  13423.971853  x:  0.42067   0.17243   0.03954   0.19292   0.11321   0.10045   0.30046   0.07606   0.04429   0.02817   0.02221   0.01244   0.03763   0.01797   0.00475   0.00254   0.08283   0.05504   0.01386   0.00731   0.04674   0.39612   0.00857   0.04715   0.08255   0.02044   0.03805   0.01719   0.00689   0.00796   0.00578   0.00783   0.16678   0.00043   0.09882   0.10452   0.07183   3.37271   0.18677   1.17059  
 26 255.9395  13423.152886  x:  0.42205   0.16969   0.04008   0.20316   0.11220   0.10156   0.29739   0.07292   0.04460   0.02779   0.01935   0.01279   0.03470   0.01930   0.00483   0.00256   0.08344   0.05349   0.01390   0.00727   0.04703   0.39145   0.00854   0.04888   0.08233   0.02321   0.03727   0.01747   0.00680   0.00796   0.00579   0.00788   0.17025   0.00017   0.09851   0.10402   0.06967   3.37718   0.18750   1.17027  
 27 259.3972  13422.632046  x:  0.42364   0.16858   0.03955   0.21090   0.11150   0.10277   0.29490   0.06933   0.04148   0.02756   0.02174   0.01267   0.03584   0.01945   0.00482   0.00257   0.08370   0.05174   0.01393   0.00724   0.04632   0.38716   0.00864   0.04895   0.08239   0.02337   0.03466   0.01753   0.00680   0.00811   0.00579   0.00785   0.17228   0.00047   0.09824   0.10349   0.06804   3.38000   0.18781   1.16995  
 28 218.6689  13422.377996  x:  0.42565   0.16868   0.03915   0.21405   0.10955   0.10193   0.29249   0.06859   0.04129   0.02740   0.02085   0.01260   0.03929   0.01947   0.00483   0.00255   0.08370   0.04804   0.01374   0.00752   0.04638   0.38270   0.00867   0.04722   0.08261   0.02284   0.03588   0.01744   0.00672   0.00797   0.00576   0.00782   0.17243   0.00024   0.09839   0.10309   0.07034   3.38158   0.18799   1.16951  
 29 71.3036  13422.114708  x:  0.43034   0.17108   0.03912   0.21381   0.10967   0.10244   0.28857   0.07019   0.04420   0.02760   0.02106   0.01257   0.04147   0.01937   0.00486   0.00255   0.08502   0.04863   0.01377   0.00743   0.04663   0.37425   0.00871   0.04777   0.08336   0.02347   0.03432   0.01738   0.00674   0.00797   0.00578   0.00786   0.17009   0.00045   0.09844   0.10318   0.06977   3.38357   0.18839   1.16839  
 30 38.0320  13421.698410  x:  0.43807   0.17489   0.03918   0.21173   0.11004   0.10192   0.28221   0.07180   0.04212   0.02762   0.02115   0.01258   0.03754   0.01927   0.00483   0.00256   0.08418   0.04970   0.01377   0.00744   0.04654   0.36115   0.00875   0.04667   0.08339   0.02301   0.03545   0.01743   0.00674   0.00791   0.00576   0.00784   0.16613   0.00038   0.09858   0.10339   0.06968   3.38642   0.18815   1.16627  
 31 103.4351  13421.265115  x:  0.44386   0.17501   0.03949   0.20898   0.11233   0.10055   0.27943   0.06956   0.04086   0.02735   0.02148   0.01268   0.03909   0.01977   0.00482   0.00256   0.08296   0.05054   0.01382   0.00763   0.04630   0.35861   0.00876   0.05198   0.08008   0.02343   0.03858   0.01729   0.00696   0.00817   0.00578   0.00785   0.16935   0.00044   0.09838   0.10344   0.07087   3.38902   0.18782   1.16280  
 32 21.8343  13418.632723  x:  0.47164   0.16875   0.04074   0.19602   0.11628   0.09229   0.26925   0.06501   0.04359   0.02801   0.02093   0.01292   0.03651   0.01947   0.00497   0.00258   0.08345   0.04854   0.01375   0.00749   0.04569   0.35962   0.00877   0.04508   0.07361   0.02376   0.03255   0.01778   0.00682   0.00823   0.00579   0.00791   0.19260   0.00019   0.09778   0.10265   0.07291   3.40470   0.18747   1.14070  
 33 77.0486  13414.023602  x:  0.50706   0.15438   0.03961   0.18631   0.10975   0.09588   0.25862   0.06237   0.04527   0.02706   0.02183   0.01256   0.03563   0.02019   0.00500   0.00253   0.07518   0.04415   0.01299   0.00850   0.04348   0.37007   0.00906   0.04334   0.09670   0.02409   0.04141   0.01716   0.00706   0.00819   0.00570   0.00786   0.20514   0.00093   0.09901   0.10154   0.06497   3.43364   0.18701   1.09886  
 34 168.1942  13402.959487  x:  0.55125   0.11710   0.03981   0.19262   0.09197   0.10640   0.24770   0.06616   0.04554   0.02638   0.02236   0.01275   0.02583   0.02160   0.00525   0.00255   0.07036   0.04135   0.01253   0.00863   0.04141   0.39453   0.00913   0.04798   0.09405   0.02574   0.03469   0.01795   0.00714   0.00846   0.00567   0.00791   0.17664   0.00154   0.10264   0.10041   0.09087   3.50093   0.18681   1.00161  
 35 260.8783  13393.632939  x:  0.55877   0.09296   0.03926   0.20305   0.09152   0.08633   0.24320   0.07516   0.04978   0.02694   0.02302   0.01226   0.02799   0.02126   0.00530   0.00245   0.05904   0.03318   0.01130   0.00997   0.03704   0.40407   0.00951   0.04017   0.07565   0.02851   0.04142   0.01748   0.00730   0.00801   0.00554   0.00781   0.14942   0.00309   0.09889   0.10237   0.07360   3.55562   0.18613   0.92298  
 36 458.4983  13379.936330  x:  0.48341   0.09047   0.03954   0.20273   0.11544   0.06234   0.23679   0.07164   0.05330   0.02563   0.02434   0.01253   0.01967   0.02361   0.00577   0.00260   0.05749   0.02087   0.01111   0.01173   0.03583   0.37747   0.00953   0.03803   0.09308   0.03057   0.04215   0.01782   0.00764   0.00833   0.00555   0.00794   0.15120   0.00413   0.10109   0.10142   0.08868   3.63990   0.18831   0.80328  
 37 258.3402  13369.300763  x:  0.41024   0.09730   0.03645   0.18824   0.08815   0.07284   0.22793   0.06940   0.05743   0.02458   0.02592   0.01148   0.01534   0.02424   0.00568   0.00254   0.05094   0.01673   0.01021   0.01258   0.03422   0.34958   0.00995   0.03395   0.08096   0.03357   0.04684   0.01738   0.00791   0.00830   0.00535   0.00770   0.16836   0.00505   0.10039   0.09896   0.08702   3.70475   0.18916   0.71050  
 38 622.2358  13369.159338  x:  0.40881   0.09963   0.03644   0.18876   0.08843   0.07232   0.22096   0.07027   0.05729   0.02467   0.02593   0.01147   0.01541   0.02417   0.00568   0.00254   0.05095   0.01694   0.01020   0.01259   0.03422   0.35298   0.00993   0.03419   0.08071   0.03355   0.04679   0.01739   0.00792   0.00829   0.00535   0.00770   0.16782   0.00506   0.10200   0.09527   0.08675   3.70583   0.18924   0.70270  
 39 10.1421  13368.841379  x:  0.40719   0.10283   0.03630   0.18947   0.08881   0.07260   0.21234   0.06978   0.05749   0.02459   0.02593   0.01146   0.01547   0.02423   0.00569   0.00254   0.05098   0.01665   0.01016   0.01264   0.03427   0.35727   0.00991   0.03393   0.08069   0.03356   0.04676   0.01742   0.00795   0.00834   0.00534   0.00771   0.16710   0.00502   0.10086   0.10243   0.08707   3.70803   0.18944   0.68104  
 40 37.4184  13362.651466  x:  0.40522   0.10702   0.03407   0.18943   0.09102   0.07501   0.20657   0.07290   0.05787   0.02440   0.02636   0.01089   0.01606   0.02391   0.00574   0.00242   0.04652   0.01567   0.00850   0.01255   0.03465   0.36125   0.01020   0.03510   0.08249   0.03381   0.04620   0.01775   0.00808   0.00856   0.00511   0.00767   0.16590   0.00539   0.06608   0.09649   0.09156   3.74271   0.18969   0.27932  
 41 90.1885  13353.205154  x:  0.40443   0.10874   0.03270   0.18920   0.09238   0.07630   0.20613   0.07389   0.05826   0.02424   0.02662   0.01053   0.01675   0.02376   0.00578   0.00233   0.04346   0.01461   0.00736   0.01248   0.03486   0.36224   0.01039   0.03568   0.08219   0.03402   0.04576   0.01802   0.00818   0.00876   0.00495   0.00765   0.16542   0.00550   0.06240   0.09586   0.09247   3.76657   0.18960   0.00010  
 42 4755.2644  13325.325576  x:  0.40915   0.11992   0.02254   0.18806   0.10523   0.08811   0.23361   0.07933   0.06055   0.02338   0.02832   0.00839   0.02175   0.02226   0.00618   0.00178   0.02043   0.01337   0.00000   0.01223   0.03726   0.36166   0.01190   0.03945   0.07792   0.03575   0.04493   0.01310   0.00928   0.01043   0.00388   0.00761   0.16393   0.00567   0.09241   0.09940   0.09145   3.93401   0.18582   0.00010  
 43  1.1801  13311.818806  x:  0.41036   0.12580   0.01716   0.18722   0.11235   0.09483   0.24761   0.08234   0.06189   0.02278   0.02925   0.00731   0.02499   0.02161   0.00593   0.00166   0.00830   0.01198   0.00042   0.01241   0.03880   0.36125   0.01281   0.04136   0.07572   0.03673   0.04430   0.01053   0.01002   0.01140   0.00371   0.00749   0.16280   0.00582   0.10646   0.10086   0.09126   4.02056   0.18410   0.00010  
 44  4.0923  13300.799931  x:  0.40903   0.13729   0.01855   0.18887   0.12119   0.10254   0.25777   0.08768   0.06316   0.02445   0.02886   0.00869   0.02498   0.02120   0.00654   0.00187   0.03284   0.01141   0.00080   0.01239   0.04438   0.36151   0.01108   0.04413   0.07380   0.03681   0.03482   0.00979   0.01017   0.01244   0.00365   0.00794   0.16202   0.00593   0.10826   0.10133   0.09313   4.08652   0.18290   0.00010  
 45  0.2443  13287.385948  x:  0.40621   0.15335   0.01257   0.18426   0.14245   0.12102   0.27019   0.10058   0.06713   0.02686   0.03068   0.00812   0.02040   0.01756   0.00604   0.00160   0.02599   0.02604   0.00065   0.01038   0.05246   0.36515   0.01031   0.05283   0.06731   0.03817   0.02087   0.00779   0.01171   0.01526   0.00289   0.00812   0.16285   0.00658   0.10749   0.10498   0.09480   4.39397   0.17889   0.00010  
 46  0.7331  13277.052312  x:  0.43479   0.16673   0.01265   0.19277   0.14811   0.12818   0.28188   0.10807   0.06954   0.02772   0.03116   0.00858   0.02006   0.01626   0.00490   0.00129   0.02117   0.01100   0.00064   0.00558   0.05693   0.37591   0.00803   0.05736   0.06431   0.03897   0.02166   0.00848   0.01197   0.01611   0.00200   0.00804   0.17047   0.00775   0.11681   0.10337   0.09230   4.65654   0.17591   0.00010  
 47  0.5099  13266.314076  x:  0.42142   0.16059   0.01934   0.19192   0.13899   0.12569   0.25897   0.11226   0.07177   0.03225   0.03113   0.01141   0.02031   0.01641   0.00414   0.00112   0.01399   0.01621   0.00070   0.00635   0.05957   0.37578   0.00378   0.06071   0.07365   0.03840   0.03376   0.01102   0.01315   0.01755   0.00136   0.00855   0.18730   0.00959   0.09528   0.10327   0.08651   5.04236   0.17173   0.00010  
 48  0.3839  13262.585699  x:  0.41816   0.15862   0.01782   0.19193   0.13372   0.12480   0.26191   0.11189   0.07166   0.03356   0.03072   0.01255   0.02503   0.01791   0.00478   0.00130   0.01367   0.01070   0.00074   0.01089   0.06129   0.37525   0.00258   0.05921   0.07535   0.03794   0.03034   0.00854   0.01422   0.01863   0.00150   0.00897   0.18604   0.01046   0.09873   0.10373   0.08365   5.25695   0.16886   0.00010  
 49  0.3552  13259.194794  x:  0.42914   0.15860   0.02038   0.19407   0.12417   0.11685   0.26501   0.10796   0.06933   0.03385   0.03004   0.01294   0.02294   0.01957   0.00446   0.00132   0.01730   0.01233   0.00093   0.00940   0.06155   0.38097   0.00037   0.05424   0.07399   0.03646   0.02568   0.00856   0.01429   0.01901   0.00170   0.00893   0.17644   0.01132   0.09200   0.10430   0.08280   5.45268   0.16828   0.00010  
 50  0.2280  13257.128184  x:  0.43240   0.16171   0.01976   0.19727   0.12441   0.11426   0.27956   0.10356   0.06576   0.03231   0.02969   0.01230   0.02249   0.01839   0.00495   0.00147   0.01797   0.01479   0.00103   0.00815   0.06217   0.38209   0.00299   0.05092   0.07221   0.03555   0.02469   0.00763   0.01428   0.01823   0.00254   0.00894   0.16956   0.01175   0.09821   0.10621   0.08512   5.61356   0.16752   0.00010  
 51  0.1507  13255.542729  x:  0.43003   0.16269   0.02014   0.19838   0.12860   0.11504   0.28303   0.10218   0.06266   0.03125   0.02984   0.01194   0.02129   0.01627   0.00447   0.00141   0.01652   0.01256   0.00116   0.00741   0.06334   0.38281   0.00245   0.05342   0.07239   0.03496   0.02712   0.00977   0.01386   0.01645   0.00261   0.00879   0.17578   0.01259   0.10032   0.10599   0.08767   5.87648   0.17101   0.00010  
 52  0.2074  13255.033330  x:  0.43318   0.16404   0.01940   0.19758   0.12796   0.11484   0.28264   0.10287   0.06290   0.03105   0.03024   0.01206   0.02281   0.01840   0.00439   0.00141   0.01603   0.01357   0.00124   0.00841   0.06233   0.38299   0.00198   0.05438   0.07305   0.03516   0.02847   0.00861   0.01386   0.01610   0.00247   0.00874   0.18076   0.01298   0.10242   0.10568   0.08685   6.00187   0.17068   0.00010  
 53  0.1029  13254.807672  x:  0.43667   0.16394   0.01947   0.19820   0.12682   0.11395   0.27818   0.10365   0.06304   0.03082   0.03023   0.01210   0.02160   0.01883   0.00455   0.00145   0.01648   0.01314   0.00132   0.00912   0.06080   0.38525   0.00222   0.05457   0.07339   0.03522   0.02690   0.00935   0.01361   0.01561   0.00242   0.00872   0.18115   0.01314   0.09979   0.10472   0.08600   6.04597   0.17011   0.00010  
 54  0.0462  13254.579569  x:  0.43196   0.16408   0.01989   0.19766   0.12627   0.11356   0.27635   0.10474   0.06398   0.03030   0.03004   0.01196   0.02326   0.01819   0.00448   0.00143   0.01712   0.01335   0.00144   0.00831   0.05833   0.38399   0.00223   0.05466   0.07367   0.03566   0.02614   0.00931   0.01303   0.01527   0.00219   0.00854   0.17946   0.01322   0.10037   0.10500   0.08539   6.08525   0.16980   0.00010  
 55  0.0284  13254.399446  x:  0.43433   0.16709   0.01961   0.19924   0.12748   0.11422   0.27945   0.10666   0.06495   0.03006   0.02989   0.01190   0.02191   0.01774   0.00461   0.00145   0.01691   0.01342   0.00154   0.00833   0.05632   0.38575   0.00231   0.05397   0.07284   0.03614   0.02753   0.00881   0.01267   0.01536   0.00202   0.00845   0.17706   0.01322   0.10103   0.10568   0.08511   6.08710   0.16883   0.00010  
 56  0.0071  13254.163745  x:  0.43384   0.16506   0.01920   0.19780   0.13025   0.11754   0.28155   0.10665   0.06553   0.03045   0.02920   0.01145   0.02224   0.01833   0.00490   0.00148   0.01588   0.01342   0.00168   0.00830   0.05483   0.38389   0.00279   0.05347   0.07305   0.03572   0.02698   0.00967   0.01246   0.01641   0.00200   0.00840   0.17833   0.01272   0.10085   0.10566   0.08705   6.04478   0.16933   0.00010  
 57  0.0175  13253.832085  x:  0.43381   0.16213   0.01931   0.19814   0.12778   0.11658   0.28239   0.10389   0.06334   0.03144   0.02846   0.01115   0.02262   0.01717   0.00517   0.00152   0.01663   0.01290   0.00204   0.00889   0.05448   0.38264   0.00278   0.05364   0.07293   0.03479   0.02746   0.00864   0.01225   0.01679   0.00229   0.00834   0.18353   0.01238   0.10008   0.10551   0.08677   6.03301   0.16956   0.00010  
 58  0.0039  13253.356081  x:  0.43059   0.16694   0.01963   0.19863   0.12643   0.11447   0.28299   0.10415   0.06220   0.03255   0.02938   0.01026   0.02199   0.01916   0.00478   0.00139   0.01584   0.01294   0.00265   0.00794   0.05556   0.38466   0.00223   0.05550   0.07333   0.03452   0.02708   0.00866   0.01231   0.01728   0.00237   0.00812   0.17790   0.01230   0.09965   0.10544   0.08600   6.05499   0.16948   0.00010  
 59  0.0076  13252.972713  x:  0.43367   0.16746   0.02052   0.19828   0.12923   0.11615   0.27871   0.10668   0.06328   0.03301   0.03052   0.01024   0.02244   0.01733   0.00474   0.00134   0.01592   0.01382   0.00324   0.00886   0.05706   0.38425   0.00207   0.05643   0.07294   0.03572   0.02670   0.00915   0.01242   0.01671   0.00237   0.00814   0.17812   0.01191   0.10009   0.10555   0.08655   6.00183   0.16978   0.00010  
 60  0.0242  13252.696832  x:  0.43462   0.16473   0.02201   0.19658   0.12865   0.11527   0.27734   0.10585   0.06431   0.03198   0.03044   0.01069   0.02223   0.01831   0.00473   0.00137   0.01656   0.01253   0.00393   0.00824   0.05769   0.38364   0.00233   0.05411   0.07329   0.03609   0.02737   0.00872   0.01260   0.01607   0.00237   0.00817   0.17943   0.01168   0.10125   0.10535   0.08675   5.97252   0.16979   0.00010  
 61  0.0124  13252.567410  x:  0.43224   0.16463   0.02144   0.19822   0.12768   0.11477   0.28003   0.10527   0.06486   0.03112   0.03013   0.01092   0.02229   0.01813   0.00469   0.00139   0.01548   0.01330   0.00439   0.00847   0.05832   0.38413   0.00244   0.05323   0.07243   0.03596   0.02690   0.00886   0.01294   0.01584   0.00224   0.00823   0.17890   0.01175   0.10088   0.10545   0.08642   5.99959   0.16933   0.00010  
 62  0.0146  13252.513538  x:  0.43298   0.16448   0.02029   0.19781   0.12790   0.11545   0.28064   0.10491   0.06477   0.03056   0.02973   0.01118   0.02228   0.01803   0.00467   0.00143   0.01604   0.01322   0.00467   0.00848   0.05836   0.38334   0.00241   0.05411   0.07375   0.03552   0.02719   0.00903   0.01308   0.01594   0.00211   0.00831   0.17849   0.01173   0.10103   0.10542   0.08668   5.98652   0.16975   0.00010  
 63  0.0059  13252.495203  x:  0.43335   0.16478   0.01966   0.19768   0.12791   0.11538   0.28013   0.10501   0.06442   0.03071   0.02974   0.01144   0.02233   0.01802   0.00468   0.00144   0.01595   0.01308   0.00474   0.00834   0.05818   0.38385   0.00233   0.05446   0.07260   0.03547   0.02717   0.00902   0.01314   0.01611   0.00212   0.00840   0.17902   0.01181   0.10064   0.10541   0.08648   5.98367   0.16974   0.00010  
 64  0.0020  13252.489313  x:  0.43293   0.16477   0.01940   0.19805   0.12823   0.11547   0.27973   0.10521   0.06423   0.03085   0.02986   0.01159   0.02227   0.01801   0.00470   0.00144   0.01587   0.01315   0.00473   0.00830   0.05804   0.38394   0.00232   0.05427   0.07312   0.03557   0.02707   0.00897   0.01313   0.01614   0.00217   0.00847   0.17892   0.01191   0.10075   0.10541   0.08652   5.98470   0.16973   0.00010  
 65  0.0009  13252.487441  x:  0.43282   0.16470   0.01934   0.19780   0.12823   0.11543   0.27975   0.10524   0.06426   0.03085   0.02988   0.01161   0.02232   0.01803   0.00469   0.00144   0.01594   0.01318   0.00473   0.00832   0.05797   0.38365   0.00235   0.05411   0.07297   0.03567   0.02716   0.00907   0.01309   0.01608   0.00220   0.00849   0.17875   0.01199   0.10085   0.10546   0.08646   5.98236   0.16973   0.00010  
 66  0.0014  13252.485729  x:  0.43322   0.16451   0.01928   0.19777   0.12813   0.11557   0.28000   0.10510   0.06434   0.03082   0.02980   0.01161   0.02229   0.01802   0.00464   0.00142   0.01587   0.01313   0.00474   0.00833   0.05798   0.38362   0.00234   0.05417   0.07300   0.03567   0.02709   0.00903   0.01301   0.01604   0.00221   0.00850   0.17880   0.01212   0.10101   0.10541   0.08634   5.98032   0.16973   0.00010  
 67  0.0007  13252.484259  x:  0.43271   0.16460   0.01936   0.19801   0.12809   0.11556   0.27997   0.10502   0.06439   0.03085   0.02977   0.01159   0.02230   0.01805   0.00465   0.00142   0.01592   0.01318   0.00474   0.00833   0.05805   0.38384   0.00232   0.05427   0.07300   0.03561   0.02712   0.00903   0.01296   0.01609   0.00221   0.00852   0.17882   0.01228   0.10079   0.10538   0.08633   5.97682   0.16966   0.00010  
 68  0.0012  13252.483214  x:  0.43308   0.16471   0.01944   0.19775   0.12824   0.11551   0.27977   0.10509   0.06435   0.03081   0.02980   0.01158   0.02231   0.01802   0.00467   0.00143   0.01591   0.01316   0.00476   0.00833   0.05808   0.38370   0.00233   0.05417   0.07301   0.03558   0.02710   0.00903   0.01295   0.01612   0.00220   0.00854   0.17874   0.01243   0.10078   0.10542   0.08631   5.97947   0.16970   0.00010  
 69  0.0011  13252.482944  x:  0.43293   0.16465   0.01941   0.19789   0.12817   0.11548   0.27981   0.10510   0.06428   0.03081   0.02983   0.01155   0.02231   0.01804   0.00467   0.00143   0.01590   0.01315   0.00476   0.00834   0.05807   0.38372   0.00234   0.05418   0.07300   0.03560   0.02711   0.00902   0.01298   0.01611   0.00219   0.00852   0.17877   0.01248   0.10083   0.10541   0.08624   5.97766   0.16975   0.00010  
 70  0.0008  13252.482861  x:  0.43302   0.16461   0.01943   0.19780   0.12815   0.11548   0.27978   0.10512   0.06426   0.03082   0.02984   0.01155   0.02231   0.01803   0.00467   0.00143   0.01590   0.01317   0.00475   0.00833   0.05804   0.38372   0.00234   0.05422   0.07301   0.03561   0.02711   0.00903   0.01299   0.01611   0.00219   0.00851   0.17875   0.01250   0.10082   0.10540   0.08624   5.97703   0.16973   0.00010  
 71  0.0003  13252.482822  x:  0.43298   0.16461   0.01943   0.19783   0.12817   0.11550   0.27983   0.10511   0.06428   0.03083   0.02982   0.01156   0.02230   0.01803   0.00467   0.00143   0.01591   0.01316   0.00475   0.00833   0.05803   0.38371   0.00234   0.05421   0.07300   0.03561   0.02711   0.00903   0.01301   0.01610   0.00219   0.00850   0.17875   0.01251   0.10082   0.10541   0.08625   5.97750   0.16973   0.00010  
 72  0.0002  13252.482817  x:  0.43300   0.16462   0.01943   0.19783   0.12818   0.11550   0.27981   0.10510   0.06429   0.03083   0.02982   0.01156   0.02231   0.01803   0.00467   0.00143   0.01590   0.01316   0.00475   0.00833   0.05803   0.38371   0.00234   0.05420   0.07300   0.03560   0.02711   0.00903   0.01301   0.01610   0.00219   0.00850   0.17875   0.01251   0.10082   0.10541   0.08624   5.97737   0.16973   0.00010  
 73  0.0001  13252.482816  x:  0.43299   0.16463   0.01943   0.19783   0.12818   0.11550   0.27980   0.10510   0.06429   0.03083   0.02982   0.01156   0.02231   0.01803   0.00467   0.00143   0.01590   0.01316   0.00475   0.00833   0.05803   0.38371   0.00234   0.05420   0.07300   0.03560   0.02711   0.00903   0.01301   0.01610   0.00219   0.00850   0.17875   0.01251   0.10082   0.10541   0.08624   5.97732   0.16973   0.00010  
 74  0.0000  13252.482816  x:  0.43299   0.16462   0.01943   0.19783   0.12818   0.11550   0.27981   0.10510   0.06429   0.03083   0.02982   0.01156   0.02231   0.01803   0.00467   0.00143   0.01590   0.01316   0.00476   0.00833   0.05803   0.38371   0.00234   0.05420   0.07300   0.03560   0.02711   0.00903   0.01301   0.01610   0.00219   0.00850   0.17875   0.01251   0.10082   0.10541   0.08624   5.97736   0.16973   0.00010  
 75  0.0000  13252.482815  x:  0.43299   0.16462   0.01943   0.19783   0.12818   0.11550   0.27981   0.10510   0.06429   0.03083   0.02982   0.01156   0.02231   0.01803   0.00467   0.00143   0.01590   0.01316   0.00475   0.00833   0.05803   0.38371   0.00234   0.05420   0.07300   0.03560   0.02711   0.00903   0.01301   0.01610   0.00219   0.00850   0.17875   0.01251   0.10082   0.10541   0.08624   5.97734   0.16973   0.00010  
 76  0.0000  13252.482815  x:  0.43299   0.16462   0.01943   0.19783   0.12818   0.11550   0.27981   0.10510   0.06429   0.03083   0.02982   0.01156   0.02231   0.01803   0.00467   0.00143   0.01590   0.01316   0.00475   0.00833   0.05803   0.38371   0.00234   0.05420   0.07300   0.03560   0.02711   0.00903   0.01301   0.01610   0.00219   0.00850   0.17875   0.01251   0.10082   0.10541   0.08624   5.97734   0.16973   0.00010  
 77  0.0000  13252.482815  x:  0.43299   0.16462   0.01943   0.19783   0.12818   0.11550   0.27981   0.10510   0.06429   0.03083   0.02982   0.01156   0.02231   0.01803   0.00467   0.00143   0.01590   0.01316   0.00475   0.00833   0.05803   0.38371   0.00234   0.05420   0.07300   0.03560   0.02711   0.00903   0.01301   0.01610   0.00219   0.00850   0.17875   0.01251   0.10082   0.10541   0.08624   5.97734   0.16973   0.00010  
 78  0.0000  13252.482815  x:  0.43299   0.16462   0.01943   0.19783   0.12818   0.11550   0.27981   0.10510   0.06429   0.03083   0.02982   0.01156   0.02231   0.01803   0.00467   0.00143   0.01590   0.01316   0.00475   0.00833   0.05803   0.38371   0.00234   0.05420   0.07300   0.03560   0.02711   0.00903   0.01301   0.01610   0.00219   0.00850   0.17875   0.01251   0.10082   0.10541   0.08624   5.97734   0.16973   0.00010  