

TREE # 1

  0  0.0000  13451.917189  x:  0.36826   0.07062   0.00720   0.13921   0.12976   0.10564   0.17512   0.07302   0.07041   0.01860   0.03711   0.00956   0.01947   0.01673   0.00903   0.01422   0.02413   0.01472   0.01167   0.01334   0.06697   0.30034   0.00000   0.03920   0.06707   0.03865   0.03363   0.00938   0.02524   0.01451   0.00507   0.01040   0.12469   0.00873   0.10201   0.08664   0.06768   3.00000   1.39835   0.16116   0.29812  
  1 99.0000  13419.578009  x:  0.36977   0.07645   0.01352   0.14190   0.12999   0.10644   0.17857   0.07617   0.07062   0.02358   0.03598   0.01114   0.02062   0.01781   0.00488   0.00671   0.02111   0.01386   0.00611   0.00998   0.06663   0.30214   0.00605   0.04137   0.06828   0.03816   0.03223   0.00894   0.02087   0.01578   0.00000   0.00886   0.12728   0.01366   0.10249   0.08804   0.06961   3.00106   1.39918   0.16033   0.28504  
  2 1982.0104  13400.582055  x:  0.37099   0.08116   0.01859   0.14407   0.13018   0.10708   0.18136   0.07871   0.07079   0.02758   0.03507   0.01240   0.02156   0.01868   0.00157   0.00065   0.01867   0.01317   0.00167   0.00728   0.06635   0.30360   0.01080   0.04312   0.06925   0.03777   0.03111   0.00858   0.01736   0.01682   0.00050   0.00767   0.12937   0.01761   0.10287   0.08918   0.07117   3.00192   1.39985   0.15966   0.27445  
  3 34019.3035  13392.989289  x:  0.37152   0.08304   0.02020   0.14496   0.13024   0.10731   0.18252   0.07974   0.07084   0.02887   0.03469   0.01274   0.02192   0.01896   0.00287   0.00000   0.01785   0.01303   0.00264   0.00675   0.06616   0.30422   0.01159   0.04378   0.06964   0.03763   0.03070   0.00854   0.01610   0.01712   0.00057   0.00751   0.13023   0.01876   0.10302   0.08963   0.07175   3.00229   1.40014   0.15937   0.26987  
  4 4473.1648  13352.358736  x:  0.37623   0.10006   0.03504   0.15298   0.13077   0.10940   0.19298   0.08902   0.07134   0.04074   0.03128   0.01598   0.02524   0.02151   0.01212   0.00188   0.01038   0.01177   0.00895   0.00164   0.06445   0.30978   0.01941   0.04979   0.07319   0.03634   0.02693   0.00811   0.00465   0.01990   0.00124   0.00589   0.13798   0.02943   0.10438   0.09376   0.07705   3.00566   1.40277   0.15675   0.22859  
  5 75652.2622  13321.984826  x:  0.38121   0.11710   0.04831   0.16118   0.13126   0.11135   0.20376   0.09831   0.07177   0.05109   0.02807   0.01829   0.02804   0.02340   0.01732   0.00284   0.00597   0.01141   0.01209   0.01473   0.06250   0.31565   0.02431   0.05555   0.07673   0.03524   0.02363   0.00839   0.00128   0.02210   0.00167   0.00641   0.14588   0.03839   0.10576   0.09793   0.08213   3.00925   1.40555   0.15397   0.18488  
  6 10947.6039  13291.524329  x:  0.38705   0.13675   0.06333   0.17068   0.13184   0.11355   0.21628   0.10901   0.07224   0.06270   0.02454   0.02074   0.03110   0.02542   0.02317   0.00388   0.00339   0.01123   0.01558   0.02263   0.06023   0.32252   0.02948   0.06211   0.08081   0.03407   0.02014   0.00890   0.01075   0.02451   0.00212   0.00706   0.15503   0.04841   0.10735   0.10274   0.08792   3.01346   1.40879   0.15073   0.13403  
  7 26667.2058  13276.590111  x:  0.39023   0.14619   0.06920   0.17541   0.13213   0.11445   0.22266   0.11408   0.07241   0.06683   0.02356   0.02097   0.03192   0.02564   0.02466   0.00410   0.01426   0.01224   0.01630   0.02408   0.05902   0.32623   0.02942   0.06491   0.08269   0.03379   0.01982   0.00952   0.01122   0.02480   0.00222   0.00821   0.15958   0.05166   0.10812   0.10505   0.09039   3.01578   1.41046   0.14907   0.10874  
  8 7308.2083  13256.966879  x:  0.39694   0.15838   0.06739   0.18262   0.13248   0.11436   0.23336   0.11997   0.07204   0.06212   0.02751   0.01515   0.02819   0.02082   0.01980   0.00328   0.00947   0.01524   0.01257   0.01906   0.05696   0.33381   0.01143   0.06612   0.08438   0.03526   0.02796   0.01172   0.00865   0.01954   0.00166   0.01181   0.16636   0.04504   0.10897   0.10783   0.09125   3.02095   1.41311   0.14645   0.08077  
  9 1358.7788  13249.588360  x:  0.40229   0.16873   0.06767   0.18822   0.13242   0.11419   0.24207   0.12466   0.07156   0.06030   0.02687   0.01471   0.02747   0.02090   0.01761   0.00304   0.00953   0.01223   0.01198   0.01842   0.05612   0.33978   0.00142   0.06715   0.08531   0.03474   0.02419   0.00801   0.00843   0.01968   0.00149   0.00573   0.17165   0.04161   0.10919   0.10959   0.09212   3.02547   1.41486   0.14470   0.07923  
 10 778.1680  13246.051457  x:  0.40534   0.17445   0.06763   0.19126   0.13232   0.11402   0.24693   0.12711   0.07126   0.05923   0.02659   0.01476   0.02722   0.02106   0.01678   0.00298   0.00953   0.01184   0.01213   0.01809   0.05614   0.34320   0.00000   0.06762   0.08572   0.03444   0.02274   0.00822   0.00835   0.01985   0.00143   0.00789   0.17451   0.03956   0.10924   0.11046   0.09252   3.02816   1.41583   0.14373   0.08061  
 11 1134.4922  13227.934534  x:  0.43403   0.22512   0.06036   0.21895   0.13143   0.11168   0.29169   0.14840   0.06829   0.04296   0.02753   0.01096   0.02241   0.01903   0.01111   0.00278   0.00993   0.01132   0.01635   0.01719   0.05658   0.37551   0.00623   0.07025   0.08897   0.03328   0.01718   0.00976   0.00829   0.01755   0.00139   0.01139   0.20042   0.01387   0.10967   0.11802   0.09467   3.05360   1.42496   0.13461   0.09051  
 12 4380.8104  13222.484178  x:  0.44465   0.24225   0.05679   0.22774   0.13136   0.11099   0.30738   0.15407   0.06795   0.04024   0.02911   0.01736   0.02602   0.02190   0.01230   0.00279   0.01029   0.01665   0.01522   0.01783   0.05858   0.38750   0.00530   0.07069   0.08949   0.03413   0.02730   0.01273   0.00866   0.02073   0.00138   0.00887   0.20861   0.01115   0.11016   0.11990   0.09649   3.06473   1.42859   0.13098   0.09643  
 13 1139.1249  13219.342784  x:  0.45285   0.24982   0.04770   0.23097   0.13230   0.11084   0.31694   0.15282   0.06922   0.04060   0.03110   0.01444   0.02900   0.02166   0.01604   0.00292   0.01075   0.01350   0.01199   0.01831   0.06327   0.39691   0.00596   0.06874   0.08845   0.03755   0.03173   0.00777   0.00897   0.01971   0.00138   0.01064   0.21150   0.01861   0.11144   0.11946   0.09856   3.07686   1.43167   0.12789   0.09879  
 14 420.8932  13217.008000  x:  0.46124   0.25430   0.03691   0.23209   0.13412   0.11170   0.32518   0.14810   0.07127   0.04320   0.03108   0.01294   0.02939   0.02131   0.01745   0.00292   0.01078   0.01342   0.01033   0.01827   0.06786   0.40654   0.00540   0.06595   0.08695   0.04004   0.02845   0.01461   0.00889   0.01955   0.00137   0.00876   0.21215   0.02545   0.11295   0.11798   0.09996   3.09215   1.43503   0.12452   0.09937  
 15 523.2722  13214.553503  x:  0.47065   0.25615   0.02593   0.23145   0.13710   0.11427   0.33297   0.13981   0.07403   0.04624   0.03016   0.01810   0.02773   0.02197   0.01521   0.00279   0.01024   0.01841   0.01193   0.01775   0.07068   0.41726   0.00566   0.06293   0.08508   0.04031   0.02409   0.01178   0.00864   0.02118   0.00134   0.00936   0.21074   0.02795   0.11442   0.11572   0.09990   3.11278   1.43908   0.12045   0.09759  
 16 541.8326  13211.384651  x:  0.48321   0.25546   0.02254   0.22863   0.14238   0.12118   0.34181   0.12614   0.07746   0.05110   0.02581   0.01993   0.02770   0.02449   0.01195   0.00274   0.01037   0.01168   0.01511   0.01762   0.06900   0.43121   0.00617   0.06095   0.08388   0.03652   0.02762   0.01246   0.00855   0.02346   0.00134   0.01021   0.20658   0.02532   0.11548   0.11293   0.09812   3.14728   1.44509   0.11438   0.09632  
 17 450.0103  13206.833904  x:  0.50253   0.25245   0.03107   0.22328   0.15026   0.13318   0.35442   0.10571   0.08123   0.05788   0.02592   0.01340   0.03102   0.02354   0.01446   0.00286   0.01039   0.01716   0.01332   0.01817   0.06300   0.45194   0.00579   0.06113   0.08466   0.03248   0.02777   0.01125   0.00883   0.02095   0.00138   0.00967   0.19970   0.02253   0.11612   0.11030   0.09602   3.20919   1.45523   0.10414   0.09872  
 18 764.5300  13204.149970  x:  0.51319   0.24736   0.03770   0.21912   0.15244   0.13725   0.35998   0.09770   0.08147   0.05615   0.03385   0.01903   0.02977   0.02066   0.01738   0.00297   0.01072   0.01407   0.01128   0.01863   0.05998   0.46240   0.00605   0.06285   0.08684   0.03700   0.02566   0.01214   0.00900   0.01963   0.00142   0.00996   0.19650   0.02171   0.11571   0.11085   0.09579   3.25390   1.46189   0.09739   0.09904  
 19 672.0746  13197.013349  x:  0.53566   0.22568   0.05119   0.20736   0.14875   0.13478   0.36706   0.09671   0.07596   0.04024   0.02860   0.01636   0.02259   0.02731   0.01640   0.00304   0.01051   0.01543   0.01304   0.01862   0.06175   0.48079   0.00608   0.06941   0.09248   0.04969   0.02500   0.01212   0.00884   0.02873   0.00144   0.01004   0.19400   0.02751   0.11309   0.11792   0.09961   3.38740   1.47973   0.07929   0.09831  
 20 656.6476  13186.337998  x:  0.56296   0.19101   0.06085   0.19394   0.13781   0.12087   0.37119   0.11209   0.06620   0.03343   0.02169   0.02153   0.03736   0.02045   0.01086   0.00289   0.01021   0.01508   0.01845   0.01831   0.07104   0.49867   0.00569   0.07534   0.09300   0.04244   0.02325   0.01279   0.00871   0.01896   0.00150   0.00950   0.19620   0.02988   0.10926   0.12720   0.10397   3.59823   1.50581   0.05276   0.09690  
 21 1324.2271  13176.899432  x:  0.58173   0.16376   0.06335   0.18893   0.12792   0.10542   0.37051   0.13249   0.06108   0.04701   0.03298   0.01817   0.03073   0.02464   0.01365   0.00302   0.01037   0.01420   0.01630   0.01871   0.07565   0.50648   0.00548   0.07744   0.08897   0.02753   0.02343   0.01235   0.00884   0.02329   0.00151   0.00942   0.20118   0.02546   0.10675   0.13117   0.10475   3.79308   1.52832   0.02980   0.09682  
 22 1895.5596  13169.202104  x:  0.58764   0.15354   0.06233   0.19629   0.12588   0.09848   0.36397   0.14963   0.06629   0.06300   0.02244   0.02051   0.02257   0.01954   0.01941   0.00314   0.01054   0.01449   0.01075   0.01901   0.06686   0.50032   0.00574   0.07504   0.08487   0.03785   0.02603   0.01131   0.00900   0.01919   0.00150   0.00956   0.20599   0.01933   0.10756   0.12585   0.10122   3.95423   1.54450   0.01323   0.09906  
 23 1197.9098  13159.488550  x:  0.58488   0.15420   0.05614   0.21521   0.13046   0.10001   0.34839   0.16672   0.07638   0.06547   0.02831   0.01600   0.03717   0.02693   0.01487   0.00295   0.01007   0.01467   0.01395   0.01830   0.04893   0.47811   0.00683   0.06466   0.08037   0.05080   0.02234   0.01158   0.00867   0.02337   0.00145   0.01036   0.21048   0.01613   0.11139   0.11187   0.09487   4.17876   1.56431  -0.00718   0.09829  
 24 1460.9112  13144.770625  x:  0.56700   0.18074   0.05563   0.24573   0.14329   0.11911   0.32192   0.17672   0.08706   0.04945   0.03088   0.01747   0.02575   0.01735   0.01110   0.00300   0.01037   0.01544   0.01883   0.01874   0.04912   0.43157   0.00682   0.05001   0.08057   0.03555   0.02573   0.01238   0.00893   0.02287   0.00151   0.00943   0.21240   0.03191   0.11776   0.09638   0.09235   4.50516   1.58913  -0.03293   0.10127  
 25 1579.8099  13138.879513  x:  0.55347   0.19878   0.05109   0.25470   0.14638   0.12583   0.31025   0.17199   0.08753   0.04327   0.02825   0.01992   0.02554   0.02787   0.01761   0.00301   0.01017   0.01460   0.01117   0.01832   0.06029   0.40888   0.00684   0.04982   0.08355   0.03182   0.02364   0.01226   0.00874   0.01587   0.00144   0.00964   0.21004   0.02602   0.11815   0.09807   0.09066   4.64419   1.59783  -0.04204   0.09933  
 26 1557.8024  13133.554366  x:  0.53560   0.22156   0.04410   0.25820   0.14545   0.12819   0.30075   0.16095   0.08287   0.04508   0.02699   0.01798   0.03033   0.02051   0.02004   0.00294   0.01003   0.01389   0.00757   0.01782   0.07120   0.38741   0.00667   0.05628   0.08711   0.03358   0.02286   0.01145   0.00847   0.02536   0.00133   0.00980   0.20630   0.01681   0.11597   0.10704   0.09156   4.77075   1.60385  -0.04847   0.09817  
 27 1431.7036  13129.210053  x:  0.51543   0.24615   0.03847   0.25656   0.14084   0.12517   0.29531   0.14770   0.07442   0.05322   0.03043   0.01554   0.02834   0.02154   0.01294   0.00285   0.01026   0.01445   0.01469   0.01795   0.07194   0.37097   0.00620   0.06553   0.08853   0.03878   0.02555   0.01113   0.00866   0.01982   0.00137   0.00900   0.20350   0.01620   0.11191   0.11777   0.09648   4.87633   1.60692  -0.05192   0.10027  
 28 1151.5902  13126.319486  x:  0.49602   0.26389   0.03165   0.24899   0.13448   0.11689   0.29525   0.13723   0.06581   0.05002   0.02829   0.01634   0.02794   0.02158   0.01563   0.00282   0.01014   0.01431   0.01119   0.01758   0.05735   0.36546   0.00688   0.06818   0.08355   0.03406   0.02523   0.01140   0.00851   0.01948   0.00132   0.00943   0.20345   0.01831   0.10755   0.12103   0.10052   4.94273   1.60601  -0.05130   0.09954  
 29 523.5906  13124.116343  x:  0.46434   0.28040   0.03716   0.23080   0.12946   0.10599   0.30243   0.13264   0.07110   0.04779   0.02900   0.01556   0.02756   0.02110   0.01505   0.00283   0.01015   0.01421   0.01191   0.01766   0.06166   0.37266   0.00647   0.06339   0.07678   0.03575   0.02544   0.01120   0.00854   0.01956   0.00133   0.00913   0.20810   0.01652   0.10413   0.10831   0.09631   4.99678   1.59940  -0.04503   0.09810  
 30 188.0711  13123.354426  x:  0.44624   0.28225   0.03493   0.22345   0.13248   0.10720   0.30770   0.13581   0.07240   0.04872   0.02913   0.01547   0.02767   0.02111   0.01510   0.00283   0.01017   0.01432   0.01175   0.01764   0.06024   0.38017   0.00653   0.06002   0.08580   0.03515   0.02573   0.01112   0.00855   0.01946   0.00132   0.00919   0.21035   0.01649   0.11038   0.11061   0.09463   5.01697   1.59348  -0.03933   0.09848  
 31 110.7508  13122.884385  x:  0.43228   0.27925   0.03286   0.22374   0.13757   0.11440   0.31340   0.14001   0.07266   0.04854   0.02948   0.01549   0.02768   0.02127   0.01526   0.00283   0.01021   0.01439   0.01153   0.01765   0.06047   0.38734   0.00652   0.06371   0.08062   0.03569   0.02574   0.01125   0.00856   0.01945   0.00131   0.00921   0.21057   0.01638   0.11054   0.11440   0.09635   5.03015   1.58559  -0.03168   0.09861  
 32 75.5553  13122.641510  x:  0.42689   0.27564   0.03232   0.22951   0.13723   0.11654   0.31837   0.14006   0.06915   0.04926   0.02937   0.01557   0.02778   0.02132   0.01529   0.00283   0.01022   0.01441   0.01152   0.01765   0.06122   0.39084   0.00649   0.06313   0.08299   0.03597   0.02579   0.01120   0.00857   0.01953   0.00131   0.00922   0.20887   0.01638   0.10621   0.11205   0.09774   5.03768   1.57682  -0.02318   0.09814  
 33 47.0280  13122.342356  x:  0.42506   0.27111   0.03272   0.23780   0.13337   0.11448   0.32542   0.13754   0.07332   0.04848   0.02948   0.01567   0.02795   0.02132   0.01521   0.00283   0.01025   0.01445   0.01171   0.01771   0.06148   0.39270   0.00647   0.06600   0.08435   0.03511   0.02588   0.01132   0.00860   0.01960   0.00132   0.00923   0.20602   0.01713   0.10875   0.11279   0.09738   5.04794   1.56045  -0.00730   0.09759  
 34 54.7158  13122.045621  x:  0.42893   0.26899   0.03482   0.24045   0.13360   0.11389   0.33071   0.13634   0.07133   0.04878   0.02957   0.01580   0.02796   0.02142   0.01521   0.00286   0.01031   0.01451   0.01197   0.01785   0.06250   0.39210   0.00643   0.06138   0.08190   0.03612   0.02600   0.01133   0.00866   0.01981   0.00133   0.00926   0.20574   0.01702   0.11302   0.11597   0.09693   5.05851   1.54059   0.01194   0.09676  
 35 70.7750  13121.264724  x:  0.44828   0.26770   0.03316   0.23419   0.14124   0.11636   0.33822   0.13940   0.07461   0.04919   0.03021   0.01583   0.02835   0.02168   0.01546   0.00289   0.01048   0.01478   0.01194   0.01807   0.06261   0.38859   0.00647   0.06372   0.08489   0.03638   0.02650   0.01152   0.00879   0.01997   0.00134   0.00941   0.21135   0.01733   0.11049   0.11629   0.09888   5.08705   1.48319   0.06745   0.09497  
 36 110.3461  13121.110254  x:  0.45240   0.26973   0.03262   0.23410   0.13755   0.11977   0.33142   0.14043   0.07281   0.04937   0.03036   0.01578   0.02837   0.02173   0.01553   0.00289   0.01052   0.01481   0.01190   0.01810   0.06292   0.39432   0.00641   0.06573   0.08495   0.03671   0.02661   0.01152   0.00882   0.01997   0.00134   0.00941   0.21238   0.01705   0.11362   0.11409   0.09915   5.09263   1.47191   0.07817   0.09463  
 37 32.2607  13121.009740  x:  0.45445   0.27156   0.03302   0.23611   0.13849   0.11836   0.32377   0.14036   0.07435   0.04923   0.03044   0.01579   0.02839   0.02172   0.01551   0.00290   0.01054   0.01484   0.01201   0.01816   0.06297   0.40083   0.00636   0.06440   0.08518   0.03663   0.02667   0.01154   0.00884   0.01999   0.00135   0.00940   0.21253   0.01730   0.11157   0.11675   0.09877   5.09608   1.46538   0.08418   0.09443  
 38 26.7596  13120.970787  x:  0.45466   0.27169   0.03327   0.23684   0.14104   0.11625   0.32239   0.14005   0.07364   0.04909   0.03045   0.01578   0.02839   0.02172   0.01550   0.00290   0.01055   0.01481   0.01201   0.01815   0.06324   0.40202   0.00634   0.06524   0.08524   0.03659   0.02668   0.01152   0.00884   0.02000   0.00135   0.00940   0.21213   0.01681   0.11289   0.11568   0.10059   5.09709   1.46449   0.08466   0.09442  
 39  6.4465  13119.584385  x:  0.45792   0.26989   0.03030   0.23683   0.14773   0.11199   0.32351   0.14125   0.06570   0.04712   0.03080   0.01524   0.02769   0.02120   0.01511   0.00285   0.01054   0.01482   0.01199   0.01786   0.06336   0.40468   0.00609   0.07175   0.08446   0.03622   0.02703   0.01140   0.00874   0.01966   0.00134   0.00902   0.20526   0.02010   0.11328   0.11373   0.08255   5.12556   1.46259   0.06880   0.09429  
 40  3.0124  13105.485228  x:  0.48344   0.24060   0.00915   0.22118   0.14135   0.11715   0.33630   0.14109   0.07142   0.03240   0.03469   0.00900   0.02366   0.01836   0.01169   0.00220   0.01002   0.01405   0.00908   0.01391   0.06145   0.41758   0.00436   0.05761   0.08146   0.03554   0.02958   0.00849   0.00741   0.01625   0.00116   0.00668   0.16424   0.00853   0.10751   0.11422   0.09145   5.39322   1.45051  -0.08724   0.09522  
 41 145.0163  13102.490296  x:  0.48500   0.21999   0.00516   0.22612   0.14201   0.11974   0.33544   0.11693   0.06926   0.02922   0.03500   0.00811   0.02304   0.01785   0.01074   0.00206   0.00990   0.01384   0.00878   0.01302   0.06267   0.41923   0.00400   0.05895   0.08155   0.03507   0.02992   0.00801   0.00708   0.01585   0.00113   0.00615   0.20574   0.00715   0.10732   0.11527   0.08911   5.45749   1.44850  -0.12539   0.09551  
 42 153.7138  13092.137647  x:  0.50932   0.16870   0.02626   0.21324   0.13810   0.11745   0.33320   0.09775   0.07141   0.02528   0.03310   0.01188   0.02123   0.01860   0.00498   0.00145   0.01166   0.01346   0.00782   0.01041   0.06320   0.43309   0.00275   0.05249   0.08002   0.03546   0.02979   0.00840   0.00701   0.01622   0.00082   0.00771   0.21183   0.01093   0.10520   0.11201   0.08919   5.83218   1.54707  -0.11049   0.10098  
 43  0.6180  13088.632344  x:  0.51387   0.16290   0.02138   0.20664   0.13879   0.11887   0.32730   0.10631   0.07295   0.03539   0.03080   0.01347   0.02316   0.01902   0.00640   0.00131   0.01334   0.01385   0.00407   0.00997   0.06188   0.43507   0.00229   0.05204   0.07897   0.03703   0.02888   0.00939   0.00771   0.01680   0.00073   0.00878   0.20216   0.01219   0.10580   0.10909   0.08924   6.04893   1.56678  -0.08471   0.10351  
 44  0.3827  13087.641669  x:  0.51129   0.16842   0.01858   0.20483   0.13937   0.11890   0.32163   0.11204   0.07310   0.03618   0.03037   0.01329   0.02379   0.01893   0.00425   0.00128   0.01426   0.01391   0.00609   0.01001   0.06190   0.43216   0.00201   0.05270   0.07863   0.03721   0.02854   0.00966   0.00827   0.01762   0.00078   0.00899   0.19549   0.01295   0.10649   0.10749   0.08919   6.15245   1.54537  -0.09720   0.10382  
 45  0.2754  13086.688694  x:  0.50552   0.17822   0.01864   0.20605   0.13934   0.11700   0.31483   0.11581   0.07249   0.03165   0.03066   0.01241   0.02358   0.01868   0.00606   0.00143   0.01579   0.01380   0.00559   0.01057   0.06204   0.42634   0.00158   0.05419   0.07833   0.03703   0.02831   0.00983   0.00944   0.01834   0.00094   0.00900   0.19067   0.01239   0.10734   0.10618   0.08932   6.29572   1.47556  -0.15663   0.10334  
 46  0.2649  13086.115092  x:  0.50389   0.17645   0.01894   0.21097   0.13863   0.11592   0.31957   0.11089   0.07184   0.03269   0.03086   0.01216   0.02320   0.01869   0.00522   0.00134   0.01682   0.01378   0.00515   0.00995   0.06198   0.42431   0.00135   0.05471   0.07843   0.03679   0.02831   0.00920   0.01039   0.01650   0.00099   0.00909   0.19486   0.00929   0.10691   0.10798   0.08997   6.40372   1.34755  -0.29919   0.10170  
 47  0.1909  13085.786301  x:  0.50725   0.17396   0.01750   0.21237   0.13911   0.11739   0.32700   0.11044   0.07154   0.03220   0.03117   0.01201   0.02309   0.01883   0.00501   0.00134   0.01749   0.01384   0.00503   0.00957   0.06182   0.42717   0.00172   0.05436   0.07896   0.03663   0.02821   0.00916   0.01133   0.01681   0.00109   0.00934   0.19958   0.01249   0.10644   0.10924   0.09012   6.43802   1.19937  -0.45520   0.10072  
 48  0.2026  13085.481331  x:  0.51372   0.17670   0.01888   0.20903   0.14011   0.11928   0.32842   0.11254   0.07258   0.03301   0.03088   0.01266   0.02366   0.01864   0.00526   0.00142   0.01793   0.01346   0.00544   0.00930   0.06263   0.43280   0.00180   0.05371   0.07921   0.03650   0.02833   0.00953   0.01265   0.01763   0.00131   0.00870   0.20288   0.01094   0.10703   0.10838   0.09024   6.39531   0.92454  -0.72296   0.10045  
 49  0.2004  13085.238060  x:  0.51268   0.17707   0.01856   0.20910   0.13989   0.11813   0.32288   0.11337   0.07259   0.03211   0.03094   0.01235   0.02333   0.01904   0.00483   0.00136   0.01779   0.01391   0.00483   0.00824   0.06241   0.43201   0.00155   0.05438   0.07869   0.03684   0.02857   0.00962   0.01365   0.01701   0.00146   0.00855   0.19668   0.01132   0.10740   0.10725   0.08976   6.34584   0.60760  -1.03346   0.10083  
 50  0.2752  13085.139609  x:  0.50921   0.17571   0.01863   0.21105   0.13950   0.11743   0.32207   0.11142   0.07238   0.03289   0.03099   0.01226   0.02330   0.01874   0.00521   0.00144   0.01748   0.01397   0.00521   0.00833   0.06235   0.42951   0.00170   0.05453   0.07877   0.03683   0.02873   0.00941   0.01416   0.01673   0.00160   0.00887   0.19614   0.01155   0.10723   0.10820   0.08991   6.29606   0.42705  -1.20650   0.10131  
 51  0.2582  13085.083796  x:  0.50481   0.17446   0.01861   0.20911   0.13905   0.11760   0.32288   0.11154   0.07211   0.03243   0.03103   0.01245   0.02334   0.01874   0.00504   0.00143   0.01701   0.01369   0.00502   0.00831   0.06215   0.42623   0.00157   0.05373   0.07885   0.03654   0.02867   0.00925   0.01445   0.01731   0.00169   0.00888   0.19769   0.01139   0.10655   0.10858   0.09000   6.27833   0.21855  -1.42374   0.10169  
 52  0.1643  13085.027140  x:  0.50613   0.17556   0.01869   0.20886   0.13922   0.11775   0.32239   0.11177   0.07206   0.03265   0.03106   0.01228   0.02344   0.01892   0.00491   0.00145   0.01638   0.01367   0.00499   0.00878   0.06238   0.42679   0.00138   0.05454   0.07878   0.03661   0.02845   0.00948   0.01462   0.01666   0.00182   0.00881   0.19870   0.01166   0.10686   0.10793   0.08975   6.28769  -0.09341  -1.74207   0.10164  
 53  0.1694  13084.992020  x:  0.50854   0.17590   0.01833   0.21023   0.13940   0.11779   0.32292   0.11201   0.07231   0.03254   0.03092   0.01237   0.02330   0.01883   0.00486   0.00145   0.01604   0.01378   0.00489   0.00894   0.06223   0.42849   0.00157   0.05433   0.07872   0.03659   0.02834   0.00939   0.01459   0.01697   0.00190   0.00910   0.19740   0.01128   0.10708   0.10795   0.08988   6.31156  -0.33604  -1.98199   0.10133  
 54  0.2479  13084.964895  x:  0.50951   0.17478   0.01852   0.21057   0.13944   0.11762   0.32373   0.11163   0.07242   0.03263   0.03092   0.01228   0.02321   0.01859   0.00494   0.00147   0.01600   0.01392   0.00493   0.00897   0.06239   0.42967   0.00138   0.05375   0.07881   0.03669   0.02846   0.00935   0.01445   0.01716   0.00200   0.00877   0.19663   0.01145   0.10690   0.10846   0.09004   6.33444  -0.58964  -2.22853   0.10117  
 55  0.1946  13084.913551  x:  0.50844   0.17619   0.01889   0.20918   0.13945   0.11746   0.32425   0.11175   0.07214   0.03248   0.03104   0.01244   0.02350   0.01901   0.00499   0.00149   0.01612   0.01379   0.00499   0.00868   0.06214   0.42951   0.00154   0.05423   0.07898   0.03692   0.02872   0.00936   0.01396   0.01686   0.00220   0.00864   0.19805   0.01148   0.10668   0.10870   0.09009   6.35292  -1.16246  -2.79587   0.10124  
 56  0.3021  13084.884097  x:  0.50768   0.17533   0.01873   0.20999   0.13928   0.11785   0.32249   0.11215   0.07209   0.03269   0.03104   0.01232   0.02327   0.01870   0.00492   0.00149   0.01622   0.01377   0.00496   0.00847   0.06261   0.42813   0.00144   0.05459   0.07883   0.03660   0.02865   0.00940   0.01359   0.01707   0.00233   0.00874   0.19791   0.01147   0.10706   0.10791   0.08994   6.34026  -1.55093  -3.19586   0.10143  
 57  0.3355  13084.871405  x:  0.50785   0.17619   0.01847   0.21011   0.13928   0.11762   0.32331   0.11172   0.07238   0.03268   0.03096   0.01240   0.02340   0.01886   0.00495   0.00149   0.01639   0.01380   0.00495   0.00859   0.06241   0.42820   0.00138   0.05398   0.07872   0.03663   0.02842   0.00935   0.01344   0.01701   0.00240   0.00881   0.19726   0.01147   0.10690   0.10822   0.08997   6.32223  -1.78613  -3.43259   0.10144  
 58  0.1948  13084.867201  x:  0.50822   0.17574   0.01865   0.20998   0.13943   0.11768   0.32366   0.11199   0.07223   0.03262   0.03100   0.01230   0.02332   0.01880   0.00493   0.00149   0.01658   0.01377   0.00494   0.00868   0.06229   0.42860   0.00140   0.05430   0.07886   0.03668   0.02840   0.00939   0.01344   0.01701   0.00243   0.00886   0.19764   0.01144   0.10689   0.10834   0.08999   6.31526  -1.88650  -3.52831   0.10135  
 59  0.0938  13084.866145  x:  0.50810   0.17578   0.01861   0.20996   0.13935   0.11773   0.32318   0.11181   0.07221   0.03262   0.03097   0.01239   0.02334   0.01878   0.00489   0.00149   0.01665   0.01377   0.00491   0.00872   0.06241   0.42855   0.00139   0.05427   0.07885   0.03669   0.02845   0.00938   0.01348   0.01701   0.00244   0.00883   0.19770   0.01147   0.10694   0.10823   0.08995   6.31547  -1.93543  -3.57663   0.10135  
 60  0.0442  13084.865621  x:  0.50790   0.17561   0.01864   0.20994   0.13932   0.11769   0.32310   0.11186   0.07228   0.03263   0.03098   0.01233   0.02334   0.01884   0.00489   0.00148   0.01666   0.01379   0.00491   0.00875   0.06243   0.42841   0.00141   0.05417   0.07880   0.03669   0.02850   0.00939   0.01349   0.01703   0.00244   0.00881   0.19754   0.01146   0.10693   0.10820   0.08996   6.31544  -1.97552  -3.61789   0.10139  
 61  0.0300  13084.864613  x:  0.50763   0.17553   0.01858   0.20974   0.13937   0.11761   0.32319   0.11190   0.07225   0.03259   0.03101   0.01237   0.02336   0.01873   0.00491   0.00147   0.01665   0.01381   0.00491   0.00877   0.06236   0.42821   0.00142   0.05425   0.07878   0.03664   0.02854   0.00939   0.01349   0.01697   0.00244   0.00878   0.19724   0.01145   0.10685   0.10827   0.08996   6.31472  -2.07934  -3.72362   0.10140  
 62  0.0439  13084.859782  x:  0.50766   0.17582   0.01853   0.20987   0.13939   0.11763   0.32290   0.11156   0.07205   0.03267   0.03105   0.01238   0.02322   0.01887   0.00492   0.00140   0.01658   0.01381   0.00494   0.00877   0.06227   0.42815   0.00139   0.05449   0.07893   0.03665   0.02853   0.00936   0.01348   0.01707   0.00240   0.00874   0.19765   0.01141   0.10688   0.10830   0.08990   6.31261  -2.58980  -4.23337   0.10130  
 63  0.1213  13084.856564  x:  0.50795   0.17566   0.01859   0.21000   0.13933   0.11774   0.32303   0.11179   0.07220   0.03262   0.03101   0.01233   0.02342   0.01879   0.00493   0.00136   0.01660   0.01379   0.00494   0.00873   0.06238   0.42840   0.00138   0.05418   0.07885   0.03670   0.02848   0.00938   0.01351   0.01700   0.00237   0.00881   0.19773   0.01143   0.10694   0.10821   0.08992   6.31448  -2.93215  -4.57426   0.10132  
 64  0.3582  13084.855967  x:  0.50800   0.17570   0.01860   0.20991   0.13934   0.11771   0.32328   0.11190   0.07227   0.03264   0.03097   0.01237   0.02332   0.01880   0.00494   0.00135   0.01663   0.01378   0.00495   0.00873   0.06243   0.42850   0.00138   0.05421   0.07880   0.03668   0.02847   0.00938   0.01353   0.01700   0.00237   0.00883   0.19755   0.01146   0.10691   0.10822   0.08997   6.31586  -3.04999  -4.69218   0.10139  
 65  0.1380  13084.855343  x:  0.50798   0.17574   0.01870   0.20995   0.13937   0.11760   0.32326   0.11176   0.07223   0.03264   0.03093   0.01237   0.02339   0.01881   0.00495   0.00135   0.01664   0.01379   0.00495   0.00873   0.06239   0.42847   0.00138   0.05437   0.07885   0.03667   0.02846   0.00939   0.01355   0.01705   0.00238   0.00884   0.19752   0.01148   0.10691   0.10829   0.08998   6.31741  -3.28976  -4.93263   0.10140  
 66  0.0849  13084.853089  x:  0.50786   0.17573   0.01877   0.21001   0.13931   0.11771   0.32296   0.11207   0.07220   0.03265   0.03100   0.01240   0.02331   0.01881   0.00494   0.00139   0.01660   0.01379   0.00496   0.00872   0.06231   0.42824   0.00138   0.05407   0.07890   0.03670   0.02848   0.00938   0.01356   0.01697   0.00240   0.00884   0.19759   0.01146   0.10695   0.10826   0.08991   6.31868  -4.01280  -5.65583   0.10131  
 67  0.2003  13084.849842  x:  0.50808   0.17578   0.01856   0.20976   0.13933   0.11772   0.32350   0.11168   0.07223   0.03263   0.03101   0.01233   0.02335   0.01879   0.00492   0.00143   0.01659   0.01377   0.00492   0.00870   0.06248   0.42857   0.00138   0.05428   0.07874   0.03668   0.02848   0.00939   0.01354   0.01703   0.00235   0.00883   0.19752   0.01145   0.10689   0.10815   0.08999   6.31618  -4.95854  -6.60039   0.10137  
 68  0.4509  13084.849012  x:  0.50803   0.17557   0.01857   0.21002   0.13937   0.11770   0.32318   0.11191   0.07227   0.03261   0.03098   0.01236   0.02336   0.01881   0.00493   0.00145   0.01662   0.01378   0.00494   0.00872   0.06242   0.42850   0.00137   0.05426   0.07883   0.03667   0.02847   0.00937   0.01353   0.01701   0.00232   0.00882   0.19759   0.01145   0.10691   0.10825   0.08995   6.31562  -5.51021  -7.15245   0.10138  
 69  0.5210  13084.848863  x:  0.50792   0.17573   0.01862   0.20990   0.13934   0.11768   0.32313   0.11183   0.07223   0.03263   0.03098   0.01235   0.02333   0.01879   0.00492   0.00145   0.01663   0.01379   0.00493   0.00872   0.06240   0.42841   0.00137   0.05421   0.07883   0.03667   0.02847   0.00938   0.01353   0.01701   0.00232   0.00883   0.19759   0.01146   0.10691   0.10824   0.08995   6.31588  -5.81793  -7.46060   0.10137  
 70  0.3504  13084.848746  x:  0.50793   0.17561   0.01863   0.20990   0.13933   0.11771   0.32330   0.11184   0.07222   0.03262   0.03098   0.01237   0.02335   0.01881   0.00492   0.00145   0.01663   0.01378   0.00493   0.00872   0.06243   0.42843   0.00137   0.05425   0.07880   0.03669   0.02848   0.00939   0.01353   0.01701   0.00232   0.00884   0.19750   0.01145   0.10691   0.10819   0.08996   6.31585  -6.40713  -8.04972   0.10137  
 71  0.2769  13084.848596  x:  0.50800   0.17572   0.01863   0.20995   0.13935   0.11767   0.32315   0.11186   0.07227   0.03264   0.03098   0.01236   0.02334   0.01880   0.00492   0.00145   0.01662   0.01379   0.00493   0.00872   0.06241   0.42847   0.00137   0.05423   0.07883   0.03667   0.02848   0.00938   0.01353   0.01702   0.00232   0.00883   0.19759   0.01147   0.10690   0.10825   0.08995   6.31569  -7.41311  -9.05547   0.10137  
 72  0.4444  13084.848551  x:  0.50794   0.17565   0.01860   0.20991   0.13934   0.11770   0.32320   0.11183   0.07223   0.03262   0.03098   0.01236   0.02334   0.01880   0.00492   0.00144   0.01662   0.01378   0.00494   0.00872   0.06241   0.42843   0.00137   0.05423   0.07882   0.03668   0.02847   0.00939   0.01353   0.01701   0.00232   0.00883   0.19756   0.01145   0.10692   0.10823   0.08995   6.31591  -8.07658  -9.71913   0.10137  
 73  0.5028  13084.848531  x:  0.50795   0.17569   0.01861   0.20992   0.13934   0.11769   0.32321   0.11185   0.07224   0.03262   0.03098   0.01236   0.02334   0.01880   0.00492   0.00145   0.01663   0.01379   0.00493   0.00872   0.06242   0.42845   0.00137   0.05424   0.07881   0.03668   0.02847   0.00938   0.01353   0.01701   0.00232   0.00883   0.19757   0.01146   0.10690   0.10823   0.08995   6.31583  -8.94075  -10.58326   0.10137  
 74  0.4574  13084.848520  x:  0.50796   0.17567   0.01861   0.20993   0.13934   0.11769   0.32318   0.11184   0.07224   0.03263   0.03098   0.01236   0.02334   0.01880   0.00492   0.00145   0.01662   0.01378   0.00493   0.00872   0.06241   0.42844   0.00137   0.05423   0.07882   0.03668   0.02847   0.00939   0.01353   0.01701   0.00232   0.00883   0.19757   0.01146   0.10691   0.10824   0.08995   6.31580  -9.85710  -11.49960   0.10137  
 75  0.5806  13084.848515  x:  0.50796   0.17566   0.01861   0.20991   0.13934   0.11769   0.32320   0.11184   0.07223   0.03262   0.03098   0.01236   0.02334   0.01880   0.00492   0.00145   0.01662   0.01378   0.00493   0.00872   0.06241   0.42844   0.00137   0.05423   0.07882   0.03668   0.02847   0.00938   0.01353   0.01701   0.00232   0.00883   0.19757   0.01146   0.10692   0.10822   0.08995   6.31587  -11.62204  -13.26456   0.10137  
 76  0.9200  13084.848514  x:  0.50796   0.17568   0.01861   0.20992   0.13934   0.11769   0.32320   0.11185   0.07224   0.03262   0.03098   0.01236   0.02334   0.01880   0.00492   0.00145   0.01662   0.01378   0.00493   0.00872   0.06241   0.42844   0.00137   0.05423   0.07882   0.03668   0.02847   0.00938   0.01353   0.01701   0.00232   0.00883   0.19757   0.01146   0.10691   0.10823   0.08995   6.31585  -12.21337  -13.85587   0.10137  
 77  0.6410  13084.848514  x:  0.50796   0.17568   0.01861   0.20992   0.13934   0.11769   0.32320   0.11185   0.07224   0.03262   0.03098   0.01236   0.02334   0.01880   0.00492   0.00145   0.01662   0.01378   0.00493   0.00872   0.06241   0.42844   0.00137   0.05423   0.07882   0.03668   0.02847   0.00938   0.01353   0.01701   0.00232   0.00883   0.19757   0.01146   0.10691   0.10823   0.08995   6.31585  -12.21235  -13.85485   0.10137  
 78  0.2312  13084.848514  x:  0.50796   0.17567   0.01861   0.20992   0.13934   0.11769   0.32320   0.11185   0.07224   0.03262   0.03098   0.01236   0.02334   0.01880   0.00492   0.00145   0.01662   0.01378   0.00493   0.00872   0.06241   0.42844   0.00137   0.05423   0.07882   0.03668   0.02847   0.00938   0.01353   0.01701   0.00232   0.00883   0.19757   0.01146   0.10691   0.10823   0.08995   6.31583  -12.21185  -13.85436   0.10137  
 79  0.0013  13084.848514  x:  0.50796   0.17567   0.01861   0.20992   0.13934   0.11769   0.32320   0.11185   0.07224   0.03262   0.03098   0.01236   0.02334   0.01880   0.00492   0.00145   0.01662   0.01378   0.00493   0.00872   0.06241   0.42844   0.00137   0.05423   0.07882   0.03668   0.02847   0.00938   0.01353   0.01701   0.00232   0.00883   0.19757   0.01146   0.10691   0.10823   0.08995   6.31584  -12.21235  -13.85485   0.10137  
 80  0.0044  13084.848514  x:  0.50796   0.17567   0.01861   0.20992   0.13934   0.11769   0.32320   0.11184   0.07224   0.03262   0.03098   0.01236   0.02334   0.01880   0.00492   0.00145   0.01662   0.01378   0.00493   0.00872   0.06241   0.42844   0.00137   0.05423   0.07882   0.03668   0.02847   0.00938   0.01353   0.01701   0.00232   0.00883   0.19757   0.01146   0.10691   0.10823   0.08995   6.31584  -12.21225  -13.85476   0.10137  