

TREE # 1

  0  0.0000  13453.549391  x:  0.36826   0.07062   0.00720   0.13921   0.12976   0.10564   0.17512   0.07302   0.07041   0.01860   0.03711   0.00956   0.01947   0.01673   0.00903   0.01422   0.02413   0.01472   0.01167   0.01334   0.06697   0.30034   0.00000   0.03920   0.06707   0.03865   0.03363   0.00938   0.02524   0.01451   0.00507   0.01040   0.12469   0.00873   0.10201   0.08664   0.06768   3.00000   1.39835   0.16116   0.29812  
  1 99.0000  13421.109663  x:  0.36977   0.07646   0.01353   0.14190   0.12999   0.10644   0.17857   0.07617   0.07062   0.02359   0.03598   0.01114   0.02062   0.01781   0.00487   0.00669   0.02110   0.01386   0.00610   0.00997   0.06663   0.30215   0.00609   0.04139   0.06827   0.03816   0.03207   0.00908   0.02085   0.01582   0.00000   0.00885   0.12728   0.01367   0.10249   0.08804   0.06961   3.00106   1.39919   0.16033   0.28507  
  2 1981.3455  13402.089883  x:  0.37099   0.08115   0.01859   0.14407   0.13018   0.10708   0.18135   0.07871   0.07079   0.02759   0.03506   0.01240   0.02155   0.01868   0.00157   0.00065   0.01867   0.01316   0.00167   0.00728   0.06635   0.30360   0.01086   0.04314   0.06923   0.03778   0.03082   0.00884   0.01732   0.01687   0.00049   0.00766   0.12937   0.01760   0.10287   0.08917   0.07116   3.00192   1.39987   0.15967   0.27455  
  3 34242.5773  13394.479020  x:  0.37151   0.08304   0.02021   0.14496   0.13023   0.10731   0.18252   0.07974   0.07084   0.02889   0.03468   0.01274   0.02192   0.01896   0.00288   0.00000   0.01784   0.01303   0.00264   0.00674   0.06615   0.30422   0.01169   0.04381   0.06962   0.03763   0.03035   0.00882   0.01605   0.01718   0.00056   0.00750   0.13023   0.01876   0.10302   0.08963   0.07175   3.00230   1.40017   0.15938   0.26996  
  4 4477.0081  13354.277884  x:  0.37618   0.09992   0.03494   0.15292   0.13076   0.10938   0.19289   0.08895   0.07134   0.04067   0.03130   0.01596   0.02521   0.02149   0.01207   0.00188   0.01043   0.01177   0.00892   0.00167   0.06442   0.30973   0.01981   0.04981   0.07310   0.03636   0.02616   0.00861   0.00462   0.02001   0.00122   0.00587   0.13791   0.02935   0.10437   0.09372   0.07701   3.00563   1.40281   0.15679   0.22916  
  5 76000.3504  13322.787861  x:  0.38144   0.11785   0.04887   0.16156   0.13128   0.11141   0.20425   0.09873   0.07180   0.05153   0.02792   0.01837   0.02815   0.02347   0.01751   0.00289   0.00584   0.01141   0.01222   0.01558   0.06232   0.31592   0.02531   0.05591   0.07680   0.03523   0.02225   0.00899   0.00129   0.02235   0.00167   0.00649   0.14624   0.03874   0.10582   0.09811   0.08235   3.00942   1.40578   0.15387   0.18325  
  6 10660.5644  13293.490048  x:  0.38714   0.13703   0.06351   0.17083   0.13185   0.11356   0.21648   0.10917   0.07227   0.06284   0.02448   0.02074   0.03112   0.02542   0.02324   0.00392   0.00350   0.01126   0.01565   0.02331   0.06006   0.32263   0.03077   0.06235   0.08073   0.03410   0.01843   0.00955   0.01071   0.02473   0.00211   0.00715   0.15518   0.04848   0.10737   0.10280   0.08800   3.01353   1.40899   0.15072   0.13371  
  7 26477.8220  13278.760192  x:  0.39032   0.14638   0.06921   0.17554   0.13213   0.11444   0.22282   0.11419   0.07244   0.06682   0.02357   0.02091   0.03189   0.02559   0.02467   0.00413   0.01456   0.01233   0.01636   0.02472   0.05881   0.32634   0.03083   0.06512   0.08257   0.03386   0.01826   0.01011   0.01104   0.02497   0.00220   0.00832   0.15969   0.05157   0.10814   0.10509   0.09043   3.01586   1.41068   0.14908   0.10868  
  8 6899.3781  13259.766765  x:  0.39699   0.15844   0.06733   0.18270   0.13252   0.11437   0.23344   0.12001   0.07209   0.06206   0.02751   0.01518   0.02821   0.02084   0.02010   0.00336   0.00970   0.01516   0.01292   0.01985   0.05665   0.33389   0.01392   0.06633   0.08424   0.03540   0.02763   0.01175   0.00865   0.01972   0.00170   0.01168   0.16643   0.04493   0.10901   0.10786   0.09129   3.02099   1.41332   0.14652   0.08109  
  9 1349.5389  13251.459680  x:  0.40328   0.17043   0.06734   0.18923   0.13245   0.11414   0.24360   0.12542   0.07150   0.05960   0.02687   0.01449   0.02725   0.02079   0.01752   0.00306   0.00967   0.01186   0.01211   0.01891   0.05548   0.34088   0.00222   0.06745   0.08528   0.03482   0.02208   0.00818   0.00829   0.01967   0.00149   0.00508   0.17259   0.04061   0.10926   0.10990   0.09224   3.02629   1.41541   0.14451   0.07896  
 10 778.2430  13248.434179  x:  0.40582   0.17529   0.06746   0.19180   0.13238   0.11402   0.24769   0.12752   0.07125   0.05884   0.02653   0.01464   0.02711   0.02101   0.01673   0.00298   0.00962   0.01149   0.01204   0.01849   0.05543   0.34373   0.00000   0.06788   0.08563   0.03453   0.02037   0.00832   0.00818   0.01991   0.00142   0.00720   0.17500   0.03905   0.10931   0.11064   0.09261   3.02854   1.41625   0.14371   0.07992  
 11 1393.1551  13229.009914  x:  0.43629   0.22910   0.06029   0.22100   0.13135   0.11152   0.29512   0.14976   0.06813   0.04263   0.02754   0.01189   0.02299   0.01944   0.01135   0.00282   0.01008   0.01552   0.01640   0.01791   0.05770   0.37816   0.00709   0.07077   0.08878   0.03324   0.01751   0.01507   0.00825   0.01804   0.00142   0.00853   0.20225   0.01279   0.10967   0.11840   0.09505   3.05597   1.42625   0.13416   0.09195  
 12 2051.9124  13224.302673  x:  0.44597   0.24364   0.05575   0.22832   0.13145   0.11091   0.30892   0.15382   0.06819   0.04042   0.02982   0.01753   0.02705   0.02218   0.01339   0.00290   0.01076   0.01376   0.01486   0.01874   0.06006   0.38915   0.00684   0.07074   0.08895   0.03491   0.02872   0.00991   0.00877   0.02101   0.00141   0.00900   0.20905   0.01235   0.11030   0.11973   0.09690   3.06681   1.42973   0.13085   0.09702  
 13 855.2167  13220.886675  x:  0.45645   0.25189   0.04353   0.23129   0.13304   0.11114   0.32039   0.15041   0.07023   0.04279   0.03062   0.01372   0.03029   0.02200   0.01760   0.00297   0.01090   0.01746   0.01062   0.01909   0.06591   0.40121   0.00523   0.06781   0.08747   0.03923   0.02885   0.01309   0.00894   0.02014   0.00139   0.00763   0.21156   0.02407   0.11220   0.11860   0.09978   3.08388   1.43403   0.12684   0.10009  
 14 364.0635  13218.240065  x:  0.46548   0.25468   0.03106   0.23136   0.13546   0.11268   0.32834   0.14349   0.07276   0.04443   0.03113   0.01440   0.02865   0.02074   0.01704   0.00296   0.01085   0.01353   0.01117   0.01875   0.06979   0.41162   0.00795   0.06453   0.08566   0.04096   0.02535   0.00859   0.00880   0.01936   0.00139   0.01000   0.21099   0.02778   0.11381   0.11664   0.10021   3.10213   1.43804   0.12314   0.09824  
 15 476.9207  13216.120731  x:  0.47437   0.25526   0.02349   0.22998   0.13871   0.11621   0.33510   0.13454   0.07535   0.04733   0.02955   0.02010   0.02752   0.02315   0.01426   0.00284   0.01066   0.01218   0.01338   0.01839   0.07043   0.42170   0.00749   0.06212   0.08428   0.03956   0.02451   0.01336   0.00855   0.02281   0.00137   0.00917   0.20876   0.02801   0.11494   0.11450   0.09941   3.12401   1.44243   0.11911   0.09650  
 16 535.0510  13213.395371  x:  0.48640   0.25423   0.02311   0.22706   0.14379   0.12323   0.34333   0.12147   0.07836   0.05196   0.02574   0.02073   0.02837   0.02498   0.01243   0.00277   0.01017   0.01983   0.01493   0.01822   0.06790   0.43494   0.00704   0.06096   0.08370   0.03580   0.02450   0.00971   0.00850   0.02421   0.00136   0.00904   0.20465   0.02606   0.11576   0.11222   0.09772   3.15903   1.44897   0.11317   0.09643  
 17 604.9844  13208.614236  x:  0.50580   0.25034   0.03235   0.22143   0.15144   0.13508   0.35558   0.10145   0.08187   0.05787   0.02615   0.01476   0.03158   0.02318   0.01524   0.00295   0.01082   0.01361   0.01326   0.01900   0.06136   0.45557   0.00742   0.06154   0.08500   0.03265   0.02714   0.01150   0.00884   0.02075   0.00142   0.00934   0.19778   0.02282   0.11621   0.11011   0.09544   3.22380   1.46047   0.10276   0.09862  
 18 899.0889  13205.402533  x:  0.51780   0.24267   0.04083   0.21617   0.15262   0.13825   0.36099   0.09522   0.08106   0.05448   0.03581   0.02006   0.02863   0.02100   0.01791   0.00306   0.01088   0.01618   0.01152   0.01943   0.05925   0.46673   0.00743   0.06441   0.08794   0.04000   0.02338   0.01163   0.00897   0.02139   0.00146   0.00917   0.19488   0.02308   0.11526   0.11181   0.09588   3.28127   1.46970   0.09450   0.09916  
 19 555.5028  13196.482156  x:  0.54343   0.21485   0.05488   0.20247   0.14679   0.13318   0.36755   0.09977   0.07361   0.03769   0.02698   0.01518   0.02221   0.02947   0.01508   0.00311   0.01079   0.01359   0.01517   0.01935   0.06443   0.48653   0.00801   0.07168   0.09268   0.05014   0.02419   0.01080   0.00882   0.02778   0.00150   0.00991   0.19367   0.02932   0.11181   0.12033   0.10077   3.44727   1.49426   0.07279   0.09802  
 20 839.0382  13185.459931  x:  0.57006   0.17891   0.06223   0.19038   0.13540   0.11806   0.37014   0.11885   0.06405   0.03475   0.02313   0.02306   0.03770   0.02055   0.01166   0.00296   0.01044   0.01380   0.01819   0.01899   0.07304   0.50263   0.00716   0.07652   0.09123   0.03914   0.02198   0.01207   0.00865   0.01876   0.00153   0.00934   0.19718   0.02963   0.10802   0.12853   0.10462   3.66930   1.52519   0.04570   0.09644  
 21 1600.8197  13177.127920  x:  0.58392   0.15766   0.06236   0.18954   0.12778   0.10488   0.36763   0.13796   0.06186   0.05090   0.03248   0.01778   0.02995   0.02317   0.01605   0.00311   0.01060   0.01409   0.01428   0.01941   0.07379   0.50584   0.00680   0.07690   0.08659   0.02638   0.02258   0.01136   0.00878   0.02506   0.00151   0.00924   0.20226   0.02475   0.10663   0.12956   0.10410   3.84339   1.54776   0.02618   0.09713  
 22 1655.0216  13168.652626  x:  0.58770   0.14997   0.05980   0.20084   0.12653   0.09804   0.35837   0.15622   0.06893   0.06924   0.02289   0.02091   0.02364   0.02208   0.01886   0.00316   0.01074   0.01421   0.01148   0.01964   0.06142   0.49499   0.00698   0.07273   0.08274   0.04196   0.02492   0.01179   0.00893   0.01848   0.00152   0.00893   0.20744   0.01802   0.10838   0.12154   0.09901   4.02918   1.56914   0.00812   0.09970  
 23 1227.9359  13158.638317  x:  0.58054   0.15795   0.05402   0.22189   0.13242   0.10298   0.34073   0.16919   0.07817   0.06534   0.03016   0.01315   0.03826   0.02382   0.01191   0.00297   0.01032   0.01383   0.01750   0.01892   0.04649   0.46739   0.00921   0.06096   0.08046   0.04967   0.02205   0.01136   0.00860   0.02735   0.00148   0.00979   0.21057   0.01837   0.11280   0.10737   0.09306   4.25962   1.59268  -0.01119   0.09895  
 24 1380.3713  13143.578252  x:  0.55854   0.18990   0.05192   0.25200   0.14459   0.12182   0.31314   0.17378   0.08818   0.04518   0.02964   0.01935   0.02624   0.02313   0.01615   0.00307   0.01045   0.01395   0.01355   0.01911   0.05104   0.41705   0.00931   0.04742   0.08170   0.03195   0.02336   0.01139   0.00873   0.01911   0.00149   0.00948   0.21068   0.02928   0.11856   0.09444   0.09017   4.58949   1.62299  -0.03534   0.10016  
 25 1862.1634  13136.727163  x:  0.53715   0.21765   0.04562   0.25800   0.14469   0.12627   0.30080   0.16129   0.08510   0.04868   0.02653   0.01743   0.02853   0.01548   0.01773   0.00300   0.01040   0.01388   0.01083   0.01871   0.06890   0.38941   0.00773   0.05627   0.08557   0.03507   0.02382   0.01151   0.00854   0.02674   0.00139   0.00887   0.20621   0.01970   0.11626   0.10514   0.09090   4.74924   1.63437  -0.04359   0.09990  
 26 986.1577  13133.365268  x:  0.52275   0.23469   0.04027   0.25794   0.14231   0.12543   0.29561   0.15186   0.07980   0.05166   0.02951   0.01651   0.03105   0.02472   0.01642   0.00292   0.01032   0.01407   0.01132   0.01844   0.07323   0.37585   0.00735   0.06228   0.08650   0.03681   0.02314   0.01149   0.00848   0.02014   0.00137   0.00865   0.20377   0.01516   0.11355   0.11291   0.09324   4.83233   1.63911  -0.04664   0.09951  
 27 1478.1746  13129.856443  x:  0.50193   0.25618   0.03426   0.25170   0.13578   0.11834   0.29424   0.13966   0.06851   0.05386   0.03012   0.01602   0.02743   0.02072   0.01209   0.00286   0.01050   0.01415   0.01567   0.01847   0.06093   0.36640   0.00755   0.06781   0.08382   0.03486   0.02578   0.01120   0.00860   0.01868   0.00138   0.00843   0.20299   0.01993   0.10854   0.12021   0.09961   4.91423   1.64116  -0.04689   0.10118  
 28 678.0092  13128.596981  x:  0.49029   0.26410   0.03163   0.24570   0.13263   0.11356   0.29549   0.13523   0.06549   0.05045   0.02780   0.01661   0.02870   0.02124   0.01653   0.00287   0.01029   0.01417   0.01058   0.01813   0.05556   0.36602   0.00845   0.06729   0.08135   0.03375   0.02434   0.01123   0.00841   0.02026   0.00133   0.00881   0.20365   0.01788   0.10629   0.11906   0.09987   4.94401   1.64035  -0.04533   0.09956  
 29 386.0156  13126.584133  x:  0.45909   0.27877   0.03704   0.22764   0.12850   0.10432   0.30324   0.13216   0.07072   0.04959   0.02896   0.01577   0.02816   0.02093   0.01496   0.00287   0.01035   0.01427   0.01232   0.01826   0.06038   0.37395   0.00743   0.06263   0.07741   0.03505   0.02502   0.01124   0.00848   0.01975   0.00134   0.00838   0.20849   0.01687   0.10420   0.10690   0.09560   4.99378   1.63476  -0.03815   0.09868  
 30 223.0078  13125.862039  x:  0.44075   0.27930   0.03428   0.22152   0.13268   0.10742   0.30886   0.13623   0.07269   0.05033   0.02915   0.01574   0.02825   0.02095   0.01510   0.00286   0.01038   0.01437   0.01206   0.01825   0.05889   0.38176   0.00757   0.06079   0.08451   0.03446   0.02522   0.01122   0.00850   0.01969   0.00133   0.00847   0.21042   0.01685   0.11115   0.11168   0.09429   5.01324   1.62886  -0.03124   0.09922  
 31 97.8414  13125.452546  x:  0.42888   0.27592   0.03275   0.22385   0.13705   0.11412   0.31428   0.13971   0.07151   0.05039   0.02940   0.01575   0.02824   0.02101   0.01524   0.00286   0.01042   0.01434   0.01191   0.01827   0.05930   0.38805   0.00756   0.06345   0.07893   0.03521   0.02522   0.01130   0.00851   0.01973   0.00133   0.00851   0.21006   0.01673   0.10913   0.11354   0.09645   5.02495   1.62146  -0.02283   0.09916  
 32 69.8630  13125.194505  x:  0.42400   0.27201   0.03195   0.23049   0.13581   0.11519   0.31957   0.13921   0.06966   0.05094   0.02930   0.01584   0.02837   0.02107   0.01522   0.00286   0.01043   0.01434   0.01193   0.01827   0.05997   0.39140   0.00751   0.06412   0.08345   0.03495   0.02528   0.01127   0.00851   0.01977   0.00133   0.00853   0.20794   0.01697   0.10547   0.11087   0.09755   5.03331   1.61195  -0.01212   0.09870  
 33 48.2456  13124.827895  x:  0.42337   0.26735   0.03368   0.23929   0.13155   0.11259   0.32743   0.13601   0.07276   0.04988   0.02940   0.01605   0.02855   0.02122   0.01521   0.00288   0.01048   0.01443   0.01215   0.01837   0.06054   0.39304   0.00748   0.06491   0.08200   0.03472   0.02527   0.01135   0.00856   0.01990   0.00134   0.00857   0.20483   0.01767   0.11072   0.11338   0.09664   5.04625   1.59273   0.00955   0.09786  
 34 60.7669  13124.256348  x:  0.43446   0.26554   0.03530   0.23817   0.13591   0.11358   0.33452   0.13656   0.06976   0.05119   0.02967   0.01616   0.02865   0.02141   0.01531   0.00292   0.01060   0.01458   0.01241   0.01861   0.06206   0.39071   0.00741   0.05825   0.08177   0.03621   0.02554   0.01141   0.00867   0.02026   0.00136   0.00863   0.20713   0.01734   0.11139   0.11628   0.09731   5.06715   1.55668   0.05050   0.09635  
 35 68.7220  13123.697737  x:  0.44792   0.26495   0.03313   0.23365   0.14035   0.11543   0.33860   0.13902   0.07525   0.05086   0.03020   0.01617   0.02899   0.02153   0.01552   0.00293   0.01072   0.01477   0.01230   0.01875   0.06129   0.38895   0.00755   0.06397   0.08405   0.03577   0.02580   0.01157   0.00876   0.02030   0.00136   0.00876   0.21108   0.01788   0.10986   0.11595   0.09878   5.08864   1.51903   0.09352   0.09522  
 36 229.8176  13123.546989  x:  0.45164   0.26685   0.03270   0.23351   0.13761   0.11849   0.33238   0.13997   0.07253   0.05119   0.03033   0.01614   0.02895   0.02158   0.01556   0.00293   0.01077   0.01480   0.01229   0.01879   0.06174   0.39411   0.00743   0.06600   0.08409   0.03608   0.02592   0.01160   0.00879   0.02031   0.00136   0.00876   0.21212   0.01761   0.11350   0.11345   0.09896   5.09417   1.50980   0.10492   0.09493  
 37 35.2142  13123.434313  x:  0.45376   0.26900   0.03308   0.23548   0.13779   0.11749   0.32384   0.13996   0.07424   0.05101   0.03041   0.01617   0.02900   0.02161   0.01557   0.00294   0.01079   0.01484   0.01237   0.01884   0.06178   0.40134   0.00735   0.06472   0.08430   0.03602   0.02595   0.01162   0.00881   0.02032   0.00137   0.00876   0.21242   0.01787   0.11133   0.11605   0.09854   5.09809   1.50420   0.11296   0.09470  
 38 27.8812  13123.393238  x:  0.45394   0.26916   0.03344   0.23618   0.14049   0.11519   0.32242   0.13962   0.07384   0.05086   0.03042   0.01617   0.02903   0.02160   0.01555   0.00294   0.01079   0.01486   0.01238   0.01884   0.06202   0.40254   0.00731   0.06523   0.08439   0.03598   0.02594   0.01164   0.00881   0.02036   0.00137   0.00875   0.21197   0.01732   0.11247   0.11525   0.10066   5.09913   1.50453   0.11464   0.09471  
 39  6.6161  13122.188657  x:  0.45665   0.26840   0.03128   0.23635   0.14893   0.10963   0.32314   0.14131   0.06640   0.04882   0.03073   0.01576   0.02841   0.02149   0.01533   0.00291   0.01080   0.01475   0.01226   0.01859   0.06242   0.40500   0.00691   0.07091   0.08352   0.03547   0.02628   0.01146   0.00874   0.01978   0.00136   0.00854   0.20433   0.02051   0.11252   0.11394   0.08442   5.12305   1.54622   0.14535   0.09458  
 40  5.5338  13107.735307  x:  0.48147   0.24551   0.01183   0.21878   0.13958   0.11719   0.33521   0.14755   0.07241   0.03394   0.03424   0.00956   0.02442   0.01844   0.01195   0.00223   0.01022   0.01506   0.00891   0.01446   0.06182   0.41761   0.00280   0.05837   0.08051   0.03427   0.02939   0.01029   0.00744   0.01652   0.00115   0.00610   0.15217   0.00918   0.10802   0.11172   0.09278   5.38870   2.02080   0.48275   0.09628  
 41 238.2593  13102.491114  x:  0.48527   0.21782   0.00541   0.22373   0.14085   0.12074   0.33543   0.11781   0.06972   0.02775   0.03485   0.00791   0.02324   0.01782   0.01058   0.00198   0.01000   0.01494   0.00797   0.01288   0.06381   0.42046   0.00145   0.05963   0.08018   0.03351   0.03009   0.00982   0.00690   0.01564   0.00108   0.00533   0.19959   0.00681   0.10772   0.11229   0.08946   5.49536   2.21283   0.61746   0.09689  
 42 431.1674  13092.423270  x:  0.50821   0.17026   0.02605   0.21311   0.13734   0.11963   0.33409   0.09866   0.07086   0.02553   0.03244   0.01264   0.02129   0.01823   0.00510   0.00140   0.01179   0.01363   0.00721   0.01039   0.06419   0.43313   0.00063   0.05497   0.07937   0.03529   0.02985   0.00890   0.00691   0.01688   0.00078   0.00768   0.21043   0.01130   0.10655   0.10933   0.08869   5.84374   2.83808   1.17649   0.10111  
 43  1.4063  13089.254947  x:  0.51315   0.16498   0.02059   0.20806   0.13826   0.12073   0.32975   0.10636   0.07247   0.03505   0.03049   0.01352   0.02293   0.01884   0.00638   0.00131   0.01343   0.01304   0.00419   0.01002   0.06231   0.43486   0.00266   0.05331   0.07904   0.03732   0.02842   0.00886   0.00763   0.01719   0.00072   0.00968   0.20566   0.01241   0.10694   0.10805   0.08929   6.04462   3.11827   1.46940   0.10294  
 44  0.8033  13088.306283  x:  0.51147   0.16912   0.01809   0.20629   0.13887   0.11998   0.32456   0.11155   0.07276   0.03633   0.03012   0.01322   0.02375   0.01890   0.00421   0.00128   0.01431   0.01332   0.00625   0.01003   0.06159   0.43248   0.00254   0.05313   0.07876   0.03781   0.02825   0.00910   0.00817   0.01778   0.00077   0.00985   0.19964   0.01263   0.10703   0.10745   0.08944   6.14262   3.25684   1.61691   0.10336  
 45  0.6365  13087.161259  x:  0.50665   0.17811   0.01851   0.20564   0.13950   0.11685   0.31532   0.11710   0.07269   0.03273   0.03043   0.01247   0.02388   0.01906   0.00588   0.00140   0.01595   0.01403   0.00546   0.01046   0.06194   0.42680   0.00135   0.05342   0.07842   0.03764   0.02821   0.00973   0.00939   0.01812   0.00091   0.00947   0.19053   0.01222   0.10704   0.10672   0.08951   6.30451   3.51855   1.88969   0.10336  
 46  0.6921  13086.521985  x:  0.50482   0.17478   0.01927   0.21116   0.13899   0.11528   0.31971   0.10959   0.07172   0.03197   0.03106   0.01208   0.02307   0.01848   0.00524   0.00134   0.01705   0.01371   0.00520   0.00982   0.06162   0.42483   0.00196   0.05445   0.07834   0.03639   0.02789   0.00953   0.01046   0.01625   0.00100   0.00941   0.19434   0.00972   0.10638   0.10844   0.09013   6.41638   3.84313   2.19284   0.10187  
 47  0.3465  13086.164636  x:  0.50772   0.17275   0.01768   0.21146   0.13921   0.11760   0.32616   0.10997   0.07172   0.03201   0.03121   0.01206   0.02281   0.01881   0.00496   0.00133   0.01772   0.01378   0.00502   0.00940   0.06221   0.42808   0.00165   0.05454   0.07888   0.03622   0.02823   0.00936   0.01153   0.01733   0.00111   0.00882   0.19898   0.01282   0.10640   0.10892   0.08964   6.44544   4.13337   2.47414   0.10096  
 48  0.3082  13085.901794  x:  0.51144   0.17720   0.01867   0.20934   0.13959   0.11892   0.32748   0.11267   0.07254   0.03327   0.03096   0.01282   0.02403   0.01875   0.00520   0.00140   0.01791   0.01386   0.00533   0.00921   0.06241   0.43188   0.00161   0.05386   0.07903   0.03670   0.02861   0.00938   0.01265   0.01739   0.00129   0.00843   0.20245   0.01080   0.10720   0.10834   0.09008   6.40007   4.39707   2.75026   0.10059  
 49  0.2553  13085.682927  x:  0.51154   0.17850   0.01856   0.20937   0.13995   0.11806   0.32329   0.11399   0.07262   0.03183   0.03091   0.01206   0.02348   0.01891   0.00510   0.00141   0.01765   0.01367   0.00512   0.00843   0.06212   0.43147   0.00224   0.05387   0.07879   0.03693   0.02861   0.00935   0.01363   0.01697   0.00146   0.00896   0.19803   0.01140   0.10742   0.10758   0.09019   6.33728   4.70704   3.07110   0.10088  
 50  0.2876  13085.595053  x:  0.50956   0.17571   0.01834   0.21055   0.13966   0.11750   0.32216   0.11201   0.07232   0.03305   0.03087   0.01223   0.02305   0.01876   0.00507   0.00141   0.01737   0.01380   0.00503   0.00822   0.06223   0.42979   0.00169   0.05429   0.07874   0.03692   0.02875   0.00944   0.01407   0.01677   0.00155   0.00885   0.19620   0.01135   0.10708   0.10805   0.09003   6.30247   4.86082   3.22629   0.10138  
 51  0.2529  13085.556700  x:  0.50680   0.17445   0.01861   0.21014   0.13916   0.11761   0.32291   0.11078   0.07212   0.03252   0.03097   0.01246   0.02352   0.01876   0.00519   0.00145   0.01706   0.01379   0.00518   0.00845   0.06223   0.42783   0.00177   0.05435   0.07885   0.03669   0.02855   0.00939   0.01431   0.01713   0.00163   0.00889   0.19724   0.01160   0.10676   0.10852   0.08985   6.28229   4.95588   3.31756   0.10181  
 52  0.1042  13085.528401  x:  0.50515   0.17493   0.01884   0.20851   0.13886   0.11768   0.32233   0.11176   0.07216   0.03225   0.03104   0.01249   0.02341   0.01882   0.00490   0.00142   0.01670   0.01376   0.00492   0.00849   0.06221   0.42659   0.00163   0.05393   0.07873   0.03641   0.02845   0.00935   0.01443   0.01709   0.00169   0.00888   0.19759   0.01140   0.10668   0.10810   0.08971   6.28745   5.08118   3.43508   0.10188  
 53  0.1170  13085.497606  x:  0.50663   0.17550   0.01877   0.20922   0.13918   0.11759   0.32191   0.11213   0.07221   0.03272   0.03108   0.01219   0.02303   0.01883   0.00495   0.00146   0.01633   0.01374   0.00504   0.00892   0.06215   0.42759   0.00173   0.05403   0.07865   0.03645   0.02840   0.00935   0.01451   0.01682   0.00181   0.00897   0.19792   0.01154   0.10698   0.10785   0.08987   6.30263   5.22869   3.58335   0.10165  
 54  0.1212  13085.476242  x:  0.50863   0.17527   0.01822   0.21036   0.13948   0.11754   0.32276   0.11175   0.07225   0.03255   0.03090   0.01239   0.02349   0.01877   0.00488   0.00145   0.01615   0.01382   0.00488   0.00896   0.06206   0.42907   0.00176   0.05424   0.07871   0.03673   0.02839   0.00942   0.01443   0.01700   0.00189   0.00897   0.19696   0.01136   0.10697   0.10811   0.08999   6.32281   5.36123   3.71962   0.10140  
 55  0.1366  13085.437426  x:  0.50944   0.17564   0.01885   0.20956   0.13924   0.11789   0.32523   0.11123   0.07235   0.03250   0.03088   0.01227   0.02313   0.01878   0.00501   0.00148   0.01616   0.01379   0.00496   0.00877   0.06231   0.42984   0.00166   0.05399   0.07906   0.03688   0.02863   0.00934   0.01400   0.01720   0.00209   0.00868   0.19758   0.01131   0.10658   0.10886   0.08981   6.33885   5.65348   4.01848   0.10150  
 56  0.0995  13085.412386  x:  0.50845   0.17556   0.01867   0.20983   0.13935   0.11780   0.32333   0.11203   0.07222   0.03247   0.03096   0.01249   0.02343   0.01877   0.00497   0.00149   0.01623   0.01380   0.00501   0.00855   0.06230   0.42892   0.00172   0.05423   0.07888   0.03671   0.02856   0.00938   0.01365   0.01675   0.00224   0.00868   0.19781   0.01164   0.10693   0.10823   0.08990   6.33330   5.86940   4.23048   0.10159  
 57  0.1975  13085.403365  x:  0.50761   0.17575   0.01866   0.20999   0.13934   0.11753   0.32235   0.11198   0.07220   0.03264   0.03098   0.01233   0.02332   0.01882   0.00493   0.00149   0.01632   0.01379   0.00497   0.00853   0.06220   0.42829   0.00178   0.05430   0.07875   0.03664   0.02848   0.00939   0.01353   0.01713   0.00230   0.00879   0.19762   0.01142   0.10701   0.10803   0.09003   6.32481   5.97716   4.33450   0.10164  
 58  0.1345  13085.397385  x:  0.50736   0.17579   0.01854   0.20965   0.13924   0.11749   0.32312   0.11169   0.07227   0.03267   0.03101   0.01232   0.02336   0.01880   0.00494   0.00149   0.01654   0.01375   0.00492   0.00867   0.06210   0.42835   0.00172   0.05406   0.07873   0.03661   0.02840   0.00938   0.01350   0.01699   0.00236   0.00885   0.19714   0.01146   0.10677   0.10827   0.08994   6.31528   6.08631   4.44368   0.10161  
 59  0.0824  13085.396180  x:  0.50778   0.17546   0.01862   0.20988   0.13931   0.11768   0.32306   0.11188   0.07222   0.03258   0.03099   0.01236   0.02332   0.01881   0.00491   0.00149   0.01663   0.01378   0.00493   0.00871   0.06217   0.42854   0.00171   0.05421   0.07882   0.03665   0.02843   0.00939   0.01352   0.01701   0.00237   0.00884   0.19743   0.01144   0.10689   0.10822   0.08991   6.31285   6.11539   4.47476   0.10157  
 60  0.0350  13085.395943  x:  0.50784   0.17566   0.01863   0.20981   0.13930   0.11764   0.32289   0.11173   0.07222   0.03258   0.03096   0.01235   0.02335   0.01880   0.00490   0.00148   0.01665   0.01378   0.00492   0.00872   0.06221   0.42855   0.00172   0.05419   0.07881   0.03669   0.02846   0.00939   0.01353   0.01701   0.00237   0.00883   0.19755   0.01147   0.10691   0.10819   0.08994   6.31243   6.12962   4.48926   0.10158  
 61  0.0135  13085.395371  x:  0.50762   0.17543   0.01857   0.20973   0.13928   0.11758   0.32284   0.11188   0.07228   0.03259   0.03097   0.01238   0.02331   0.01878   0.00491   0.00147   0.01666   0.01378   0.00491   0.00874   0.06221   0.42837   0.00175   0.05409   0.07875   0.03672   0.02854   0.00938   0.01353   0.01701   0.00237   0.00880   0.19731   0.01146   0.10685   0.10821   0.08997   6.31161   6.19230   4.55145   0.10163  
 62  0.0168  13085.393872  x:  0.50735   0.17533   0.01863   0.20975   0.13927   0.11762   0.32280   0.11178   0.07218   0.03263   0.03100   0.01230   0.02340   0.01883   0.00492   0.00143   0.01663   0.01380   0.00492   0.00876   0.06223   0.42827   0.00173   0.05432   0.07882   0.03664   0.02857   0.00938   0.01352   0.01698   0.00237   0.00876   0.19723   0.01145   0.10687   0.10819   0.08984   6.31146   6.38731   4.74575   0.10162  
 63  0.0642  13085.392083  x:  0.50757   0.17576   0.01858   0.20978   0.13927   0.11768   0.32281   0.11167   0.07217   0.03259   0.03100   0.01240   0.02331   0.01880   0.00493   0.00139   0.01661   0.01380   0.00494   0.00874   0.06216   0.42848   0.00174   0.05423   0.07884   0.03660   0.02846   0.00939   0.01352   0.01701   0.00236   0.00878   0.19744   0.01145   0.10690   0.10819   0.08989   6.31183   6.63678   4.99583   0.10157  
 64  0.1640  13085.391549  x:  0.50780   0.17552   0.01862   0.20984   0.13930   0.11764   0.32295   0.11182   0.07225   0.03259   0.03097   0.01235   0.02335   0.01879   0.00493   0.00138   0.01662   0.01378   0.00495   0.00872   0.06218   0.42857   0.00172   0.05412   0.07879   0.03667   0.02844   0.00939   0.01353   0.01701   0.00236   0.00882   0.19747   0.01146   0.10690   0.10819   0.08995   6.31220   6.72514   5.08461   0.10158  
 65  0.1036  13085.391278  x:  0.50778   0.17563   0.01861   0.20977   0.13931   0.11761   0.32301   0.11182   0.07223   0.03261   0.03094   0.01237   0.02334   0.01881   0.00494   0.00137   0.01663   0.01378   0.00494   0.00872   0.06221   0.42846   0.00172   0.05426   0.07880   0.03670   0.02847   0.00938   0.01355   0.01701   0.00236   0.00885   0.19745   0.01147   0.10688   0.10821   0.08992   6.31336   6.79445   5.15385   0.10161  
 66  0.0395  13085.389806  x:  0.50761   0.17567   0.01870   0.21002   0.13918   0.11765   0.32293   0.11179   0.07221   0.03261   0.03096   0.01239   0.02335   0.01878   0.00494   0.00139   0.01662   0.01379   0.00495   0.00872   0.06218   0.42825   0.00172   0.05411   0.07890   0.03667   0.02857   0.00939   0.01356   0.01701   0.00237   0.00887   0.19754   0.01146   0.10691   0.10826   0.08989   6.31687   7.10490   5.46376   0.10158  
 67  0.0548  13085.385995  x:  0.50781   0.17556   0.01874   0.20982   0.13937   0.11762   0.32310   0.11179   0.07220   0.03256   0.03105   0.01238   0.02336   0.01880   0.00491   0.00147   0.01661   0.01377   0.00494   0.00871   0.06215   0.42870   0.00174   0.05412   0.07880   0.03659   0.02858   0.00936   0.01356   0.01702   0.00233   0.00884   0.19741   0.01145   0.10694   0.10818   0.09006   6.31542   8.49322   6.85238   0.10154  
 68  0.4186  13085.384815  x:  0.50776   0.17557   0.01860   0.20981   0.13928   0.11765   0.32285   0.11181   0.07227   0.03260   0.03097   0.01236   0.02333   0.01881   0.00493   0.00145   0.01663   0.01379   0.00493   0.00872   0.06220   0.42853   0.00172   0.05418   0.07879   0.03668   0.02846   0.00939   0.01353   0.01701   0.00232   0.00883   0.19741   0.01148   0.10687   0.10820   0.08987   6.31188   8.92153   7.28109   0.10161  
 69  0.3860  13085.384487  x:  0.50767   0.17553   0.01860   0.20976   0.13930   0.11761   0.32303   0.11180   0.07216   0.03257   0.03096   0.01235   0.02334   0.01878   0.00492   0.00145   0.01662   0.01378   0.00494   0.00872   0.06218   0.42842   0.00173   0.05421   0.07881   0.03668   0.02845   0.00937   0.01351   0.01700   0.00232   0.00882   0.19749   0.01143   0.10690   0.10820   0.09001   6.31227   9.77105   8.13009   0.10160  
 70  0.3837  13085.384264  x:  0.50774   0.17558   0.01861   0.20985   0.13928   0.11765   0.32287   0.11179   0.07226   0.03258   0.03097   0.01236   0.02334   0.01881   0.00492   0.00145   0.01662   0.01378   0.00493   0.00872   0.06220   0.42847   0.00172   0.05415   0.07880   0.03667   0.02848   0.00938   0.01353   0.01701   0.00232   0.00883   0.19745   0.01147   0.10687   0.10821   0.08988   6.31224  10.54881   8.90810   0.10159  
 71  0.4574  13085.384174  x:  0.50774   0.17555   0.01861   0.20978   0.13929   0.11763   0.32295   0.11181   0.07221   0.03259   0.03098   0.01236   0.02334   0.01879   0.00492   0.00144   0.01662   0.01378   0.00494   0.00872   0.06218   0.42851   0.00172   0.05420   0.07881   0.03667   0.02847   0.00938   0.01353   0.01701   0.00232   0.00883   0.19743   0.01146   0.10690   0.10819   0.08995   6.31246  11.40018   9.75955   0.10160  
 72  0.4981  13085.384138  x:  0.50773   0.17557   0.01862   0.20982   0.13929   0.11764   0.32292   0.11180   0.07224   0.03259   0.03097   0.01236   0.02334   0.01881   0.00492   0.00145   0.01662   0.01378   0.00493   0.00872   0.06220   0.42849   0.00173   0.05416   0.07880   0.03667   0.02847   0.00938   0.01353   0.01701   0.00232   0.00883   0.19745   0.01146   0.10689   0.10821   0.08993   6.31259  12.17134  10.53066   0.10160  
 73  0.4852  13085.384120  x:  0.50773   0.17556   0.01861   0.20980   0.13929   0.11764   0.32292   0.11180   0.07223   0.03259   0.03097   0.01236   0.02334   0.01879   0.00492   0.00145   0.01662   0.01378   0.00493   0.00872   0.06218   0.42849   0.00172   0.05418   0.07880   0.03667   0.02847   0.00938   0.01353   0.01701   0.00232   0.00883   0.19744   0.01146   0.10688   0.10820   0.08992   6.31242  13.03740  11.39671   0.10160  
 74  0.5177  13085.384112  x:  0.50773   0.17556   0.01861   0.20980   0.13929   0.11764   0.32294   0.11180   0.07222   0.03259   0.03097   0.01236   0.02334   0.01880   0.00492   0.00145   0.01662   0.01378   0.00493   0.00872   0.06219   0.42849   0.00172   0.05418   0.07881   0.03667   0.02847   0.00938   0.01353   0.01701   0.00232   0.00883   0.19744   0.01146   0.10689   0.10820   0.08994   6.31241  13.88875  12.24808   0.10160  
 75  0.5510  13085.384109  x:  0.50773   0.17556   0.01862   0.20981   0.13929   0.11764   0.32292   0.11180   0.07223   0.03259   0.03097   0.01236   0.02334   0.01880   0.00492   0.00145   0.01662   0.01378   0.00493   0.00872   0.06219   0.42849   0.00172   0.05418   0.07880   0.03667   0.02847   0.00938   0.01353   0.01701   0.00232   0.00883   0.19745   0.01146   0.10689   0.10820   0.08992   6.31251  14.34184  12.70115   0.10160  
 76  0.3462  13085.384108  x:  0.50773   0.17556   0.01862   0.20981   0.13929   0.11764   0.32292   0.11180   0.07223   0.03259   0.03097   0.01236   0.02334   0.01879   0.00492   0.00145   0.01662   0.01378   0.00493   0.00872   0.06218   0.42849   0.00172   0.05418   0.07880   0.03667   0.02847   0.00938   0.01353   0.01701   0.00232   0.00883   0.19745   0.01146   0.10688   0.10820   0.08992   6.31252  15.75120  14.11051   0.10160  
 77  1.0230  13085.384108  x:  0.50773   0.17556   0.01862   0.20981   0.13929   0.11764   0.32292   0.11180   0.07223   0.03259   0.03097   0.01236   0.02334   0.01880   0.00492   0.00145   0.01662   0.01378   0.00493   0.00872   0.06219   0.42849   0.00172   0.05418   0.07880   0.03667   0.02847   0.00938   0.01353   0.01701   0.00232   0.00883   0.19745   0.01146   0.10688   0.10820   0.08992   6.31250  15.37606  13.73537   0.10160  
 78  1.9749  13085.384108  x:  0.50773   0.17556   0.01862   0.20981   0.13929   0.11764   0.32292   0.11180   0.07223   0.03259   0.03097   0.01236   0.02334   0.01880   0.00492   0.00145   0.01662   0.01378   0.00493   0.00872   0.06219   0.42849   0.00172   0.05418   0.07880   0.03667   0.02847   0.00938   0.01353   0.01701   0.00232   0.00883   0.19745   0.01146   0.10688   0.10820   0.08992   6.31252  15.37380  13.73311   0.10160  
 79  0.2585  13085.384107  x:  0.50773   0.17556   0.01861   0.20981   0.13929   0.11764   0.32293   0.11180   0.07223   0.03259   0.03097   0.01236   0.02334   0.01880   0.00492   0.00145   0.01662   0.01378   0.00493   0.00872   0.06219   0.42849   0.00172   0.05418   0.07880   0.03667   0.02847   0.00938   0.01353   0.01701   0.00232   0.00883   0.19744   0.01146   0.10689   0.10820   0.08993   6.31252  15.37428  13.73360   0.10160  
 80  0.0006  13085.384107  x:  0.50773   0.17556   0.01861   0.20981   0.13929   0.11764   0.32293   0.11180   0.07223   0.03259   0.03097   0.01236   0.02334   0.01880   0.00492   0.00145   0.01662   0.01378   0.00493   0.00872   0.06219   0.42849   0.00172   0.05418   0.07880   0.03667   0.02847   0.00938   0.01353   0.01701   0.00232   0.00883   0.19744   0.01146   0.10689   0.10820   0.08993   6.31252  15.37380  13.73311   0.10160  
 81  0.0015  13085.384107  x:  0.50773   0.17556   0.01861   0.20981   0.13929   0.11764   0.32293   0.11180   0.07223   0.03259   0.03097   0.01236   0.02334   0.01880   0.00492   0.00145   0.01662   0.01378   0.00493   0.00872   0.06219   0.42849   0.00172   0.05418   0.07880   0.03667   0.02847   0.00938   0.01353   0.01701   0.00232   0.00883   0.19744   0.01146   0.10689   0.10820   0.08993   6.31252  15.37380  13.73311   0.10160  
 82  0.0000  13085.384107  x:  0.50773   0.17556   0.01861   0.20981   0.13929   0.11764   0.32293   0.11180   0.07223   0.03259   0.03097   0.01236   0.02334   0.01880   0.00492   0.00145   0.01662   0.01378   0.00493   0.00872   0.06219   0.42849   0.00172   0.05418   0.07880   0.03667   0.02847   0.00938   0.01353   0.01701   0.00232   0.00883   0.19744   0.01146   0.10689   0.10820   0.08993   6.31252  15.37380  13.73311   0.10160  
 83  0.0014  13085.384107  x:  0.50773   0.17556   0.01861   0.20981   0.13929   0.11764   0.32293   0.11180   0.07223   0.03259   0.03097   0.01236   0.02334   0.01880   0.00492   0.00145   0.01662   0.01378   0.00493   0.00872   0.06219   0.42849   0.00172   0.05418   0.07880   0.03667   0.02847   0.00938   0.01353   0.01701   0.00232   0.00883   0.19744   0.01146   0.10689   0.10820   0.08993   6.31252  15.37380  13.73311   0.10160  
 84  0.0019  13085.384107  x:  0.50773   0.17556   0.01861   0.20981   0.13929   0.11764   0.32293   0.11180   0.07223   0.03259   0.03097   0.01236   0.02334   0.01880   0.00492   0.00145   0.01662   0.01378   0.00493   0.00872   0.06219   0.42849   0.00172   0.05418   0.07880   0.03667   0.02847   0.00938   0.01353   0.01701   0.00232   0.00883   0.19744   0.01146   0.10689   0.10820   0.08993   6.31252  15.37380  13.73311   0.10160  
 85  0.0066  13085.384107  x:  0.50773   0.17556   0.01861   0.20981   0.13929   0.11764   0.32293   0.11180   0.07223   0.03259   0.03097   0.01236   0.02334   0.01880   0.00492   0.00145   0.01662   0.01378   0.00493   0.00872   0.06219   0.42849   0.00172   0.05418   0.07880   0.03667   0.02847   0.00938   0.01353   0.01701   0.00232   0.00883   0.19744   0.01146   0.10689   0.10820   0.08993   6.31252  15.37380  13.73311   0.10160  
 86  0.0084  13085.384107  x:  0.50773   0.17556   0.01861   0.20981   0.13929   0.11764   0.32293   0.11180   0.07223   0.03259   0.03097   0.01236   0.02334   0.01880   0.00492   0.00145   0.01662   0.01378   0.00493   0.00872   0.06219   0.42849   0.00172   0.05418   0.07880   0.03667   0.02847   0.00938   0.01353   0.01701   0.00232   0.00883   0.19744   0.01146   0.10689   0.10820   0.08993   6.31252  15.37380  13.73311   0.10160  
check convergence!
