

TREE # 1

  0  0.0000  13411.003910  x:  0.36826   0.07062   0.00720   0.13921   0.12976   0.10564   0.17512   0.07302   0.07041   0.01860   0.03711   0.00956   0.01947   0.01673   0.00903   0.01422   0.02413   0.01472   0.01167   0.01334   0.06697   0.30034   0.00000   0.03920   0.06707   0.03865   0.03363   0.00938   0.02524   0.01451   0.00507   0.01040   0.12469   0.00873   0.10201   0.08664   0.06768   3.00000   1.39835   0.16116   0.29812   2.50136  
  1 99.0000  13372.214056  x:  0.36989   0.07666   0.01374   0.14205   0.13010   0.10656   0.17874   0.07633   0.07073   0.02375   0.03606   0.01126   0.02075   0.01793   0.00490   0.00666   0.02115   0.01394   0.00610   0.01001   0.06672   0.30252   0.00361   0.04150   0.06839   0.03825   0.03230   0.00903   0.02089   0.01590   0.00000   0.00893   0.12743   0.01385   0.10260   0.08818   0.06976   3.00109   1.39934   0.16022   0.28277   2.50153  
  2 2042.6194  13348.628156  x:  0.37133   0.08198   0.01946   0.14456   0.13041   0.10737   0.18193   0.07925   0.07101   0.02827   0.03512   0.01274   0.02187   0.01899   0.00131   0.00000   0.01853   0.01325   0.00124   0.00710   0.06649   0.30445   0.00671   0.04352   0.06956   0.03790   0.03114   0.00872   0.01706   0.01714   0.00045   0.00769   0.12984   0.01831   0.10311   0.08953   0.07158   3.00205   1.40022   0.15938   0.26920   2.50167  
  3 40418.6772  13345.130406  x:  0.37169   0.08331   0.02083   0.14519   0.13048   0.10757   0.18273   0.07998   0.07107   0.02935   0.03489   0.01310   0.02216   0.01924   0.00082   0.00050   0.01790   0.01310   0.00052   0.00644   0.06642   0.30494   0.00739   0.04401   0.06986   0.03781   0.03086   0.00866   0.01613   0.01743   0.00054   0.00742   0.13045   0.01937   0.10324   0.08987   0.07203   3.00229   1.40044   0.15917   0.26577   2.50171  
  4 10355.4185  13299.721856  x:  0.37522   0.09607   0.03366   0.15126   0.13118   0.10945   0.19049   0.08701   0.07171   0.03949   0.03263   0.01631   0.02486   0.02162   0.00138   0.00172   0.01202   0.01183   0.00412   0.00089   0.06573   0.30966   0.01326   0.04877   0.07266   0.03700   0.02815   0.00812   0.00732   0.02012   0.00115   0.00515   0.13629   0.02915   0.10448   0.09312   0.07633   3.00467   1.40260   0.15711   0.23221   2.50206  
  5 25926.0033  13269.545094  x:  0.37795   0.10575   0.04303   0.15589   0.13170   0.11085   0.19643   0.09234   0.07219   0.04686   0.03094   0.01853   0.02683   0.02330   0.00296   0.00234   0.00803   0.01107   0.00540   0.00466   0.06515   0.31330   0.01718   0.05233   0.07480   0.03642   0.02617   0.00785   0.00154   0.02201   0.00152   0.00409   0.14075   0.03619   0.10542   0.09560   0.07954   3.00651   1.40427   0.15552   0.20619   2.50234  
  6 30835.2470  13193.122377  x:  0.38591   0.13287   0.06780   0.16905   0.13316   0.11464   0.21341   0.10729   0.07345   0.06599   0.02641   0.02370   0.03182   0.02733   0.00734   0.00366   0.00128   0.01008   0.00777   0.01013   0.06329   0.32384   0.02587   0.06202   0.08077   0.03502   0.02118   0.00807   0.01306   0.02672   0.00233   0.00538   0.15341   0.05426   0.10807   0.10259   0.08830   3.01189   1.40913   0.15088   0.13026   2.50315  
  7 18681.7827  13155.662941  x:  0.39097   0.14977   0.08287   0.17729   0.13407   0.11696   0.22409   0.11659   0.07422   0.07751   0.02373   0.02663   0.03475   0.02961   0.00960   0.00439   0.00837   0.01004   0.00917   0.01288   0.06209   0.33050   0.03074   0.06795   0.08447   0.03421   0.01844   0.00837   0.01788   0.02936   0.00279   0.00651   0.16134   0.06510   0.10973   0.10694   0.09367   3.01532   1.41219   0.14795   0.08236   2.50366  
  8 44356.5958  13139.620426  x:  0.39584   0.15782   0.08229   0.18222   0.13465   0.11699   0.23141   0.12057   0.07404   0.07419   0.02636   0.02138   0.03147   0.02519   0.00726   0.00404   0.00622   0.01702   0.00892   0.01139   0.06062   0.33594   0.02059   0.06847   0.08556   0.03529   0.02659   0.01191   0.01454   0.02445   0.00248   0.01309   0.16597   0.06113   0.11039   0.10887   0.09401   3.01873   1.41403   0.14617   0.06062   2.50418  
  9 1438.0031  13129.249048  x:  0.40240   0.16884   0.08220   0.18863   0.13511   0.11682   0.24128   0.12576   0.07361   0.07035   0.02745   0.01627   0.02857   0.02167   0.00731   0.00373   0.00594   0.01267   0.00805   0.01082   0.05879   0.34320   0.00811   0.06901   0.08660   0.03545   0.02616   0.00816   0.01444   0.02022   0.00233   0.00448   0.17199   0.05642   0.11085   0.11101   0.09439   3.02359   1.41600   0.14424   0.05435   2.50494  
 10 930.8418  13122.529615  x:  0.40848   0.17979   0.08378   0.19464   0.13537   0.11671   0.25065   0.13080   0.07319   0.06845   0.02742   0.01426   0.02736   0.02071   0.00754   0.00355   0.00587   0.00877   0.00746   0.01025   0.05764   0.35005   0.00000   0.06988   0.08755   0.03498   0.02313   0.00660   0.01365   0.01893   0.00218   0.00836   0.17764   0.05366   0.11114   0.11291   0.09509   3.02832   1.41780   0.14245   0.05532   2.50567  
 11 1467.6996  13122.529615  x:  0.40848   0.17979   0.08378   0.19464   0.13537   0.11671   0.25065   0.13080   0.07319   0.06845   0.02742   0.01426   0.02736   0.02071   0.00754   0.00355   0.00587   0.00877   0.00746   0.01025   0.05764   0.35005   0.00000   0.06988   0.08755   0.03498   0.02313   0.00660   0.01365   0.01893   0.00218   0.00836   0.17764   0.05366   0.11114   0.11291   0.09509   3.02832   1.41780   0.14245   0.05532   2.50567  
 12 1680.2449  13107.479610  x:  0.40936   0.17977   0.08117   0.19482   0.13526   0.11620   0.25140   0.13041   0.07294   0.06558   0.02825   0.01374   0.02661   0.02024   0.00545   0.00000   0.01821   0.01321   0.00555   0.00941   0.05810   0.35096   0.00018   0.06898   0.08713   0.03518   0.02480   0.00951   0.01370   0.01850   0.00297   0.00892   0.17775   0.05059   0.11093   0.11262   0.09425   3.02919   1.41788   0.14236   0.06224   2.50581  
 13 1961.3147  13103.526649  x:  0.41002   0.17975   0.07922   0.19497   0.13518   0.11583   0.25197   0.13013   0.07276   0.06345   0.02887   0.01340   0.02608   0.01991   0.00405   0.00256   0.02627   0.01619   0.00426   0.00884   0.05845   0.35163   0.00029   0.06832   0.08681   0.03533   0.02600   0.01144   0.01374   0.01819   0.00339   0.00930   0.17784   0.04830   0.11078   0.11241   0.09363   3.02984   1.41794   0.14229   0.06715   2.50592  
 14 9835.1101  13097.348662  x:  0.41184   0.17975   0.07410   0.19544   0.13511   0.11500   0.25352   0.12943   0.07247   0.05807   0.03028   0.01303   0.02524   0.01965   0.00644   0.00255   0.02557   0.01595   0.00602   0.00901   0.05949   0.35351   0.00031   0.06680   0.08612   0.03583   0.02783   0.01115   0.01392   0.01781   0.00058   0.00928   0.17817   0.04242   0.11056   0.11200   0.09223   3.03161   1.41826   0.14195   0.07293   2.50620  
 15 880.7383  13087.638259  x:  0.41707   0.17974   0.05939   0.19679   0.13491   0.11267   0.25797   0.12744   0.07165   0.04277   0.03417   0.01207   0.02298   0.01899   0.01202   0.00245   0.02187   0.01467   0.01007   0.00957   0.06246   0.35894   0.00032   0.06251   0.08418   0.03724   0.03276   0.00995   0.01446   0.01691   0.00421   0.00937   0.17914   0.02562   0.10997   0.11086   0.08832   3.03670   1.41924   0.14093   0.08788   2.50703  
 16 6544.5917  13078.285008  x:  0.42280   0.17962   0.04374   0.19831   0.13492   0.11070   0.26279   0.12526   0.07122   0.02910   0.03619   0.01229   0.02250   0.01912   0.00495   0.00201   0.01769   0.01399   0.00320   0.00900   0.06536   0.36501   0.00000   0.05854   0.08253   0.03837   0.03473   0.00959   0.01455   0.01724   0.00311   0.00932   0.18027   0.00997   0.10973   0.10992   0.08536   3.04253   1.42082   0.13932   0.08884   2.50798  
 17 1302.1390  13076.053768  x:  0.42563   0.17947   0.03646   0.19901   0.13498   0.11006   0.26513   0.12415   0.07122   0.02548   0.03619   0.01251   0.02283   0.01931   0.00316   0.00208   0.01855   0.01492   0.00683   0.00891   0.06653   0.36806   0.00000   0.05695   0.08188   0.03857   0.03447   0.01007   0.01434   0.01746   0.00305   0.00933   0.18087   0.00635   0.10975   0.10955   0.08482   3.04562   1.42183   0.13830   0.08534   2.50849  
 18 860.7720  13073.293265  x:  0.43045   0.17916   0.02461   0.20019   0.13515   0.10920   0.26912   0.12225   0.07132   0.02174   0.03582   0.01270   0.02337   0.01955   0.00748   0.00227   0.02075   0.01623   0.00658   0.00884   0.06833   0.37328   0.00000   0.05447   0.08085   0.03870   0.03369   0.01066   0.01400   0.01762   0.00322   0.00931   0.18195   0.00435   0.10984   0.10897   0.08447   3.05104   1.42362   0.13648   0.07949   2.50940  
 19 1224.2863  13070.069230  x:  0.43769   0.17866   0.00962   0.20195   0.13557   0.10857   0.27510   0.11941   0.07158   0.02149   0.03558   0.01214   0.02270   0.01895   0.00654   0.00227   0.02113   0.01517   0.00649   0.00950   0.07061   0.38104   0.00000   0.05137   0.07937   0.03865   0.03335   0.00951   0.01398   0.01689   0.00315   0.00909   0.18363   0.00998   0.10986   0.10813   0.08452   3.05947   1.42620   0.13383   0.07946   2.51081  
 20 757.8395  13067.026325  x:  0.45073   0.17751   0.00454   0.20568   0.13799   0.11145   0.28570   0.11424   0.07279   0.03119   0.03435   0.01291   0.02264   0.01908   0.00657   0.00222   0.02039   0.01469   0.00643   0.00679   0.07230   0.39497   0.00000   0.04902   0.07790   0.03812   0.03234   0.01144   0.01424   0.01734   0.00317   0.00984   0.18607   0.00645   0.10942   0.10669   0.08402   3.07608   1.43128   0.12853   0.08082   2.51363  
 21 383.3254  13062.179790  x:  0.47926   0.17493   0.00663   0.21399   0.14370   0.11844   0.30870   0.10363   0.07526   0.03681   0.03265   0.01282   0.02334   0.01947   0.00635   0.00227   0.02095   0.01603   0.00591   0.01726   0.07406   0.42532   0.00000   0.04506   0.07552   0.03767   0.03102   0.01076   0.01402   0.01769   0.00316   0.00842   0.19158   0.00422   0.10876   0.10423   0.08382   3.11353   1.44262   0.11666   0.08137   2.52005  
 22 1117.7702  13052.545261  x:  0.53004   0.17003   0.01819   0.22812   0.15321   0.13014   0.34908   0.08719   0.07955   0.02975   0.03275   0.01278   0.02463   0.02006   0.00655   0.00226   0.02097   0.01705   0.00650   0.00872   0.07420   0.47898   0.00000   0.04199   0.07383   0.03864   0.03156   0.00935   0.01408   0.01789   0.00311   0.01167   0.20177   0.01060   0.10833   0.10181   0.08489   3.18321   1.46313   0.09503   0.08088   2.53211  
 23 1841.6744  13050.809211  x:  0.53784   0.16870   0.01882   0.22892   0.15306   0.13019   0.35458   0.08799   0.08013   0.02909   0.03387   0.01305   0.02373   0.01937   0.00661   0.00229   0.02148   0.01485   0.00661   0.00792   0.07227   0.48684   0.00000   0.04619   0.07621   0.03932   0.03242   0.01184   0.01455   0.01747   0.00319   0.00692   0.20348   0.01088   0.10893   0.10341   0.08591   3.19777   1.46666   0.09109   0.08061   2.53479  
 24 572.9519  13047.844530  x:  0.55274   0.16538   0.01843   0.22847   0.15053   0.12785   0.36404   0.09395   0.08056   0.02927   0.03652   0.01314   0.02188   0.01830   0.00666   0.00235   0.02245   0.01167   0.00667   0.00974   0.06660   0.50132   0.00000   0.05861   0.08339   0.04062   0.03396   0.01350   0.01494   0.01679   0.00311   0.01148   0.20685   0.01010   0.11086   0.10889   0.08876   3.23161   1.47396   0.08262   0.08022   2.54123  
 25 923.7841  13045.488536  x:  0.56313   0.16263   0.01779   0.22666   0.14735   0.12470   0.36969   0.10075   0.07934   0.03050   0.03712   0.01210   0.02311   0.01968   0.00657   0.00229   0.02126   0.01760   0.00653   0.00897   0.06309   0.51094   0.00000   0.06673   0.08832   0.04036   0.03379   0.00870   0.01425   0.01764   0.00314   0.01039   0.20903   0.00929   0.11252   0.11362   0.09100   3.26097   1.47938   0.07602   0.08146   2.54698  
 26 946.2655  13041.774941  x:  0.57509   0.15820   0.02059   0.21904   0.13972   0.11697   0.37177   0.11599   0.06998   0.02943   0.03180   0.01257   0.03002   0.02281   0.00643   0.00218   0.01928   0.01778   0.00647   0.00939   0.06630   0.51999   0.00000   0.06418   0.08847   0.03475   0.03060   0.01443   0.01411   0.01989   0.00316   0.01102   0.20977   0.01037   0.11448   0.11933   0.09292   3.32223   1.48703   0.06519   0.08452   2.55966  
 27 443.0749  13037.079643  x:  0.58591   0.15367   0.02542   0.20938   0.13197   0.10921   0.37052   0.13176   0.06069   0.03089   0.02966   0.01460   0.02712   0.01906   0.00643   0.00231   0.02275   0.01282   0.00652   0.00778   0.07181   0.52690   0.00000   0.05704   0.08537   0.03233   0.02933   0.00820   0.01460   0.01663   0.00312   0.01004   0.20848   0.00854   0.11541   0.12278   0.09313   3.39826   1.49516   0.05285   0.08305   2.57572  
 28 1155.2887  13032.483044  x:  0.59347   0.14997   0.02872   0.19990   0.12682   0.10398   0.36537   0.14327   0.05836   0.03284   0.03369   0.01223   0.01794   0.01709   0.00639   0.00225   0.02022   0.01760   0.00634   0.00800   0.07561   0.53001   0.00000   0.04987   0.08038   0.03737   0.03359   0.01163   0.01426   0.01664   0.00307   0.01047   0.20451   0.00973   0.11435   0.12179   0.09139   3.48148   1.50272   0.04036   0.08029   2.59369  
 29 1238.0419  13022.472820  x:  0.60359   0.14390   0.03008   0.18140   0.12311   0.09968   0.34564   0.15812   0.07272   0.03577   0.04446   0.01263   0.02732   0.02531   0.00614   0.00232   0.02265   0.01315   0.00637   0.00830   0.07480   0.52897   0.00000   0.04249   0.06922   0.05251   0.03932   0.00926   0.01402   0.02014   0.00305   0.00983   0.18975   0.01107   0.10820   0.11045   0.08414   3.68839   1.51875   0.01130   0.07874   2.63927  
 30 1531.1216  13007.672099  x:  0.60899   0.14037   0.02713   0.16816   0.12825   0.10333   0.31567   0.16358   0.09379   0.03133   0.03399   0.01006   0.02889   0.01315   0.00612   0.00218   0.01995   0.01586   0.00607   0.00772   0.06546   0.52035   0.00000   0.04182   0.06558   0.05094   0.02698   0.01153   0.01396   0.01178   0.00305   0.01003   0.16889   0.01051   0.10185   0.09480   0.07832   3.96068   1.53717  -0.02496   0.08169   2.70029  
 31 2259.3394  12998.642868  x:  0.60912   0.14016   0.02405   0.16563   0.13422   0.10797   0.29502   0.16107   0.10184   0.02763   0.02582   0.01419   0.01779   0.01842   0.00621   0.00222   0.02065   0.01414   0.00614   0.00762   0.05965   0.51187   0.00000   0.04147   0.06837   0.04154   0.02329   0.00985   0.01420   0.02061   0.00300   0.00958   0.15616   0.01043   0.09999   0.08831   0.07748   4.14536   1.54878  -0.04898   0.08359   2.74222  
 32 3869.4025  12985.626255  x:  0.60176   0.14475   0.01935   0.17545   0.14498   0.11647   0.26739   0.14540   0.09751   0.02747   0.03075   0.01201   0.01929   0.02109   0.00588   0.00219   0.02010   0.01424   0.00586   0.00790   0.05906   0.49508   0.00000   0.03934   0.07969   0.02120   0.03799   0.00941   0.01104   0.01514   0.00297   0.00948   0.14424   0.00936   0.10290   0.09138   0.08223   4.40380   1.56337  -0.08156   0.08167   2.80210  
 33 2702.9335  12974.825593  x:  0.58799   0.15362   0.01523   0.19345   0.15395   0.12320   0.24458   0.12281   0.08091   0.02708   0.03301   0.01173   0.02388   0.01599   0.00590   0.00217   0.01982   0.01550   0.00582   0.00866   0.06433   0.47529   0.00000   0.03999   0.09131   0.02986   0.03716   0.00845   0.02510   0.02000   0.00289   0.00974   0.14183   0.00850   0.10834   0.10230   0.08897   4.65471   1.57571  -0.11190   0.08268   2.86141  
 34 3038.9898  12966.816001  x:  0.57475   0.16218   0.01345   0.20734   0.15687   0.12502   0.23527   0.10694   0.06846   0.02648   0.03260   0.01226   0.02254   0.02116   0.00578   0.00217   0.01988   0.01415   0.00573   0.00851   0.06828   0.46119   0.00000   0.04500   0.09224   0.04135   0.02923   0.00931   0.01254   0.01530   0.00296   0.00951   0.14869   0.00770   0.11074   0.10952   0.09147   4.81289   1.58188  -0.12972   0.08470   2.89972  
 35 2699.0946  12960.527380  x:  0.55346   0.17481   0.01314   0.22068   0.15216   0.12058   0.24114   0.09577   0.06422   0.02650   0.03282   0.01110   0.02376   0.01465   0.00587   0.00218   0.02011   0.01354   0.00575   0.00847   0.06780   0.44710   0.00000   0.05632   0.07631   0.03746   0.03068   0.00891   0.00859   0.02242   0.00293   0.00943   0.17208   0.00764   0.10773   0.11064   0.08722   4.94602   1.58347  -0.14171   0.08397   2.93415  
 36 1018.8632  12956.690557  x:  0.53715   0.18392   0.01311   0.22939   0.14799   0.11706   0.24793   0.08921   0.06285   0.02641   0.03235   0.01170   0.02231   0.01881   0.00580   0.00216   0.01978   0.01461   0.00571   0.00861   0.06655   0.43760   0.00000   0.06317   0.06596   0.03414   0.03065   0.00919   0.01514   0.01798   0.00290   0.00962   0.18979   0.00763   0.10511   0.11019   0.08394   5.03492   1.58372  -0.14903   0.08311   2.95768  
 37 2913.0954  12952.435984  x:  0.50701   0.19541   0.01363   0.23585   0.14092   0.11463   0.27227   0.08975   0.07029   0.02713   0.02938   0.01630   0.02289   0.01823   0.00578   0.00211   0.01931   0.01545   0.00570   0.00883   0.06252   0.42883   0.00000   0.05175   0.08212   0.03584   0.03349   0.00933   0.01467   0.01680   0.00291   0.00960   0.21293   0.00762   0.10181   0.10262   0.08311   5.13139   1.57877  -0.15239   0.08275   2.98688  
 38 502.2527  12951.513552  x:  0.49977   0.19720   0.01378   0.23630   0.14028   0.11519   0.27861   0.09041   0.07220   0.02725   0.03009   0.01099   0.02247   0.01916   0.00576   0.00217   0.01989   0.01412   0.00572   0.00849   0.06253   0.42787   0.00000   0.04956   0.08477   0.03541   0.03179   0.00908   0.01501   0.01747   0.00289   0.00951   0.21604   0.00698   0.10215   0.10189   0.08402   5.15014   1.57694  -0.15224   0.08248   2.99319  
 39 599.4178  12950.404908  x:  0.48651   0.19782   0.01344   0.23434   0.14201   0.11886   0.29099   0.09224   0.07527   0.02683   0.03615   0.01244   0.02203   0.01874   0.00577   0.00217   0.01976   0.01457   0.00573   0.00860   0.06475   0.42907   0.00000   0.04851   0.08440   0.03326   0.02706   0.00948   0.01501   0.01801   0.00290   0.00956   0.21512   0.00672   0.10549   0.10385   0.08786   5.17518   1.57185  -0.14958   0.08291   3.00355  
 40 293.1782  12948.510160  x:  0.46057   0.19664   0.01207   0.22872   0.14766   0.12705   0.31543   0.09531   0.07776   0.02616   0.03082   0.01282   0.02216   0.01892   0.00578   0.00216   0.01970   0.01459   0.00574   0.00864   0.06810   0.43463   0.00000   0.05059   0.07993   0.03575   0.03157   0.00914   0.01480   0.01754   0.00291   0.00963   0.20732   0.00604   0.11191   0.10965   0.09417   5.21791   1.55958  -0.14167   0.08262   3.02389  
 41 395.1027  12947.399771  x:  0.44567   0.19385   0.01140   0.22612   0.15094   0.12785   0.32924   0.09418   0.06819   0.02656   0.03206   0.01260   0.02278   0.01899   0.00581   0.00216   0.01972   0.01462   0.00577   0.00874   0.06237   0.44311   0.00000   0.05266   0.08049   0.03575   0.03103   0.00924   0.01476   0.01772   0.00290   0.00960   0.19751   0.00704   0.10688   0.10890   0.08772   5.24230   1.54662  -0.13147   0.08130   3.04008  
 42 160.9414  12946.907968  x:  0.44183   0.19195   0.01261   0.22825   0.14948   0.12340   0.33124   0.09228   0.06919   0.02671   0.03177   0.01266   0.02280   0.01913   0.00584   0.00216   0.01974   0.01483   0.00579   0.00875   0.06907   0.45027   0.00000   0.05649   0.08327   0.03504   0.03090   0.00920   0.01487   0.01786   0.00291   0.00969   0.19370   0.00758   0.10403   0.10731   0.08632   5.25318   1.53519  -0.12172   0.08057   3.05280  
 43 85.4942  12945.551802  x:  0.44061   0.18887   0.01473   0.23951   0.14350   0.11404   0.32671   0.09033   0.07397   0.02800   0.03167   0.01283   0.02295   0.01910   0.00584   0.00216   0.01964   0.01475   0.00582   0.00869   0.06368   0.47283   0.00000   0.05361   0.08144   0.03559   0.03066   0.00953   0.01480   0.01794   0.00293   0.00973   0.19184   0.00705   0.10837   0.10877   0.09406   5.28152   1.49364  -0.08564   0.07882   3.09876  
 44 123.0477  12943.522093  x:  0.45148   0.19293   0.01384   0.24986   0.14702   0.13047   0.31611   0.10528   0.07583   0.02900   0.03226   0.01312   0.02356   0.01977   0.00605   0.00220   0.01998   0.01520   0.00608   0.00899   0.06651   0.50005   0.00000   0.05500   0.08347   0.03650   0.03094   0.00976   0.01508   0.01829   0.00296   0.00993   0.20546   0.00819   0.11177   0.11214   0.08859   5.32320   1.42407  -0.02530   0.07503   3.18113  
 45 202.3596  12942.471347  x:  0.46857   0.20255   0.01408   0.23778   0.15438   0.13119   0.31921   0.10291   0.07260   0.02947   0.03286   0.01323   0.02413   0.02007   0.00606   0.00220   0.01996   0.01538   0.00613   0.00909   0.06744   0.50035   0.00000   0.05777   0.08513   0.03678   0.03166   0.00982   0.01540   0.01857   0.00297   0.01009   0.21187   0.00746   0.10761   0.10915   0.09942   5.34211   1.38875   0.00552   0.07331   3.23393  
 46 124.4706  12941.847772  x:  0.48184   0.20770   0.01526   0.23119   0.15662   0.12756   0.32539   0.09825   0.07546   0.03025   0.03253   0.01327   0.02416   0.02016   0.00613   0.00221   0.02005   0.01546   0.00620   0.00915   0.06731   0.49432   0.00000   0.05716   0.08704   0.03636   0.03136   0.00996   0.01545   0.01873   0.00297   0.01011   0.21143   0.00815   0.11330   0.11556   0.09340   5.35153   1.37048   0.02191   0.07199   3.27163  
 47 128.5267  12940.924940  x:  0.50176   0.20262   0.01535   0.24573   0.15180   0.12909   0.34134   0.10518   0.07513   0.03066   0.03259   0.01334   0.02437   0.02026   0.00616   0.00222   0.02006   0.01554   0.00625   0.00918   0.06743   0.47398   0.00000   0.05821   0.08551   0.03703   0.03132   0.01003   0.01532   0.01874   0.00298   0.01014   0.20025   0.00857   0.11365   0.11276   0.09448   5.35896   1.35685   0.03711   0.07059   3.34921  
 48 65.8267  12939.357747  x:  0.50499   0.17540   0.01507   0.24623   0.15849   0.12791   0.34410   0.10346   0.07918   0.03049   0.03205   0.01337   0.02401   0.02016   0.00609   0.00219   0.01975   0.01538   0.00619   0.00913   0.06676   0.46945   0.00000   0.05461   0.08513   0.03684   0.03070   0.01000   0.01515   0.01862   0.00296   0.01005   0.20820   0.00831   0.10071   0.12414   0.09592   5.35885   1.36672   0.04402   0.07018   3.51393  
 49 66.5864  12935.402853  x:  0.50335   0.13494   0.01514   0.23714   0.16118   0.12801   0.34312   0.09497   0.07254   0.03031   0.03217   0.01315   0.02443   0.02017   0.00590   0.00211   0.01882   0.01528   0.00600   0.00908   0.06709   0.47609   0.00000   0.05793   0.08696   0.03641   0.03069   0.00979   0.01531   0.01852   0.00292   0.00997   0.22367   0.00820   0.11850   0.10759   0.09363   5.35409   1.40451   0.05461   0.06948   3.93836  
 50 471.1626  12906.038263  x:  0.46592   0.17859   0.01584   0.20554   0.10125   0.14916   0.31301   0.08293   0.06893   0.02841   0.02802   0.01274   0.02405   0.01929   0.00447   0.00157   0.01225   0.01405   0.00465   0.00827   0.06162   0.62179   0.00000   0.05864   0.08429   0.03327   0.02605   0.00895   0.01420   0.01739   0.00262   0.00908   0.20521   0.00849   0.10357   0.11280   0.09555   5.29879   1.75367   0.10522   0.06597   7.20523  
 51 904.1260  12898.046654  x:  0.45288   0.20467   0.01781   0.21550   0.14071   0.11928   0.30485   0.10559   0.06878   0.03027   0.02750   0.01269   0.02407   0.01937   0.00411   0.00144   0.01072   0.01377   0.00437   0.00795   0.06068   0.66575   0.00000   0.05759   0.08115   0.03426   0.02467   0.00892   0.01378   0.01699   0.00253   0.00888   0.20000   0.00927   0.10758   0.10746   0.09319   5.28242   1.85694   0.11767   0.06476   8.14613  
 52 2703.8284  12885.508224  x:  0.45793   0.22251   0.01986   0.21633   0.14474   0.10893   0.30608   0.11537   0.06872   0.02723   0.03301   0.01212   0.02172   0.01894   0.00544   0.00222   0.02097   0.01417   0.00547   0.00767   0.06276   0.77757   0.00000   0.05631   0.07953   0.03628   0.03114   0.00917   0.01426   0.01656   0.00278   0.00913   0.19784   0.00910   0.10742   0.10716   0.08726   5.35392   1.76626  -0.01290   0.08411  10.06341  
 53 17.8612  12883.282911  x:  0.47231   0.21704   0.01976   0.21894   0.14462   0.11243   0.31618   0.11499   0.06975   0.02762   0.03362   0.01219   0.02193   0.01911   0.00558   0.00229   0.02196   0.01434   0.00560   0.00805   0.06384   0.77861   0.00000   0.05675   0.08048   0.03677   0.03184   0.00933   0.01439   0.01676   0.00280   0.00918   0.20140   0.00924   0.10843   0.10874   0.08815   5.46004   1.97601   0.26895   0.08439  10.40603  
 54  5.1668  12846.558150  x:  0.59030   0.18268   0.01768   0.22170   0.14376   0.13110   0.39959   0.12308   0.07762   0.03364   0.03112   0.01161   0.02400   0.01868   0.00341   0.00182   0.01735   0.01284   0.00364   0.01292   0.06752   1.09207   0.00000   0.05463   0.07904   0.03844   0.02800   0.00930   0.01215   0.01637   0.00208   0.00703   0.21661   0.01299   0.10563   0.11897   0.09455   7.33321   1.54925   0.11712   0.06965  17.01594  
 55  7.9433  12835.031738  x:  0.58426   0.19164   0.02207   0.22078   0.14608   0.12036   0.38141   0.12469   0.07649   0.03588   0.03132   0.01299   0.02442   0.01751   0.00785   0.00179   0.01729   0.01420   0.00737   0.00689   0.06432   1.27700   0.00000   0.05443   0.08060   0.03679   0.02938   0.01062   0.01394   0.01834   0.00243   0.01127   0.21164   0.01379   0.10973   0.11034   0.09258   7.91783   1.82792   0.27703   0.06780  22.02087  
 56  3.2811  12824.983494  x:  0.55889   0.20821   0.01540   0.22242   0.14833   0.10894   0.34342   0.12474   0.07360   0.02954   0.03101   0.01193   0.02099   0.01974   0.00495   0.00133   0.01491   0.01382   0.00397   0.01147   0.06358   1.69109   0.00000   0.05108   0.07923   0.03551   0.02811   0.00736   0.01386   0.01509   0.00189   0.00883   0.20284   0.01147   0.10881   0.10442   0.08737   8.55533   1.77705   0.02259   0.07483  31.12731  
 57  3.4730  12815.921948  x:  0.55964   0.20193   0.01764   0.22067   0.14856   0.13596   0.34836   0.12293   0.07584   0.03010   0.03052   0.01197   0.02515   0.01878   0.00378   0.00138   0.02001   0.01293   0.00467   0.00697   0.06485   2.21022   0.00000   0.05329   0.08019   0.03574   0.02948   0.01287   0.01442   0.01969   0.00206   0.00825   0.20722   0.00940   0.10511   0.11712   0.09580   9.06048   1.63328   0.04681   0.06760  42.75832  
 58  4.4771  12815.919063  x:  0.55964   0.20192   0.01764   0.22067   0.14856   0.13597   0.34836   0.12292   0.07584   0.03010   0.03052   0.01197   0.02516   0.01878   0.00377   0.00138   0.02001   0.01293   0.00467   0.00696   0.06485   2.21049   0.00015   0.05329   0.08019   0.03574   0.02948   0.01287   0.01442   0.01969   0.00206   0.00825   0.20722   0.00940   0.10511   0.11713   0.09581   9.06075   1.63321   0.04683   0.06759  42.76448  
 59 1746.8097  12806.136821  x:  0.56831   0.19382   0.02154   0.21994   0.14366   0.12925   0.36772   0.12285   0.07562   0.03681   0.03116   0.01245   0.02419   0.01974   0.00579   0.00114   0.01844   0.01403   0.00684   0.01046   0.06456   2.77373   0.00000   0.05684   0.08020   0.03708   0.02833   0.01058   0.01257   0.01692   0.00291   0.00732   0.21224   0.00926   0.10919   0.11534   0.09692   9.06485   1.77215   0.30288   0.06837  56.61247  
 60  6.4413  12789.830515  x:  0.58033   0.18677   0.02577   0.22691   0.13725   0.09812   0.39053   0.12028   0.07321   0.03480   0.03334   0.01331   0.02144   0.01779   0.00545   0.00034   0.01293   0.01523   0.00543   0.00879   0.06424   4.41824   0.00000   0.05825   0.08181   0.03763   0.02956   0.00477   0.01268   0.01466   0.00357   0.01134   0.21202   0.00764   0.11419   0.10420   0.08853   8.34560   1.60028   0.01480   0.07226  94.79149  
 61 15.7012  12777.690065  x:  0.57309   0.19056   0.02121   0.22816   0.14399   0.11437   0.38981   0.11636   0.07408   0.03055   0.02950   0.01161   0.02373   0.01741   0.00476   0.00148   0.02319   0.01456   0.00326   0.01030   0.06609   6.16747   0.00000   0.05526   0.08115   0.03619   0.02679   0.01551   0.01366   0.01702   0.00367   0.01147   0.21430   0.00934   0.11133   0.10809   0.09145   7.52100   1.55916  -0.02867   0.06996  135.96895  
 62 25.7334  12770.610245  x:  0.55282   0.19067   0.01735   0.21859   0.14875   0.13961   0.36418   0.11572   0.07805   0.03331   0.03282   0.01248   0.02375   0.01953   0.00483   0.00138   0.01849   0.01242   0.00781   0.00777   0.06426   7.93109   0.00000   0.05314   0.07978   0.03739   0.03080   0.01268   0.01416   0.01871   0.00375   0.00762   0.21346   0.01131   0.10444   0.11738   0.09585   7.35741   1.54705   0.08014   0.06895  177.80379  
 63 22.0236  12762.867946  x:  0.54295   0.19235   0.01390   0.22151   0.14384   0.11688   0.33767   0.12163   0.07242   0.03217   0.02873   0.01279   0.02420   0.02007   0.00394   0.00116   0.01352   0.01595   0.00513   0.00889   0.06559  11.39649   0.00000   0.05500   0.08073   0.03540   0.02650   0.00661   0.01339   0.01640   0.00257   0.00848   0.20455   0.01170   0.11214   0.10788   0.09076   7.54492   1.50058  -0.01112   0.06697  259.65302  
 64 26.3473  12758.037746  x:  0.55905   0.18627   0.01865   0.22012   0.14301   0.11255   0.35841   0.12075   0.07429   0.03266   0.03262   0.01215   0.02297   0.01837   0.00614   0.00148   0.01704   0.01307   0.00348   0.00842   0.06404  15.25986   0.00000   0.05402   0.08016   0.03593   0.02968   0.01146   0.01356   0.01672   0.00185   0.01012   0.20512   0.01121   0.10849   0.10922   0.09037   7.66076   1.43190  -0.14447   0.07092  350.81056  
 65 37.8720  12754.886451  x:  0.56089   0.18767   0.01745   0.22014   0.14582   0.12975   0.36563   0.11780   0.07550   0.03332   0.03049   0.01181   0.02292   0.01771   0.00560   0.00170   0.01817   0.01242   0.00660   0.00874   0.06439  20.13651   0.00000   0.05349   0.08054   0.03619   0.02889   0.00924   0.01404   0.01745   0.00153   0.00837   0.20994   0.01179   0.10593   0.11330   0.09418   7.88002   1.47311  -0.05565   0.06963  466.64188  
 66 52.9478  12753.021886  x:  0.56283   0.19280   0.01784   0.22238   0.14447   0.12201   0.36706   0.11898   0.07526   0.03170   0.03152   0.01268   0.02406   0.02021   0.00437   0.00162   0.01537   0.01551   0.00529   0.00822   0.06520  25.40245   0.00000   0.05506   0.08019   0.03699   0.02846   0.00931   0.01273   0.01645   0.00185   0.00881   0.21245   0.01130   0.10984   0.11019   0.09182   7.94249   1.39935  -0.09425   0.06821  591.21729  
 67 61.4677  12752.139558  x:  0.56112   0.19369   0.01852   0.22303   0.14457   0.11705   0.36549   0.11982   0.07444   0.03250   0.03056   0.01251   0.02364   0.01828   0.00493   0.00172   0.01675   0.01365   0.00442   0.00946   0.06476  29.99901   0.00000   0.05425   0.08054   0.03592   0.02845   0.00883   0.01409   0.01774   0.00233   0.00886   0.20992   0.01078   0.10909   0.11058   0.09194   7.90639   1.40335  -0.13554   0.06829  700.25975  
 68 63.4702  12751.718006  x:  0.56086   0.19170   0.01847   0.22176   0.14527   0.12319   0.36510   0.11907   0.07506   0.03228   0.03100   0.01203   0.02319   0.01902   0.00502   0.00173   0.01637   0.01322   0.00494   0.00836   0.06445  34.56962   0.00000   0.05432   0.08006   0.03641   0.02849   0.00990   0.01362   0.01670   0.00260   0.00906   0.21020   0.01059   0.10753   0.11177   0.09275   7.91310   1.41143  -0.12108   0.06942  808.77099  
 69 59.8914  12751.494534  x:  0.56120   0.19114   0.01778   0.22121   0.14493   0.12233   0.36340   0.11971   0.07510   0.03255   0.03132   0.01243   0.02346   0.01885   0.00478   0.00172   0.01676   0.01410   0.00497   0.00891   0.06470  40.09543   0.00000   0.05438   0.08044   0.03639   0.02887   0.00937   0.01342   0.01708   0.00257   0.00856   0.21010   0.01088   0.10864   0.11080   0.09255   7.93960   1.38461  -0.13001   0.06804  939.83887  
 70 63.4769  12751.407440  x:  0.56143   0.19087   0.01780   0.22168   0.14478   0.12111   0.36326   0.11980   0.07490   0.03237   0.03103   0.01239   0.02354   0.01872   0.00476   0.00168   0.01659   0.01395   0.00484   0.00876   0.06479  42.58530   0.00000   0.05424   0.08049   0.03625   0.02866   0.00940   0.01350   0.01715   0.00249   0.00875   0.20967   0.01089   0.10874   0.11078   0.09227   7.93479   1.39485  -0.12473   0.06841  999.00000  
 71 61.8833  12749.588511  x:  0.55974   0.19219   0.01739   0.21792   0.14587   0.13024   0.36334   0.11934   0.07633   0.03400   0.03313   0.01264   0.02290   0.01977   0.00508   0.00193   0.01799   0.01498   0.00603   0.01001   0.06403  38.66105   0.00000   0.05535   0.08011   0.03727   0.03013   0.00911   0.01278   0.01645   0.00302   0.00726   0.21245   0.01105   0.10800   0.11086   0.09438   7.98382   1.29727  -0.18650   0.06553  999.00000  
 72 50.2162  12749.584820  x:  0.55974   0.19219   0.01738   0.21791   0.14588   0.13027   0.36334   0.11934   0.07633   0.03401   0.03314   0.01264   0.02290   0.01977   0.00508   0.00193   0.01799   0.01498   0.00603   0.01002   0.06402  38.65066   0.00015   0.05535   0.08011   0.03727   0.03013   0.00910   0.01278   0.01644   0.00303   0.00726   0.21246   0.01105   0.10800   0.11086   0.09439   7.98395   1.29701  -0.18666   0.06552  999.00000  
 73 3690.1078  12749.584820  x:  0.55974   0.19219   0.01738   0.21791   0.14588   0.13027   0.36334   0.11934   0.07633   0.03401   0.03314   0.01264   0.02290   0.01977   0.00508   0.00193   0.01799   0.01498   0.00603   0.01002   0.06402  38.65066   0.00015   0.05535   0.08011   0.03727   0.03013   0.00910   0.01278   0.01644   0.00303   0.00726   0.21246   0.01105   0.10800   0.11086   0.09439   7.98395   1.29701  -0.18666   0.06552  999.00000  
 74 15.4577  12749.145933  x:  0.55976   0.19220   0.01736   0.21797   0.14587   0.13011   0.36336   0.11935   0.07628   0.03386   0.03290   0.01249   0.02300   0.01957   0.00495   0.00108   0.01767   0.01462   0.00522   0.00946   0.06405  38.65066   0.00015   0.05530   0.08013   0.03720   0.02995   0.00923   0.01305   0.01661   0.00212   0.00819   0.21245   0.01101   0.10802   0.11088   0.09434   7.98394   1.29708  -0.18664   0.06614  999.00000  
 75 378.6968  12748.956640  x:  0.55978   0.19220   0.01733   0.21805   0.14585   0.12990   0.36339   0.11937   0.07621   0.03367   0.03259   0.01234   0.02314   0.01934   0.00487   0.00172   0.01729   0.01422   0.00458   0.00888   0.06408  38.65065   0.00015   0.05524   0.08016   0.03710   0.02971   0.00937   0.01335   0.01680   0.00202   0.00899   0.21244   0.01096   0.10806   0.11091   0.09427   7.98394   1.29717  -0.18662   0.06686  999.00000  
 76 371.9241  12748.875601  x:  0.55981   0.19221   0.01730   0.21814   0.14584   0.12968   0.36342   0.11939   0.07614   0.03348   0.03229   0.01222   0.02327   0.01914   0.00489   0.00155   0.01699   0.01393   0.00464   0.00859   0.06412  38.65064   0.00015   0.05517   0.08020   0.03700   0.02948   0.00946   0.01357   0.01696   0.00260   0.00928   0.21242   0.01091   0.10809   0.11095   0.09419   7.98394   1.29729  -0.18660   0.06744  999.00000  
 77 221.9285  12748.810248  x:  0.55986   0.19222   0.01726   0.21832   0.14581   0.12923   0.36347   0.11943   0.07601   0.03316   0.03180   0.01213   0.02347   0.01888   0.00499   0.00160   0.01662   0.01363   0.00525   0.00855   0.06420  38.65063   0.00015   0.05505   0.08027   0.03684   0.02911   0.00953   0.01378   0.01715   0.00238   0.00909   0.21239   0.01085   0.10817   0.11102   0.09406   7.98393   1.29753  -0.18657   0.06817  999.00000  
 78 141.4704  12748.770394  x:  0.55994   0.19223   0.01722   0.21861   0.14577   0.12852   0.36354   0.11948   0.07583   0.03278   0.03127   0.01221   0.02365   0.01874   0.00494   0.00157   0.01650   0.01363   0.00487   0.00889   0.06434  38.65060   0.00015   0.05489   0.08038   0.03663   0.02871   0.00952   0.01378   0.01724   0.00240   0.00857   0.21234   0.01080   0.10830   0.11113   0.09386   7.98392   1.29795  -0.18654   0.06854  999.00000  
 79 82.1881  12748.704683  x:  0.56017   0.19224   0.01719   0.21955   0.14566   0.12629   0.36377   0.11965   0.07532   0.03198   0.03027   0.01264   0.02385   0.01882   0.00490   0.00158   0.01683   0.01412   0.00499   0.00890   0.06480  38.65052   0.00012   0.05449   0.08072   0.03615   0.02806   0.00946   0.01341   0.01715   0.00240   0.00899   0.21215   0.01076   0.10870   0.11147   0.09328   7.98388   1.29939  -0.18648   0.06819  999.00000  
 80 71.8123  12748.654311  x:  0.56042   0.19226   0.01732   0.22053   0.14555   0.12404   0.36400   0.11980   0.07491   0.03178   0.03022   0.01256   0.02365   0.01897   0.00512   0.00157   0.01681   0.01372   0.00492   0.00840   0.06520  38.65043   0.00021   0.05425   0.08101   0.03594   0.02822   0.00961   0.01362   0.01706   0.00238   0.00868   0.21193   0.01085   0.10905   0.11176   0.09275   7.98383   1.30108  -0.18641   0.06767  999.00000  
 81 81.3025  12748.632061  x:  0.56053   0.19226   0.01739   0.22090   0.14551   0.12322   0.36409   0.11986   0.07478   0.03181   0.03034   0.01249   0.02356   0.01898   0.00498   0.00157   0.01675   0.01360   0.00493   0.00848   0.06531  38.65039   0.00000   0.05419   0.08110   0.03591   0.02835   0.00961   0.01369   0.01705   0.00239   0.00869   0.21184   0.01089   0.10915   0.11184   0.09257   7.98381   1.30177  -0.18638   0.06761  999.00000  
 82 161.4090  12748.603913  x:  0.56072   0.19227   0.01757   0.22157   0.14544   0.12179   0.36426   0.11996   0.07459   0.03195   0.03066   0.01235   0.02341   0.01893   0.00476   0.00158   0.01665   0.01348   0.00498   0.00880   0.06547  38.65032   0.00024   0.05413   0.08121   0.03592   0.02863   0.00953   0.01376   0.01705   0.00239   0.00884   0.21167   0.01096   0.10931   0.11196   0.09226   7.98377   1.30307  -0.18632   0.06768  999.00000  
 83 257.5029  12748.579971  x:  0.56093   0.19229   0.01781   0.22219   0.14538   0.12056   0.36443   0.12004   0.07450   0.03221   0.03106   0.01228   0.02338   0.01883   0.00518   0.00159   0.01661   0.01371   0.00494   0.00895   0.06550  38.65024   0.00020   0.05417   0.08125   0.03602   0.02885   0.00938   0.01365   0.01708   0.00240   0.00895   0.21148   0.01101   0.10939   0.11200   0.09202   7.98373   1.30445  -0.18626   0.06802  999.00000  
 84 124.3656  12748.561101  x:  0.56113   0.19230   0.01808   0.22267   0.14535   0.11977   0.36457   0.12009   0.07454   0.03248   0.03133   0.01235   0.02350   0.01875   0.00497   0.00158   0.01670   0.01404   0.00495   0.00863   0.06536  38.65016   0.00020   0.05430   0.08119   0.03619   0.02888   0.00937   0.01349   0.01712   0.00239   0.00878   0.21131   0.01103   0.10938   0.11195   0.09192   7.98370   1.30579  -0.18619   0.06837  999.00000  
 85 84.7863  12748.518132  x:  0.56173   0.19234   0.01890   0.22376   0.14532   0.11877   0.36496   0.12021   0.07507   0.03296   0.03123   0.01254   0.02403   0.01896   0.00501   0.00157   0.01692   0.01378   0.00495   0.00879   0.06447  38.64990   0.00023   0.05489   0.08071   0.03678   0.02832   0.00988   0.01360   0.01719   0.00240   0.00884   0.21081   0.01101   0.10905   0.11155   0.09208   7.98357   1.31021  -0.18594   0.06834  999.00000  
 86 53.5622  12748.477706  x:  0.56236   0.19238   0.01938   0.22465   0.14529   0.11836   0.36534   0.12030   0.07555   0.03298   0.03082   0.01226   0.02387   0.01892   0.00499   0.00157   0.01668   0.01368   0.00494   0.00868   0.06371  38.64962   0.00025   0.05530   0.08021   0.03700   0.02802   0.00912   0.01359   0.01708   0.00239   0.00882   0.21032   0.01097   0.10869   0.11112   0.09240   7.98344   1.31490  -0.18565   0.06814  999.00000  
 87 107.7474  12748.406344  x:  0.56354   0.19243   0.01936   0.22584   0.14516   0.11844   0.36599   0.12040   0.07607   0.03233   0.03031   0.01208   0.02289   0.01853   0.00500   0.00158   0.01628   0.01409   0.00493   0.00871   0.06297  38.64906   0.00027   0.05539   0.07944   0.03663   0.02854   0.00972   0.01345   0.01698   0.00239   0.00881   0.20945   0.01086   0.10806   0.11042   0.09303   7.98317   1.32416  -0.18499   0.06818  999.00000  
 88 131.5727  12748.286619  x:  0.56550   0.19244   0.01825   0.22715   0.14481   0.11937   0.36699   0.12046   0.07623   0.03147   0.03077   0.01297   0.02303   0.01876   0.00500   0.00157   0.01698   0.01355   0.00493   0.00869   0.06298  38.64804   0.00027   0.05464   0.07873   0.03557   0.02918   0.00928   0.01369   0.01712   0.00238   0.00880   0.20805   0.01068   0.10724   0.10956   0.09384   7.98270   1.34062  -0.18372   0.06881  999.00000  
 89 202.4722  12748.168576  x:  0.56727   0.19233   0.01699   0.22770   0.14443   0.12074   0.36781   0.12038   0.07584   0.03180   0.03118   0.01180   0.02412   0.01896   0.00496   0.00157   0.01662   0.01382   0.00491   0.00867   0.06402  38.64700   0.00022   0.05355   0.07892   0.03529   0.02869   0.00945   0.01344   0.01695   0.00237   0.00878   0.20686   0.01068   0.10686   0.10924   0.09415   7.98222   1.35718  -0.18229   0.06877  999.00000  
 90 263.2340  12748.095135  x:  0.56814   0.19210   0.01677   0.22722   0.14422   0.12179   0.36811   0.12020   0.07532   0.03263   0.03104   0.01253   0.02340   0.01842   0.00497   0.00156   0.01627   0.01379   0.00491   0.00865   0.06485  38.64628   0.00019   0.05302   0.07972   0.03610   0.02795   0.00942   0.01356   0.01695   0.00237   0.00878   0.20636   0.01075   0.10707   0.10960   0.09369   7.98191   1.36792  -0.18112   0.06879  999.00000  
 91 174.1162  12748.051913  x:  0.56836   0.19180   0.01724   0.22619   0.14412   0.12234   0.36805   0.11999   0.07491   0.03263   0.03049   0.01215   0.02298   0.01879   0.00498   0.00156   0.01693   0.01363   0.00491   0.00866   0.06491  38.64581   0.00018   0.05309   0.08033   0.03667   0.02820   0.00940   0.01340   0.01706   0.00237   0.00877   0.20636   0.01078   0.10750   0.11018   0.09290   7.98171   1.37443  -0.18012   0.06928  999.00000  
 92 114.6856  12748.004628  x:  0.56820   0.19127   0.01806   0.22424   0.14405   0.12264   0.36768   0.11965   0.07449   0.03203   0.03044   0.01240   0.02361   0.01884   0.00495   0.00156   0.01641   0.01381   0.00490   0.00865   0.06440  38.64522   0.00020   0.05365   0.08072   0.03670   0.02884   0.00932   0.01358   0.01697   0.00237   0.00877   0.20674   0.01089   0.10816   0.11102   0.09171   7.98149   1.38168  -0.17862   0.06925  999.00000  
 93 103.5433  12747.971035  x:  0.56765   0.19072   0.01817   0.22223   0.14397   0.12229   0.36710   0.11933   0.07429   0.03190   0.03092   0.01220   0.02348   0.01828   0.00496   0.00156   0.01664   0.01355   0.00489   0.00863   0.06387  38.64474   0.00021   0.05427   0.08041   0.03592   0.02832   0.00939   0.01327   0.01691   0.00236   0.00876   0.20736   0.01101   0.10847   0.11139   0.09102   7.98131   1.38686  -0.17707   0.06919  999.00000  
 94 73.0766  12747.949784  x:  0.56702   0.19027   0.01792   0.22075   0.14390   0.12176   0.36653   0.11908   0.07419   0.03211   0.03098   0.01215   0.02318   0.01874   0.00495   0.00156   0.01656   0.01381   0.00489   0.00864   0.06367  38.64438   0.00021   0.05458   0.07999   0.03552   0.02798   0.00939   0.01365   0.01700   0.00236   0.00875   0.20790   0.01098   0.10844   0.11133   0.09081   7.98119   1.39019  -0.17579   0.06929  999.00000  
 95 80.6796  12747.925609  x:  0.56591   0.18968   0.01748   0.21899   0.14382   0.12086   0.36560   0.11873   0.07409   0.03245   0.03055   0.01233   0.02326   0.01889   0.00495   0.00155   0.01634   0.01358   0.00489   0.00862   0.06375  38.64391   0.00021   0.05460   0.07943   0.03571   0.02826   0.00939   0.01321   0.01688   0.00236   0.00875   0.20863   0.01084   0.10806   0.11083   0.09099   7.98104   1.39393  -0.17390   0.06936  999.00000  
 96 63.9631  12747.910227  x:  0.56498   0.18927   0.01742   0.21798   0.14381   0.12029   0.36487   0.11849   0.07402   0.03239   0.03035   0.01224   0.02341   0.01847   0.00495   0.00155   0.01659   0.01369   0.00488   0.00862   0.06390  38.64356   0.00020   0.05439   0.07920   0.03606   0.02843   0.00934   0.01353   0.01692   0.00236   0.00874   0.20910   0.01080   0.10770   0.11036   0.09128   7.98093   1.39632  -0.17246   0.06927  999.00000  
 97 78.1108  12747.893316  x:  0.56351   0.18883   0.01806   0.21732   0.14387   0.11988   0.36379   0.11820   0.07396   0.03178   0.03073   0.01221   0.02327   0.01863   0.00494   0.00156   0.01649   0.01367   0.00488   0.00861   0.06411  38.64309   0.00019   0.05377   0.07933   0.03640   0.02815   0.00936   0.01341   0.01695   0.00236   0.00874   0.20954   0.01086   0.10724   0.10975   0.09179   7.98078   1.39892  -0.17037   0.06932  999.00000  
 98 41.7312  12747.873464  x:  0.56101   0.18847   0.01878   0.21769   0.14393   0.11993   0.36208   0.11791   0.07429   0.03228   0.03053   0.01224   0.02330   0.01859   0.00494   0.00155   0.01651   0.01366   0.00488   0.00861   0.06413  38.64235   0.00019   0.05325   0.07992   0.03559   0.02825   0.00935   0.01347   0.01674   0.00236   0.00874   0.20968   0.01050   0.10707   0.10953   0.09207   7.98055   1.40190  -0.16689   0.06938  999.00000  
 99 27.0143  12747.853877  x:  0.55821   0.18826   0.01844   0.21854   0.14385   0.12010   0.36025   0.11777   0.07474   0.03236   0.03046   0.01224   0.02333   0.01858   0.00494   0.00155   0.01646   0.01367   0.00488   0.00861   0.06391  38.64149   0.00020   0.05324   0.08031   0.03549   0.02833   0.00932   0.01335   0.01742   0.00235   0.00874   0.20961   0.01087   0.10723   0.10972   0.09211   7.98028   1.40488  -0.16285   0.06927  999.00000  
100 53.3823  12747.829061  x:  0.55471   0.18815   0.01764   0.21975   0.14370   0.12037   0.35805   0.11771   0.07519   0.03211   0.03058   0.01223   0.02331   0.01862   0.00494   0.00155   0.01651   0.01367   0.00488   0.00861   0.06364  38.64038   0.00021   0.05347   0.08049   0.03586   0.02826   0.00935   0.01345   0.01683   0.00236   0.00874   0.20940   0.01108   0.10753   0.11010   0.09193   7.97993   1.40848  -0.15760   0.06946  999.00000  
101 117.3032  12747.819341  x:  0.55343   0.18835   0.01757   0.22023   0.14365   0.12059   0.35740   0.11785   0.07494   0.03200   0.03069   0.01220   0.02329   0.01860   0.00494   0.00155   0.01649   0.01367   0.00488   0.00861   0.06379  38.63987   0.00020   0.05363   0.08001   0.03608   0.02822   0.00935   0.01342   0.01697   0.00236   0.00874   0.20919   0.01046   0.10761   0.11025   0.09163   7.97976   1.40982  -0.15523   0.06939  999.00000  
102 39.7288  12747.808289  x:  0.55217   0.18894   0.01788   0.22065   0.14363   0.12092   0.35701   0.11823   0.07415   0.03209   0.03058   0.01224   0.02331   0.01861   0.00494   0.00155   0.01650   0.01367   0.00488   0.00862   0.06417  38.63917   0.00019   0.05382   0.07907   0.03606   0.02824   0.00936   0.01344   0.01693   0.00236   0.00874   0.20884   0.01089   0.10764   0.11033   0.09140   7.97951   1.41127  -0.15204   0.06939  999.00000  
103 32.2632  12747.785639  x:  0.55100   0.19152   0.01772   0.22029   0.14354   0.12096   0.35821   0.11960   0.07289   0.03214   0.03062   0.01226   0.02332   0.01863   0.00495   0.00155   0.01652   0.01368   0.00489   0.00862   0.06380  38.63716   0.00020   0.05474   0.08008   0.03596   0.02827   0.00937   0.01344   0.01696   0.00236   0.00875   0.20778   0.01086   0.10718   0.10975   0.09170   7.97874   1.41383  -0.14343   0.06927  999.00000  
104 16.1739  12747.755978  x:  0.55091   0.19448   0.01802   0.21946   0.14393   0.12076   0.36099   0.12039   0.07490   0.03208   0.03070   0.01228   0.02338   0.01867   0.00496   0.00156   0.01656   0.01371   0.00490   0.00865   0.06471  38.63403   0.00018   0.05452   0.08007   0.03600   0.02834   0.00940   0.01348   0.01699   0.00237   0.00877   0.20695   0.01084   0.10793   0.11044   0.09224   7.97752   1.41693  -0.13067   0.06916  999.00000  
105 27.3908  12747.737616  x:  0.55187   0.19499   0.01786   0.21964   0.14443   0.12086   0.36290   0.11997   0.07496   0.03234   0.03077   0.01228   0.02340   0.01869   0.00496   0.00156   0.01657   0.01374   0.00491   0.00866   0.06370  38.63182   0.00021   0.05316   0.07983   0.03622   0.02837   0.00940   0.01348   0.01701   0.00237   0.00877   0.20738   0.01083   0.10822   0.11095   0.09215   7.97665   1.41860  -0.12218   0.06900  999.00000  
106 29.9197  12747.692438  x:  0.55638   0.19291   0.01774   0.22170   0.14550   0.12169   0.36732   0.11806   0.07500   0.03231   0.03086   0.01234   0.02349   0.01876   0.00498   0.00157   0.01665   0.01378   0.00493   0.00869   0.06454  38.62571   0.00019   0.05434   0.08035   0.03623   0.02848   0.00943   0.01353   0.01707   0.00238   0.00880   0.21040   0.01101   0.10772   0.11087   0.09170   7.97427   1.42249  -0.10005   0.06870  999.00000  
107 35.8628  12747.681827  x:  0.55815   0.19178   0.01788   0.22207   0.14497   0.12184   0.36755   0.11889   0.07469   0.03237   0.03091   0.01236   0.02352   0.01879   0.00499   0.00157   0.01667   0.01379   0.00493   0.00870   0.06457  38.62395   0.00019   0.05461   0.08040   0.03629   0.02852   0.00945   0.01355   0.01709   0.00238   0.00881   0.21105   0.01081   0.10876   0.11116   0.09291   7.97359   1.42335  -0.09471   0.06866  999.00000  
108 18.7036  12747.675342  x:  0.56009   0.19102   0.01794   0.22203   0.14459   0.12193   0.36650   0.12030   0.07509   0.03240   0.03092   0.01236   0.02352   0.01879   0.00499   0.00157   0.01667   0.01380   0.00493   0.00870   0.06456  38.62238   0.00019   0.05429   0.08043   0.03630   0.02853   0.00945   0.01355   0.01709   0.00238   0.00881   0.21081   0.01091   0.10843   0.11107   0.09237   7.97302   1.42374  -0.09139   0.06859  999.00000  
109  8.8088  12747.670677  x:  0.56210   0.19103   0.01793   0.22182   0.14522   0.12177   0.36474   0.11991   0.07498   0.03239   0.03093   0.01236   0.02353   0.01880   0.00499   0.00157   0.01667   0.01380   0.00494   0.00871   0.06459  38.62058   0.00019   0.05441   0.08045   0.03630   0.02853   0.00945   0.01355   0.01709   0.00238   0.00881   0.20968   0.01092   0.10848   0.11118   0.09255   7.97239   1.42394  -0.08908   0.06857  999.00000  
110  5.9050  12747.669156  x:  0.56273   0.19180   0.01797   0.22195   0.14478   0.12179   0.36402   0.11958   0.07502   0.03240   0.03093   0.01236   0.02353   0.01880   0.00499   0.00157   0.01667   0.01380   0.00494   0.00871   0.06459  38.61903   0.00019   0.05440   0.08045   0.03630   0.02853   0.00945   0.01355   0.01709   0.00238   0.00881   0.21016   0.01092   0.10868   0.11094   0.09246   7.97187   1.42401  -0.08865   0.06856  999.00000  
111  2.1929  12747.667724  x:  0.56305   0.19234   0.01796   0.22208   0.14496   0.12177   0.36359   0.11969   0.07500   0.03241   0.03094   0.01237   0.02354   0.01880   0.00499   0.00157   0.01668   0.01381   0.00494   0.00871   0.06461  38.61687   0.00019   0.05444   0.08047   0.03631   0.02854   0.00945   0.01356   0.01710   0.00239   0.00882   0.21077   0.01089   0.10835   0.11140   0.09264   7.97114   1.42410  -0.08849   0.06856  999.00000  
112  3.4049  12747.662177  x:  0.56319   0.19275   0.01783   0.22225   0.14631   0.12183   0.36322   0.12030   0.07504   0.03243   0.03096   0.01237   0.02354   0.01881   0.00499   0.00157   0.01668   0.01381   0.00494   0.00871   0.06463  38.60655   0.00019   0.05444   0.08051   0.03634   0.02856   0.00946   0.01356   0.01711   0.00239   0.00882   0.21156   0.01090   0.10895   0.11088   0.09251   7.96770   1.42427  -0.08841   0.06859  999.00000  
113  5.4217  12746.732049  x:  0.55436   0.18812   0.01789   0.22017   0.14426   0.12065   0.35785   0.11843   0.07458   0.03233   0.03100   0.01229   0.02340   0.01884   0.00485   0.00141   0.01664   0.01368   0.00491   0.00873   0.06457  37.01046   0.00000   0.05416   0.08028   0.03624   0.02861   0.00945   0.01357   0.01699   0.00228   0.00887   0.20801   0.01108   0.10828   0.11061   0.09188   7.43878   1.43573  -0.07860   0.06915  999.00000  
114 30.5696  12746.732049  x:  0.55436   0.18812   0.01789   0.22017   0.14426   0.12065   0.35785   0.11843   0.07458   0.03233   0.03100   0.01229   0.02340   0.01884   0.00485   0.00141   0.01664   0.01368   0.00491   0.00873   0.06457  37.01046   0.00000   0.05416   0.08028   0.03624   0.02861   0.00945   0.01357   0.01699   0.00228   0.00887   0.20801   0.01108   0.10828   0.11061   0.09188   7.43878   1.43573  -0.07860   0.06915  999.00000  
115  9.2407  12746.730211  x:  0.55436   0.18812   0.01789   0.22017   0.14426   0.12065   0.35785   0.11843   0.07458   0.03233   0.03099   0.01229   0.02341   0.01884   0.00488   0.00148   0.01664   0.01369   0.00492   0.00873   0.06457  37.01046   0.00007   0.05416   0.08028   0.03624   0.02861   0.00945   0.01357   0.01700   0.00231   0.00886   0.20801   0.01108   0.10828   0.11061   0.09188   7.43878   1.43573  -0.07860   0.06916  999.00000  
116 36.7068  12746.729905  x:  0.55436   0.18812   0.01788   0.22017   0.14426   0.12065   0.35785   0.11843   0.07458   0.03233   0.03099   0.01230   0.02341   0.01883   0.00492   0.00146   0.01664   0.01370   0.00492   0.00872   0.06457  37.01045   0.00008   0.05416   0.08027   0.03624   0.02860   0.00944   0.01357   0.01701   0.00233   0.00885   0.20801   0.01107   0.10827   0.11061   0.09188   7.43880   1.43573  -0.07860   0.06917  999.00000  
117 10.7302  12746.729679  x:  0.55436   0.18812   0.01788   0.22017   0.14425   0.12066   0.35785   0.11842   0.07458   0.03233   0.03098   0.01231   0.02342   0.01881   0.00495   0.00147   0.01665   0.01373   0.00493   0.00872   0.06456  37.01044   0.00007   0.05416   0.08027   0.03624   0.02859   0.00944   0.01356   0.01702   0.00232   0.00883   0.20800   0.01105   0.10827   0.11060   0.09188   7.43883   1.43573  -0.07860   0.06919  999.00000  
118 10.0264  12746.729315  x:  0.55435   0.18812   0.01788   0.22015   0.14422   0.12069   0.35785   0.11840   0.07459   0.03234   0.03096   0.01233   0.02345   0.01878   0.00491   0.00146   0.01666   0.01377   0.00492   0.00871   0.06454  37.01040   0.00008   0.05417   0.08025   0.03623   0.02856   0.00944   0.01355   0.01705   0.00231   0.00881   0.20797   0.01102   0.10825   0.11059   0.09188   7.43893   1.43572  -0.07859   0.06924  999.00000  
119  8.3724  12746.729001  x:  0.55434   0.18811   0.01787   0.22014   0.14418   0.12073   0.35785   0.11837   0.07460   0.03234   0.03094   0.01233   0.02347   0.01877   0.00491   0.00146   0.01666   0.01376   0.00492   0.00872   0.06452  37.01035   0.00006   0.05417   0.08022   0.03623   0.02854   0.00944   0.01355   0.01706   0.00235   0.00885   0.20793   0.01099   0.10824   0.11058   0.09188   7.43907   1.43572  -0.07859   0.06926  999.00000  
120  8.9067  12746.728119  x:  0.55430   0.18809   0.01786   0.22008   0.14407   0.12086   0.35785   0.11828   0.07463   0.03235   0.03089   0.01233   0.02350   0.01876   0.00493   0.00146   0.01665   0.01372   0.00494   0.00875   0.06445  37.01020   0.00008   0.05419   0.08016   0.03623   0.02850   0.00946   0.01356   0.01707   0.00231   0.00892   0.20782   0.01094   0.10818   0.11054   0.09188   7.43950   1.43570  -0.07857   0.06928  999.00000  
121 37.1757  12746.725571  x:  0.55419   0.18804   0.01781   0.21993   0.14373   0.12121   0.35784   0.11802   0.07473   0.03237   0.03082   0.01231   0.02351   0.01882   0.00493   0.00146   0.01662   0.01363   0.00488   0.00870   0.06429  37.00970   0.00008   0.05423   0.07999   0.03623   0.02844   0.00947   0.01358   0.01702   0.00232   0.00881   0.20749   0.01089   0.10804   0.11043   0.09192   7.44086   1.43565  -0.07852   0.06919  999.00000  
122 35.5561  12746.723955  x:  0.55411   0.18800   0.01779   0.21983   0.14352   0.12142   0.35784   0.11786   0.07477   0.03238   0.03083   0.01230   0.02347   0.01883   0.00489   0.00146   0.01664   0.01369   0.00499   0.00870   0.06422  37.00937   0.00008   0.05423   0.07992   0.03623   0.02846   0.00945   0.01356   0.01699   0.00232   0.00879   0.20728   0.01093   0.10796   0.11037   0.09194   7.44178   1.43562  -0.07849   0.06913  999.00000  
123 51.2909  12746.721700  x:  0.55400   0.18794   0.01776   0.21970   0.14328   0.12165   0.35783   0.11767   0.07479   0.03237   0.03091   0.01231   0.02338   0.01882   0.00492   0.00146   0.01666   0.01381   0.00491   0.00873   0.06419  37.00888   0.00008   0.05422   0.07985   0.03623   0.02854   0.00941   0.01354   0.01698   0.00232   0.00885   0.20701   0.01106   0.10789   0.11031   0.09198   7.44311   1.43559  -0.07844   0.06908  999.00000  
124 69.1920  12746.717992  x:  0.55380   0.18784   0.01774   0.21953   0.14301   0.12185   0.35782   0.11749   0.07474   0.03232   0.03110   0.01230   0.02335   0.01871   0.00492   0.00146   0.01663   0.01368   0.00493   0.00868   0.06432  37.00802   0.00008   0.05413   0.07992   0.03624   0.02870   0.00950   0.01356   0.01708   0.00232   0.00884   0.20665   0.01122   0.10786   0.11030   0.09199   7.44547   1.43553  -0.07838   0.06926  999.00000  
125 37.7793  12746.709545  x:  0.55335   0.18761   0.01777   0.21924   0.14272   0.12198   0.35781   0.11731   0.07456   0.03223   0.03120   0.01223   0.02353   0.01881   0.00492   0.00147   0.01664   0.01362   0.00492   0.00887   0.06477  37.00596   0.00007   0.05392   0.08027   0.03626   0.02867   0.00924   0.01358   0.01703   0.00232   0.00878   0.20602   0.01117   0.10794   0.11039   0.09190   7.45110   1.43543  -0.07827   0.06935  999.00000  
126 61.6405  12746.697001  x:  0.55269   0.18728   0.01783   0.21888   0.14244   0.12202   0.35778   0.11718   0.07431   0.03214   0.03113   0.01225   0.02367   0.01893   0.00491   0.00146   0.01669   0.01376   0.00493   0.00858   0.06533  37.00287   0.00005   0.05370   0.08076   0.03625   0.02855   0.00938   0.01356   0.01694   0.00232   0.00889   0.20521   0.01098   0.10812   0.11057   0.09176   7.45953   1.43530  -0.07812   0.06921  999.00000  
127 224.1055  12746.683309  x:  0.55199   0.18697   0.01790   0.21860   0.14237   0.12187   0.35777   0.11724   0.07418   0.03214   0.03082   0.01240   0.02342   0.01877   0.00492   0.00146   0.01664   0.01379   0.00491   0.00886   0.06556  36.99939   0.00004   0.05367   0.08107   0.03618   0.02844   0.00969   0.01352   0.01702   0.00232   0.00876   0.20454   0.01092   0.10831   0.11074   0.09164   7.46903   1.43518  -0.07797   0.06898  999.00000  
128 203.5698  12746.651912  x:  0.55049   0.18636   0.01804   0.21816   0.14255   0.12130   0.35777   0.11765   0.07411   0.03223   0.03022   0.01252   0.02286   0.01843   0.00493   0.00146   0.01653   0.01357   0.00492   0.00864   0.06541  36.99155   0.00004   0.05392   0.08129   0.03594   0.02829   0.00922   0.01349   0.01717   0.00231   0.00886   0.20344   0.01109   0.10866   0.11103   0.09149   7.49038   1.43493  -0.07767   0.06892  999.00000  
129 350.9759  12746.563164  x:  0.54643   0.18491   0.01826   0.21730   0.14352   0.11949   0.35780   0.11923   0.07423   0.03238   0.03011   0.01212   0.02327   0.01905   0.00493   0.00146   0.01681   0.01378   0.00492   0.00874   0.06397  36.96902   0.00010   0.05492   0.08093   0.03548   0.02863   0.00950   0.01364   0.01683   0.00232   0.00883   0.20112   0.01162   0.10923   0.11146   0.09123   7.55173   1.43432  -0.07689   0.06945  999.00000  
130 584.3651  12746.515787  x:  0.54450   0.18443   0.01833   0.21715   0.14413   0.11881   0.35787   0.12011   0.07433   0.03239   0.03110   0.01258   0.02377   0.01879   0.00493   0.00146   0.01651   0.01366   0.00492   0.00871   0.06344  36.95687   0.00012   0.05520   0.08045   0.03570   0.02867   0.00939   0.01347   0.01701   0.00231   0.00883   0.20047   0.01127   0.10917   0.11136   0.09120   7.58477   1.43409  -0.07657   0.06885  999.00000  
131 656.2094  12746.465618  x:  0.54307   0.18453   0.01827   0.21748   0.14472   0.11876   0.35804   0.12090   0.07435   0.03227   0.03161   0.01168   0.02326   0.01846   0.00494   0.00147   0.01661   0.01375   0.00491   0.00871   0.06365  36.94455   0.00012   0.05482   0.07978   0.03637   0.02837   0.00942   0.01360   0.01708   0.00231   0.00882   0.20081   0.01067   0.10856   0.11078   0.09140   7.61818   1.43398  -0.07637   0.06872  999.00000  
132 428.8348  12746.386424  x:  0.54133   0.18532   0.01804   0.21848   0.14549   0.11935   0.35843   0.12192   0.07437   0.03216   0.03134   0.01255   0.02276   0.01907   0.00495   0.00147   0.01671   0.01365   0.00492   0.00873   0.06450  36.92404   0.00009   0.05372   0.07885   0.03708   0.02813   0.00947   0.01341   0.01678   0.00232   0.00883   0.20236   0.01073   0.10733   0.10962   0.09205   7.67372   1.43396  -0.07619   0.06917  999.00000  
133 693.2898  12746.321184  x:  0.54044   0.18643   0.01783   0.21953   0.14584   0.12024   0.35886   0.12236   0.07451   0.03224   0.03041   0.01238   0.02370   0.01882   0.00496   0.00146   0.01648   0.01377   0.00491   0.00872   0.06511  36.90699   0.00008   0.05301   0.07868   0.03686   0.02855   0.00939   0.01366   0.01716   0.00231   0.00885   0.20423   0.01139   0.10663   0.10899   0.09263   7.71977   1.43411  -0.07620   0.06868  999.00000  
134 748.1005  12746.238981  x:  0.54061   0.18862   0.01756   0.22108   0.14554   0.12179   0.35961   0.12188   0.07502   0.03247   0.03064   0.01222   0.02371   0.01840   0.00499   0.00147   0.01693   0.01351   0.00492   0.00873   0.06491  36.88577   0.00009   0.05327   0.07992   0.03549   0.02898   0.00943   0.01295   0.01656   0.00232   0.00884   0.20725   0.01091   0.10688   0.10940   0.09278   7.77685   1.43455  -0.07646   0.06864  999.00000  
135 459.7443  12746.174312  x:  0.54115   0.19053   0.01737   0.22229   0.14512   0.12295   0.36029   0.12118   0.07541   0.03254   0.03110   0.01241   0.02334   0.01882   0.00500   0.00147   0.01668   0.01376   0.00492   0.00875   0.06452  36.86875   0.00011   0.05378   0.08107   0.03488   0.02887   0.00938   0.01387   0.01691   0.00231   0.00887   0.20973   0.01054   0.10741   0.11005   0.09276   7.82254   1.43498  -0.07675   0.06872  999.00000  
136 1136.7498  12746.137575  x:  0.54211   0.19175   0.01738   0.22282   0.14472   0.12326   0.36080   0.12043   0.07543   0.03236   0.03112   0.01220   0.02340   0.01911   0.00500   0.00148   0.01635   0.01380   0.00493   0.00875   0.06423  36.85913   0.00012   0.05430   0.08145   0.03584   0.02840   0.00944   0.01333   0.01726   0.00232   0.00887   0.21102   0.01092   0.10807   0.11075   0.09264   7.84820   1.43531  -0.07698   0.06877  999.00000  
137 413.7092  12746.114858  x:  0.54320   0.19254   0.01748   0.22300   0.14445   0.12315   0.36122   0.11978   0.07524   0.03230   0.03101   0.01238   0.02356   0.01877   0.00501   0.00147   0.01680   0.01371   0.00493   0.00876   0.06416  36.85310   0.00012   0.05461   0.08128   0.03668   0.02835   0.00943   0.01365   0.01695   0.00232   0.00888   0.21166   0.01111   0.10857   0.11126   0.09247   7.86417   1.43556  -0.07717   0.06871  999.00000  
138 333.5649  12746.084337  x:  0.54580   0.19359   0.01775   0.22288   0.14413   0.12234   0.36199   0.11867   0.07453   0.03251   0.03078   0.01239   0.02348   0.01884   0.00501   0.00147   0.01647   0.01379   0.00493   0.00876   0.06450  36.84493   0.00011   0.05473   0.08010   0.03680   0.02910   0.00938   0.01360   0.01688   0.00232   0.00888   0.21207   0.01066   0.10909   0.11178   0.09208   7.88551   1.43597  -0.07751   0.06875  999.00000  
139 184.5691  12746.064136  x:  0.54812   0.19416   0.01791   0.22261   0.14404   0.12158   0.36260   0.11802   0.07410   0.03250   0.03096   0.01236   0.02347   0.01899   0.00501   0.00147   0.01687   0.01366   0.00493   0.00875   0.06472  36.83944   0.00011   0.05467   0.07943   0.03623   0.02867   0.00941   0.01354   0.01723   0.00232   0.00888   0.21209   0.01088   0.10914   0.11181   0.09200   7.89965   1.43631  -0.07779   0.06854  999.00000  
140 198.7082  12746.049427  x:  0.55021   0.19442   0.01796   0.22230   0.14410   0.12100   0.36309   0.11775   0.07401   0.03234   0.03108   0.01233   0.02350   0.01878   0.00502   0.00148   0.01650   0.01377   0.00493   0.00876   0.06474  36.83541   0.00011   0.05464   0.07941   0.03592   0.02824   0.00945   0.01360   0.01685   0.00232   0.00887   0.21192   0.01112   0.10891   0.11156   0.09205   7.90987   1.43659  -0.07802   0.06858  999.00000  
141 179.0783  12746.015639  x:  0.55594   0.19452   0.01798   0.22136   0.14451   0.11988   0.36426   0.11770   0.07450   0.03202   0.03091   0.01235   0.02346   0.01887   0.00502   0.00148   0.01664   0.01372   0.00492   0.00875   0.06438  36.82594   0.00012   0.05467   0.08060   0.03615   0.02865   0.00939   0.01357   0.01699   0.00232   0.00888   0.21106   0.01093   0.10785   0.11045   0.09228   7.93348   1.43734  -0.07869   0.06845  999.00000  
142 164.0296  12746.003953  x:  0.55837   0.19399   0.01818   0.22118   0.14482   0.12033   0.36459   0.11837   0.07489   0.03295   0.03101   0.01233   0.02350   0.01888   0.00502   0.00147   0.01664   0.01374   0.00493   0.00876   0.06447  36.82250   0.00012   0.05447   0.08070   0.03631   0.02857   0.00941   0.01358   0.01700   0.00232   0.00888   0.21059   0.01099   0.10797   0.11056   0.09238   7.94166   1.43767  -0.07900   0.06851  999.00000  
143 58.4560  12745.990394  x:  0.56143   0.19288   0.01818   0.22121   0.14519   0.12141   0.36486   0.11964   0.07527   0.03238   0.03099   0.01234   0.02349   0.01888   0.00503   0.00148   0.01663   0.01374   0.00493   0.00876   0.06444  36.81838   0.00012   0.05407   0.08038   0.03626   0.02862   0.00940   0.01358   0.01700   0.00232   0.00889   0.21001   0.01094   0.10854   0.11113   0.09248   7.95103   1.43806  -0.07937   0.06850  999.00000  
144 67.6528  12745.988432  x:  0.56193   0.19242   0.01769   0.22148   0.14506   0.12147   0.36479   0.11981   0.07506   0.03243   0.03099   0.01234   0.02349   0.01888   0.00503   0.00148   0.01663   0.01374   0.00493   0.00876   0.06449  36.81763   0.00012   0.05423   0.08036   0.03626   0.02861   0.00940   0.01358   0.01700   0.00232   0.00889   0.21000   0.01094   0.10853   0.11115   0.09241   7.95233   1.43806  -0.07940   0.06848  999.00000  
145 10.6283  12745.986628  x:  0.56241   0.19167   0.01794   0.22203   0.14486   0.12153   0.36458   0.11981   0.07469   0.03241   0.03098   0.01234   0.02349   0.01888   0.00503   0.00148   0.01664   0.01374   0.00493   0.00876   0.06448  36.81670   0.00012   0.05449   0.08040   0.03625   0.02861   0.00940   0.01358   0.01700   0.00232   0.00889   0.21008   0.01097   0.10839   0.11103   0.09230   7.95345   1.43800  -0.07937   0.06848  999.00000  
146  7.4803  12745.985587  x:  0.56265   0.19107   0.01796   0.22232   0.14476   0.12131   0.36427   0.11947   0.07500   0.03242   0.03099   0.01234   0.02349   0.01888   0.00503   0.00148   0.01664   0.01374   0.00493   0.00876   0.06447  36.81568   0.00012   0.05427   0.08039   0.03625   0.02861   0.00940   0.01358   0.01700   0.00232   0.00888   0.21027   0.01095   0.10848   0.11103   0.09243   7.95393   1.43782  -0.07926   0.06848  999.00000  
147  2.9110  12745.983442  x:  0.56300   0.19069   0.01790   0.22175   0.14517   0.12149   0.36345   0.11914   0.07499   0.03243   0.03099   0.01234   0.02349   0.01888   0.00502   0.00148   0.01664   0.01374   0.00493   0.00876   0.06441  36.81184   0.00012   0.05419   0.08040   0.03626   0.02861   0.00940   0.01358   0.01700   0.00232   0.00889   0.21080   0.01101   0.10832   0.11114   0.09199   7.95431   1.43705  -0.07878   0.06846  999.00000  
148  2.2546  12745.979591  x:  0.56352   0.19066   0.01797   0.22109   0.14523   0.12159   0.36236   0.11920   0.07488   0.03239   0.03099   0.01235   0.02350   0.01889   0.00503   0.00148   0.01665   0.01374   0.00493   0.00877   0.06467  36.80424   0.00011   0.05469   0.08039   0.03625   0.02863   0.00941   0.01359   0.01700   0.00232   0.00889   0.21127   0.01091   0.10857   0.11102   0.09266   7.95473   1.43567  -0.07794   0.06845  999.00000  
149 10.9294  12745.971472  x:  0.56440   0.19144   0.01802   0.22118   0.14474   0.12146   0.36108   0.11984   0.07441   0.03254   0.03102   0.01235   0.02350   0.01890   0.00503   0.00148   0.01665   0.01376   0.00493   0.00877   0.06413  36.78762   0.00014   0.05408   0.08060   0.03632   0.02864   0.00941   0.01359   0.01701   0.00232   0.00889   0.21129   0.01085   0.10886   0.11100   0.09297   7.95537   1.43295  -0.07628   0.06836  999.00000  
150 23.7131  12745.953787  x:  0.56603   0.19325   0.01821   0.22240   0.14414   0.12121   0.35940   0.12097   0.07544   0.03247   0.03107   0.01237   0.02354   0.01892   0.00503   0.00148   0.01667   0.01378   0.00494   0.00878   0.06471  36.75080   0.00012   0.05436   0.08057   0.03632   0.02868   0.00943   0.01362   0.01704   0.00232   0.00890   0.21064   0.01104   0.10872   0.11122   0.09221   7.95660   1.42739  -0.07288   0.06822  999.00000  
151 79.1611  12745.927111  x:  0.56746   0.19433   0.01778   0.22457   0.14668   0.12202   0.36062   0.11991   0.07517   0.03255   0.03113   0.01240   0.02360   0.01896   0.00504   0.00148   0.01672   0.01380   0.00495   0.00880   0.06479  36.69425   0.00013   0.05468   0.08083   0.03639   0.02875   0.00945   0.01365   0.01708   0.00233   0.00892   0.20929   0.01101   0.10872   0.11190   0.09311   7.95809   1.42085  -0.06875   0.06809  999.00000  
152 57.1581  12745.848094  x:  0.56928   0.19234   0.01787   0.22431   0.14667   0.12285   0.37141   0.12032   0.07566   0.03268   0.03127   0.01244   0.02369   0.01903   0.00505   0.00149   0.01679   0.01386   0.00497   0.00883   0.06505  36.52443   0.00014   0.05479   0.08116   0.03652   0.02886   0.00950   0.01370   0.01715   0.00234   0.00895   0.21192   0.01111   0.11081   0.11052   0.09255   7.96183   1.40715  -0.05932   0.06766  999.00000  
153 84.4814  12745.816306  x:  0.56966   0.19154   0.01812   0.22382   0.14587   0.12258   0.37448   0.12085   0.07575   0.03273   0.03129   0.01246   0.02371   0.01905   0.00505   0.00149   0.01680   0.01387   0.00498   0.00884   0.06512  36.45590   0.00014   0.05481   0.08127   0.03657   0.02889   0.00951   0.01371   0.01718   0.00234   0.00896   0.21300   0.01099   0.10890   0.11297   0.09356   7.96320   1.40395  -0.05665   0.06756  999.00000  
154 157.8595  12733.439587  x:  0.56083   0.19030   0.01821   0.22219   0.14556   0.12208   0.37476   0.12235   0.07536   0.03245   0.03115   0.01171   0.02305   0.01767   0.00318   0.00124   0.01702   0.01368   0.00484   0.00808   0.06510  17.78891   0.00108   0.05450   0.08125   0.03667   0.02839   0.01023   0.01348   0.01789   0.00228   0.00815   0.20681   0.01041   0.10910   0.11268   0.09332   8.28124   1.57695   0.16202   0.06808  999.00000  
155 104.6390  12733.260991  x:  0.56520   0.19136   0.01826   0.22361   0.14651   0.12286   0.37668   0.12312   0.07589   0.03264   0.03135   0.01182   0.02321   0.01784   0.00334   0.00128   0.01712   0.01378   0.00488   0.00817   0.06553  17.32566   0.00103   0.05483   0.08179   0.03687   0.02859   0.01027   0.01357   0.01797   0.00230   0.00824   0.20805   0.01049   0.10986   0.11334   0.09390   8.26862   1.62388   0.24398   0.06756  999.00000  
156 10.3612  12732.211052  x:  0.56081   0.19012   0.01808   0.22207   0.14549   0.12202   0.36973   0.12146   0.07536   0.03251   0.03115   0.01198   0.02325   0.01822   0.00442   0.00136   0.01692   0.01373   0.00489   0.00840   0.06469  14.35261   0.00104   0.05451   0.08111   0.03653   0.02852   0.00998   0.01354   0.01760   0.00230   0.00849   0.20752   0.01067   0.10914   0.11214   0.09299   8.09261   1.66544   0.24386   0.06791  999.00000  
157 11.8870  12731.569891  x:  0.55710   0.18905   0.01787   0.22058   0.14435   0.12108   0.36122   0.11933   0.07478   0.03236   0.03095   0.01223   0.02337   0.01874   0.00519   0.00146   0.01666   0.01370   0.00491   0.00869   0.06379  15.73604   0.00085   0.05416   0.08032   0.03614   0.02849   0.00954   0.01353   0.01710   0.00231   0.00882   0.20768   0.01093   0.10833   0.11072   0.09198   7.83729   1.68159   0.20383   0.06830  999.00000  
158  2.7521  12731.543680  x:  0.55862   0.18915   0.01784   0.22077   0.14425   0.12104   0.36062   0.11904   0.07481   0.03235   0.03096   0.01229   0.02343   0.01880   0.00495   0.00147   0.01663   0.01372   0.00492   0.00872   0.06363  15.38492   0.00083   0.05413   0.08032   0.03611   0.02855   0.00944   0.01355   0.01701   0.00232   0.00885   0.20828   0.01098   0.10829   0.11070   0.09199   7.77625   1.69078   0.21378   0.06822  999.00000  
159  0.4128  12731.543342  x:  0.55916   0.18925   0.01785   0.22087   0.14426   0.12106   0.36090   0.11905   0.07482   0.03235   0.03097   0.01228   0.02343   0.01879   0.00491   0.00146   0.01664   0.01372   0.00492   0.00871   0.06363  15.38471   0.00084   0.05414   0.08035   0.03612   0.02855   0.00945   0.01355   0.01702   0.00232   0.00883   0.20841   0.01098   0.10831   0.11074   0.09203   7.77915   1.68949   0.21393   0.06820  999.00000  
160  0.0031  12731.543338  x:  0.55913   0.18924   0.01785   0.22086   0.14426   0.12106   0.36088   0.11905   0.07482   0.03235   0.03097   0.01228   0.02343   0.01879   0.00491   0.00146   0.01664   0.01372   0.00492   0.00871   0.06364  15.38882   0.00084   0.05414   0.08034   0.03612   0.02855   0.00945   0.01355   0.01702   0.00232   0.00883   0.20840   0.01097   0.10831   0.11074   0.09203   7.77891   1.68938   0.21374   0.06820  999.00000  
161  0.0035  12731.543338  x:  0.55913   0.18924   0.01785   0.22086   0.14426   0.12106   0.36088   0.11905   0.07482   0.03235   0.03097   0.01228   0.02343   0.01879   0.00491   0.00146   0.01664   0.01372   0.00492   0.00871   0.06364  15.38885   0.00084   0.05414   0.08034   0.03612   0.02855   0.00945   0.01355   0.01702   0.00232   0.00883   0.20840   0.01097   0.10831   0.11074   0.09203   7.77893   1.68939   0.21373   0.06820  999.00000  