

TREE # 1

  0  0.0000  13452.411957  x:  0.36826   0.07062   0.00720   0.13921   0.12976   0.10564   0.17512   0.07302   0.07041   0.01860   0.03711   0.00956   0.01947   0.01673   0.00903   0.01422   0.02413   0.01472   0.01167   0.01334   0.06697   0.30034   0.00000   0.03920   0.06707   0.03865   0.03363   0.00938   0.02524   0.01451   0.00507   0.01040   0.12469   0.00873   0.10201   0.08664   0.06768   3.00000   1.39835   0.16116   0.29812  
  1 99.0000  13420.052081  x:  0.36978   0.07647   0.01354   0.14191   0.12999   0.10644   0.17858   0.07618   0.07062   0.02360   0.03597   0.01115   0.02063   0.01782   0.00486   0.00668   0.02109   0.01385   0.00609   0.00996   0.06663   0.30215   0.00612   0.04138   0.06828   0.03816   0.03222   0.00893   0.02085   0.01579   0.00000   0.00874   0.12729   0.01368   0.10249   0.08805   0.06962   3.00107   1.39919   0.16033   0.28500  
  2 1982.5810  13401.106169  x:  0.37099   0.08115   0.01859   0.14407   0.13018   0.10708   0.18135   0.07871   0.07079   0.02758   0.03507   0.01240   0.02155   0.01868   0.00157   0.00065   0.01867   0.01317   0.00167   0.00728   0.06635   0.30360   0.01091   0.04312   0.06925   0.03777   0.03111   0.00858   0.01735   0.01682   0.00044   0.00746   0.12937   0.01761   0.10287   0.08917   0.07116   3.00192   1.39986   0.15966   0.27449  
  3 35242.5867  13393.549183  x:  0.37151   0.08303   0.02020   0.14495   0.13024   0.10731   0.18251   0.07973   0.07084   0.02887   0.03469   0.01274   0.02192   0.01896   0.00287   0.00000   0.01785   0.01303   0.00263   0.00675   0.06615   0.30421   0.01175   0.04378   0.06964   0.03763   0.03069   0.00854   0.01610   0.01712   0.00050   0.00729   0.13022   0.01876   0.10302   0.08963   0.07174   3.00229   1.40015   0.15937   0.26993  
  4 4481.9936  13353.153258  x:  0.37619   0.09993   0.03496   0.15293   0.13077   0.10939   0.19290   0.08895   0.07134   0.04067   0.03130   0.01597   0.02522   0.02149   0.01210   0.00188   0.01043   0.01177   0.00893   0.00166   0.06444   0.30974   0.01996   0.04975   0.07316   0.03634   0.02695   0.00810   0.00471   0.01988   0.00110   0.00560   0.13791   0.02938   0.10437   0.09373   0.07701   3.00563   1.40276   0.15677   0.22899  
  5 74942.2455  13322.289279  x:  0.38127   0.11726   0.04845   0.16127   0.13127   0.11136   0.20387   0.09840   0.07177   0.05117   0.02804   0.01831   0.02806   0.02342   0.01739   0.00286   0.00597   0.01141   0.01213   0.01509   0.06242   0.31571   0.02539   0.05560   0.07676   0.03524   0.02360   0.00840   0.00129   0.02209   0.00148   0.00635   0.14595   0.03848   0.10577   0.09797   0.08218   3.00928   1.40560   0.15395   0.18456  
  6 10788.8062  13291.943636  x:  0.38711   0.13691   0.06346   0.17077   0.13185   0.11357   0.21639   0.10909   0.07225   0.06276   0.02452   0.02075   0.03111   0.02543   0.02325   0.00391   0.00348   0.01126   0.01562   0.02308   0.06010   0.32259   0.03108   0.06215   0.08084   0.03407   0.02012   0.00892   0.01088   0.02449   0.00189   0.00714   0.15511   0.04847   0.10736   0.10278   0.08796   3.01350   1.40885   0.15072   0.13372  
  7 26284.5164  13277.252734  x:  0.39027   0.14621   0.06914   0.17545   0.13214   0.11445   0.22270   0.11409   0.07241   0.06672   0.02361   0.02092   0.03188   0.02559   0.02469   0.00412   0.01450   0.01232   0.01633   0.02446   0.05886   0.32627   0.03121   0.06489   0.08269   0.03382   0.01990   0.00956   0.01126   0.02472   0.00197   0.00825   0.15960   0.05157   0.10812   0.10506   0.09038   3.01581   1.41051   0.14908   0.10877  
  8 6943.3266  13257.937466  x:  0.39708   0.15841   0.06702   0.18271   0.13252   0.11434   0.23351   0.11997   0.07203   0.06167   0.02767   0.01496   0.02804   0.02066   0.01990   0.00332   0.00962   0.01527   0.01275   0.01938   0.05663   0.33398   0.01374   0.06602   0.08438   0.03536   0.02820   0.01174   0.00870   0.01932   0.00150   0.01144   0.16642   0.04459   0.10899   0.10786   0.09119   3.02105   1.41315   0.14647   0.08089  
  9 1326.5228  13249.920894  x:  0.40330   0.17033   0.06716   0.18917   0.13243   0.11412   0.24357   0.12535   0.07146   0.05940   0.02687   0.01458   0.02724   0.02087   0.01747   0.00305   0.00968   0.01176   0.01211   0.01871   0.05549   0.34089   0.00245   0.06715   0.08541   0.03471   0.02367   0.00741   0.00845   0.01963   0.00133   0.00498   0.17252   0.04046   0.10922   0.10987   0.09216   3.02630   1.41517   0.14447   0.07919  
 10 766.4324  13246.720210  x:  0.40600   0.17553   0.06736   0.19191   0.13235   0.11399   0.24794   0.12760   0.07119   0.05866   0.02645   0.01482   0.02715   0.02118   0.01664   0.00297   0.00965   0.01125   0.01204   0.01827   0.05542   0.34392   0.00000   0.06762   0.08580   0.03437   0.02204   0.00750   0.00834   0.01998   0.00127   0.00708   0.17510   0.03889   0.10927   0.11066   0.09258   3.02869   1.41605   0.14361   0.08028  
 11 1459.3007  13227.431793  x:  0.43638   0.22932   0.06064   0.22102   0.13130   0.11154   0.29528   0.14987   0.06810   0.04296   0.02713   0.01230   0.02328   0.01986   0.01124   0.00279   0.01013   0.01546   0.01634   0.01773   0.05758   0.37822   0.00615   0.07051   0.08910   0.03297   0.01885   0.01562   0.00842   0.01849   0.00126   0.00750   0.20229   0.01319   0.10961   0.11843   0.09514   3.05604   1.42579   0.13401   0.09270  
 12 2059.6879  13222.815845  x:  0.44566   0.24277   0.05556   0.22780   0.13142   0.11088   0.30830   0.15339   0.06822   0.04040   0.03016   0.01686   0.02688   0.02171   0.01346   0.00288   0.01070   0.01401   0.01469   0.01840   0.06017   0.38877   0.00734   0.07027   0.08913   0.03493   0.02975   0.00894   0.00887   0.02024   0.00126   0.00915   0.20856   0.01236   0.11024   0.11958   0.09677   3.06655   1.42905   0.13081   0.09687  
 13 801.8717  13219.864642  x:  0.45468   0.25006   0.04538   0.23046   0.13274   0.11104   0.31826   0.15064   0.06995   0.04243   0.03079   0.01519   0.03006   0.02250   0.01709   0.00294   0.01092   0.01582   0.01098   0.01881   0.06497   0.39913   0.00508   0.06784   0.08786   0.03857   0.03155   0.01395   0.00903   0.02069   0.00124   0.00706   0.21082   0.02241   0.11184   0.11866   0.09926   3.08114   1.43262   0.12733   0.09971  
 14 382.5747  13217.018262  x:  0.46429   0.25368   0.03235   0.23091   0.13517   0.11241   0.32699   0.14388   0.07256   0.04457   0.03044   0.01268   0.02888   0.02089   0.01729   0.00294   0.01079   0.01507   0.01074   0.01847   0.06947   0.41021   0.00756   0.06450   0.08596   0.04078   0.02680   0.00887   0.00892   0.01918   0.00124   0.00943   0.21062   0.02798   0.11363   0.11672   0.10021   3.09994   1.43663   0.12343   0.09866  
 15 516.9677  13214.675736  x:  0.47404   0.25429   0.02343   0.22946   0.13868   0.11606   0.33439   0.13417   0.07539   0.04733   0.02979   0.02041   0.02703   0.02221   0.01411   0.00282   0.01060   0.01250   0.01348   0.01807   0.07045   0.42126   0.00798   0.06179   0.08436   0.03949   0.02512   0.01128   0.00867   0.02151   0.00123   0.00938   0.20824   0.02813   0.11490   0.11438   0.09931   3.12360   1.44116   0.11904   0.09638  
 16 489.0516  13211.362179  x:  0.48877   0.25280   0.02462   0.22581   0.14493   0.12489   0.34434   0.11819   0.07886   0.05304   0.02513   0.02017   0.02892   0.02509   0.01242   0.00276   0.01015   0.02048   0.01492   0.01801   0.06687   0.43739   0.00685   0.06070   0.08382   0.03465   0.02662   0.00929   0.00865   0.02357   0.00122   0.00874   0.20309   0.02576   0.11576   0.11169   0.09716   3.16720   1.44883   0.11163   0.09679  
 17 523.9265  13207.106934  x:  0.50565   0.24893   0.03269   0.22078   0.15134   0.13487   0.35476   0.10111   0.08164   0.05756   0.02688   0.01466   0.03126   0.02364   0.01503   0.00293   0.01080   0.01287   0.01336   0.01868   0.06133   0.45522   0.00764   0.06138   0.08514   0.03281   0.02864   0.01141   0.00894   0.02118   0.00127   0.00917   0.19710   0.02258   0.11602   0.11003   0.09511   3.22458   1.45839   0.10240   0.09832  
 18 949.3603  13204.001691  x:  0.51709   0.24177   0.04115   0.21588   0.15244   0.13787   0.35992   0.09545   0.08087   0.05480   0.03469   0.01960   0.02864   0.02007   0.01800   0.00304   0.01085   0.01646   0.01131   0.01914   0.05928   0.46579   0.00745   0.06423   0.08802   0.03952   0.02453   0.01051   0.00912   0.01983   0.00130   0.00903   0.19445   0.02342   0.11513   0.11172   0.09569   3.27942   1.46664   0.09448   0.09933  
 19 583.7527  13195.143064  x:  0.54287   0.21378   0.05502   0.20220   0.14656   0.13271   0.36640   0.10002   0.07347   0.03776   0.02748   0.01669   0.02108   0.02846   0.01530   0.00309   0.01075   0.01379   0.01488   0.01905   0.06432   0.48565   0.00817   0.07137   0.09298   0.05028   0.02507   0.01014   0.00894   0.02717   0.00134   0.00979   0.19317   0.02925   0.11171   0.12025   0.10059   3.44603   1.48967   0.07245   0.09787  
 20 854.8008  13184.544754  x:  0.56937   0.17832   0.06236   0.19022   0.13537   0.11790   0.36894   0.11869   0.06413   0.03435   0.02332   0.02096   0.03917   0.02077   0.01092   0.00293   0.01040   0.01320   0.01879   0.01863   0.07278   0.50166   0.00759   0.07606   0.09185   0.04040   0.02263   0.01055   0.00875   0.01931   0.00137   0.00956   0.19654   0.02942   0.10801   0.12844   0.10454   3.66544   1.51813   0.04533   0.09620  
 21 1626.0777  13175.743755  x:  0.58414   0.15610   0.06290   0.18911   0.12735   0.10416   0.36642   0.13871   0.06181   0.05120   0.03241   0.01808   0.02950   0.02279   0.01582   0.00309   0.01059   0.01402   0.01449   0.01915   0.07396   0.50528   0.00691   0.07661   0.08703   0.02634   0.02344   0.01030   0.00894   0.02310   0.00136   0.00923   0.20187   0.02510   0.10659   0.12984   0.10442   3.84756   1.53999   0.02459   0.09718  
 22 1670.0298  13167.620886  x:  0.58761   0.14931   0.06043   0.19984   0.12647   0.09819   0.35753   0.15573   0.06860   0.06774   0.02130   0.02074   0.02469   0.02053   0.01830   0.00314   0.01072   0.01352   0.01193   0.01931   0.06248   0.49482   0.00715   0.07251   0.08302   0.04056   0.02648   0.01077   0.00906   0.01718   0.00136   0.00897   0.20666   0.01869   0.10826   0.12215   0.09949   4.02303   1.55840   0.00728   0.09944  
 23 1191.8102  13158.387461  x:  0.58210   0.15514   0.05463   0.21882   0.13144   0.10150   0.34146   0.16880   0.07743   0.06697   0.03047   0.01442   0.03620   0.02461   0.01308   0.00298   0.01029   0.01387   0.01625   0.01867   0.04814   0.47035   0.00905   0.06192   0.08009   0.05027   0.02267   0.01083   0.00872   0.02748   0.00132   0.00961   0.20985   0.01684   0.11217   0.10880   0.09323   4.23829   1.57856  -0.01148   0.09847  
 24 1573.3879  13142.725272  x:  0.56031   0.18780   0.05278   0.24993   0.14426   0.12124   0.31306   0.17474   0.08759   0.04613   0.02963   0.01813   0.02674   0.02136   0.01398   0.00305   0.01050   0.01365   0.01585   0.01890   0.04991   0.41886   0.00947   0.04750   0.08133   0.03221   0.02494   0.00989   0.00893   0.01780   0.00135   0.00962   0.21039   0.03094   0.11832   0.09460   0.09033   4.58221   1.60703  -0.03769   0.10049  
 25 1760.9182  13135.659444  x:  0.53938   0.21479   0.04559   0.25672   0.14509   0.12637   0.30007   0.16279   0.08524   0.04644   0.02590   0.01794   0.02937   0.01704   0.01955   0.00300   0.01028   0.01360   0.00874   0.01831   0.06842   0.39070   0.00827   0.05484   0.08552   0.03340   0.02357   0.01051   0.00860   0.02550   0.00123   0.00915   0.20593   0.01942   0.11651   0.10384   0.08987   4.74709   1.61748  -0.04701   0.09884  
 26 1053.1387  13131.881914  x:  0.52367   0.23367   0.04057   0.25657   0.14245   0.12537   0.29472   0.15253   0.07950   0.05106   0.02938   0.01694   0.03025   0.02550   0.01613   0.00291   0.01030   0.01403   0.01157   0.01818   0.07295   0.37614   0.00742   0.06175   0.08685   0.03583   0.02388   0.01060   0.00864   0.01781   0.00123   0.00864   0.20342   0.01624   0.11361   0.11240   0.09305   4.83726   1.62171  -0.05058   0.09929  
 27 1259.9619  13128.821641  x:  0.50626   0.25189   0.03588   0.25174   0.13719   0.11985   0.29331   0.14209   0.07053   0.05410   0.02941   0.01540   0.02815   0.01881   0.01164   0.00285   0.01046   0.01406   0.01610   0.01822   0.06477   0.36760   0.00735   0.06694   0.08502   0.03543   0.02695   0.01034   0.00872   0.01997   0.00124   0.00841   0.20256   0.01936   0.10957   0.11902   0.09856   4.90800   1.62302  -0.05136   0.10085  
 28 768.2859  13127.159190  x:  0.49236   0.26223   0.03196   0.24514   0.13305   0.11397   0.29444   0.13593   0.06545   0.05040   0.02745   0.01638   0.02896   0.02086   0.01576   0.00284   0.01027   0.01405   0.01128   0.01786   0.05616   0.36608   0.00849   0.06707   0.08181   0.03338   0.02537   0.01037   0.00854   0.01960   0.00120   0.00885   0.20311   0.01829   0.10667   0.11923   0.10010   4.94722   1.62209  -0.05009   0.09936  
 29 488.1568  13125.101075  x:  0.46031   0.27691   0.03738   0.22684   0.12874   0.10450   0.30258   0.13260   0.07124   0.04906   0.02835   0.01574   0.02835   0.02042   0.01480   0.00285   0.01029   0.01421   0.01236   0.01796   0.06102   0.37429   0.00751   0.06251   0.07728   0.03458   0.02581   0.01044   0.00859   0.01936   0.00120   0.00845   0.20813   0.01702   0.10430   0.10711   0.09558   4.99803   1.61586  -0.04329   0.09829  
 30 195.8840  13124.389046  x:  0.44215   0.27738   0.03475   0.22098   0.13271   0.10737   0.30824   0.13641   0.07239   0.05004   0.02845   0.01568   0.02850   0.02045   0.01488   0.00284   0.01033   0.01430   0.01217   0.01795   0.05963   0.38201   0.00763   0.06008   0.08490   0.03412   0.02611   0.01042   0.00860   0.01939   0.00119   0.00851   0.21009   0.01696   0.11099   0.11126   0.09414   5.01717   1.60986  -0.03694   0.09878  
 31 99.1236  13123.977870  x:  0.43001   0.27399   0.03301   0.22312   0.13712   0.11398   0.31368   0.13992   0.07205   0.04992   0.02870   0.01568   0.02853   0.02049   0.01502   0.00284   0.01036   0.01428   0.01200   0.01796   0.05986   0.38832   0.00763   0.06357   0.07948   0.03467   0.02612   0.01051   0.00862   0.01941   0.00119   0.00855   0.20981   0.01692   0.10964   0.11356   0.09619   5.02884   1.60242  -0.02915   0.09881  
 32 71.5694  13123.738598  x:  0.42532   0.27034   0.03252   0.22938   0.13615   0.11536   0.31864   0.13955   0.06932   0.05061   0.02861   0.01577   0.02861   0.02058   0.01501   0.00284   0.01038   0.01428   0.01203   0.01797   0.06074   0.39148   0.00756   0.06318   0.08294   0.03470   0.02619   0.01047   0.00862   0.01948   0.00119   0.00856   0.20782   0.01701   0.10580   0.11103   0.09741   5.03647   1.59343  -0.01977   0.09833  
 33 46.7850  13123.412616  x:  0.42455   0.26595   0.03355   0.23765   0.13194   0.11281   0.32589   0.13671   0.07333   0.04950   0.02871   0.01592   0.02882   0.02068   0.01497   0.00285   0.01042   0.01437   0.01223   0.01805   0.06087   0.39299   0.00757   0.06516   0.08312   0.03410   0.02621   0.01052   0.00866   0.01951   0.00120   0.00861   0.20479   0.01786   0.10977   0.11281   0.09668   5.04787   1.57556  -0.00110   0.09766  
 34 56.9108  13123.038224  x:  0.43090   0.26424   0.03569   0.23863   0.13372   0.11302   0.33138   0.13627   0.07057   0.05018   0.02891   0.01608   0.02878   0.02085   0.01504   0.00288   0.01050   0.01448   0.01246   0.01823   0.06240   0.39179   0.00747   0.05973   0.08065   0.03538   0.02638   0.01057   0.00874   0.01973   0.00121   0.00862   0.20539   0.01759   0.11278   0.11571   0.09658   5.06143   1.55087   0.02473   0.09660  
 35 71.5246  13122.308781  x:  0.44834   0.26334   0.03352   0.23274   0.14040   0.11548   0.33746   0.13943   0.07463   0.05050   0.02945   0.01609   0.02920   0.02105   0.01529   0.00291   0.01066   0.01473   0.01240   0.01842   0.06199   0.38910   0.00757   0.06359   0.08416   0.03534   0.02689   0.01077   0.00887   0.01992   0.00122   0.00873   0.21045   0.01795   0.11043   0.11545   0.09853   5.08850   1.49981   0.07830   0.09504  
 36 165.1024  13122.152611  x:  0.45215   0.26551   0.03307   0.23288   0.13677   0.11884   0.33001   0.14032   0.07273   0.05077   0.02958   0.01606   0.02918   0.02109   0.01532   0.00291   0.01070   0.01477   0.01239   0.01847   0.06237   0.39536   0.00745   0.06546   0.08418   0.03560   0.02704   0.01082   0.00889   0.01994   0.00122   0.00871   0.21169   0.01775   0.11349   0.11350   0.09863   5.09417   1.48938   0.08960   0.09474  
 37 30.8048  13122.057898  x:  0.45383   0.26723   0.03354   0.23478   0.13797   0.11719   0.32279   0.14012   0.07431   0.05057   0.02964   0.01609   0.02924   0.02110   0.01532   0.00292   0.01072   0.01481   0.01247   0.01851   0.06242   0.40151   0.00738   0.06415   0.08439   0.03553   0.02706   0.01083   0.00892   0.01995   0.00123   0.00872   0.21197   0.01795   0.11140   0.11603   0.09850   5.09742   1.48409   0.09568   0.09456  
 38 26.4263  13122.012403  x:  0.45402   0.26739   0.03385   0.23546   0.14068   0.11490   0.32152   0.13985   0.07347   0.05040   0.02965   0.01610   0.02924   0.02111   0.01531   0.00292   0.01073   0.01483   0.01248   0.01851   0.06272   0.40264   0.00732   0.06509   0.08447   0.03548   0.02707   0.01086   0.00892   0.01997   0.00123   0.00870   0.21137   0.01745   0.11298   0.11476   0.10029   5.09854   1.48394   0.09667   0.09456  
 39  5.5889  13120.092650  x:  0.45867   0.26691   0.02992   0.23391   0.14723   0.11036   0.32325   0.14434   0.06507   0.04761   0.03025   0.01524   0.02821   0.02069   0.01482   0.00285   0.01071   0.01479   0.01233   0.01808   0.06272   0.40619   0.00666   0.07123   0.08324   0.03494   0.02767   0.01064   0.00878   0.01910   0.00122   0.00834   0.19628   0.02114   0.11224   0.11323   0.08023   5.13678   1.51365   0.10799   0.09452  
 40  4.0554  13109.611142  x:  0.47835   0.25173   0.01489   0.21883   0.13887   0.11625   0.33230   0.15249   0.07397   0.03660   0.03307   0.01074   0.02500   0.01882   0.01270   0.00235   0.01024   0.01548   0.00941   0.01500   0.06174   0.41650   0.00323   0.05706   0.08108   0.03451   0.03004   0.01064   0.00775   0.01701   0.00108   0.00622   0.14818   0.00979   0.10806   0.11307   0.09514   5.33725   1.67415   0.16395   0.09589  
 41 210.0195  13102.621324  x:  0.48537   0.21909   0.00568   0.22333   0.14069   0.11961   0.33459   0.12011   0.07063   0.02840   0.03425   0.00845   0.02305   0.01813   0.01101   0.00203   0.00995   0.01561   0.00816   0.01298   0.06368   0.42015   0.00122   0.05787   0.08041   0.03371   0.03111   0.01040   0.00704   0.01577   0.00101   0.00504   0.19478   0.00658   0.10732   0.11366   0.09013   5.47791   1.78845   0.20192   0.09674  
 42 288.4196  13092.406485  x:  0.50888   0.17095   0.02600   0.21376   0.13811   0.11748   0.33423   0.09788   0.07143   0.02520   0.03311   0.01189   0.02078   0.01891   0.00548   0.00144   0.01176   0.01385   0.00713   0.01035   0.06370   0.43287   0.00110   0.05343   0.07942   0.03558   0.03017   0.00914   0.00698   0.01641   0.00072   0.00782   0.20889   0.01210   0.10616   0.11122   0.08891   5.84170   2.09027   0.42799   0.10145  
 43  0.8033  13089.083053  x:  0.51314   0.16544   0.01970   0.20807   0.13904   0.11932   0.32861   0.10689   0.07298   0.03686   0.03099   0.01328   0.02315   0.01907   0.00571   0.00128   0.01355   0.01308   0.00445   0.00983   0.06175   0.43431   0.00223   0.05274   0.07888   0.03792   0.02857   0.00873   0.00773   0.01757   0.00064   0.00945   0.20436   0.01194   0.10675   0.10893   0.08930   6.06067   2.26360   0.61292   0.10350  
 44  0.5306  13088.090163  x:  0.50977   0.17162   0.01789   0.20605   0.13944   0.11876   0.32153   0.11306   0.07302   0.03589   0.03048   0.01296   0.02412   0.01888   0.00393   0.00129   0.01467   0.01348   0.00662   0.01005   0.06163   0.43056   0.00189   0.05310   0.07853   0.03785   0.02820   0.00908   0.00850   0.01786   0.00073   0.00956   0.19738   0.01239   0.10707   0.10731   0.08936   6.17917   2.38751   0.74810   0.10363  
 45  0.4089  13087.252803  x:  0.50592   0.17787   0.01834   0.20566   0.13949   0.11735   0.31517   0.11712   0.07267   0.03216   0.03039   0.01255   0.02421   0.01873   0.00601   0.00144   0.01596   0.01394   0.00576   0.01058   0.06200   0.42635   0.00146   0.05375   0.07835   0.03733   0.02792   0.00954   0.00951   0.01789   0.00086   0.00955   0.19153   0.01245   0.10727   0.10613   0.08939   6.30068   2.54392   0.91403   0.10341  
 46  0.7184  13086.611259  x:  0.50440   0.17486   0.01925   0.21068   0.13856   0.11581   0.31962   0.10987   0.07143   0.03208   0.03073   0.01216   0.02268   0.01847   0.00531   0.00134   0.01700   0.01371   0.00499   0.00982   0.06193   0.42462   0.00164   0.05467   0.07848   0.03621   0.02799   0.00959   0.01048   0.01658   0.00091   0.00940   0.19403   0.00952   0.10636   0.10809   0.08994   6.41589   2.82678   1.17549   0.10184  
 47  0.3157  13086.269307  x:  0.50812   0.17271   0.01750   0.21180   0.13908   0.11740   0.32652   0.10947   0.07157   0.03193   0.03117   0.01191   0.02292   0.01898   0.00512   0.00136   0.01762   0.01374   0.00509   0.00955   0.06205   0.42836   0.00200   0.05424   0.07895   0.03633   0.02834   0.00934   0.01150   0.01688   0.00102   0.00909   0.19860   0.01289   0.10622   0.10913   0.08997   6.43874   3.07349   1.41582   0.10091  
 48  0.2798  13085.996740  x:  0.51179   0.17567   0.01889   0.20987   0.13968   0.11848   0.32792   0.11235   0.07253   0.03307   0.03117   0.01277   0.02388   0.01881   0.00501   0.00139   0.01790   0.01399   0.00533   0.00926   0.06242   0.43199   0.00146   0.05373   0.07906   0.03684   0.02892   0.00936   0.01257   0.01748   0.00116   0.00839   0.20186   0.01130   0.10698   0.10859   0.09001   6.40748   3.32993   1.67989   0.10054  
 49  0.2850  13085.765290  x:  0.51111   0.17938   0.01843   0.20900   0.13998   0.11826   0.32344   0.11410   0.07259   0.03226   0.03101   0.01235   0.02351   0.01874   0.00503   0.00140   0.01776   0.01354   0.00510   0.00851   0.06192   0.43120   0.00233   0.05427   0.07876   0.03684   0.02850   0.00927   0.01359   0.01716   0.00132   0.00878   0.19897   0.01071   0.10755   0.10741   0.09005   6.34764   3.64412   2.00622   0.10091  
 50  0.2841  13085.640406  x:  0.50882   0.17592   0.01820   0.21038   0.13960   0.11767   0.32144   0.11204   0.07225   0.03302   0.03091   0.01211   0.02303   0.01870   0.00515   0.00143   0.01742   0.01383   0.00506   0.00824   0.06230   0.42921   0.00171   0.05450   0.07871   0.03679   0.02857   0.00945   0.01417   0.01669   0.00145   0.00874   0.19613   0.01157   0.10718   0.10781   0.08989   6.30080   3.84180   2.20773   0.10150  
 51  0.2715  13085.595243  x:  0.50659   0.17396   0.01857   0.21000   0.13912   0.11756   0.32289   0.11078   0.07222   0.03235   0.03090   0.01247   0.02364   0.01883   0.00515   0.00144   0.01705   0.01382   0.00515   0.00835   0.06224   0.42769   0.00175   0.05397   0.07882   0.03668   0.02855   0.00940   0.01439   0.01719   0.00153   0.00886   0.19697   0.01140   0.10665   0.10855   0.08989   6.28038   3.96024   2.32041   0.10181  
 52  0.1166  13085.554667  x:  0.50542   0.17531   0.01902   0.20817   0.13889   0.11748   0.32259   0.11199   0.07211   0.03229   0.03113   0.01247   0.02308   0.01885   0.00493   0.00144   0.01659   0.01371   0.00495   0.00856   0.06215   0.42686   0.00161   0.05386   0.07874   0.03642   0.02861   0.00929   0.01458   0.01699   0.00162   0.00896   0.19794   0.01160   0.10662   0.10821   0.08982   6.28449   4.12334   2.47556   0.10183  
 53  0.1121  13085.519612  x:  0.50727   0.17552   0.01879   0.20993   0.13926   0.11756   0.32231   0.11168   0.07215   0.03284   0.03103   0.01224   0.02332   0.01869   0.00496   0.00148   0.01622   0.01372   0.00510   0.00898   0.06210   0.42800   0.00179   0.05440   0.07872   0.03655   0.02850   0.00933   0.01465   0.01685   0.00174   0.00910   0.19821   0.01140   0.10708   0.10793   0.08984   6.30355   4.28020   2.63621   0.10156  
 54  0.1327  13085.497237  x:  0.50854   0.17526   0.01822   0.21048   0.13944   0.11768   0.32259   0.11188   0.07229   0.03251   0.03088   0.01235   0.02350   0.01880   0.00484   0.00145   0.01609   0.01386   0.00481   0.00890   0.06211   0.42891   0.00171   0.05424   0.07872   0.03671   0.02843   0.00942   0.01456   0.01704   0.00180   0.00904   0.19685   0.01138   0.10704   0.10794   0.08986   6.32551   4.39915   2.75804   0.10141  
 55  0.1425  13085.457104  x:  0.50944   0.17548   0.01823   0.20945   0.13944   0.11782   0.32459   0.11164   0.07243   0.03249   0.03090   0.01246   0.02295   0.01887   0.00501   0.00149   0.01610   0.01379   0.00501   0.00889   0.06226   0.42991   0.00170   0.05360   0.07893   0.03684   0.02843   0.00939   0.01419   0.01709   0.00198   0.00865   0.19667   0.01135   0.10651   0.10881   0.09014   6.33901   4.62215   2.98673   0.10153  
 56  0.1158  13085.417917  x:  0.50834   0.17537   0.01885   0.20933   0.13930   0.11769   0.32324   0.11180   0.07211   0.03237   0.03097   0.01221   0.02358   0.01873   0.00496   0.00149   0.01613   0.01379   0.00497   0.00858   0.06224   0.42897   0.00173   0.05429   0.07885   0.03669   0.02849   0.00939   0.01370   0.01681   0.00217   0.00851   0.19787   0.01150   0.10682   0.10822   0.08993   6.33284   4.90264   3.26165   0.10160  
 57  0.2098  13085.402753  x:  0.50729   0.17568   0.01858   0.21008   0.13922   0.11757   0.32225   0.11191   0.07215   0.03266   0.03097   0.01239   0.02323   0.01882   0.00494   0.00150   0.01626   0.01383   0.00497   0.00854   0.06219   0.42806   0.00179   0.05441   0.07875   0.03661   0.02851   0.00939   0.01352   0.01713   0.00227   0.00872   0.19772   0.01145   0.10701   0.10798   0.08986   6.32363   5.05158   3.40794   0.10163  
 58  0.1498  13085.395150  x:  0.50738   0.17585   0.01855   0.20980   0.13925   0.11753   0.32308   0.11176   0.07229   0.03269   0.03100   0.01238   0.02338   0.01878   0.00494   0.00150   0.01650   0.01374   0.00494   0.00864   0.06217   0.42829   0.00172   0.05400   0.07876   0.03663   0.02847   0.00936   0.01349   0.01695   0.00234   0.00888   0.19715   0.01146   0.10682   0.10825   0.08999   6.31794   5.16333   3.52137   0.10162  
 59  0.0970  13085.393456  x:  0.50789   0.17550   0.01867   0.20984   0.13933   0.11766   0.32317   0.11189   0.07223   0.03259   0.03099   0.01232   0.02333   0.01882   0.00492   0.00150   0.01661   0.01377   0.00493   0.00869   0.06217   0.42862   0.00171   0.05421   0.07883   0.03667   0.02846   0.00938   0.01352   0.01703   0.00236   0.00886   0.19740   0.01145   0.10688   0.10823   0.08995   6.31492   5.19848   3.55804   0.10158  
 60  0.0421  13085.393087  x:  0.50791   0.17562   0.01862   0.20985   0.13931   0.11767   0.32298   0.11179   0.07222   0.03256   0.03097   0.01238   0.02333   0.01879   0.00491   0.00150   0.01664   0.01379   0.00492   0.00871   0.06218   0.42860   0.00172   0.05422   0.07882   0.03667   0.02846   0.00938   0.01353   0.01700   0.00236   0.00883   0.19755   0.01147   0.10691   0.10820   0.08992   6.31312   5.21205   3.57173   0.10157  
 61  0.0163  13085.392850  x:  0.50768   0.17559   0.01860   0.20981   0.13927   0.11762   0.32284   0.11176   0.07225   0.03259   0.03096   0.01234   0.02334   0.01880   0.00490   0.00149   0.01664   0.01378   0.00492   0.00873   0.06221   0.42844   0.00173   0.05412   0.07879   0.03668   0.02847   0.00938   0.01353   0.01701   0.00236   0.00881   0.19747   0.01146   0.10690   0.10818   0.08992   6.31135   5.22786   3.58704   0.10159  
 62  0.0110  13085.392528  x:  0.50749   0.17532   0.01857   0.20974   0.13930   0.11762   0.32291   0.11188   0.07221   0.03259   0.03099   0.01236   0.02333   0.01879   0.00491   0.00148   0.01663   0.01378   0.00492   0.00874   0.06218   0.42834   0.00173   0.05423   0.07879   0.03666   0.02849   0.00938   0.01352   0.01699   0.00236   0.00880   0.19725   0.01145   0.10685   0.10820   0.08994   6.31045   5.25978   3.61857   0.10162  
 63  0.0138  13085.391215  x:  0.50761   0.17572   0.01865   0.20964   0.13929   0.11763   0.32284   0.11163   0.07217   0.03260   0.03101   0.01235   0.02334   0.01882   0.00492   0.00142   0.01662   0.01382   0.00492   0.00875   0.06215   0.42847   0.00173   0.05426   0.07884   0.03662   0.02851   0.00938   0.01350   0.01703   0.00235   0.00882   0.19733   0.01147   0.10685   0.10824   0.08990   6.31225   5.42291   3.78186   0.10161  
 64  0.0411  13085.390691  x:  0.50778   0.17553   0.01864   0.20986   0.13929   0.11766   0.32289   0.11183   0.07225   0.03259   0.03099   0.01236   0.02334   0.01880   0.00493   0.00140   0.01663   0.01378   0.00494   0.00873   0.06218   0.42854   0.00173   0.05413   0.07880   0.03665   0.02848   0.00938   0.01353   0.01701   0.00235   0.00883   0.19743   0.01146   0.10691   0.10819   0.08992   6.31271   5.50517   3.86459   0.10159  
 65  0.0913  13085.390557  x:  0.50777   0.17559   0.01860   0.20980   0.13930   0.11762   0.32300   0.11179   0.07223   0.03260   0.03096   0.01236   0.02335   0.01880   0.00493   0.00140   0.01663   0.01377   0.00494   0.00872   0.06220   0.42851   0.00172   0.05421   0.07879   0.03669   0.02846   0.00938   0.01355   0.01701   0.00236   0.00883   0.19747   0.01146   0.10689   0.10820   0.08994   6.31253   5.54224   3.90164   0.10159  
 66  0.0297  13085.390114  x:  0.50761   0.17559   0.01859   0.20979   0.13924   0.11766   0.32293   0.11187   0.07221   0.03257   0.03093   0.01235   0.02333   0.01880   0.00494   0.00141   0.01659   0.01382   0.00494   0.00872   0.06216   0.42833   0.00172   0.05414   0.07886   0.03667   0.02846   0.00939   0.01355   0.01700   0.00238   0.00882   0.19750   0.01144   0.10684   0.10829   0.08993   6.31353   5.68261   4.04131   0.10159  
 67  0.0248  13085.387244  x:  0.50756   0.17563   0.01861   0.20990   0.13925   0.11766   0.32271   0.11175   0.07212   0.03250   0.03100   0.01236   0.02332   0.01880   0.00492   0.00144   0.01657   0.01374   0.00494   0.00873   0.06215   0.42835   0.00172   0.05417   0.07885   0.03660   0.02853   0.00936   0.01355   0.01702   0.00238   0.00879   0.19736   0.01145   0.10692   0.10819   0.08987   6.31625   6.59665   4.95451   0.10159  
 68  0.1615  13085.385112  x:  0.50787   0.17554   0.01863   0.20974   0.13936   0.11762   0.32307   0.11182   0.07231   0.03264   0.03101   0.01235   0.02335   0.01881   0.00492   0.00145   0.01664   0.01381   0.00493   0.00871   0.06219   0.42868   0.00174   0.05417   0.07874   0.03667   0.02848   0.00939   0.01355   0.01700   0.00232   0.00884   0.19743   0.01146   0.10689   0.10815   0.08996   6.31226   7.49617   5.85623   0.10160  
 69  0.5945  13085.384610  x:  0.50769   0.17556   0.01861   0.20984   0.13925   0.11764   0.32283   0.11179   0.07220   0.03258   0.03096   0.01236   0.02333   0.01879   0.00492   0.00145   0.01663   0.01376   0.00494   0.00872   0.06220   0.42842   0.00172   0.05419   0.07884   0.03668   0.02846   0.00938   0.01352   0.01702   0.00232   0.00883   0.19744   0.01147   0.10688   0.10823   0.08991   6.31234   8.06816   6.42739   0.10160  
 70  0.4050  13085.384348  x:  0.50772   0.17556   0.01861   0.20978   0.13931   0.11762   0.32304   0.11182   0.07223   0.03257   0.03096   0.01236   0.02333   0.01882   0.00492   0.00145   0.01661   0.01380   0.00493   0.00872   0.06218   0.42848   0.00173   0.05416   0.07878   0.03667   0.02847   0.00938   0.01351   0.01700   0.00232   0.00883   0.19748   0.01144   0.10690   0.10817   0.08995   6.31220   8.97386   7.33298   0.10159  
 71  0.4200  13085.384206  x:  0.50776   0.17556   0.01861   0.20981   0.13929   0.11764   0.32290   0.11178   0.07224   0.03260   0.03098   0.01235   0.02334   0.01878   0.00492   0.00145   0.01662   0.01378   0.00493   0.00872   0.06218   0.42851   0.00172   0.05418   0.07881   0.03667   0.02847   0.00938   0.01353   0.01702   0.00232   0.00883   0.19744   0.01146   0.10687   0.10821   0.08992   6.31214   9.74016   8.09955   0.10160  
 72  0.4896  13085.384154  x:  0.50772   0.17557   0.01861   0.20982   0.13929   0.11764   0.32292   0.11181   0.07222   0.03259   0.03097   0.01236   0.02334   0.01881   0.00492   0.00145   0.01662   0.01378   0.00494   0.00872   0.06220   0.42848   0.00172   0.05418   0.07881   0.03667   0.02847   0.00938   0.01353   0.01700   0.00232   0.00883   0.19744   0.01146   0.10690   0.10820   0.08993   6.31261  10.48806   8.84740   0.10160  
 73  0.5016  13085.384129  x:  0.50772   0.17556   0.01862   0.20979   0.13929   0.11763   0.32295   0.11180   0.07223   0.03259   0.03097   0.01236   0.02334   0.01879   0.00492   0.00145   0.01662   0.01378   0.00493   0.00872   0.06218   0.42849   0.00173   0.05417   0.07879   0.03667   0.02847   0.00938   0.01353   0.01701   0.00232   0.00883   0.19745   0.01146   0.10689   0.10819   0.08993   6.31265  11.23318   9.59245   0.10160  
 74  0.5061  13085.384116  x:  0.50774   0.17556   0.01861   0.20982   0.13929   0.11764   0.32291   0.11180   0.07223   0.03259   0.03097   0.01236   0.02334   0.01880   0.00492   0.00145   0.01662   0.01378   0.00493   0.00872   0.06219   0.42849   0.00172   0.05418   0.07881   0.03667   0.02847   0.00938   0.01353   0.01701   0.00232   0.00883   0.19744   0.01146   0.10688   0.10821   0.08992   6.31233  12.06423  10.42358   0.10160  
 75  0.5080  13085.384109  x:  0.50772   0.17556   0.01861   0.20980   0.13929   0.11763   0.32294   0.11180   0.07222   0.03258   0.03097   0.01236   0.02334   0.01880   0.00492   0.00145   0.01662   0.01378   0.00493   0.00872   0.06219   0.42849   0.00173   0.05418   0.07880   0.03667   0.02847   0.00938   0.01353   0.01701   0.00232   0.00883   0.19745   0.01146   0.10689   0.10820   0.08993   6.31244  13.56625  11.92554   0.10160  
 76  0.7115  13085.384108  x:  0.50773   0.17556   0.01861   0.20981   0.13929   0.11764   0.32293   0.11180   0.07223   0.03259   0.03097   0.01236   0.02334   0.01880   0.00492   0.00145   0.01662   0.01378   0.00493   0.00872   0.06219   0.42849   0.00172   0.05418   0.07880   0.03667   0.02847   0.00938   0.01353   0.01701   0.00232   0.00883   0.19745   0.01146   0.10689   0.10820   0.08993   6.31243  13.79517  12.15449   0.10160  
 77  0.2441  13085.384107  x:  0.50773   0.17556   0.01862   0.20981   0.13929   0.11764   0.32292   0.11180   0.07223   0.03259   0.03097   0.01236   0.02334   0.01880   0.00492   0.00145   0.01662   0.01378   0.00493   0.00872   0.06219   0.42849   0.00172   0.05418   0.07880   0.03667   0.02847   0.00938   0.01353   0.01701   0.00232   0.00883   0.19744   0.01146   0.10689   0.10820   0.08993   6.31253  15.20724  13.56656   0.10160  
 78  0.3388  13085.384107  x:  0.50773   0.17556   0.01862   0.20981   0.13929   0.11764   0.32292   0.11180   0.07223   0.03259   0.03097   0.01236   0.02334   0.01880   0.00492   0.00145   0.01662   0.01378   0.00493   0.00872   0.06219   0.42849   0.00172   0.05418   0.07880   0.03667   0.02847   0.00938   0.01353   0.01701   0.00232   0.00883   0.19744   0.01146   0.10689   0.10820   0.08993   6.31253  15.20795  13.56727   0.10160  
 79  1.8337  13085.384107  x:  0.50773   0.17556   0.01862   0.20981   0.13929   0.11764   0.32292   0.11180   0.07223   0.03259   0.03097   0.01236   0.02334   0.01880   0.00492   0.00145   0.01662   0.01378   0.00493   0.00872   0.06219   0.42849   0.00172   0.05418   0.07880   0.03667   0.02847   0.00938   0.01353   0.01701   0.00232   0.00883   0.19744   0.01146   0.10689   0.10820   0.08993   6.31253  15.20795  13.56727   0.10160  
 80  0.0014  13085.384107  x:  0.50773   0.17556   0.01862   0.20981   0.13929   0.11764   0.32292   0.11180   0.07223   0.03259   0.03097   0.01236   0.02334   0.01880   0.00492   0.00145   0.01662   0.01378   0.00493   0.00872   0.06219   0.42849   0.00172   0.05418   0.07880   0.03667   0.02847   0.00938   0.01353   0.01701   0.00232   0.00883   0.19744   0.01146   0.10689   0.10820   0.08993   6.31253  15.20795  13.56727   0.10160  
 81  0.0017  13085.384107  x:  0.50773   0.17556   0.01861   0.20981   0.13929   0.11764   0.32292   0.11180   0.07223   0.03259   0.03097   0.01236   0.02334   0.01880   0.00492   0.00145   0.01662   0.01378   0.00493   0.00872   0.06219   0.42849   0.00172   0.05418   0.07880   0.03667   0.02847   0.00938   0.01353   0.01701   0.00232   0.00883   0.19744   0.01146   0.10689   0.10820   0.08993   6.31253  15.20795  13.56727   0.10160  
 82  0.1423  13085.384107  x:  0.50773   0.17556   0.01861   0.20981   0.13929   0.11764   0.32292   0.11180   0.07223   0.03259   0.03097   0.01236   0.02334   0.01880   0.00492   0.00145   0.01662   0.01378   0.00493   0.00872   0.06219   0.42849   0.00172   0.05418   0.07880   0.03667   0.02847   0.00938   0.01353   0.01701   0.00232   0.00883   0.19744   0.01146   0.10689   0.10820   0.08993   6.31253  15.20795  13.56727   0.10160  
 83  0.1592  13085.384107  x:  0.50773   0.17556   0.01861   0.20981   0.13929   0.11764   0.32292   0.11180   0.07223   0.03259   0.03097   0.01236   0.02334   0.01880   0.00492   0.00145   0.01662   0.01378   0.00493   0.00872   0.06219   0.42849   0.00172   0.05418   0.07880   0.03667   0.02847   0.00938   0.01353   0.01701   0.00232   0.00883   0.19744   0.01146   0.10689   0.10820   0.08993   6.31253  15.20795  13.56727   0.10160  
 84  0.0890  13085.384107  x:  0.50773   0.17556   0.01861   0.20981   0.13929   0.11764   0.32292   0.11180   0.07223   0.03259   0.03097   0.01236   0.02334   0.01880   0.00492   0.00145   0.01662   0.01378   0.00493   0.00872   0.06219   0.42849   0.00172   0.05418   0.07880   0.03667   0.02847   0.00938   0.01353   0.01701   0.00232   0.00883   0.19744   0.01146   0.10689   0.10820   0.08993   6.31253  15.20795  13.56727   0.10160  
 85  0.0517  13085.384107  x:  0.50773   0.17556   0.01861   0.20981   0.13929   0.11764   0.32292   0.11180   0.07223   0.03259   0.03097   0.01236   0.02334   0.01880   0.00492   0.00145   0.01662   0.01378   0.00493   0.00872   0.06219   0.42849   0.00172   0.05418   0.07880   0.03667   0.02847   0.00938   0.01353   0.01701   0.00232   0.00883   0.19744   0.01146   0.10689   0.10820   0.08993   6.31253  15.20795  13.56727   0.10160  
 86  0.0759  13085.384107  x:  0.50773   0.17556   0.01861   0.20981   0.13929   0.11764   0.32292   0.11180   0.07223   0.03259   0.03097   0.01236   0.02334   0.01880   0.00492   0.00145   0.01662   0.01378   0.00493   0.00872   0.06219   0.42849   0.00172   0.05418   0.07880   0.03667   0.02847   0.00938   0.01353   0.01701   0.00232   0.00883   0.19744   0.01146   0.10689   0.10820   0.08993   6.31253  15.20795  13.56727   0.10160  
 87  0.0438  13085.384107  x:  0.50773   0.17556   0.01861   0.20981   0.13929   0.11764   0.32292   0.11180   0.07223   0.03259   0.03097   0.01236   0.02334   0.01880   0.00492   0.00145   0.01662   0.01378   0.00493   0.00872   0.06219   0.42849   0.00172   0.05418   0.07880   0.03667   0.02847   0.00938   0.01353   0.01701   0.00232   0.00883   0.19744   0.01146   0.10689   0.10820   0.08993   6.31253  15.20795  13.56727   0.10160  
 88  0.0423  13085.384107  x:  0.50773   0.17556   0.01861   0.20981   0.13929   0.11764   0.32292   0.11180   0.07223   0.03259   0.03097   0.01236   0.02334   0.01880   0.00492   0.00145   0.01662   0.01378   0.00493   0.00872   0.06219   0.42849   0.00172   0.05418   0.07880   0.03667   0.02847   0.00938   0.01353   0.01701   0.00232   0.00883   0.19744   0.01146   0.10689   0.10820   0.08993   6.31253  15.20795  13.56727   0.10160  
 89  0.0346  13085.384107  x:  0.50773   0.17556   0.01861   0.20981   0.13929   0.11764   0.32292   0.11180   0.07223   0.03259   0.03097   0.01236   0.02334   0.01880   0.00492   0.00145   0.01662   0.01378   0.00493   0.00872   0.06219   0.42849   0.00172   0.05418   0.07880   0.03667   0.02847   0.00938   0.01353   0.01701   0.00232   0.00883   0.19744   0.01146   0.10689   0.10820   0.08993   6.31253  15.20795  13.56727   0.10160  
 90  0.0229  13085.384107  x:  0.50773   0.17556   0.01861   0.20981   0.13929   0.11764   0.32292   0.11180   0.07223   0.03259   0.03097   0.01236   0.02334   0.01880   0.00492   0.00145   0.01662   0.01378   0.00493   0.00872   0.06219   0.42849   0.00172   0.05418   0.07880   0.03667   0.02847   0.00938   0.01353   0.01701   0.00232   0.00883   0.19744   0.01146   0.10689   0.10820   0.08993   6.31253  15.20795  13.56727   0.10160  
 91  0.0179  13085.384107  x:  0.50773   0.17556   0.01861   0.20981   0.13929   0.11764   0.32292   0.11180   0.07223   0.03259   0.03097   0.01236   0.02334   0.01880   0.00492   0.00145   0.01662   0.01378   0.00493   0.00872   0.06219   0.42849   0.00172   0.05418   0.07880   0.03667   0.02847   0.00938   0.01353   0.01701   0.00232   0.00883   0.19744   0.01146   0.10689   0.10820   0.08993   6.31253  15.20795  13.56727   0.10160  
 92  0.0268  13085.384107  x:  0.50773   0.17556   0.01861   0.20981   0.13929   0.11764   0.32292   0.11180   0.07223   0.03259   0.03097   0.01236   0.02334   0.01880   0.00492   0.00145   0.01662   0.01378   0.00493   0.00872   0.06219   0.42849   0.00172   0.05418   0.07880   0.03667   0.02847   0.00938   0.01353   0.01701   0.00232   0.00883   0.19744   0.01146   0.10689   0.10820   0.08993   6.31253  15.20795  13.56727   0.10160  
 93  0.0320  13085.384107  x:  0.50773   0.17556   0.01861   0.20981   0.13929   0.11764   0.32292   0.11180   0.07223   0.03259   0.03097   0.01236   0.02334   0.01880   0.00492   0.00145   0.01662   0.01378   0.00493   0.00872   0.06219   0.42849   0.00172   0.05418   0.07880   0.03667   0.02847   0.00938   0.01353   0.01701   0.00232   0.00883   0.19744   0.01146   0.10689   0.10820   0.08993   6.31253  15.20795  13.56727   0.10160  
 94  0.0170  13085.384107  x:  0.50773   0.17556   0.01861   0.20981   0.13929   0.11764   0.32292   0.11180   0.07223   0.03259   0.03097   0.01236   0.02334   0.01880   0.00492   0.00145   0.01662   0.01378   0.00493   0.00872   0.06219   0.42849   0.00172   0.05418   0.07880   0.03667   0.02847   0.00938   0.01353   0.01701   0.00232   0.00883   0.19744   0.01146   0.10689   0.10820   0.08993   6.31253  15.20795  13.56727   0.10160  
check convergence!
