Supplemental results for CODEML (seqf: Human_TAS1R1_breaks2_2nd_attempt.txt  treef: TAS1R1_revised_tree_following_error_message.txt)


MLEs of dN/dS (w) for site classes (K=4)

site class             0        1       2a       2b
proportion       0.74023  0.21925  0.03125  0.00926
background w     0.09384  1.00000  0.09384  1.00000
foreground w     0.09384  1.00000 999.00000 999.00000

Naive Empirical Bayes (NEB) probabilities for 4 classes
(amino acids refer to 1st sequence: 1.Tarsier)

   1 M   0.99093 0.00805 0.00101 0.00001 ( 1)
   2 F   0.65304 0.34572 0.00079 0.00044 ( 1)
   3 H   0.42972 0.56859 0.00068 0.00101 ( 2)
   4 H   0.00026 0.99880 0.00000 0.00094 ( 2)
   5 V   0.00001 0.99974 0.00000 0.00026 ( 2)
   6 A   0.61907 0.38022 0.00043 0.00028 ( 1)
   7 H   0.00459 0.99420 0.00000 0.00120 ( 2)
   8 L   0.95230 0.04649 0.00116 0.00006 ( 1)
   9 V   0.38454 0.61355 0.00068 0.00123 ( 2)
  10 G   0.89072 0.10806 0.00108 0.00015 ( 1)
  11 L   0.94531 0.05348 0.00115 0.00007 ( 1)
  12 Q   0.92514 0.04858 0.02491 0.00137 ( 1)
  13 L   0.94146 0.05771 0.00078 0.00005 ( 1)
  14 S   0.04106 0.95716 0.00007 0.00171 ( 2)
  15 I   0.57301 0.42627 0.00040 0.00032 ( 1)
  16 S   0.89046 0.10859 0.00083 0.00011 ( 1)
  17 C   0.39276 0.05920 0.53979 0.00824 ( 3)
  18 C   0.98485 0.01430 0.00084 0.00001 ( 1)
  19 W   0.66173 0.33763 0.00042 0.00022 ( 1)
  20 A   0.97935 0.01932 0.00130 0.00003 ( 1)
  21 F   0.78840 0.21097 0.00049 0.00014 ( 1)
  22 S   0.42696 0.57162 0.00057 0.00085 ( 2)
  23 C   0.98517 0.01398 0.00084 0.00001 ( 1)
  24 H   0.98329 0.01613 0.00057 0.00001 ( 1)
  25 N   0.06523 0.93371 0.00006 0.00099 ( 2)
  26 T   0.01188 0.98726 0.00001 0.00084 ( 2)
  27 E   0.81766 0.18134 0.00081 0.00020 ( 1)
  28 F   0.02832 0.85661 0.00356 0.11152 ( 2)
  29 S   0.93470 0.06481 0.00045 0.00003 ( 1)
  30 P   0.95753 0.04184 0.00059 0.00003 ( 1)
  31 D   0.91469 0.08397 0.00121 0.00013 ( 1)
  32 F   0.99144 0.00732 0.00123 0.00001 ( 1)
  33 S   0.89303 0.10591 0.00094 0.00012 ( 1)
  34 L   0.98752 0.01090 0.00157 0.00002 ( 1)
  35 P   0.77234 0.22581 0.00133 0.00052 ( 1)
  36 G   0.97380 0.02581 0.00038 0.00001 ( 1)
  37 N   0.67983 0.31952 0.00044 0.00022 ( 1)
  38 Y   0.98432 0.01474 0.00093 0.00002 ( 1)
  39 L   0.98726 0.01116 0.00157 0.00002 ( 1)
  40 L   0.95107 0.04772 0.00115 0.00006 ( 1)
  41 A   0.40484 0.59482 0.00013 0.00020 ( 2)
  42 G   0.98654 0.01225 0.00119 0.00002 ( 1)
  43 F   0.16860 0.83013 0.00020 0.00106 ( 2)
  44 F   0.99137 0.00739 0.00123 0.00001 ( 1)
  45 P   0.59056 0.40880 0.00037 0.00027 ( 1)
  46 L   0.98854 0.00987 0.00157 0.00002 ( 1)
  47 H   0.95023 0.04919 0.00055 0.00003 ( 1)
  48 G   0.11634 0.88316 0.00006 0.00045 ( 2)
  49 D   0.24489 0.75380 0.00030 0.00101 ( 2)
  50 C   0.11455 0.88501 0.00005 0.00039 ( 2)
  51 L   0.64639 0.35237 0.00078 0.00045 ( 1)
  52 Q   0.96143 0.03769 0.00085 0.00004 ( 1)
  53 V   0.98313 0.01556 0.00130 0.00002 ( 1)
  54 R   0.95340 0.04588 0.00068 0.00004 ( 1)
  55 H   0.41307 0.58567 0.00049 0.00077 ( 2)
  56 R   0.89125 0.10855 0.00018 0.00002 ( 1)
  57 P   0.98107 0.01775 0.00116 0.00002 ( 1)
  58 E   0.98059 0.01843 0.00097 0.00002 ( 1)
  59 V   0.98224 0.01644 0.00129 0.00002 ( 1)
  60 T   0.81454 0.18438 0.00086 0.00022 ( 1)
  61 L   0.96051 0.03827 0.00117 0.00005 ( 1)
  62 C   0.89393 0.06556 0.03774 0.00277 ( 1)
  63 D   0.95049 0.00900 0.04013 0.00038 ( 1)
  64 R   0.93240 0.02709 0.03937 0.00114 ( 1)
  65 T   0.00031 0.95918 0.00001 0.04050 ( 2)
  66 C   0.03490 0.92459 0.00147 0.03904 ( 2)
  67 G   0.05907 0.90042 0.00249 0.03802 ( 2)
  68 F   0.95174 0.00775 0.04018 0.00033 ( 1)
  69 N   0.92196 0.03752 0.03893 0.00158 ( 1)
  70 G   0.26969 0.68979 0.01139 0.02912 ( 2)
  71 H   0.94221 0.01727 0.03978 0.00073 ( 1)
  72 G   0.82132 0.13817 0.03468 0.00583 ( 1)
  73 Y   0.00101 0.00175 0.98109 0.01615 ( 3)
  74 H   0.00000 0.00001 0.98797 0.01202 ( 3)
  75 L   0.87851 0.11989 0.00139 0.00021 ( 1)
  76 F   0.39539 0.03173 0.56825 0.00463 ( 3)
  77 Q   0.00444 0.01993 0.93650 0.03913 ( 3)
  78 A   0.19179 0.40731 0.33241 0.06848 ( 2)
  79 M   0.00001 0.00002 0.99094 0.00903 ( 3)
  80 R   0.35666 0.12545 0.50064 0.01726 ( 3)
  81 L   0.64242 0.33152 0.01671 0.00935 ( 1)
  82 S   0.00000 0.00021 0.04178 0.95801 ( 4)
  83 I   0.13878 0.73950 0.01808 0.10364 ( 2)
  84 E   0.00000 0.00001 0.98090 0.01909 ( 3)
  85 A   0.74582 0.21366 0.03149 0.00902 ( 1)
  86 I   0.91850 0.04099 0.03878 0.00173 ( 1)
  87 N   0.94936 0.01013 0.04008 0.00043 ( 1)
  88 N   0.94936 0.01013 0.04008 0.00043 ( 1)
  89 S   0.94749 0.01200 0.04001 0.00051 ( 1)
  90 T   0.93668 0.02280 0.03955 0.00096 ( 1)
  91 V   0.46632 0.49317 0.01969 0.02082 ( 2)
  92 L   0.91029 0.04920 0.03844 0.00208 ( 1)
  93 L   0.91007 0.04942 0.03843 0.00209 ( 1)
  94 P   0.87842 0.00908 0.11128 0.00123 ( 1)
  95 N   0.36209 0.10418 0.51869 0.01504 ( 3)
  96 V   0.00001 0.00013 0.91309 0.08677 ( 3)
  97 T   0.01917 0.00187 0.96942 0.00954 ( 3)
  98 L   0.28811 0.26657 0.40868 0.03664 ( 3)
  99 G   0.86556 0.01877 0.11298 0.00269 ( 1)
 100 Y   0.00135 0.00697 0.94498 0.04670 ( 3)
 101 E   0.00000 0.00065 0.23602 0.76332 ( 4)
 102 L   0.95023 0.04856 0.00115 0.00006 ( 1)
 103 Y   0.00000 0.00002 0.95176 0.04822 ( 3)
 104 D   0.92460 0.03488 0.03904 0.00147 ( 1)
 105 V   0.94219 0.01730 0.03978 0.00073 ( 1)
 106 C   0.94285 0.01664 0.03981 0.00070 ( 1)
 107 S   0.91662 0.04287 0.03870 0.00181 ( 1)
 108 E   0.82857 0.13092 0.03498 0.00553 ( 1)
 109 S   0.89898 0.06051 0.03796 0.00255 ( 1)
 110 A   0.95137 0.00812 0.04017 0.00034 ( 1)
 111 N   0.91737 0.04212 0.03873 0.00178 ( 1)
 112 V   0.94219 0.01730 0.03978 0.00073 ( 1)
 113 Y   0.89613 0.06335 0.03784 0.00267 ( 1)
 114 A   0.95037 0.00911 0.04013 0.00038 ( 1)
 115 T   0.93685 0.02264 0.03956 0.00096 ( 1)
 116 L   0.91029 0.04920 0.03844 0.00208 ( 1)
 117 S   0.07923 0.88026 0.00335 0.03717 ( 2)
 118 V   0.80263 0.15686 0.03389 0.00662 ( 1)
 119 L   0.94933 0.01015 0.04008 0.00043 ( 1)
 120 S   0.94675 0.01274 0.03997 0.00054 ( 1)
 121 L   0.12965 0.82983 0.00547 0.03504 ( 2)
 122 P   0.40774 0.55175 0.01722 0.02330 ( 2)
 123 G   0.95162 0.02175 0.02600 0.00063 ( 1)
 124 T   0.05965 0.82590 0.00745 0.10700 ( 2)
 125 R   0.00000 0.00076 0.00049 0.99875 ( 4)
 126 H   0.94796 0.01153 0.04003 0.00049 ( 1)
 127 I   0.91624 0.04325 0.03869 0.00183 ( 1)
 128 D   0.29292 0.66657 0.01237 0.02814 ( 2)
 129 I   0.87032 0.08917 0.03675 0.00377 ( 1)
 130 Q   0.88304 0.07645 0.03728 0.00323 ( 1)
 131 G   0.43460 0.52489 0.01835 0.02216 ( 2)
 132 D   0.82685 0.13263 0.03491 0.00560 ( 1)
 133 F   0.11357 0.84592 0.00480 0.03572 ( 2)
 134 L   0.94933 0.01015 0.04008 0.00043 ( 1)
 135 H   0.00410 0.95539 0.00017 0.04034 ( 2)
 136 Y   0.89530 0.06419 0.03780 0.00271 ( 1)
 137 S   0.03190 0.92759 0.00135 0.03917 ( 2)
 138 P   0.93705 0.02244 0.03956 0.00095 ( 1)
 139 K   0.76956 0.18993 0.03249 0.00802 ( 1)
 140 I   0.69133 0.26816 0.02919 0.01132 ( 1)
 141 V   0.71721 0.24228 0.03028 0.01023 ( 1)
 142 A   0.93249 0.02700 0.03937 0.00114 ( 1)
 143 V   0.94234 0.01715 0.03979 0.00072 ( 1)
 144 I   0.01048 0.01027 0.93516 0.04410 ( 3)
 145 G   0.64756 0.15871 0.18901 0.00472 ( 1)
 146 P   0.63264 0.36672 0.00039 0.00024 ( 1)
 147 D   0.40657 0.56656 0.01069 0.01619 ( 2)
 148 S   0.00013 0.44177 0.00227 0.55583 ( 4)
 149 T   0.87568 0.09913 0.02244 0.00275 ( 1)
 150 D   0.00166 0.01997 0.87780 0.10057 ( 3)
 151 H   0.00000 0.03984 0.00092 0.95924 ( 4)
 152 A   0.62214 0.37716 0.00043 0.00027 ( 1)
 153 A   0.00109 0.00037 0.99012 0.00842 ( 3)
 154 T   0.00001 0.00000 0.99025 0.00974 ( 3)
 155 T   0.00001 0.00010 0.90462 0.09528 ( 3)
 156 A   0.93467 0.02482 0.03946 0.00105 ( 1)
 157 A   0.86040 0.09909 0.03633 0.00418 ( 1)
 158 L   0.90659 0.05290 0.03828 0.00223 ( 1)
 159 L   0.91434 0.04515 0.03861 0.00191 ( 1)
 160 S   0.85263 0.10686 0.03600 0.00451 ( 1)
 161 P   0.89871 0.06078 0.03795 0.00257 ( 1)
 162 F   0.37863 0.58086 0.01599 0.02453 ( 2)
 163 L   0.90824 0.05125 0.03835 0.00216 ( 1)
 164 V   0.00632 0.01277 0.81553 0.16538 ( 3)
 165 P   0.87815 0.00934 0.11124 0.00126 ( 1)
 166 L   0.07767 0.42970 0.32095 0.17167 ( 2)
 167 I   0.99157 0.00703 0.00139 0.00001 ( 1)
 168 S   0.98883 0.01022 0.00094 0.00001 ( 1)
 169 Y   0.95874 0.04079 0.00045 0.00002 ( 1)
 170 E   0.00261 0.99630 0.00000 0.00109 ( 2)
 171 A   0.99118 0.00749 0.00131 0.00001 ( 1)
 172 S   0.98883 0.01022 0.00094 0.00001 ( 1)
 173 S   0.98811 0.01094 0.00094 0.00001 ( 1)
 174 T   0.00023 0.99868 0.00000 0.00109 ( 2)
 175 T   0.01909 0.98006 0.00001 0.00084 ( 2)
 176 L   0.98352 0.01489 0.00156 0.00003 ( 1)
 177 S   0.41974 0.57924 0.00040 0.00061 ( 2)
 178 V   0.00036 0.99819 0.00000 0.00145 ( 2)
 179 K   0.97913 0.02008 0.00077 0.00002 ( 1)
 180 R   0.20361 0.79553 0.00016 0.00069 ( 2)
 181 Q   0.64435 0.35475 0.00057 0.00033 ( 1)
 182 Y   0.93588 0.06364 0.00044 0.00003 ( 1)
 183 P   0.98903 0.00979 0.00117 0.00001 ( 1)
 184 S   0.94332 0.05619 0.00046 0.00003 ( 1)
 185 F   0.98359 0.01517 0.00122 0.00002 ( 1)
 186 L   0.95023 0.04856 0.00115 0.00006 ( 1)
 187 R   0.98475 0.01416 0.00108 0.00002 ( 1)
 188 T   0.99024 0.00871 0.00104 0.00001 ( 1)
 189 I   0.93874 0.05985 0.00131 0.00009 ( 1)
 190 P   0.98903 0.00979 0.00117 0.00001 ( 1)
 191 S   0.27353 0.72532 0.00029 0.00086 ( 2)
 192 D   0.98985 0.00883 0.00131 0.00001 ( 1)
 193 R   0.29367 0.70549 0.00023 0.00060 ( 2)
 194 H   0.05340 0.94557 0.00005 0.00098 ( 2)
 195 Q   0.96143 0.03769 0.00085 0.00004 ( 1)
 196 V   0.98224 0.01644 0.00129 0.00002 ( 1)
 197 E   0.98154 0.01747 0.00097 0.00002 ( 1)
 198 V   0.49818 0.50071 0.00052 0.00059 ( 2)
 199 M   0.91217 0.08680 0.00093 0.00010 ( 1)
 200 V   0.98224 0.01644 0.00129 0.00002 ( 1)
 201 L   0.63695 0.36181 0.00077 0.00046 ( 1)
 202 L   0.95023 0.04856 0.00115 0.00006 ( 1)
 203 L   0.95002 0.04876 0.00115 0.00006 ( 1)
 204 Q   0.01157 0.85482 0.01601 0.11760 ( 2)
 205 R   0.25434 0.74441 0.00031 0.00095 ( 2)
 206 F   0.99159 0.00717 0.00123 0.00001 ( 1)
 207 R   0.00028 0.99873 0.00000 0.00099 ( 2)
 208 W   0.95290 0.04647 0.00060 0.00003 ( 1)
 209 V   0.40729 0.59159 0.00043 0.00070 ( 2)
 210 W   0.95290 0.04647 0.00060 0.00003 ( 1)
 211 I   0.99278 0.00582 0.00139 0.00001 ( 1)
 212 S   0.94408 0.05544 0.00046 0.00003 ( 1)
 213 L   0.95023 0.04856 0.00115 0.00006 ( 1)
 214 V   0.24769 0.75135 0.00023 0.00073 ( 2)
 215 G   0.98777 0.01102 0.00120 0.00001 ( 1)
 216 S   0.98821 0.01084 0.00094 0.00001 ( 1)
 217 Y   0.00093 0.99859 0.00000 0.00048 ( 2)
 218 G   0.77629 0.22166 0.00158 0.00048 ( 1)
 219 D   0.99031 0.00836 0.00131 0.00001 ( 1)
 220 Y   0.95874 0.04079 0.00045 0.00002 ( 1)
 221 G   0.97852 0.02058 0.00088 0.00002 ( 1)
 222 Q   0.74059 0.25852 0.00065 0.00024 ( 1)
 223 Q   0.10371 0.89578 0.00005 0.00045 ( 2)
 224 G   0.77623 0.22286 0.00070 0.00022 ( 1)
 225 V   0.95541 0.01756 0.02652 0.00052 ( 1)
 226 Q   0.70405 0.29505 0.00062 0.00028 ( 1)
 227 A   0.64527 0.35440 0.00021 0.00012 ( 1)
 228 L   0.92720 0.04516 0.02629 0.00135 ( 1)
 229 E   0.32803 0.67092 0.00032 0.00072 ( 2)
 230 N   0.00619 0.99263 0.00001 0.00118 ( 2)
 231 Q   0.70218 0.29693 0.00062 0.00028 ( 1)
 232 A   0.99118 0.00749 0.00131 0.00001 ( 1)
 233 T   0.97908 0.02037 0.00053 0.00001 ( 1)
 234 D   0.00108 0.99804 0.00000 0.00088 ( 2)
 235 Q   0.68231 0.31680 0.00060 0.00030 ( 1)
 236 G   0.32020 0.67884 0.00029 0.00066 ( 2)
 237 I   0.93771 0.06088 0.00131 0.00010 ( 1)
 238 C   0.98550 0.01365 0.00084 0.00001 ( 1)
 239 I   0.95680 0.04250 0.00067 0.00003 ( 1)
 240 A   0.94896 0.05035 0.00066 0.00004 ( 1)
 241 F   0.99159 0.00717 0.00123 0.00001 ( 1)
 242 K   0.97913 0.02008 0.00077 0.00002 ( 1)
 243 D   0.90982 0.08884 0.00121 0.00013 ( 1)
 244 I   0.37671 0.62178 0.00053 0.00099 ( 2)
 245 V   0.83359 0.16484 0.00130 0.00027 ( 1)
 246 P   0.96366 0.01143 0.02459 0.00032 ( 1)
 247 L   0.91392 0.08482 0.00113 0.00012 ( 1)
 248 S   0.58879 0.41071 0.00029 0.00021 ( 1)
 249 A   0.99118 0.00749 0.00131 0.00001 ( 1)
 250 R   0.00012 0.87628 0.00016 0.12344 ( 2)
 251 V   0.97675 0.02191 0.00130 0.00003 ( 1)
 252 G   0.96468 0.03410 0.00117 0.00005 ( 1)
 253 D   0.95511 0.04425 0.00061 0.00003 ( 1)
 254 E   0.32123 0.67773 0.00032 0.00073 ( 2)
 255 R   0.76458 0.23469 0.00055 0.00018 ( 1)
 256 M   0.99093 0.00805 0.00101 0.00001 ( 1)
 257 Q   0.70472 0.29438 0.00062 0.00028 ( 1)
 258 G   0.00313 0.99579 0.00000 0.00107 ( 2)
 259 M   0.06489 0.93148 0.00022 0.00341 ( 2)
 260 M   0.99093 0.00805 0.00101 0.00001 ( 1)
 261 N   0.00041 0.99839 0.00000 0.00120 ( 2)
 262 R   0.06201 0.89147 0.01872 0.02780 ( 2)
 263 L   0.95023 0.04856 0.00115 0.00006 ( 1)
 264 A   0.92368 0.07499 0.00122 0.00011 ( 1)
 265 R   0.01775 0.98132 0.00002 0.00092 ( 2)
 266 A   0.98963 0.00904 0.00132 0.00001 ( 1)
 267 G   0.00325 0.99597 0.00000 0.00078 ( 2)
 268 T   0.90783 0.09083 0.00120 0.00014 ( 1)
 269 T   0.82036 0.17856 0.00086 0.00021 ( 1)
 270 V   0.98811 0.01009 0.00178 0.00002 ( 1)
 271 V   0.98224 0.01644 0.00129 0.00002 ( 1)
 272 V   0.28203 0.71531 0.00064 0.00201 ( 2)
 273 V   0.94957 0.04950 0.00088 0.00005 ( 1)
 274 F   0.98269 0.01669 0.00061 0.00001 ( 1)
 275 S   0.98778 0.01128 0.00092 0.00001 ( 1)
 276 S   0.00397 0.99495 0.00000 0.00108 ( 2)
 277 R   0.09810 0.90103 0.00008 0.00078 ( 2)
 278 R   0.00018 0.99888 0.00000 0.00094 ( 2)
 279 L   0.07258 0.92642 0.00007 0.00093 ( 2)
 280 A   0.99118 0.00749 0.00131 0.00001 ( 1)
 281 R   0.80426 0.19501 0.00057 0.00015 ( 1)
 282 V   0.98224 0.01644 0.00129 0.00002 ( 1)
 283 F   0.98805 0.01133 0.00061 0.00001 ( 1)
 284 F   0.98820 0.01056 0.00123 0.00001 ( 1)
 285 E   0.98154 0.01747 0.00097 0.00002 ( 1)
 286 S   0.98247 0.01659 0.00092 0.00002 ( 1)
 287 V   0.98224 0.01644 0.00129 0.00002 ( 1)
 288 V   0.98224 0.01644 0.00129 0.00002 ( 1)
 289 L   0.94948 0.04930 0.00115 0.00006 ( 1)
 290 A   0.92297 0.07568 0.00123 0.00012 ( 1)
 291 N   0.90606 0.09287 0.00096 0.00011 ( 1)
 292 L   0.64674 0.35202 0.00078 0.00045 ( 1)
 293 T   0.94303 0.05643 0.00051 0.00003 ( 1)
 294 G   0.98777 0.01102 0.00120 0.00001 ( 1)
 295 K   0.97913 0.02008 0.00077 0.00002 ( 1)
 296 V   0.98224 0.01644 0.00129 0.00002 ( 1)
 297 W   0.95290 0.04647 0.00060 0.00003 ( 1)
 298 I   0.42032 0.57776 0.00075 0.00117 ( 2)
 299 A   0.99118 0.00749 0.00131 0.00001 ( 1)
 300 S   0.88064 0.11910 0.00022 0.00003 ( 1)
 301 E   0.92007 0.07964 0.00026 0.00002 ( 1)
 302 D   0.45381 0.54477 0.00060 0.00081 ( 2)
 303 W   0.95290 0.04647 0.00060 0.00003 ( 1)
 304 A   0.91044 0.08822 0.00121 0.00013 ( 1)
 305 I   0.91324 0.08516 0.00145 0.00015 ( 1)
 306 S   0.98778 0.01128 0.00092 0.00001 ( 1)
 307 R   0.03713 0.96210 0.00003 0.00075 ( 2)
 308 H   0.88114 0.11766 0.00105 0.00016 ( 1)
 309 I   0.99278 0.00582 0.00139 0.00001 ( 1)
 310 T   0.63540 0.36405 0.00034 0.00021 ( 1)
 311 G   0.25187 0.74718 0.00023 0.00073 ( 2)
 312 V   0.97939 0.01929 0.00129 0.00003 ( 1)
 313 P   0.97835 0.02046 0.00116 0.00003 ( 1)
 314 G   0.97663 0.02247 0.00088 0.00002 ( 1)
 315 I   0.99278 0.00582 0.00139 0.00001 ( 1)
 316 Q   0.16567 0.83340 0.00015 0.00078 ( 2)
 317 G   0.38504 0.61381 0.00042 0.00073 ( 2)
 318 I   0.97013 0.02917 0.00068 0.00002 ( 1)
 319 G   0.97599 0.02311 0.00088 0.00002 ( 1)
 320 T   0.00018 0.99862 0.00000 0.00120 ( 2)
 321 V   0.98288 0.01580 0.00130 0.00002 ( 1)
 322 L   0.95023 0.04856 0.00115 0.00006 ( 1)
 323 G   0.95581 0.04297 0.00117 0.00006 ( 1)
 324 V   0.98186 0.01682 0.00129 0.00002 ( 1)
 325 A   0.99118 0.00749 0.00131 0.00001 ( 1)
 326 I   0.99278 0.00582 0.00139 0.00001 ( 1)
 327 Q   0.96143 0.03769 0.00085 0.00004 ( 1)
 328 L   0.02012 0.97903 0.00002 0.00084 ( 2)
 329 R   0.27640 0.72284 0.00020 0.00056 ( 2)
 330 L   0.00007 0.99936 0.00000 0.00057 ( 2)
 331 V   0.91745 0.08075 0.00163 0.00016 ( 1)
 332 P   0.92493 0.05004 0.02365 0.00138 ( 1)
 333 G   0.89214 0.10664 0.00108 0.00014 ( 1)
 334 L   0.94992 0.04886 0.00115 0.00006 ( 1)
 335 K   0.81995 0.17925 0.00065 0.00015 ( 1)
 336 E   0.78991 0.20908 0.00078 0.00023 ( 1)
 337 F   0.66087 0.33850 0.00041 0.00022 ( 1)
 338 E   0.90847 0.09125 0.00026 0.00003 ( 1)
 339 E   0.96287 0.03685 0.00027 0.00001 ( 1)
 340 A   0.99118 0.00749 0.00131 0.00001 ( 1)
 341 Y   0.92695 0.07258 0.00044 0.00004 ( 1)
 342 A   0.92419 0.07447 0.00123 0.00011 ( 1)
 343 Q   0.00059 0.99854 0.00000 0.00087 ( 2)
 344 A   0.51991 0.47976 0.00017 0.00016 ( 1)
 345 D   0.99031 0.00836 0.00131 0.00001 ( 1)
 346 K   0.97913 0.02008 0.00077 0.00002 ( 1)
 347 G   0.00278 0.99622 0.00000 0.00100 ( 2)
 348 A   0.91244 0.08623 0.00121 0.00013 ( 1)
 349 P   0.03165 0.96770 0.00002 0.00063 ( 2)
 350 L   0.11950 0.87974 0.00009 0.00068 ( 2)
 351 P   0.45455 0.54481 0.00028 0.00036 ( 2)
 352 C   0.98357 0.01558 0.00084 0.00001 ( 1)
 353 P   0.00584 0.99284 0.00001 0.00131 ( 2)
 354 T   0.02353 0.97561 0.00002 0.00084 ( 2)
 355 G   0.89128 0.10750 0.00108 0.00015 ( 1)
 356 A   0.87389 0.12516 0.00082 0.00013 ( 1)
 357 W   0.68125 0.31811 0.00043 0.00021 ( 1)
 358 C   0.98550 0.01365 0.00084 0.00001 ( 1)
 359 S   0.98883 0.01022 0.00094 0.00001 ( 1)
 360 S   0.98883 0.01022 0.00094 0.00001 ( 1)
 361 N   0.94618 0.05331 0.00048 0.00003 ( 1)
 362 Q   0.96143 0.03769 0.00085 0.00004 ( 1)
 363 L   0.42536 0.57294 0.00067 0.00102 ( 2)
 364 C   0.98357 0.01558 0.00084 0.00001 ( 1)
 365 R   0.90299 0.09681 0.00018 0.00002 ( 1)
 366 E   0.07706 0.92265 0.00002 0.00027 ( 2)
 367 C   0.98345 0.01570 0.00084 0.00001 ( 1)
 368 C   0.00015 0.99958 0.00000 0.00028 ( 2)
 369 A   0.66175 0.33754 0.00046 0.00025 ( 1)
 370 F   0.99159 0.00717 0.00123 0.00001 ( 1)
 371 T   0.00002 0.99911 0.00000 0.00087 ( 2)
 372 A   0.05888 0.94078 0.00002 0.00032 ( 2)
 373 H   0.98772 0.01109 0.00117 0.00001 ( 1)
 374 T   0.00001 0.88474 0.00002 0.11523 ( 2)
 375 T   0.91266 0.08631 0.00093 0.00010 ( 1)
 376 P   0.98849 0.01033 0.00117 0.00001 ( 1)
 377 T   0.01865 0.98049 0.00001 0.00084 ( 2)
 378 L   0.98037 0.01804 0.00156 0.00003 ( 1)
 379 G   0.00005 0.99972 0.00000 0.00023 ( 2)
 380 P   0.46800 0.53058 0.00062 0.00079 ( 2)
 381 F   0.92100 0.07775 0.00114 0.00011 ( 1)
 382 S   0.98778 0.01128 0.00092 0.00001 ( 1)
 383 M   0.99093 0.00805 0.00101 0.00001 ( 1)
 384 S   0.94496 0.05458 0.00044 0.00003 ( 1)
 385 S   0.58650 0.41301 0.00028 0.00021 ( 1)
 386 A   0.99118 0.00749 0.00131 0.00001 ( 1)
 387 Y   0.98432 0.01474 0.00093 0.00002 ( 1)
 388 N   0.98923 0.00971 0.00105 0.00001 ( 1)
 389 V   0.20179 0.79715 0.00020 0.00086 ( 2)
 390 Y   0.97773 0.02133 0.00092 0.00002 ( 1)
 391 Q   0.01422 0.98457 0.00002 0.00119 ( 2)
 392 A   0.93613 0.06318 0.00065 0.00005 ( 1)
 393 V   0.98224 0.01644 0.00129 0.00002 ( 1)
 394 Y   0.95976 0.03977 0.00045 0.00002 ( 1)
 395 T   0.01344 0.95894 0.00036 0.02726 ( 2)
 396 V   0.98224 0.01644 0.00129 0.00002 ( 1)
 397 A   0.99090 0.00778 0.00131 0.00001 ( 1)
 398 H   0.94648 0.05294 0.00055 0.00003 ( 1)
 399 G   0.98777 0.01102 0.00120 0.00001 ( 1)
 400 L   0.98895 0.00947 0.00157 0.00002 ( 1)
 401 H   0.98796 0.01085 0.00117 0.00001 ( 1)
 402 Q   0.96143 0.03769 0.00085 0.00004 ( 1)
 403 L   0.98895 0.00947 0.00157 0.00002 ( 1)
 404 L   0.95023 0.04856 0.00115 0.00006 ( 1)
 405 G   0.98777 0.01102 0.00120 0.00001 ( 1)
 406 C   0.96305 0.03653 0.00040 0.00002 ( 1)
 407 A   0.90133 0.09733 0.00119 0.00015 ( 1)
 408 S   0.94910 0.05041 0.00046 0.00003 ( 1)
 409 G   0.88466 0.11507 0.00024 0.00003 ( 1)
 410 A   0.83209 0.16721 0.00057 0.00012 ( 1)
 411 C   0.93410 0.06548 0.00039 0.00003 ( 1)
 412 S   0.98778 0.01128 0.00092 0.00001 ( 1)
 413 R   0.97715 0.02213 0.00070 0.00002 ( 1)
 414 S   0.42882 0.56989 0.00052 0.00077 ( 2)
 415 Q   0.00536 0.99434 0.00000 0.00030 ( 2)
 416 V   0.99070 0.00752 0.00176 0.00002 ( 1)
 417 Y   0.31509 0.68391 0.00030 0.00071 ( 2)
 418 P   0.98839 0.01042 0.00117 0.00001 ( 1)
 419 W   0.95290 0.04647 0.00060 0.00003 ( 1)
 420 Q   0.96143 0.03769 0.00085 0.00004 ( 1)
 421 L   0.94032 0.05885 0.00078 0.00005 ( 1)
 422 L   0.94604 0.05300 0.00090 0.00005 ( 1)
 423 E   0.83575 0.16325 0.00082 0.00018 ( 1)
 424 Q   0.96143 0.03769 0.00085 0.00004 ( 1)
 425 I   0.99278 0.00582 0.00139 0.00001 ( 1)
 426 H   0.00477 0.96392 0.00143 0.02988 ( 2)
 427 K   0.97849 0.02072 0.00077 0.00002 ( 1)
 428 A   0.85401 0.14465 0.00113 0.00021 ( 1)
 429 N   0.62270 0.37678 0.00031 0.00020 ( 1)
 430 F   0.99137 0.00739 0.00123 0.00001 ( 1)
 431 L   0.94032 0.05885 0.00078 0.00005 ( 1)
 432 L   0.85879 0.14071 0.00042 0.00007 ( 1)
 433 H   0.98532 0.01350 0.00117 0.00002 ( 1)
 434 E   0.00315 0.99596 0.00000 0.00089 ( 2)
 435 D   0.99031 0.00836 0.00131 0.00001 ( 1)
 436 T   0.95093 0.04853 0.00051 0.00003 ( 1)
 437 V   0.98224 0.01644 0.00129 0.00002 ( 1)
 438 T   0.00136 0.99032 0.00001 0.00830 ( 2)
 439 F   0.65663 0.34274 0.00041 0.00023 ( 1)
 440 N   0.12434 0.80815 0.04110 0.02641 ( 2)
 441 D   0.99031 0.00836 0.00131 0.00001 ( 1)
 442 N   0.95984 0.03863 0.00147 0.00007 ( 1)
 443 G   0.13180 0.86788 0.00004 0.00028 ( 2)
 444 D   0.28409 0.71521 0.00019 0.00051 ( 2)
 445 P   0.89564 0.10317 0.00106 0.00014 ( 1)
 446 L   0.35371 0.64459 0.00056 0.00114 ( 2)
 447 S   0.94363 0.05591 0.00043 0.00003 ( 1)
 448 G   0.88139 0.11764 0.00084 0.00012 ( 1)
 449 Y   0.92695 0.07258 0.00044 0.00004 ( 1)
 450 N   0.06655 0.93228 0.00007 0.00110 ( 2)
 451 I   0.95892 0.04079 0.00028 0.00001 ( 1)
 452 I   0.95680 0.04250 0.00067 0.00003 ( 1)
 453 A   0.92273 0.07593 0.00122 0.00011 ( 1)
 454 W   0.95290 0.04647 0.00060 0.00003 ( 1)
 455 D   0.99031 0.00836 0.00131 0.00001 ( 1)
 456 W   0.95290 0.04647 0.00060 0.00003 ( 1)
 457 I   0.01294 0.98649 0.00001 0.00056 ( 2)
 458 G   0.97268 0.02476 0.00248 0.00007 ( 1)
 459 F   0.44781 0.55093 0.00053 0.00073 ( 2)
 460 K   0.83865 0.16056 0.00066 0.00014 ( 1)
 461 W   0.95290 0.04647 0.00060 0.00003 ( 1)
 462 T   0.99024 0.00871 0.00104 0.00001 ( 1)
 463 F   0.99040 0.00836 0.00123 0.00001 ( 1)
 464 T   0.95590 0.03135 0.01241 0.00034 ( 1)
 465 V   0.34269 0.65538 0.00061 0.00132 ( 2)
 466 I   0.01681 0.98141 0.00003 0.00175 ( 2)
 467 G   0.98137 0.01802 0.00059 0.00001 ( 1)
 468 S   0.98714 0.01193 0.00092 0.00001 ( 1)
 469 S   0.98778 0.01128 0.00092 0.00001 ( 1)
 470 T   0.90364 0.09611 0.00023 0.00002 ( 1)
 471 A   0.12721 0.87214 0.00008 0.00058 ( 2)
 472 S   0.57273 0.42677 0.00028 0.00022 ( 1)
 473 P   0.87556 0.12407 0.00032 0.00005 ( 1)
 474 V   0.61673 0.38232 0.00057 0.00037 ( 1)
 475 R   0.00065 0.99842 0.00000 0.00094 ( 2)
 476 L   0.89482 0.10469 0.00044 0.00005 ( 1)
 477 D   0.89114 0.10724 0.00144 0.00018 ( 1)
 478 I   0.95714 0.04258 0.00028 0.00001 ( 1)
 479 N   0.94618 0.05331 0.00048 0.00003 ( 1)
 480 E   0.83613 0.16287 0.00083 0.00018 ( 1)
 481 T   0.99022 0.00873 0.00104 0.00001 ( 1)
 482 K   0.89966 0.10012 0.00020 0.00002 ( 1)
 483 I   0.99235 0.00625 0.00139 0.00001 ( 1)
 484 Q   0.96143 0.03769 0.00085 0.00004 ( 1)
 485 W   0.95290 0.04647 0.00060 0.00003 ( 1)
 486 H   0.86095 0.13783 0.00103 0.00018 ( 1)
 487 R   0.05864 0.94108 0.00002 0.00026 ( 2)
 488 K   0.97913 0.02008 0.00077 0.00002 ( 1)
 489 D   0.71749 0.06503 0.21545 0.00204 ( 1)
 490 N   0.98948 0.00946 0.00105 0.00001 ( 1)
 491 Q   0.96143 0.03769 0.00085 0.00004 ( 1)
 492 V   0.98186 0.01682 0.00129 0.00002 ( 1)
 493 P   0.94659 0.05279 0.00059 0.00003 ( 1)
 494 Q   0.27405 0.72511 0.00022 0.00062 ( 2)
 495 S   0.93470 0.06481 0.00045 0.00003 ( 1)
 496 V   0.98224 0.01644 0.00129 0.00002 ( 1)
 497 C   0.97218 0.02739 0.00041 0.00001 ( 1)
 498 S   0.98778 0.01128 0.00092 0.00001 ( 1)
 499 S   0.97523 0.02349 0.00125 0.00003 ( 1)
 500 D   0.98977 0.00890 0.00131 0.00001 ( 1)
 501 C   0.93941 0.06017 0.00039 0.00003 ( 1)
 502 L   0.94032 0.05885 0.00078 0.00005 ( 1)
 503 E   0.48014 0.51957 0.00014 0.00015 ( 2)
 504 G   0.97306 0.02604 0.00088 0.00003 ( 1)
 505 H   0.70222 0.08430 0.21087 0.00261 ( 1)
 506 Q   0.96143 0.03769 0.00085 0.00004 ( 1)
 507 R   0.04698 0.95271 0.00001 0.00029 ( 2)
 508 V   0.98224 0.01644 0.00129 0.00002 ( 1)
 509 V   0.95117 0.04790 0.00088 0.00005 ( 1)
 510 V   0.00021 0.99557 0.00000 0.00422 ( 2)
 511 G   0.58033 0.41905 0.00035 0.00026 ( 1)
 512 S   0.92327 0.07548 0.00114 0.00011 ( 1)
 513 H   0.15716 0.84223 0.00009 0.00051 ( 2)
 514 H   0.89388 0.10492 0.00106 0.00014 ( 1)
 515 C   0.93684 0.06273 0.00040 0.00003 ( 1)
 516 C   0.98550 0.01365 0.00084 0.00001 ( 1)
 517 F   0.96392 0.03546 0.00060 0.00002 ( 1)
 518 E   0.83864 0.16036 0.00083 0.00017 ( 1)
 519 C   0.93410 0.06548 0.00039 0.00003 ( 1)
 520 V   0.86170 0.02291 0.11219 0.00321 ( 1)
 521 P   0.94901 0.01047 0.04007 0.00044 ( 1)
 522 C   0.90200 0.05749 0.03808 0.00243 ( 1)
 523 E   0.25670 0.70279 0.01084 0.02967 ( 2)
 524 S   0.59223 0.36726 0.02501 0.01551 ( 1)
 525 G   0.86490 0.02024 0.11206 0.00280 ( 1)
 526 T   0.00001 0.00002 0.99023 0.00974 ( 3)
 527 F   0.00045 0.00039 0.99109 0.00807 ( 3)
 528 L   0.00001 0.00002 0.98703 0.01294 ( 3)
 529 N   0.00055 0.00061 0.98829 0.01054 ( 3)
 530 K   0.26235 0.64258 0.07605 0.01902 ( 2)
 531 S   0.90321 0.05628 0.03814 0.00238 ( 1)
 532 D   0.95049 0.00900 0.04013 0.00038 ( 1)
 533 L   0.85228 0.10720 0.03599 0.00453 ( 1)
 534 Y   0.81600 0.14348 0.03445 0.00606 ( 1)
 535 R   0.09907 0.86042 0.00418 0.03633 ( 2)
 536 C   0.94438 0.01511 0.03987 0.00064 ( 1)
 537 Q   0.96143 0.03769 0.00085 0.00004 ( 1)
 538 P   0.58877 0.41060 0.00037 0.00027 ( 1)
 539 C   0.93410 0.06548 0.00039 0.00003 ( 1)
 540 G   0.97663 0.02247 0.00088 0.00002 ( 1)
 541 K   0.91064 0.08914 0.00020 0.00002 ( 1)
 542 E   0.90847 0.09125 0.00026 0.00003 ( 1)
 543 E   0.98151 0.01750 0.00097 0.00002 ( 1)
 544 W   0.95290 0.04647 0.00060 0.00003 ( 1)
 545 A   0.88228 0.11739 0.00029 0.00004 ( 1)
 546 P   0.95097 0.04841 0.00059 0.00003 ( 1)
 547 E   0.03904 0.95988 0.00004 0.00104 ( 2)
 548 G   0.37585 0.62387 0.00010 0.00017 ( 2)
 549 S   0.98883 0.01022 0.00094 0.00001 ( 1)
 550 Q   0.96143 0.03769 0.00085 0.00004 ( 1)
 551 T   0.89917 0.09977 0.00095 0.00012 ( 1)
 552 C   0.98550 0.01365 0.00084 0.00001 ( 1)
 553 F   0.99072 0.00804 0.00123 0.00001 ( 1)
 554 P   0.30510 0.32186 0.33437 0.03866 ( 3)
 555 R   0.97689 0.02202 0.00106 0.00003 ( 1)
 556 T   0.95225 0.04721 0.00051 0.00003 ( 1)
 557 V   0.97945 0.01923 0.00129 0.00003 ( 1)
 558 V   0.67553 0.12113 0.19968 0.00367 ( 1)
 559 F   0.13709 0.86226 0.00009 0.00057 ( 2)
 560 L   0.94915 0.04989 0.00091 0.00005 ( 1)
 561 A   0.11937 0.87991 0.00008 0.00064 ( 2)
 562 W   0.14617 0.85196 0.00026 0.00161 ( 2)
 563 H   0.13686 0.86253 0.00008 0.00053 ( 2)
 564 E   0.98154 0.01747 0.00097 0.00002 ( 1)
 565 C   0.00572 0.99296 0.00001 0.00131 ( 2)
 566 I   0.91674 0.08219 0.00097 0.00010 ( 1)
 567 S   0.93470 0.06481 0.00045 0.00003 ( 1)
 568 W   0.95290 0.04647 0.00060 0.00003 ( 1)
 569 V   0.98224 0.01644 0.00129 0.00002 ( 1)
 570 L   0.94651 0.05227 0.00115 0.00007 ( 1)
 571 L   0.94989 0.04890 0.00115 0.00006 ( 1)
 572 A   0.40255 0.59711 0.00013 0.00020 ( 2)
 573 A   0.64651 0.35279 0.00045 0.00026 ( 1)
 574 N   0.97337 0.02557 0.00103 0.00003 ( 1)
 575 T   0.76874 0.23046 0.00060 0.00020 ( 1)
 576 L   0.10742 0.64945 0.15191 0.09123 ( 2)
 577 L   0.94850 0.05028 0.00115 0.00006 ( 1)
 578 L   0.95011 0.04868 0.00115 0.00006 ( 1)
 579 V   0.64690 0.35186 0.00078 0.00045 ( 1)
 580 V   0.64569 0.35306 0.00079 0.00046 ( 1)
 581 V   0.65910 0.33967 0.00080 0.00044 ( 1)
 582 V   0.12253 0.87661 0.00010 0.00076 ( 2)
 583 G   0.97765 0.02145 0.00088 0.00002 ( 1)
 584 T   0.60321 0.39624 0.00033 0.00023 ( 1)
 585 V   0.62085 0.37845 0.00043 0.00028 ( 1)
 586 G   0.98519 0.01360 0.00119 0.00002 ( 1)
 587 L   0.95023 0.04856 0.00115 0.00006 ( 1)
 588 F   0.95327 0.04611 0.00059 0.00003 ( 1)
 589 A   0.99069 0.00798 0.00131 0.00001 ( 1)
 590 W   0.95290 0.04647 0.00060 0.00003 ( 1)
 591 H   0.98800 0.01081 0.00117 0.00001 ( 1)
 592 Q   0.33782 0.66168 0.00017 0.00033 ( 2)
 593 D   0.99031 0.00836 0.00131 0.00001 ( 1)
 594 T   0.98934 0.00961 0.00104 0.00001 ( 1)
 595 P   0.93885 0.06052 0.00058 0.00004 ( 1)
 596 V   0.98224 0.01644 0.00129 0.00002 ( 1)
 597 V   0.98161 0.01707 0.00129 0.00002 ( 1)
 598 R   0.97715 0.02213 0.00070 0.00002 ( 1)
 599 S   0.86231 0.13743 0.00022 0.00004 ( 1)
 600 A   0.92504 0.07463 0.00031 0.00003 ( 1)
 601 G   0.97663 0.02247 0.00088 0.00002 ( 1)
 602 G   0.98777 0.01102 0.00120 0.00001 ( 1)
 603 W   0.00231 0.99650 0.00000 0.00119 ( 2)
 604 L   0.95023 0.04856 0.00115 0.00006 ( 1)
 605 C   0.98532 0.01382 0.00084 0.00001 ( 1)
 606 F   0.98269 0.01669 0.00061 0.00001 ( 1)
 607 L   0.97871 0.02047 0.00081 0.00002 ( 1)
 608 M   0.99093 0.00805 0.00101 0.00001 ( 1)
 609 L   0.94719 0.05159 0.00115 0.00007 ( 1)
 610 G   0.98654 0.01225 0.00119 0.00002 ( 1)
 611 S   0.98698 0.01209 0.00092 0.00001 ( 1)
 612 L   0.95023 0.04856 0.00115 0.00006 ( 1)
 613 A   0.89800 0.10167 0.00030 0.00003 ( 1)
 614 G   0.00767 0.99199 0.00000 0.00034 ( 2)
 615 A   0.55666 0.44272 0.00034 0.00028 ( 1)
 616 S   0.98721 0.01214 0.00064 0.00001 ( 1)
 617 C   0.00524 0.99339 0.00001 0.00136 ( 2)
 618 S   0.98883 0.01022 0.00094 0.00001 ( 1)
 619 L   0.90000 0.09839 0.00143 0.00017 ( 1)
 620 Y   0.92695 0.07258 0.00044 0.00004 ( 1)
 621 G   0.98748 0.01131 0.00119 0.00002 ( 1)
 622 F   0.99118 0.00758 0.00123 0.00001 ( 1)
 623 F   0.95327 0.04611 0.00059 0.00003 ( 1)
 624 G   0.97306 0.02604 0.00088 0.00003 ( 1)
 625 E   0.97399 0.02562 0.00039 0.00001 ( 1)
 626 P   0.98747 0.01134 0.00117 0.00001 ( 1)
 627 T   0.51372 0.48602 0.00013 0.00013 ( 1)
 628 L   0.11407 0.88516 0.00008 0.00069 ( 2)
 629 P   0.72343 0.27594 0.00045 0.00018 ( 1)
 630 A   0.46918 0.53049 0.00016 0.00018 ( 2)
 631 C   0.98357 0.01558 0.00084 0.00001 ( 1)
 632 L   0.93684 0.06220 0.00090 0.00006 ( 1)
 633 L   0.94995 0.04883 0.00115 0.00006 ( 1)
 634 R   0.98489 0.01402 0.00106 0.00002 ( 1)
 635 Q   0.95772 0.04140 0.00084 0.00004 ( 1)
 636 A   0.89734 0.10132 0.00119 0.00015 ( 1)
 637 I   0.88938 0.10901 0.00141 0.00019 ( 1)
 638 F   0.95327 0.04611 0.00059 0.00003 ( 1)
 639 A   0.98991 0.00877 0.00131 0.00001 ( 1)
 640 L   0.94795 0.05122 0.00078 0.00004 ( 1)
 641 G   0.93771 0.06169 0.00057 0.00004 ( 1)
 642 F   0.98359 0.01517 0.00122 0.00002 ( 1)
 643 T   0.88531 0.11362 0.00093 0.00013 ( 1)
 644 I   0.93919 0.05940 0.00132 0.00010 ( 1)
 645 F   0.99133 0.00743 0.00123 0.00001 ( 1)
 646 L   0.92498 0.04738 0.02623 0.00142 ( 1)
 647 S   0.98763 0.01143 0.00092 0.00001 ( 1)
 648 C   0.98550 0.01365 0.00084 0.00001 ( 1)
 649 L   0.64674 0.35202 0.00078 0.00045 ( 1)
 650 T   0.88124 0.11851 0.00022 0.00003 ( 1)
 651 V   0.94630 0.05278 0.00087 0.00005 ( 1)
 652 R   0.98450 0.01441 0.00106 0.00002 ( 1)
 653 S   0.98519 0.01446 0.00035 0.00001 ( 1)
 654 F   0.99159 0.00717 0.00123 0.00001 ( 1)
 655 Q   0.86353 0.11006 0.02331 0.00310 ( 1)
 656 L   0.91739 0.08211 0.00045 0.00004 ( 1)
 657 V   0.90466 0.09392 0.00127 0.00015 ( 1)
 658 I   0.99278 0.00582 0.00139 0.00001 ( 1)
 659 I   0.99202 0.00658 0.00139 0.00001 ( 1)
 660 F   0.99159 0.00717 0.00123 0.00001 ( 1)
 661 K   0.97913 0.02008 0.00077 0.00002 ( 1)
 662 F   0.95327 0.04611 0.00059 0.00003 ( 1)
 663 S   0.98694 0.01212 0.00092 0.00001 ( 1)
 664 T   0.49956 0.49932 0.00053 0.00059 ( 1)
 665 K   0.95344 0.02011 0.02588 0.00058 ( 1)
 666 V   0.07414 0.92542 0.00003 0.00040 ( 2)
 667 P   0.97707 0.02231 0.00061 0.00001 ( 1)
 668 T   0.10895 0.89079 0.00003 0.00023 ( 2)
 669 F   0.99159 0.00717 0.00123 0.00001 ( 1)
 670 Y   0.36286 0.63614 0.00034 0.00066 ( 2)
 671 H   0.12909 0.86802 0.00032 0.00256 ( 2)
 672 T   0.52074 0.47785 0.00069 0.00071 ( 1)
 673 W   0.95290 0.04647 0.00060 0.00003 ( 1)
 674 V   0.98952 0.00871 0.00176 0.00002 ( 1)
 675 Q   0.88492 0.11481 0.00024 0.00003 ( 1)
 676 N   0.98948 0.00946 0.00105 0.00001 ( 1)
 677 H   0.98335 0.01545 0.00118 0.00002 ( 1)
 678 G   0.93576 0.06364 0.00056 0.00004 ( 1)
 679 A   0.95729 0.04202 0.00066 0.00003 ( 1)
 680 A   0.04566 0.95300 0.00006 0.00128 ( 2)
 681 L   0.95023 0.04856 0.00115 0.00006 ( 1)
 682 F   0.95327 0.04611 0.00059 0.00003 ( 1)
 683 I   0.62227 0.37637 0.00082 0.00054 ( 1)
 684 M   0.32051 0.67838 0.00033 0.00078 ( 2)
 685 I   0.99238 0.00622 0.00139 0.00001 ( 1)
 686 S   0.89905 0.09999 0.00086 0.00011 ( 1)
 687 S   0.86231 0.13743 0.00022 0.00004 ( 1)
 688 M   0.00433 0.96748 0.00012 0.02807 ( 2)
 689 A   0.05192 0.94659 0.00007 0.00143 ( 2)
 690 Q   0.96143 0.03769 0.00085 0.00004 ( 1)
 691 L   0.94662 0.05217 0.00115 0.00007 ( 1)
 692 L   0.91877 0.05574 0.02392 0.00157 ( 1)
 693 I   0.99278 0.00582 0.00139 0.00001 ( 1)
 694 C   0.93475 0.06483 0.00039 0.00003 ( 1)
 695 L   0.85879 0.14071 0.00042 0.00007 ( 1)
 696 T   0.95181 0.04765 0.00051 0.00003 ( 1)
 697 W   0.95290 0.04647 0.00060 0.00003 ( 1)
 698 L   0.94404 0.05475 0.00115 0.00007 ( 1)
 699 A   0.28507 0.71352 0.00038 0.00103 ( 2)
 700 V   0.84765 0.15101 0.00112 0.00022 ( 1)
 701 W   0.95290 0.04647 0.00060 0.00003 ( 1)
 702 T   0.98782 0.01112 0.00105 0.00001 ( 1)
 703 P   0.87556 0.12407 0.00032 0.00005 ( 1)
 704 L   0.95023 0.04856 0.00115 0.00006 ( 1)
 705 P   0.98737 0.01144 0.00117 0.00002 ( 1)
 706 T   0.81998 0.17947 0.00044 0.00010 ( 1)
 707 R   0.95358 0.04570 0.00068 0.00004 ( 1)
 708 E   0.90847 0.09125 0.00026 0.00003 ( 1)
 709 Y   0.98234 0.01671 0.00093 0.00002 ( 1)
 710 Q   0.17650 0.82257 0.00016 0.00077 ( 2)
 711 R   0.98494 0.01398 0.00106 0.00002 ( 1)
 712 F   0.99072 0.00804 0.00123 0.00001 ( 1)
 713 P   0.98747 0.01134 0.00117 0.00001 ( 1)
 714 Q   0.67968 0.31973 0.00040 0.00020 ( 1)
 715 L   0.95023 0.04856 0.00115 0.00006 ( 1)
 716 V   0.97945 0.01923 0.00129 0.00003 ( 1)
 717 V   0.46138 0.53753 0.00047 0.00062 ( 2)
 718 L   0.94032 0.05885 0.00078 0.00005 ( 1)
 719 E   0.81974 0.17926 0.00081 0.00019 ( 1)
 720 C   0.98550 0.01365 0.00084 0.00001 ( 1)
 721 T   0.87838 0.12137 0.00022 0.00003 ( 1)
 722 E   0.98154 0.01747 0.00097 0.00002 ( 1)
 723 T   0.00041 0.99806 0.00000 0.00153 ( 2)
 724 N   0.85498 0.14395 0.00090 0.00017 ( 1)
 725 S   0.96288 0.03618 0.00090 0.00004 ( 1)
 726 L   0.95023 0.04856 0.00115 0.00006 ( 1)
 727 G   0.98777 0.01102 0.00120 0.00001 ( 1)
 728 F   0.99159 0.00717 0.00123 0.00001 ( 1)
 729 M   0.25595 0.74374 0.00007 0.00023 ( 2)
 730 L   0.94990 0.04889 0.00115 0.00006 ( 1)
 731 A   0.99118 0.00749 0.00131 0.00001 ( 1)
 732 F   0.98755 0.01120 0.00124 0.00002 ( 1)
 733 G   0.00052 0.99771 0.00000 0.00177 ( 2)
 734 Y   0.98432 0.01474 0.00093 0.00002 ( 1)
 735 N   0.94618 0.05331 0.00048 0.00003 ( 1)
 736 G   0.87773 0.12105 0.00106 0.00016 ( 1)
 737 L   0.98719 0.01121 0.00158 0.00002 ( 1)
 738 L   0.98800 0.01042 0.00157 0.00002 ( 1)
 739 S   0.98048 0.01859 0.00092 0.00002 ( 1)
 740 V   0.06828 0.93014 0.00010 0.00149 ( 2)
 741 S   0.98082 0.01872 0.00045 0.00001 ( 1)
 742 A   0.99024 0.00844 0.00131 0.00001 ( 1)
 743 F   0.95327 0.04611 0.00059 0.00003 ( 1)
 744 A   0.98938 0.00929 0.00131 0.00001 ( 1)
 745 C   0.98412 0.01503 0.00084 0.00001 ( 1)
 746 S   0.89849 0.10055 0.00086 0.00011 ( 1)
 747 Y   0.98432 0.01474 0.00093 0.00002 ( 1)
 748 L   0.64692 0.35185 0.00078 0.00045 ( 1)
 749 G   0.98740 0.01139 0.00119 0.00002 ( 1)
 750 K   0.95344 0.02011 0.02588 0.00058 ( 1)
 751 D   0.99031 0.00836 0.00131 0.00001 ( 1)
 752 L   0.94884 0.05020 0.00091 0.00005 ( 1)
 753 P   0.87556 0.12407 0.00032 0.00005 ( 1)
 754 E   0.98154 0.01747 0.00097 0.00002 ( 1)
 755 N   0.98948 0.00946 0.00105 0.00001 ( 1)
 756 Y   0.96200 0.03706 0.00091 0.00004 ( 1)
 757 N   0.89504 0.10389 0.00095 0.00012 ( 1)
 758 E   0.98154 0.01747 0.00097 0.00002 ( 1)
 759 A   0.99069 0.00798 0.00131 0.00001 ( 1)
 760 K   0.89966 0.10012 0.00020 0.00002 ( 1)
 761 C   0.93410 0.06548 0.00039 0.00003 ( 1)
 762 V   0.99070 0.00752 0.00176 0.00002 ( 1)
 763 T   0.98777 0.01117 0.00104 0.00001 ( 1)
 764 F   0.98820 0.01056 0.00123 0.00001 ( 1)
 765 G   0.43270 0.56629 0.00041 0.00060 ( 2)
 766 L   0.95004 0.04875 0.00115 0.00006 ( 1)
 767 L   0.98895 0.00947 0.00157 0.00002 ( 1)
 768 L   0.90036 0.09839 0.00112 0.00014 ( 1)
 769 N   0.87682 0.12211 0.00093 0.00014 ( 1)
 770 F   0.99072 0.00804 0.00123 0.00001 ( 1)
 771 V   0.34992 0.64867 0.00046 0.00095 ( 2)
 772 S   0.98778 0.01128 0.00092 0.00001 ( 1)
 773 W   0.95290 0.04647 0.00060 0.00003 ( 1)
 774 I   0.99278 0.00582 0.00139 0.00001 ( 1)
 775 A   0.50212 0.49648 0.00067 0.00074 ( 1)
 776 F   0.92241 0.07634 0.00114 0.00011 ( 1)
 777 F   0.99114 0.00762 0.00123 0.00001 ( 1)
 778 T   0.99000 0.00895 0.00104 0.00001 ( 1)
 779 V   0.03143 0.96772 0.00002 0.00083 ( 2)
 780 A   0.99031 0.00836 0.00131 0.00001 ( 1)
 781 S   0.88864 0.11040 0.00085 0.00012 ( 1)
 782 V   0.92234 0.07587 0.00164 0.00015 ( 1)
 783 Y   0.85084 0.14820 0.00080 0.00015 ( 1)
 784 Q   0.27821 0.72035 0.00037 0.00107 ( 2)
 785 G   0.88764 0.11114 0.00107 0.00015 ( 1)
 786 K   0.97913 0.02008 0.00077 0.00002 ( 1)
 787 Y   0.98206 0.01699 0.00093 0.00002 ( 1)
 788 L   0.64667 0.35209 0.00078 0.00045 ( 1)
 789 P   0.89151 0.10535 0.00277 0.00037 ( 1)
 790 A   0.79980 0.19920 0.00079 0.00021 ( 1)
 791 V   0.90896 0.08592 0.00463 0.00049 ( 1)
 792 N   0.98004 0.01890 0.00104 0.00002 ( 1)
 793 V   0.36691 0.63199 0.00038 0.00073 ( 2)
 794 L   0.67560 0.32277 0.00106 0.00057 ( 1)
 795 A   0.98094 0.01837 0.00068 0.00001 ( 1)
 796 V   0.00184 0.99718 0.00000 0.00098 ( 2)
 797 L   0.68995 0.30882 0.00084 0.00040 ( 1)
 798 S   0.98883 0.01022 0.00094 0.00001 ( 1)
 799 S   0.98883 0.01022 0.00094 0.00001 ( 1)
 800 L   0.95015 0.04864 0.00115 0.00006 ( 1)
 801 S   0.89941 0.09962 0.00086 0.00011 ( 1)
 802 S   0.98628 0.01277 0.00094 0.00001 ( 1)
 803 G   0.98777 0.01102 0.00120 0.00001 ( 1)
 804 F   0.99159 0.00717 0.00123 0.00001 ( 1)
 805 S   0.80285 0.19591 0.00097 0.00026 ( 1)
 806 G   0.98075 0.01834 0.00088 0.00002 ( 1)
 807 Y   0.92695 0.07258 0.00044 0.00004 ( 1)
 808 F   0.98269 0.01669 0.00061 0.00001 ( 1)
 809 L   0.97922 0.01957 0.00119 0.00003 ( 1)
 810 P   0.98606 0.01083 0.00307 0.00004 ( 1)
 811 K   0.97700 0.02221 0.00077 0.00002 ( 1)
 812 C   0.98550 0.01365 0.00084 0.00001 ( 1)
 813 Y   0.94789 0.05116 0.00090 0.00005 ( 1)
 814 V   0.97723 0.02145 0.00129 0.00003 ( 1)
 815 I   0.99278 0.00582 0.00139 0.00001 ( 1)
 816 V   0.88373 0.11467 0.00140 0.00020 ( 1)
 817 C   0.87040 0.12874 0.00074 0.00012 ( 1)
 818 R   0.98160 0.01732 0.00106 0.00002 ( 1)
 819 P   0.44714 0.55249 0.00016 0.00021 ( 2)
 820 D   0.97712 0.02155 0.00130 0.00003 ( 1)
 821 L   0.98257 0.01584 0.00156 0.00003 ( 1)
 822 N   0.98842 0.01053 0.00104 0.00001 ( 1)
 823 S   0.89907 0.09997 0.00086 0.00011 ( 1)
 824 T   0.89387 0.10588 0.00022 0.00003 ( 1)
 825 E   0.98154 0.01747 0.00097 0.00002 ( 1)
 826 H   0.98800 0.01081 0.00117 0.00001 ( 1)
 827 F   0.99040 0.00836 0.00123 0.00001 ( 1)
 828 Q   0.96143 0.03769 0.00085 0.00004 ( 1)
 829 A   0.99108 0.00760 0.00131 0.00001 ( 1)
 830 S   0.98778 0.01128 0.00092 0.00001 ( 1)
 831 I   0.98482 0.01448 0.00069 0.00001 ( 1)
 832 Q   0.96143 0.03769 0.00085 0.00004 ( 1)
 833 D   0.91363 0.08503 0.00121 0.00013 ( 1)
 834 Y   0.98432 0.01474 0.00093 0.00002 ( 1)
 835 T   0.97815 0.02106 0.00076 0.00002 ( 1)
 836 R   0.97715 0.02213 0.00070 0.00002 ( 1)
 837 R   0.86806 0.13085 0.00094 0.00016 ( 1)
 838 W   0.01311 0.98560 0.00002 0.00128 ( 2)
 839 G   0.04059 0.95807 0.00005 0.00129 ( 2)
 840 S   0.84885 0.15020 0.00079 0.00016 ( 1)
 841 T   0.98557 0.01338 0.00104 0.00002 ( 1)


lnL = -10547.397718

Bayes Empirical Bayes (BEB) probabilities for 4 classes (class)
(amino acids refer to 1st sequence: 1.Tarsier)

   1 M   0.96655 0.00856 0.02464 0.00024 ( 1)
   2 F   0.47908 0.47747 0.02108 0.02237 ( 1)
   3 H   0.22971 0.74052 0.00636 0.02341 ( 2)
   4 H   0.00046 0.96850 0.00001 0.03102 ( 2)
   5 V   0.00002 0.94249 0.00000 0.05749 ( 2)
   6 A   0.44399 0.51186 0.01986 0.02429 ( 2)
   7 H   0.00506 0.96289 0.00014 0.03191 ( 2)
   8 L   0.90611 0.05151 0.03998 0.00240 ( 1)
   9 V   0.20408 0.76696 0.00543 0.02352 ( 2)
  10 G   0.79247 0.17957 0.02231 0.00564 ( 1)
  11 L   0.89810 0.05951 0.03962 0.00277 ( 1)
  12 Q   0.89388 0.05485 0.04819 0.00308 ( 1)
  13 L   0.89121 0.06419 0.04147 0.00313 ( 1)
  14 S   0.02884 0.94061 0.00078 0.02977 ( 2)
  15 I   0.39944 0.55942 0.01646 0.02468 ( 2)
  16 S   0.79197 0.18062 0.02184 0.00557 ( 1)
  17 C   0.14608 0.03700 0.80316 0.01377 ( 3)
  18 C   0.95635 0.01547 0.02768 0.00049 ( 1)
  19 W   0.48833 0.46996 0.02059 0.02112 ( 1)
  20 A   0.95366 0.02119 0.02454 0.00061 ( 1)
  21 F   0.63673 0.32190 0.02690 0.01447 ( 1)
  22 S   0.22840 0.74407 0.00580 0.02172 ( 2)
  23 C   0.95671 0.01512 0.02769 0.00048 ( 1)
  24 H   0.93968 0.01723 0.04227 0.00081 ( 1)
  25 N   0.04255 0.92860 0.00110 0.02775 ( 2)
  26 T   0.00970 0.95646 0.00030 0.03354 ( 2)
  27 E   0.68222 0.28611 0.02167 0.01000 ( 1)
  28 F   0.02261 0.92272 0.00121 0.05345 ( 2)
  29 S   0.88234 0.07224 0.04184 0.00358 ( 1)
  30 P   0.90928 0.04611 0.04236 0.00225 ( 1)
  31 D   0.83242 0.14159 0.02180 0.00418 ( 1)
  32 F   0.96788 0.00777 0.02413 0.00022 ( 1)
  33 S   0.79753 0.17668 0.02064 0.00514 ( 1)
  34 L   0.96099 0.01168 0.02697 0.00037 ( 1)
  35 P   0.62599 0.34614 0.01718 0.01069 ( 1)
  36 G   0.91457 0.02760 0.05610 0.00172 ( 1)
  37 N   0.50735 0.45022 0.02183 0.02061 ( 1)
  38 Y   0.95494 0.01595 0.02859 0.00052 ( 1)
  39 L   0.96070 0.01196 0.02696 0.00037 ( 1)
  40 L   0.90471 0.05291 0.03991 0.00247 ( 1)
  41 A   0.25855 0.68487 0.01511 0.04147 ( 2)
  42 G   0.95939 0.01318 0.02702 0.00041 ( 1)
  43 F   0.09179 0.86379 0.00395 0.04048 ( 2)
  44 F   0.96781 0.00784 0.02413 0.00022 ( 1)
  45 P   0.41587 0.53840 0.01930 0.02642 ( 2)
  46 L   0.96213 0.01054 0.02700 0.00033 ( 1)
  47 H   0.90229 0.05453 0.04060 0.00258 ( 1)
  48 G   0.06565 0.88715 0.00303 0.04417 ( 2)
  49 D   0.13085 0.83911 0.00361 0.02643 ( 2)
  50 C   0.06475 0.88806 0.00299 0.04421 ( 2)
  51 L   0.47220 0.48432 0.02078 0.02270 ( 2)
  52 Q   0.91994 0.04169 0.03660 0.00177 ( 1)
  53 V   0.95179 0.01681 0.03081 0.00060 ( 1)
  54 R   0.91611 0.05132 0.03070 0.00186 ( 1)
  55 H   0.21987 0.75069 0.00604 0.02340 ( 2)
  56 R   0.82497 0.12105 0.04691 0.00707 ( 1)
  57 P   0.95402 0.01937 0.02602 0.00059 ( 1)
  58 E   0.94907 0.02006 0.03017 0.00070 ( 1)
  59 V   0.95079 0.01780 0.03078 0.00063 ( 1)
  60 T   0.67775 0.29609 0.01753 0.00863 ( 1)
  61 L   0.91554 0.04211 0.04039 0.00196 ( 1)
  62 C   0.85405 0.07412 0.06610 0.00572 ( 1)
  63 D   0.91865 0.00953 0.07109 0.00073 ( 1)
  64 R   0.89833 0.02984 0.06952 0.00230 ( 1)
  65 T   0.00055 0.92762 0.00004 0.07178 ( 2)
  66 C   0.02482 0.90335 0.00184 0.06999 ( 2)
  67 G   0.03877 0.88940 0.00288 0.06895 ( 2)
  68 F   0.92001 0.00817 0.07120 0.00063 ( 1)
  69 N   0.88640 0.04177 0.06860 0.00322 ( 1)
  70 G   0.14244 0.78573 0.01079 0.06103 ( 2)
  71 H   0.90946 0.01872 0.07038 0.00144 ( 1)
  72 G   0.70497 0.22320 0.05452 0.01730 ( 1)
  73 Y   0.00157 0.00484 0.97560 0.01798 ( 3)
  74 H   0.00018 0.00059 0.98596 0.01327 ( 3)
  75 L   0.77468 0.19736 0.02173 0.00622 ( 1)
  76 F   0.14406 0.01895 0.82960 0.00739 ( 3)
  77 Q   0.00128 0.01050 0.94256 0.04565 ( 3)
  78 A   0.05936 0.30776 0.45800 0.17488 ( 3)
  79 M   0.00018 0.00050 0.98945 0.00987 ( 3)
  80 R   0.10286 0.06159 0.80359 0.03196 ( 3)
  81 L   0.48874 0.47535 0.01742 0.01849 ( 1)
  82 S   0.00006 0.09030 0.02749 0.88215 ( 4)
  83 I   0.08656 0.86956 0.00362 0.04026 ( 2)
  84 E   0.00007 0.00055 0.97795 0.02143 ( 3)
  85 A   0.60168 0.32649 0.04650 0.02532 ( 1)
  86 I   0.88256 0.04562 0.06831 0.00352 ( 1)
  87 N   0.91740 0.01078 0.07099 0.00083 ( 1)
  88 N   0.91740 0.01078 0.07099 0.00083 ( 1)
  89 S   0.91532 0.01286 0.07083 0.00099 ( 1)
  90 T   0.90320 0.02498 0.06990 0.00193 ( 1)
  91 V   0.25261 0.67557 0.01930 0.05253 ( 2)
  92 L   0.87302 0.05515 0.06757 0.00426 ( 1)
  93 L   0.87276 0.05541 0.06755 0.00428 ( 1)
  94 P   0.94994 0.01079 0.03880 0.00047 ( 1)
  95 N   0.13079 0.06436 0.77887 0.02598 ( 3)
  96 V   0.00110 0.03052 0.82387 0.14451 ( 3)
  97 T   0.14542 0.02337 0.82228 0.00893 ( 3)
  98 L   0.08454 0.13582 0.70417 0.07547 ( 3)
  99 G   0.93509 0.02292 0.04089 0.00110 ( 1)
 100 Y   0.00160 0.01519 0.92964 0.05357 ( 3)
 101 E   0.00026 0.11580 0.11745 0.76649 ( 4)
 102 L   0.90374 0.05388 0.03987 0.00251 ( 1)
 103 Y   0.00007 0.00148 0.94273 0.05573 ( 3)
 104 D   0.88950 0.03867 0.06884 0.00298 ( 1)
 105 V   0.90944 0.01874 0.07038 0.00144 ( 1)
 106 C   0.91014 0.01803 0.07043 0.00139 ( 1)
 107 S   0.88031 0.04787 0.06813 0.00369 ( 1)
 108 E   0.71552 0.21265 0.05534 0.01648 ( 1)
 109 S   0.85992 0.06825 0.06656 0.00527 ( 1)
 110 A   0.91961 0.00857 0.07117 0.00066 ( 1)
 111 N   0.88117 0.04700 0.06820 0.00363 ( 1)
 112 V   0.90944 0.01874 0.07038 0.00144 ( 1)
 113 Y   0.85661 0.07157 0.06630 0.00552 ( 1)
 114 A   0.91852 0.00965 0.07108 0.00074 ( 1)
 115 T   0.90338 0.02479 0.06991 0.00191 ( 1)
 116 L   0.87302 0.05515 0.06757 0.00426 ( 1)
 117 S   0.04703 0.88114 0.00353 0.06830 ( 2)
 118 V   0.67837 0.24981 0.05246 0.01937 ( 1)
 119 L   0.91739 0.01079 0.07099 0.00083 ( 1)
 120 S   0.91450 0.01367 0.07077 0.00105 ( 1)
 121 L   0.07308 0.85510 0.00550 0.06632 ( 2)
 122 P   0.26890 0.65927 0.02067 0.05116 ( 2)
 123 G   0.93177 0.02412 0.04294 0.00117 ( 1)
 124 T   0.03997 0.90819 0.00204 0.04980 ( 2)
 125 R   0.00000 0.11163 0.00077 0.88759 ( 4)
 126 H   0.91585 0.01232 0.07088 0.00095 ( 1)
 127 I   0.87979 0.04838 0.06809 0.00373 ( 1)
 128 D   0.15417 0.77400 0.01169 0.06013 ( 2)
 129 I   0.78000 0.14817 0.06034 0.01148 ( 1)
 130 Q   0.84148 0.08669 0.06513 0.00669 ( 1)
 131 G   0.28995 0.63823 0.02230 0.04953 ( 2)
 132 D   0.71260 0.21557 0.05511 0.01671 ( 1)
 133 F   0.06494 0.86323 0.00488 0.06694 ( 2)
 134 L   0.91739 0.01079 0.07099 0.00083 ( 1)
 135 H   0.00454 0.92364 0.00033 0.07149 ( 2)
 136 Y   0.85567 0.07250 0.06623 0.00560 ( 1)
 137 S   0.02302 0.90516 0.00171 0.07012 ( 2)
 138 P   0.90365 0.02453 0.06993 0.00189 ( 1)
 139 K   0.63259 0.29558 0.04890 0.02292 ( 1)
 140 I   0.53531 0.39287 0.04135 0.03048 ( 1)
 141 V   0.56659 0.36158 0.04378 0.02805 ( 1)
 142 A   0.89849 0.02969 0.06954 0.00229 ( 1)
 143 V   0.90961 0.01857 0.07039 0.00143 ( 1)
 144 I   0.01395 0.02313 0.91278 0.05013 ( 3)
 145 G   0.14934 0.06257 0.76621 0.02187 ( 3)
 146 P   0.45672 0.49764 0.02121 0.02442 ( 2)
 147 D   0.22039 0.74153 0.00804 0.03005 ( 2)
 148 S   0.00021 0.37737 0.00289 0.61953 ( 4)
 149 T   0.79761 0.16827 0.02775 0.00637 ( 1)
 150 D   0.00137 0.04457 0.78639 0.16767 ( 3)
 151 H   0.00010 0.56034 0.00053 0.43903 ( 2)
 152 A   0.44701 0.50885 0.01999 0.02415 ( 2)
 153 A   0.00422 0.00233 0.98432 0.00913 ( 3)
 154 T   0.00102 0.00089 0.98741 0.01067 ( 3)
 155 T   0.00043 0.01012 0.87858 0.11087 ( 3)
 156 A   0.90092 0.02726 0.06972 0.00210 ( 1)
 157 A   0.76412 0.16406 0.05911 0.01271 ( 1)
 158 L   0.86875 0.05942 0.06724 0.00459 ( 1)
 159 L   0.87769 0.05048 0.06793 0.00390 ( 1)
 160 S   0.75186 0.17632 0.05816 0.01366 ( 1)
 161 P   0.85960 0.06858 0.06653 0.00529 ( 1)
 162 F   0.20005 0.72813 0.01523 0.05660 ( 2)
 163 L   0.87065 0.05752 0.06739 0.00444 ( 1)
 164 V   0.04920 0.24567 0.50951 0.19561 ( 3)
 165 P   0.94961 0.01112 0.03879 0.00048 ( 1)
 166 L   0.03516 0.42040 0.27769 0.26674 ( 2)
 167 I   0.96906 0.00743 0.02330 0.00020 ( 1)
 168 S   0.96299 0.01095 0.02573 0.00033 ( 1)
 169 Y   0.90812 0.04475 0.04483 0.00230 ( 1)
 170 E   0.00300 0.96340 0.00009 0.03351 ( 2)
 171 A   0.96695 0.00794 0.02488 0.00023 ( 1)
 172 S   0.96299 0.01095 0.02573 0.00033 ( 1)
 173 S   0.96219 0.01175 0.02571 0.00035 ( 1)
 174 T   0.00041 0.96583 0.00001 0.03374 ( 2)
 175 T   0.01464 0.95154 0.00045 0.03337 ( 2)
 176 L   0.95652 0.01613 0.02684 0.00051 ( 1)
 177 S   0.22383 0.74786 0.00590 0.02241 ( 2)
 178 V   0.00064 0.96497 0.00002 0.03437 ( 2)
 179 K   0.94642 0.02191 0.03089 0.00078 ( 1)
 180 R   0.10938 0.85144 0.00409 0.03509 ( 2)
 181 Q   0.47168 0.48879 0.01871 0.02082 ( 2)
 182 Y   0.88207 0.07075 0.04354 0.00364 ( 1)
 183 P   0.96295 0.01047 0.02627 0.00032 ( 1)
 184 S   0.89222 0.06238 0.04231 0.00309 ( 1)
 185 F   0.95911 0.01651 0.02392 0.00046 ( 1)
 186 L   0.90374 0.05388 0.03987 0.00251 ( 1)
 187 R   0.95568 0.01530 0.02852 0.00050 ( 1)
 188 T   0.96545 0.00929 0.02499 0.00027 ( 1)
 189 I   0.87423 0.10195 0.02102 0.00279 ( 1)
 190 P   0.96295 0.01047 0.02627 0.00032 ( 1)
 191 S   0.14536 0.82632 0.00376 0.02455 ( 2)
 192 D   0.96503 0.00941 0.02528 0.00028 ( 1)
 193 R   0.15461 0.81143 0.00495 0.02901 ( 2)
 194 H   0.03591 0.93223 0.00103 0.03083 ( 2)
 195 Q   0.91994 0.04169 0.03660 0.00177 ( 1)
 196 V   0.95079 0.01780 0.03078 0.00063 ( 1)
 197 E   0.95015 0.01898 0.03021 0.00066 ( 1)
 198 V   0.27276 0.69981 0.00699 0.02044 ( 2)
 199 M   0.82831 0.14637 0.02112 0.00421 ( 1)
 200 V   0.95079 0.01780 0.03078 0.00063 ( 1)
 201 L   0.46258 0.49392 0.02035 0.02315 ( 2)
 202 L   0.90374 0.05388 0.03987 0.00251 ( 1)
 203 L   0.90352 0.05410 0.03986 0.00252 ( 1)
 204 Q   0.00700 0.66755 0.02465 0.30080 ( 2)
 205 R   0.13435 0.82712 0.00498 0.03355 ( 2)
 206 F   0.96805 0.00760 0.02414 0.00021 ( 1)
 207 R   0.00050 0.96344 0.00002 0.03604 ( 2)
 208 W   0.90771 0.05161 0.03837 0.00231 ( 1)
 209 V   0.21698 0.75542 0.00554 0.02206 ( 2)
 210 W   0.90771 0.05161 0.03837 0.00231 ( 1)
 211 I   0.97037 0.00613 0.02333 0.00017 ( 1)
 212 S   0.89313 0.06147 0.04235 0.00305 ( 1)
 213 L   0.90374 0.05388 0.03987 0.00251 ( 1)
 214 V   0.13021 0.82463 0.00575 0.03941 ( 2)
 215 G   0.96076 0.01182 0.02706 0.00037 ( 1)
 216 S   0.96230 0.01164 0.02571 0.00035 ( 1)
 217 Y   0.00113 0.95371 0.00005 0.04510 ( 2)
 218 G   0.62804 0.33931 0.02058 0.01206 ( 1)
 219 D   0.96555 0.00890 0.02529 0.00026 ( 1)
 220 Y   0.90812 0.04475 0.04483 0.00230 ( 1)
 221 G   0.94436 0.02243 0.03238 0.00083 ( 1)
 222 Q   0.57838 0.38236 0.02297 0.01628 ( 1)
 223 Q   0.05832 0.87944 0.00370 0.05854 ( 2)
 224 G   0.62562 0.34023 0.02143 0.01271 ( 1)
 225 V   0.93689 0.01932 0.04285 0.00094 ( 1)
 226 Q   0.53583 0.42481 0.02127 0.01809 ( 1)
 227 A   0.46446 0.47926 0.02726 0.02902 ( 2)
 228 L   0.89483 0.05074 0.05136 0.00307 ( 1)
 229 E   0.17244 0.79437 0.00539 0.02781 ( 2)
 230 N   0.00666 0.96465 0.00017 0.02852 ( 2)
 231 Q   0.53370 0.42693 0.02119 0.01818 ( 1)
 232 A   0.96695 0.00794 0.02488 0.00023 ( 1)
 233 T   0.93434 0.02193 0.04268 0.00105 ( 1)
 234 D   0.00130 0.94833 0.00006 0.05030 ( 2)
 235 Q   0.51175 0.44882 0.02031 0.01912 ( 1)
 236 G   0.16803 0.79649 0.00566 0.02982 ( 2)
 237 I   0.87248 0.10370 0.02098 0.00284 ( 1)
 238 C   0.95707 0.01476 0.02770 0.00047 ( 1)
 239 I   0.91306 0.04711 0.03777 0.00207 ( 1)
 240 A   0.90105 0.05589 0.04042 0.00264 ( 1)
 241 F   0.96805 0.00760 0.02414 0.00021 ( 1)
 242 K   0.94642 0.02191 0.03089 0.00078 ( 1)
 243 D   0.82455 0.14944 0.02160 0.00441 ( 1)
 244 I   0.20844 0.76556 0.00495 0.02105 ( 2)
 245 V   0.70616 0.26308 0.02189 0.00887 ( 1)
 246 P   0.95290 0.01249 0.03413 0.00048 ( 1)
 247 L   0.83198 0.14324 0.02074 0.00404 ( 1)
 248 S   0.41380 0.53975 0.01955 0.02690 ( 2)
 249 A   0.96695 0.00794 0.02488 0.00023 ( 1)
 250 R   0.00019 0.73460 0.00042 0.26479 ( 2)
 251 V   0.94461 0.02395 0.03058 0.00085 ( 1)
 252 G   0.93448 0.03801 0.02632 0.00119 ( 1)
 253 D   0.90954 0.04901 0.03922 0.00223 ( 1)
 254 E   0.16890 0.79789 0.00528 0.02793 ( 2)
 255 R   0.61078 0.35579 0.02044 0.01299 ( 1)
 256 M   0.96655 0.00856 0.02464 0.00024 ( 1)
 257 Q   0.53657 0.42406 0.02130 0.01806 ( 1)
 258 G   0.00360 0.96428 0.00010 0.03201 ( 2)
 259 M   0.04175 0.91380 0.00177 0.04268 ( 2)
 260 M   0.96655 0.00856 0.02464 0.00024 ( 1)
 261 N   0.00072 0.96735 0.00002 0.03191 ( 2)
 262 R   0.02723 0.68622 0.07161 0.21495 ( 2)
 263 L   0.90374 0.05388 0.03987 0.00251 ( 1)
 264 A   0.84759 0.12691 0.02180 0.00369 ( 1)
 265 R   0.01362 0.94567 0.00052 0.04019 ( 2)
 266 A   0.96524 0.00965 0.02483 0.00028 ( 1)
 267 G   0.00367 0.96107 0.00012 0.03514 ( 2)
 268 T   0.82164 0.15278 0.02114 0.00445 ( 1)
 269 T   0.69004 0.28384 0.01785 0.00827 ( 1)
 270 V   0.96291 0.01077 0.02599 0.00033 ( 1)
 271 V   0.95079 0.01780 0.03078 0.00063 ( 1)
 272 V   0.14983 0.82086 0.00399 0.02532 ( 2)
 273 V   0.90182 0.05490 0.04068 0.00261 ( 1)
 274 F   0.94149 0.01789 0.03981 0.00080 ( 1)
 275 S   0.96100 0.01212 0.02651 0.00037 ( 1)
 276 S   0.00446 0.96640 0.00011 0.02903 ( 2)
 277 R   0.05706 0.90362 0.00212 0.03719 ( 2)
 278 R   0.00033 0.95892 0.00001 0.04074 ( 2)
 279 L   0.04319 0.91278 0.00183 0.04220 ( 2)
 280 A   0.96695 0.00794 0.02488 0.00023 ( 1)
 281 R   0.66252 0.30419 0.02218 0.01111 ( 1)
 282 V   0.95079 0.01780 0.03078 0.00063 ( 1)
 283 F   0.94742 0.01198 0.04006 0.00053 ( 1)
 284 F   0.96430 0.01134 0.02404 0.00032 ( 1)
 285 E   0.95015 0.01898 0.03021 0.00066 ( 1)
 286 S   0.95505 0.01806 0.02634 0.00055 ( 1)
 287 V   0.95079 0.01780 0.03078 0.00063 ( 1)
 288 V   0.95079 0.01780 0.03078 0.00063 ( 1)
 289 L   0.90289 0.05472 0.03984 0.00255 ( 1)
 290 A   0.84639 0.12806 0.02179 0.00376 ( 1)
 291 N   0.81785 0.15598 0.02156 0.00461 ( 1)
 292 L   0.47256 0.48397 0.02079 0.02268 ( 2)
 293 T   0.89340 0.06277 0.04081 0.00301 ( 1)
 294 G   0.96076 0.01182 0.02706 0.00037 ( 1)
 295 K   0.94642 0.02191 0.03089 0.00078 ( 1)
 296 V   0.95079 0.01780 0.03078 0.00063 ( 1)
 297 W   0.90771 0.05161 0.03837 0.00231 ( 1)
 298 I   0.22434 0.74668 0.00598 0.02301 ( 2)
 299 A   0.96695 0.00794 0.02488 0.00023 ( 1)
 300 S   0.80884 0.13219 0.05056 0.00841 ( 1)
 301 E   0.86059 0.08868 0.04585 0.00488 ( 1)
 302 D   0.24473 0.72780 0.00622 0.02125 ( 2)
 303 W   0.90771 0.05161 0.03837 0.00231 ( 1)
 304 A   0.82594 0.14849 0.02125 0.00432 ( 1)
 305 I   0.82944 0.14278 0.02327 0.00450 ( 1)
 306 S   0.96100 0.01212 0.02651 0.00037 ( 1)
 307 R   0.02374 0.94117 0.00077 0.03432 ( 2)
 308 H   0.77785 0.19446 0.02165 0.00604 ( 1)
 309 I   0.97037 0.00613 0.02333 0.00017 ( 1)
 310 T   0.45989 0.49529 0.02095 0.02387 ( 2)
 311 G   0.13351 0.83092 0.00449 0.03109 ( 2)
 312 V   0.94759 0.02100 0.03067 0.00074 ( 1)
 313 P   0.95093 0.02244 0.02594 0.00068 ( 1)
 314 G   0.94221 0.02456 0.03231 0.00091 ( 1)
 315 I   0.97037 0.00613 0.02333 0.00017 ( 1)
 316 Q   0.09069 0.86878 0.00352 0.03701 ( 2)
 317 G   0.20357 0.76511 0.00598 0.02534 ( 2)
 318 I   0.92832 0.03189 0.03839 0.00140 ( 1)
 319 G   0.94149 0.02529 0.03229 0.00094 ( 1)
 320 T   0.00033 0.96265 0.00001 0.03702 ( 2)
 321 V   0.95152 0.01708 0.03080 0.00061 ( 1)
 322 L   0.90374 0.05388 0.03987 0.00251 ( 1)
 323 G   0.92417 0.04828 0.02603 0.00151 ( 1)
 324 V   0.95037 0.01822 0.03076 0.00065 ( 1)
 325 A   0.96695 0.00794 0.02488 0.00023 ( 1)
 326 I   0.97037 0.00613 0.02333 0.00017 ( 1)
 327 Q   0.91994 0.04169 0.03660 0.00177 ( 1)
 328 L   0.01534 0.95031 0.00048 0.03387 ( 2)
 329 R   0.14578 0.81946 0.00479 0.02997 ( 2)
 330 L   0.00014 0.95400 0.00001 0.04585 ( 2)
 331 V   0.83733 0.13592 0.02259 0.00416 ( 1)
 332 P   0.90788 0.05742 0.03247 0.00222 ( 1)
 333 G   0.79469 0.17736 0.02238 0.00557 ( 1)
 334 L   0.90340 0.05421 0.03986 0.00253 ( 1)
 335 K   0.68452 0.28305 0.02233 0.01010 ( 1)
 336 E   0.64525 0.32310 0.02040 0.01126 ( 1)
 337 F   0.48767 0.47059 0.02057 0.02116 ( 1)
 338 E   0.84739 0.10186 0.04515 0.00560 ( 1)
 339 E   0.90921 0.04015 0.04843 0.00221 ( 1)
 340 A   0.96695 0.00794 0.02488 0.00023 ( 1)
 341 Y   0.87184 0.08096 0.04304 0.00416 ( 1)
 342 A   0.84842 0.12608 0.02183 0.00367 ( 1)
 343 Q   0.00077 0.95974 0.00003 0.03946 ( 2)
 344 A   0.34871 0.59484 0.02042 0.03602 ( 2)
 345 D   0.96555 0.00890 0.02529 0.00026 ( 1)
 346 K   0.94642 0.02191 0.03089 0.00078 ( 1)
 347 G   0.00317 0.96074 0.00010 0.03599 ( 2)
 348 A   0.82921 0.14523 0.02133 0.00423 ( 1)
 349 P   0.02257 0.93082 0.00101 0.04560 ( 2)
 350 L   0.06824 0.89679 0.00223 0.03274 ( 2)
 351 P   0.29993 0.65408 0.01389 0.03210 ( 2)
 352 C   0.95490 0.01692 0.02764 0.00054 ( 1)
 353 P   0.00630 0.96362 0.00017 0.02991 ( 2)
 354 T   0.01763 0.94803 0.00055 0.03378 ( 2)
 355 G   0.79334 0.17868 0.02234 0.00564 ( 1)
 356 A   0.76648 0.20605 0.02114 0.00633 ( 1)
 357 W   0.50912 0.44922 0.02147 0.02019 ( 1)
 358 C   0.95707 0.01476 0.02770 0.00047 ( 1)
 359 S   0.96299 0.01095 0.02573 0.00033 ( 1)
 360 S   0.96299 0.01095 0.02573 0.00033 ( 1)
 361 N   0.89819 0.05931 0.03974 0.00276 ( 1)
 362 Q   0.91994 0.04169 0.03660 0.00177 ( 1)
 363 L   0.22715 0.74306 0.00629 0.02350 ( 2)
 364 C   0.95490 0.01692 0.02764 0.00054 ( 1)
 365 R   0.83831 0.10774 0.04767 0.00629 ( 1)
 366 E   0.04523 0.90258 0.00234 0.04985 ( 2)
 367 C   0.95477 0.01704 0.02764 0.00054 ( 1)
 368 C   0.00023 0.94351 0.00001 0.05625 ( 2)
 369 A   0.48747 0.46848 0.02181 0.02223 ( 1)
 370 F   0.96805 0.00760 0.02414 0.00021 ( 1)
 371 T   0.00007 0.96596 0.00000 0.03397 ( 2)
 372 A   0.03521 0.90789 0.00201 0.05489 ( 2)
 373 H   0.96098 0.01191 0.02675 0.00037 ( 1)
 374 T   0.00003 0.69115 0.00009 0.30873 ( 2)
 375 T   0.82908 0.14560 0.02114 0.00418 ( 1)
 376 P   0.96235 0.01106 0.02625 0.00034 ( 1)
 377 T   0.01434 0.95131 0.00045 0.03390 ( 2)
 378 L   0.95296 0.01968 0.02674 0.00062 ( 1)
 379 G   0.00010 0.94609 0.00001 0.05380 ( 2)
 380 P   0.25356 0.71899 0.00645 0.02100 ( 2)
 381 F   0.84361 0.13164 0.02103 0.00371 ( 1)
 382 S   0.96100 0.01212 0.02651 0.00037 ( 1)
 383 M   0.96655 0.00856 0.02464 0.00024 ( 1)
 384 S   0.89617 0.06072 0.04024 0.00286 ( 1)
 385 S   0.41168 0.54187 0.01945 0.02700 ( 2)
 386 A   0.96695 0.00794 0.02488 0.00023 ( 1)
 387 Y   0.95494 0.01595 0.02859 0.00052 ( 1)
 388 N   0.96389 0.01039 0.02541 0.00031 ( 1)
 389 V   0.10915 0.85757 0.00338 0.02990 ( 2)
 390 Y   0.94749 0.02337 0.02837 0.00077 ( 1)
 391 Q   0.01108 0.94523 0.00047 0.04322 ( 2)
 392 A   0.88636 0.07055 0.03976 0.00333 ( 1)
 393 V   0.95079 0.01780 0.03078 0.00063 ( 1)
 394 Y   0.90928 0.04360 0.04488 0.00224 ( 1)
 395 T   0.01082 0.94551 0.00045 0.04322 ( 2)
 396 V   0.95079 0.01780 0.03078 0.00063 ( 1)
 397 A   0.96664 0.00825 0.02487 0.00024 ( 1)
 398 H   0.89797 0.05884 0.04040 0.00278 ( 1)
 399 G   0.96076 0.01182 0.02706 0.00037 ( 1)
 400 L   0.96258 0.01009 0.02701 0.00032 ( 1)
 401 H   0.96124 0.01164 0.02676 0.00036 ( 1)
 402 Q   0.91994 0.04169 0.03660 0.00177 ( 1)
 403 L   0.96258 0.01009 0.02701 0.00032 ( 1)
 404 L   0.90374 0.05388 0.03987 0.00251 ( 1)
 405 G   0.96076 0.01182 0.02706 0.00037 ( 1)
 406 C   0.91459 0.04005 0.04337 0.00198 ( 1)
 407 A   0.81171 0.16268 0.02088 0.00473 ( 1)
 408 S   0.89884 0.05578 0.04262 0.00276 ( 1)
 409 G   0.81419 0.12779 0.05001 0.00800 ( 1)
 410 A   0.69376 0.26268 0.03110 0.01247 ( 1)
 411 C   0.88157 0.07301 0.04181 0.00362 ( 1)
 412 S   0.96100 0.01212 0.02651 0.00037 ( 1)
 413 R   0.94330 0.02421 0.03161 0.00088 ( 1)
 414 S   0.22894 0.74132 0.00636 0.02338 ( 2)
 415 Q   0.00443 0.93224 0.00028 0.06305 ( 2)
 416 V   0.96575 0.00795 0.02606 0.00024 ( 1)
 417 Y   0.16591 0.80260 0.00488 0.02661 ( 2)
 418 P   0.96225 0.01117 0.02625 0.00034 ( 1)
 419 W   0.90771 0.05161 0.03837 0.00231 ( 1)
 420 Q   0.91994 0.04169 0.03660 0.00177 ( 1)
 421 L   0.88990 0.06549 0.04141 0.00320 ( 1)
 422 L   0.89910 0.05896 0.03923 0.00271 ( 1)
 423 E   0.70751 0.26090 0.02248 0.00911 ( 1)
 424 Q   0.91994 0.04169 0.03660 0.00177 ( 1)
 425 I   0.97037 0.00613 0.02333 0.00017 ( 1)
 426 H   0.00410 0.75079 0.00838 0.23673 ( 2)
 427 K   0.94570 0.02263 0.03087 0.00080 ( 1)
 428 A   0.73403 0.23388 0.02375 0.00834 ( 1)
 429 N   0.44764 0.50880 0.01974 0.02382 ( 2)
 430 F   0.96781 0.00784 0.02413 0.00022 ( 1)
 431 L   0.88990 0.06549 0.04141 0.00320 ( 1)
 432 L   0.78253 0.15594 0.05119 0.01034 ( 1)
 433 H   0.95830 0.01458 0.02667 0.00045 ( 1)
 434 E   0.00356 0.96172 0.00011 0.03461 ( 2)
 435 D   0.96555 0.00890 0.02529 0.00026 ( 1)
 436 T   0.90246 0.05374 0.04123 0.00258 ( 1)
 437 V   0.95079 0.01780 0.03078 0.00063 ( 1)
 438 T   0.00155 0.90706 0.00018 0.09121 ( 2)
 439 F   0.48298 0.47527 0.02037 0.02137 ( 1)
 440 N   0.03832 0.51287 0.20917 0.23964 ( 2)
 441 D   0.96555 0.00890 0.02529 0.00026 ( 1)
 442 N   0.93066 0.04333 0.02473 0.00128 ( 1)
 443 G   0.07261 0.87035 0.00418 0.05286 ( 2)
 444 D   0.14844 0.80825 0.00627 0.03703 ( 2)
 445 P   0.80084 0.17206 0.02184 0.00526 ( 1)
 446 L   0.18706 0.78303 0.00517 0.02474 ( 2)
 447 S   0.89465 0.06224 0.04017 0.00294 ( 1)
 448 G   0.77877 0.19461 0.02080 0.00581 ( 1)
 449 Y   0.87184 0.08096 0.04304 0.00416 ( 1)
 450 N   0.04322 0.92825 0.00110 0.02744 ( 2)
 451 I   0.91585 0.04510 0.03712 0.00194 ( 1)
 452 I   0.91306 0.04711 0.03777 0.00207 ( 1)
 453 A   0.84602 0.12848 0.02176 0.00374 ( 1)
 454 W   0.90771 0.05161 0.03837 0.00231 ( 1)
 455 D   0.96555 0.00890 0.02529 0.00026 ( 1)
 456 W   0.90771 0.05161 0.03837 0.00231 ( 1)
 457 I   0.01018 0.94475 0.00044 0.04463 ( 2)
 458 G   0.93890 0.02718 0.03288 0.00103 ( 1)
 459 F   0.24048 0.73064 0.00648 0.02240 ( 2)
 460 K   0.71073 0.25691 0.02319 0.00917 ( 1)
 461 W   0.90771 0.05161 0.03837 0.00231 ( 1)
 462 T   0.96545 0.00929 0.02499 0.00027 ( 1)
 463 F   0.96674 0.00891 0.02410 0.00025 ( 1)
 464 T   0.91490 0.03436 0.04880 0.00194 ( 1)
 465 V   0.18135 0.78963 0.00482 0.02420 ( 2)
 466 I   0.01379 0.95574 0.00037 0.03010 ( 2)
 467 G   0.93545 0.01928 0.04431 0.00095 ( 1)
 468 S   0.96028 0.01284 0.02649 0.00039 ( 1)
 469 S   0.96100 0.01212 0.02651 0.00037 ( 1)
 470 T   0.83694 0.10673 0.04984 0.00650 ( 1)
 471 A   0.07144 0.88583 0.00294 0.03978 ( 2)
 472 S   0.39893 0.55459 0.01884 0.02764 ( 2)
 473 P   0.80501 0.13812 0.04838 0.00848 ( 1)
 474 V   0.44181 0.51379 0.01987 0.02454 ( 2)
 475 R   0.00085 0.95841 0.00003 0.04071 ( 2)
 476 L   0.82283 0.11568 0.05382 0.00767 ( 1)
 477 D   0.79138 0.17765 0.02492 0.00605 ( 1)
 478 I   0.91370 0.04724 0.03703 0.00203 ( 1)
 479 N   0.89819 0.05931 0.03974 0.00276 ( 1)
 480 E   0.70804 0.26036 0.02250 0.00909 ( 1)
 481 T   0.96543 0.00931 0.02499 0.00027 ( 1)
 482 K   0.83587 0.11172 0.04608 0.00634 ( 1)
 483 I   0.96991 0.00659 0.02332 0.00018 ( 1)
 484 Q   0.91994 0.04169 0.03660 0.00177 ( 1)
 485 W   0.90771 0.05161 0.03837 0.00231 ( 1)
 486 H   0.74727 0.22494 0.02080 0.00699 ( 1)
 487 R   0.03500 0.90599 0.00208 0.05692 ( 2)
 488 K   0.94642 0.02191 0.03089 0.00078 ( 1)
 489 D   0.19067 0.02882 0.77245 0.00806 ( 3)
 490 N   0.96417 0.01011 0.02542 0.00030 ( 1)
 491 Q   0.91994 0.04169 0.03660 0.00177 ( 1)
 492 V   0.95037 0.01822 0.03076 0.00065 ( 1)
 493 P   0.89682 0.05854 0.04178 0.00286 ( 1)
 494 Q   0.14472 0.82128 0.00463 0.02936 ( 2)
 495 S   0.88234 0.07224 0.04184 0.00358 ( 1)
 496 V   0.95079 0.01780 0.03078 0.00063 ( 1)
 497 C   0.92492 0.02975 0.04386 0.00147 ( 1)
 498 S   0.96100 0.01212 0.02651 0.00037 ( 1)
 499 S   0.94789 0.02587 0.02546 0.00077 ( 1)
 500 D   0.96495 0.00949 0.02528 0.00028 ( 1)
 501 C   0.88766 0.06693 0.04210 0.00332 ( 1)
 502 L   0.88990 0.06549 0.04141 0.00320 ( 1)
 503 E   0.31762 0.63067 0.01683 0.03488 ( 2)
 504 G   0.93816 0.02861 0.03217 0.00106 ( 1)
 505 H   0.17376 0.03500 0.78046 0.01077 ( 3)
 506 Q   0.91994 0.04169 0.03660 0.00177 ( 1)
 507 R   0.02846 0.90823 0.00184 0.06147 ( 2)
 508 V   0.95079 0.01780 0.03078 0.00063 ( 1)
 509 V   0.90366 0.05306 0.04076 0.00252 ( 1)
 510 V   0.00038 0.94336 0.00002 0.05624 ( 2)
 511 G   0.40603 0.54753 0.01916 0.02728 ( 2)
 512 S   0.84729 0.12797 0.02113 0.00361 ( 1)
 513 H   0.08608 0.86886 0.00377 0.04129 ( 2)
 514 H   0.79758 0.17480 0.02220 0.00543 ( 1)
 515 C   0.88471 0.06988 0.04196 0.00346 ( 1)
 516 C   0.95707 0.01476 0.02770 0.00047 ( 1)
 517 F   0.92033 0.03901 0.03892 0.00174 ( 1)
 518 E   0.71163 0.25679 0.02261 0.00897 ( 1)
 519 C   0.88157 0.07301 0.04181 0.00362 ( 1)
 520 V   0.93068 0.02816 0.03987 0.00130 ( 1)
 521 P   0.91702 0.01116 0.07097 0.00086 ( 1)
 522 C   0.86341 0.06477 0.06683 0.00500 ( 1)
 523 E   0.13590 0.79227 0.01029 0.06153 ( 2)
 524 S   0.42909 0.49909 0.03310 0.03873 ( 2)
 525 G   0.92975 0.02467 0.04432 0.00125 ( 1)
 526 T   0.00010 0.00039 0.98882 0.01069 ( 3)
 527 F   0.00141 0.00211 0.98771 0.00876 ( 3)
 528 L   0.00120 0.00298 0.98158 0.01424 ( 3)
 529 N   0.00164 0.00319 0.98361 0.01156 ( 3)
 530 K   0.07631 0.44051 0.33079 0.15239 ( 2)
 531 S   0.86478 0.06339 0.06693 0.00489 ( 1)
 532 D   0.91865 0.00953 0.07109 0.00073 ( 1)
 533 L   0.75184 0.17634 0.05816 0.01367 ( 1)
 534 Y   0.69716 0.23101 0.05392 0.01791 ( 1)
 535 R   0.05742 0.87075 0.00432 0.06751 ( 2)
 536 C   0.91186 0.01632 0.07057 0.00126 ( 1)
 537 Q   0.91994 0.04169 0.03660 0.00177 ( 1)
 538 P   0.41419 0.54008 0.01923 0.02651 ( 2)
 539 C   0.88157 0.07301 0.04181 0.00362 ( 1)
 540 G   0.94221 0.02456 0.03231 0.00091 ( 1)
 541 K   0.84837 0.09923 0.04676 0.00563 ( 1)
 542 E   0.84739 0.10186 0.04515 0.00560 ( 1)
 543 E   0.95012 0.01902 0.03021 0.00066 ( 1)
 544 W   0.90771 0.05161 0.03837 0.00231 ( 1)
 545 A   0.81347 0.13076 0.04789 0.00788 ( 1)
 546 P   0.90179 0.05359 0.04201 0.00261 ( 1)
 547 E   0.02748 0.93892 0.00084 0.03277 ( 2)
 548 G   0.23712 0.70413 0.01445 0.04430 ( 2)
 549 S   0.96299 0.01095 0.02573 0.00033 ( 1)
 550 Q   0.91994 0.04169 0.03660 0.00177 ( 1)
 551 T   0.80722 0.16703 0.02089 0.00486 ( 1)
 552 C   0.95707 0.01476 0.02770 0.00047 ( 1)
 553 F   0.96709 0.00856 0.02411 0.00024 ( 1)
 554 P   0.10555 0.19485 0.62046 0.07914 ( 3)
 555 R   0.94679 0.02416 0.02825 0.00079 ( 1)
 556 T   0.90396 0.05224 0.04130 0.00250 ( 1)
 557 V   0.94764 0.02094 0.03068 0.00074 ( 1)
 558 V   0.15895 0.04827 0.77668 0.01610 ( 3)
 559 F   0.07637 0.88089 0.00315 0.03959 ( 2)
 560 L   0.90265 0.05542 0.03938 0.00255 ( 1)
 561 A   0.06733 0.88763 0.00294 0.04210 ( 2)
 562 W   0.08065 0.87281 0.00366 0.04288 ( 2)
 563 H   0.07607 0.87884 0.00333 0.04176 ( 2)
 564 E   0.95015 0.01898 0.03021 0.00066 ( 1)
 565 C   0.00620 0.96373 0.00016 0.02991 ( 2)
 566 I   0.83578 0.13855 0.02164 0.00403 ( 1)
 567 S   0.88234 0.07224 0.04184 0.00358 ( 1)
 568 W   0.90771 0.05161 0.03837 0.00231 ( 1)
 569 V   0.95079 0.01780 0.03078 0.00063 ( 1)
 570 L   0.89959 0.05802 0.03969 0.00270 ( 1)
 571 L   0.90336 0.05426 0.03986 0.00253 ( 1)
 572 A   0.25688 0.68654 0.01501 0.04157 ( 2)
 573 A   0.47148 0.48443 0.02109 0.02299 ( 2)
 574 N   0.94591 0.02832 0.02494 0.00083 ( 1)
 575 T   0.61737 0.35055 0.01977 0.01232 ( 1)
 576 L   0.04009 0.50493 0.21939 0.23559 ( 2)
 577 L   0.90181 0.05580 0.03979 0.00260 ( 1)
 578 L   0.90361 0.05401 0.03987 0.00252 ( 1)
 579 V   0.47269 0.48384 0.02080 0.02267 ( 2)
 580 V   0.47147 0.48505 0.02075 0.02273 ( 2)
 581 V   0.48534 0.47122 0.02136 0.02208 ( 1)
 582 V   0.06882 0.88468 0.00312 0.04338 ( 2)
 583 G   0.94338 0.02340 0.03235 0.00087 ( 1)
 584 T   0.42816 0.52695 0.01949 0.02540 ( 2)
 585 V   0.44572 0.51014 0.01993 0.02421 ( 2)
 586 G   0.95787 0.01469 0.02698 0.00046 ( 1)
 587 L   0.90374 0.05388 0.03987 0.00251 ( 1)
 588 F   0.90812 0.05119 0.03841 0.00229 ( 1)
 589 A   0.96641 0.00848 0.02486 0.00025 ( 1)
 590 W   0.90771 0.05161 0.03837 0.00231 ( 1)
 591 H   0.96129 0.01160 0.02676 0.00036 ( 1)
 592 Q   0.21003 0.72787 0.01362 0.04848 ( 2)
 593 D   0.96555 0.00890 0.02529 0.00026 ( 1)
 594 T   0.96446 0.01028 0.02497 0.00030 ( 1)
 595 P   0.88794 0.06740 0.04137 0.00329 ( 1)
 596 V   0.95079 0.01780 0.03078 0.00063 ( 1)
 597 V   0.95009 0.01850 0.03075 0.00066 ( 1)
 598 R   0.94330 0.02421 0.03161 0.00088 ( 1)
 599 S   0.78829 0.15272 0.04928 0.00972 ( 1)
 600 A   0.86179 0.08251 0.05073 0.00497 ( 1)
 601 G   0.94221 0.02456 0.03231 0.00091 ( 1)
 602 G   0.96076 0.01182 0.02706 0.00037 ( 1)
 603 W   0.00268 0.96541 0.00008 0.03183 ( 2)
 604 L   0.90374 0.05388 0.03987 0.00251 ( 1)
 605 C   0.95688 0.01494 0.02770 0.00048 ( 1)
 606 F   0.94149 0.01789 0.03981 0.00080 ( 1)
 607 L   0.93351 0.02198 0.04343 0.00107 ( 1)
 608 M   0.96655 0.00856 0.02464 0.00024 ( 1)
 609 L   0.90028 0.05733 0.03972 0.00267 ( 1)
 610 G   0.95939 0.01318 0.02702 0.00041 ( 1)
 611 S   0.96010 0.01302 0.02648 0.00040 ( 1)
 612 L   0.90374 0.05388 0.03987 0.00251 ( 1)
 613 A   0.83124 0.11302 0.04893 0.00681 ( 1)
 614 G   0.00621 0.93685 0.00035 0.05659 ( 2)
 615 A   0.38448 0.56903 0.01814 0.02835 ( 2)
 616 S   0.94419 0.01286 0.04234 0.00061 ( 1)
 617 C   0.00572 0.96366 0.00015 0.03047 ( 2)
 618 S   0.96299 0.01095 0.02573 0.00033 ( 1)
 619 L   0.80793 0.16423 0.02267 0.00517 ( 1)
 620 Y   0.87184 0.08096 0.04304 0.00416 ( 1)
 621 G   0.96043 0.01215 0.02705 0.00038 ( 1)
 622 F   0.96759 0.00805 0.02413 0.00023 ( 1)
 623 F   0.90812 0.05119 0.03841 0.00229 ( 1)
 624 G   0.93816 0.02861 0.03217 0.00106 ( 1)
 625 E   0.92181 0.02759 0.04908 0.00152 ( 1)
 626 P   0.96122 0.01219 0.02622 0.00037 ( 1)
 627 T   0.34334 0.59963 0.02034 0.03668 ( 2)
 628 L   0.06533 0.89969 0.00213 0.03285 ( 2)
 629 P   0.55475 0.39983 0.02580 0.01962 ( 1)
 630 A   0.30747 0.63602 0.01799 0.03852 ( 2)
 631 C   0.95490 0.01692 0.02764 0.00054 ( 1)
 632 L   0.88854 0.06950 0.03877 0.00320 ( 1)
 633 L   0.90343 0.05419 0.03986 0.00252 ( 1)
 634 R   0.95583 0.01515 0.02852 0.00050 ( 1)
 635 Q   0.91570 0.04593 0.03643 0.00194 ( 1)
 636 A   0.80494 0.16942 0.02071 0.00493 ( 1)
 637 I   0.79110 0.18100 0.02220 0.00570 ( 1)
 638 F   0.90812 0.05119 0.03841 0.00229 ( 1)
 639 A   0.96554 0.00935 0.02484 0.00027 ( 1)
 640 L   0.89866 0.05675 0.04182 0.00277 ( 1)
 641 G   0.88594 0.06868 0.04197 0.00340 ( 1)
 642 F   0.95911 0.01651 0.02392 0.00046 ( 1)
 643 T   0.78519 0.18899 0.02032 0.00550 ( 1)
 644 I   0.87496 0.10120 0.02105 0.00280 ( 1)
 645 F   0.96776 0.00789 0.02413 0.00022 ( 1)
 646 L   0.89225 0.05332 0.05121 0.00322 ( 1)
 647 S   0.96083 0.01229 0.02650 0.00038 ( 1)
 648 C   0.95707 0.01476 0.02770 0.00047 ( 1)
 649 L   0.47256 0.48397 0.02079 0.02268 ( 2)
 650 T   0.81170 0.13193 0.04834 0.00803 ( 1)
 651 V   0.89806 0.05864 0.04051 0.00278 ( 1)
 652 R   0.95540 0.01559 0.02851 0.00051 ( 1)
 653 S   0.92603 0.01515 0.05786 0.00096 ( 1)
 654 F   0.96805 0.00760 0.02414 0.00021 ( 1)
 655 Q   0.82216 0.12642 0.04431 0.00711 ( 1)
 656 L   0.84817 0.09036 0.05548 0.00599 ( 1)
 657 V   0.81847 0.15751 0.01968 0.00434 ( 1)
 658 I   0.97037 0.00613 0.02333 0.00017 ( 1)
 659 I   0.96954 0.00696 0.02331 0.00019 ( 1)
 660 F   0.96805 0.00760 0.02414 0.00021 ( 1)
 661 K   0.94642 0.02191 0.03089 0.00078 ( 1)
 662 F   0.90812 0.05119 0.03841 0.00229 ( 1)
 663 S   0.96006 0.01306 0.02648 0.00040 ( 1)
 664 T   0.27376 0.69874 0.00701 0.02049 ( 2)
 665 K   0.93237 0.02222 0.04429 0.00111 ( 1)
 666 V   0.04339 0.89978 0.00247 0.05436 ( 2)
 667 P   0.93139 0.02405 0.04339 0.00117 ( 1)
 668 T   0.06131 0.88127 0.00355 0.05387 ( 2)
 669 F   0.96805 0.00760 0.02414 0.00021 ( 1)
 670 Y   0.19124 0.77735 0.00564 0.02578 ( 2)
 671 H   0.07344 0.89601 0.00204 0.02851 ( 2)
 672 T   0.28841 0.68427 0.00735 0.01998 ( 2)
 673 W   0.90771 0.05161 0.03837 0.00231 ( 1)
 674 V   0.96443 0.00926 0.02602 0.00028 ( 1)
 675 Q   0.81697 0.12797 0.04745 0.00761 ( 1)
 676 N   0.96417 0.01011 0.02542 0.00030 ( 1)
 677 H   0.95610 0.01676 0.02662 0.00052 ( 1)
 678 G   0.88372 0.07090 0.04187 0.00351 ( 1)
 679 A   0.91056 0.04640 0.04085 0.00219 ( 1)
 680 A   0.03152 0.93815 0.00085 0.02948 ( 2)
 681 L   0.90374 0.05388 0.03987 0.00251 ( 1)
 682 F   0.90812 0.05119 0.03841 0.00229 ( 1)
 683 I   0.44359 0.52341 0.01431 0.01869 ( 2)
 684 M   0.16962 0.80298 0.00425 0.02314 ( 2)
 685 I   0.96994 0.00656 0.02332 0.00018 ( 1)
 686 S   0.80617 0.16730 0.02154 0.00500 ( 1)
 687 S   0.78829 0.15272 0.04928 0.00972 ( 1)
 688 M   0.00485 0.95117 0.00020 0.04378 ( 2)
 689 A   0.03526 0.93661 0.00087 0.02726 ( 2)
 690 Q   0.91994 0.04169 0.03660 0.00177 ( 1)
 691 L   0.89961 0.05800 0.03969 0.00270 ( 1)
 692 L   0.90110 0.06422 0.03220 0.00248 ( 1)
 693 I   0.97037 0.00613 0.02333 0.00017 ( 1)
 694 C   0.88231 0.07227 0.04184 0.00358 ( 1)
 695 L   0.78253 0.15594 0.05119 0.01034 ( 1)
 696 T   0.90344 0.05276 0.04127 0.00253 ( 1)
 697 W   0.90771 0.05161 0.03837 0.00231 ( 1)
 698 L   0.89663 0.06097 0.03956 0.00284 ( 1)
 699 A   0.15038 0.81569 0.00478 0.02916 ( 2)
 700 V   0.72485 0.24303 0.02345 0.00867 ( 1)
 701 W   0.90771 0.05161 0.03837 0.00231 ( 1)
 702 T   0.96277 0.01196 0.02493 0.00035 ( 1)
 703 P   0.80501 0.13812 0.04838 0.00848 ( 1)
 704 L   0.90374 0.05388 0.03987 0.00251 ( 1)
 705 P   0.96111 0.01230 0.02622 0.00037 ( 1)
 706 T   0.67619 0.27949 0.03086 0.01346 ( 1)
 707 R   0.91638 0.05105 0.03071 0.00185 ( 1)
 708 E   0.84739 0.10186 0.04515 0.00560 ( 1)
 709 Y   0.95271 0.01817 0.02853 0.00060 ( 1)
 710 Q   0.09601 0.86348 0.00373 0.03679 ( 2)
 711 R   0.95588 0.01510 0.02852 0.00050 ( 1)
 712 F   0.96709 0.00856 0.02411 0.00024 ( 1)
 713 P   0.96122 0.01219 0.02622 0.00037 ( 1)
 714 Q   0.50620 0.44970 0.02272 0.02138 ( 1)
 715 L   0.90374 0.05388 0.03987 0.00251 ( 1)
 716 V   0.94764 0.02094 0.03068 0.00074 ( 1)
 717 V   0.24924 0.72361 0.00628 0.02088 ( 2)
 718 L   0.88990 0.06549 0.04141 0.00320 ( 1)
 719 E   0.68508 0.28326 0.02176 0.00990 ( 1)
 720 C   0.95707 0.01476 0.02770 0.00047 ( 1)
 721 T   0.80847 0.13515 0.04814 0.00823 ( 1)
 722 E   0.95015 0.01898 0.03021 0.00066 ( 1)
 723 T   0.00072 0.97070 0.00002 0.02856 ( 2)
 724 N   0.73944 0.23415 0.01949 0.00692 ( 1)
 725 S   0.93263 0.04041 0.02573 0.00124 ( 1)
 726 L   0.90374 0.05388 0.03987 0.00251 ( 1)
 727 G   0.96076 0.01182 0.02706 0.00037 ( 1)
 728 F   0.96805 0.00760 0.02414 0.00021 ( 1)
 729 M   0.13470 0.82431 0.00535 0.03565 ( 2)
 730 L   0.90337 0.05425 0.03986 0.00253 ( 1)
 731 A   0.96695 0.00794 0.02488 0.00023 ( 1)
 732 F   0.96358 0.01204 0.02403 0.00034 ( 1)
 733 G   0.00089 0.96861 0.00002 0.03047 ( 2)
 734 Y   0.95494 0.01595 0.02859 0.00052 ( 1)
 735 N   0.89819 0.05931 0.03974 0.00276 ( 1)
 736 G   0.77236 0.19962 0.02175 0.00627 ( 1)
 737 L   0.96065 0.01201 0.02696 0.00038 ( 1)
 738 L   0.96153 0.01114 0.02698 0.00035 ( 1)
 739 S   0.95277 0.02033 0.02628 0.00062 ( 1)
 740 V   0.04420 0.92920 0.00103 0.02557 ( 2)
 741 S   0.93688 0.02011 0.04206 0.00095 ( 1)
 742 A   0.96591 0.00898 0.02485 0.00026 ( 1)
 743 F   0.90812 0.05119 0.03841 0.00229 ( 1)
 744 A   0.96496 0.00993 0.02483 0.00029 ( 1)
 745 C   0.95552 0.01630 0.02766 0.00052 ( 1)
 746 S   0.80530 0.16817 0.02151 0.00502 ( 1)
 747 Y   0.95494 0.01595 0.02859 0.00052 ( 1)
 748 L   0.47273 0.48379 0.02080 0.02267 ( 2)
 749 G   0.96034 0.01223 0.02705 0.00038 ( 1)
 750 K   0.93237 0.02222 0.04429 0.00111 ( 1)
 751 D   0.96555 0.00890 0.02529 0.00026 ( 1)
 752 L   0.90231 0.05576 0.03937 0.00257 ( 1)
 753 P   0.80501 0.13812 0.04838 0.00848 ( 1)
 754 E   0.95015 0.01898 0.03021 0.00066 ( 1)
 755 N   0.96417 0.01011 0.02542 0.00030 ( 1)
 756 Y   0.92942 0.04138 0.02783 0.00136 ( 1)
 757 N   0.80032 0.17346 0.02109 0.00513 ( 1)
 758 E   0.95015 0.01898 0.03021 0.00066 ( 1)
 759 A   0.96641 0.00848 0.02486 0.00025 ( 1)
 760 K   0.83587 0.11172 0.04608 0.00634 ( 1)
 761 C   0.88157 0.07301 0.04181 0.00362 ( 1)
 762 V   0.96575 0.00795 0.02606 0.00024 ( 1)
 763 T   0.96271 0.01202 0.02492 0.00035 ( 1)
 764 F   0.96430 0.01134 0.02404 0.00032 ( 1)
 765 G   0.23142 0.74029 0.00610 0.02219 ( 2)
 766 L   0.90353 0.05409 0.03986 0.00252 ( 1)
 767 L   0.96258 0.01009 0.02701 0.00032 ( 1)
 768 L   0.81040 0.16474 0.02020 0.00465 ( 1)
 769 N   0.77196 0.20173 0.02034 0.00596 ( 1)
 770 F   0.96709 0.00856 0.02411 0.00024 ( 1)
 771 V   0.18399 0.78207 0.00586 0.02807 ( 2)
 772 S   0.96100 0.01212 0.02651 0.00037 ( 1)
 773 W   0.90771 0.05161 0.03837 0.00231 ( 1)
 774 I   0.97037 0.00613 0.02333 0.00017 ( 1)
 775 A   0.27579 0.69684 0.00702 0.02035 ( 2)
 776 F   0.84593 0.12933 0.02109 0.00365 ( 1)
 777 F   0.96755 0.00810 0.02413 0.00023 ( 1)
 778 T   0.96519 0.00955 0.02499 0.00028 ( 1)
 779 V   0.02274 0.94346 0.00070 0.03310 ( 2)
 780 A   0.96600 0.00889 0.02485 0.00026 ( 1)
 781 S   0.78983 0.18359 0.02110 0.00548 ( 1)
 782 V   0.84528 0.12801 0.02281 0.00391 ( 1)
 783 Y   0.73044 0.23977 0.02186 0.00793 ( 1)
 784 Q   0.14776 0.82406 0.00380 0.02437 ( 2)
 785 G   0.78768 0.18435 0.02218 0.00579 ( 1)
 786 K   0.94642 0.02191 0.03089 0.00078 ( 1)
 787 Y   0.95240 0.01847 0.02852 0.00061 ( 1)
 788 L   0.47248 0.48405 0.02079 0.02268 ( 2)
 789 P   0.79659 0.17566 0.02226 0.00549 ( 1)
 790 A   0.65825 0.31014 0.02081 0.01080 ( 1)
 791 V   0.80583 0.14073 0.04481 0.00863 ( 1)
 792 N   0.95355 0.02070 0.02514 0.00061 ( 1)
 793 V   0.19433 0.77835 0.00488 0.02244 ( 2)
 794 L   0.51116 0.46079 0.01390 0.01415 ( 1)
 795 A   0.93733 0.01970 0.04205 0.00093 ( 1)
 796 V   0.00219 0.96187 0.00007 0.03587 ( 2)
 797 L   0.51842 0.43822 0.02282 0.02053 ( 1)
 798 S   0.96299 0.01095 0.02573 0.00033 ( 1)
 799 S   0.96299 0.01095 0.02573 0.00033 ( 1)
 800 L   0.90365 0.05397 0.03987 0.00251 ( 1)
 801 S   0.80673 0.16671 0.02156 0.00500 ( 1)
 802 S   0.96014 0.01379 0.02566 0.00041 ( 1)
 803 G   0.96076 0.01182 0.02706 0.00037 ( 1)
 804 F   0.96805 0.00760 0.02414 0.00021 ( 1)
 805 S   0.66466 0.30697 0.01871 0.00966 ( 1)
 806 G   0.94689 0.01991 0.03247 0.00074 ( 1)
 807 Y   0.87184 0.08096 0.04304 0.00416 ( 1)
 808 F   0.94149 0.01789 0.03981 0.00080 ( 1)
 809 L   0.93665 0.02104 0.04132 0.00098 ( 1)
 810 P   0.96114 0.01163 0.02686 0.00036 ( 1)
 811 K   0.94401 0.02432 0.03081 0.00086 ( 1)
 812 C   0.95707 0.01476 0.02770 0.00047 ( 1)
 813 Y   0.91309 0.05767 0.02734 0.00190 ( 1)
 814 V   0.94514 0.02343 0.03059 0.00083 ( 1)
 815 I   0.97037 0.00613 0.02333 0.00017 ( 1)
 816 V   0.78235 0.18972 0.02195 0.00598 ( 1)
 817 C   0.75997 0.21127 0.02199 0.00677 ( 1)
 818 R   0.95213 0.01884 0.02841 0.00062 ( 1)
 819 P   0.29004 0.65239 0.01732 0.04025 ( 2)
 820 D   0.95067 0.02373 0.02491 0.00070 ( 1)
 821 L   0.95546 0.01719 0.02681 0.00054 ( 1)
 822 N   0.96299 0.01130 0.02539 0.00033 ( 1)
 823 S   0.80622 0.16725 0.02154 0.00500 ( 1)
 824 T   0.82597 0.11769 0.04918 0.00716 ( 1)
 825 E   0.95015 0.01898 0.03021 0.00066 ( 1)
 826 H   0.96129 0.01160 0.02676 0.00036 ( 1)
 827 F   0.96674 0.00891 0.02410 0.00025 ( 1)
 828 Q   0.91994 0.04169 0.03660 0.00177 ( 1)
 829 A   0.96684 0.00805 0.02487 0.00023 ( 1)
 830 S   0.96100 0.01212 0.02651 0.00037 ( 1)
 831 I   0.94480 0.01545 0.03907 0.00068 ( 1)
 832 Q   0.91994 0.04169 0.03660 0.00177 ( 1)
 833 D   0.83070 0.14331 0.02176 0.00423 ( 1)
 834 Y   0.95494 0.01595 0.02859 0.00052 ( 1)
 835 T   0.94585 0.02303 0.03032 0.00080 ( 1)
 836 R   0.94330 0.02421 0.03161 0.00088 ( 1)
 837 R   0.75623 0.21412 0.02256 0.00709 ( 1)
 838 W   0.01044 0.95528 0.00034 0.03394 ( 2)
 839 G   0.02847 0.94118 0.00077 0.02958 ( 2)
 840 S   0.72923 0.24319 0.02011 0.00748 ( 1)
 841 T   0.96024 0.01448 0.02486 0.00042 ( 1)

