

TREE # 1

  0  0.0000  11454.692140  x:  0.26385   0.11577   0.08596   0.00000   0.06063   0.05075   0.04950   0.04981   0.05520   0.02619   0.00368   0.00258   0.00477   0.02271   0.00778   0.00197   0.00852   0.00766   0.00524   0.00418   0.00162   0.00718   0.00615   0.00626   0.01824   0.14125   0.01212   0.02718   0.01864   0.01586   0.00123   0.00887   0.00574   0.00380   0.00237   0.05365   0.19416   0.06079   0.10998   0.00040   0.10813   0.08203   0.93099   0.88607   1.00391  
  1 99.0000  11441.270694  x:  0.26377   0.11593   0.08600   0.00736   0.06068   0.05071   0.04962   0.04998   0.05533   0.02600   0.00364   0.00243   0.00560   0.02275   0.00827   0.00051   0.00878   0.00753   0.00558   0.00387   0.00019   0.00681   0.00654   0.00660   0.01851   0.14126   0.01207   0.02702   0.01872   0.01583   0.00162   0.00867   0.00632   0.00422   0.00152   0.05430   0.19411   0.06100   0.11007   0.00898   0.10808   0.08239   0.93252   0.88484   1.00389  
  2 4294.2154  11439.507402  x:  0.26363   0.11620   0.08598   0.00685   0.06067   0.05051   0.04965   0.05029   0.05556   0.02564   0.00361   0.00237   0.00645   0.02282   0.00894   0.00309   0.00919   0.00735   0.00594   0.00355   0.00302   0.00628   0.00701   0.00702   0.01896   0.14128   0.01198   0.02675   0.01885   0.01578   0.00115   0.00840   0.00696   0.00459   0.00117   0.05546   0.19400   0.06119   0.11006   0.01152   0.10782   0.08286   0.93538   0.88254   1.00386  
  3 1333.9076  11426.983385  x:  0.26295   0.11748   0.08584   0.00000   0.06058   0.04953   0.04972   0.05176   0.05668   0.02395   0.00356   0.00241   0.00890   0.02308   0.01129   0.00179   0.01049   0.00673   0.00695   0.00297   0.00238   0.00454   0.00844   0.00832   0.02090   0.14139   0.01156   0.02552   0.01945   0.01556   0.00113   0.00755   0.00885   0.00561   0.00191   0.06095   0.19345   0.06195   0.10993   0.01756   0.10648   0.08501   0.94944   0.87115   1.00369  
  4 1731.6625  11383.627334  x:  0.26049   0.12188   0.08545   0.00200   0.06044   0.04643   0.05033   0.05685   0.06051   0.01841   0.00367   0.00279   0.01262   0.02373   0.01640   0.00000   0.01319   0.00587   0.00793   0.00434   0.00281   0.00374   0.01058   0.01024   0.02667   0.14181   0.01026   0.02168   0.02116   0.01497   0.00120   0.00620   0.01162   0.00578   0.00179   0.07979   0.19136   0.06406   0.10906   0.01408   0.10141   0.09213   1.00106   0.82914   1.00309  
  5 3197.7658  11363.416518  x:  0.25918   0.12385   0.08522   0.00155   0.06040   0.04531   0.05062   0.05885   0.06205   0.01758   0.00355   0.00182   0.01191   0.02364   0.01630   0.00000   0.01269   0.00707   0.00695   0.00305   0.00287   0.00730   0.00958   0.00927   0.02793   0.14203   0.01020   0.02115   0.02134   0.01504   0.00147   0.00778   0.01059   0.00476   0.00000   0.08792   0.19028   0.06492   0.10865   0.01442   0.09901   0.09538   1.02870   0.80616   1.00276  
  6 11304.5432  11334.004624  x:  0.25697   0.12713   0.08483   0.00105   0.06033   0.04347   0.05111   0.06216   0.06462   0.01633   0.00334   0.00013   0.01055   0.02347   0.01595   0.00000   0.01173   0.00918   0.00520   0.00075   0.00316   0.01355   0.00776   0.00751   0.02992   0.14241   0.01015   0.02037   0.02161   0.01516   0.00191   0.01059   0.00869   0.00297   0.00009   0.10145   0.18846   0.06635   0.10797   0.01521   0.09502   0.10080   1.07515   0.76752   1.00221  
  7 290146.7955  11325.170236  x:  0.25617   0.12830   0.08468   0.00084   0.06030   0.04282   0.05129   0.06333   0.06552   0.01596   0.00327   0.00072   0.00999   0.02339   0.01575   0.00000   0.01133   0.00995   0.00456   0.00016   0.00327   0.01584   0.00706   0.00683   0.03058   0.14255   0.01014   0.02014   0.02168   0.01522   0.00204   0.01163   0.00795   0.00236   0.00012   0.10626   0.18781   0.06686   0.10772   0.01558   0.09359   0.10274   1.09191   0.75356   1.00201  
  8 248617.7043  11297.392134  x:  0.25377   0.13180   0.08426   0.00000   0.06024   0.04092   0.05181   0.06679   0.06821   0.01499   0.00304   0.00180   0.00816   0.02314   0.01495   0.00000   0.01001   0.01236   0.00259   0.00122   0.00366   0.02288   0.00485   0.00471   0.03244   0.14295   0.01018   0.01956   0.02184   0.01541   0.00237   0.01488   0.00560   0.00058   0.00020   0.12062   0.18585   0.06837   0.10699   0.01704   0.08931   0.10853   1.14245   0.71142   1.00140  
  9 384833.9084  11297.392134  x:  0.25377   0.13180   0.08426   0.00000   0.06024   0.04092   0.05181   0.06679   0.06821   0.01499   0.00304   0.00180   0.00816   0.02314   0.01495   0.00000   0.01001   0.01236   0.00259   0.00122   0.00366   0.02288   0.00485   0.00471   0.03244   0.14295   0.01018   0.01956   0.02184   0.01541   0.00237   0.01488   0.00560   0.00058   0.00020   0.12062   0.18585   0.06837   0.10699   0.01704   0.08931   0.10853   1.14245   0.71142   1.00140  
 10 80031.9067  11286.737346  x:  0.25376   0.13174   0.08426   0.00239   0.06026   0.04107   0.05182   0.06668   0.06811   0.01536   0.00318   0.00205   0.00807   0.02311   0.01472   0.00000   0.00998   0.01205   0.00357   0.00266   0.00316   0.02233   0.00521   0.00510   0.03219   0.14295   0.01022   0.01977   0.02176   0.01542   0.00206   0.01455   0.00581   0.00568   0.00477   0.12039   0.18585   0.06831   0.10699   0.01692   0.08938   0.10843   1.14280   0.71100   1.00140  
 11 8531.4337  11276.511030  x:  0.25370   0.13137   0.08424   0.00403   0.06032   0.04186   0.05174   0.06595   0.06752   0.01752   0.00383   0.00288   0.00754   0.02296   0.01332   0.00000   0.00982   0.01020   0.00687   0.00459   0.00028   0.01895   0.00700   0.00704   0.03070   0.14296   0.01044   0.02105   0.02127   0.01549   0.00085   0.01247   0.00693   0.00592   0.00288   0.11896   0.18585   0.06797   0.10700   0.01616   0.08980   0.10782   1.14499   0.70836   1.00136  
 12 1738.9923  11271.445274  x:  0.25364   0.13097   0.08422   0.00552   0.06038   0.04268   0.05165   0.06518   0.06690   0.01967   0.00435   0.00349   0.00701   0.02281   0.01189   0.00240   0.00965   0.00833   0.00971   0.00619   0.00005   0.01542   0.00861   0.00879   0.02915   0.14296   0.01066   0.02234   0.02077   0.01556   0.00015   0.01037   0.00795   0.00629   0.00109   0.11746   0.18586   0.06761   0.10701   0.01538   0.09025   0.10718   1.14731   0.70557   1.00133  
 13 9198.6973  11270.667141  x:  0.25364   0.13094   0.08422   0.00563   0.06038   0.04276   0.05165   0.06511   0.06684   0.01985   0.00438   0.00352   0.00697   0.02280   0.01177   0.00256   0.00964   0.00817   0.00992   0.00630   0.00000   0.01510   0.00873   0.00892   0.02901   0.14297   0.01068   0.02245   0.02073   0.01557   0.00034   0.01019   0.00802   0.00631   0.00097   0.11732   0.18586   0.06758   0.10701   0.01531   0.09029   0.10713   1.14752   0.70531   1.00132  
 14 11371.1138  11257.374560  x:  0.25345   0.12967   0.08413   0.00472   0.06052   0.04503   0.05125   0.06272   0.06489   0.02414   0.00320   0.00097   0.00623   0.02254   0.00849   0.00221   0.00943   0.00472   0.00933   0.00397   0.00000   0.00451   0.00889   0.00904   0.02439   0.14297   0.01120   0.02533   0.01947   0.01572   0.00039   0.00580   0.00819   0.00508   0.00323   0.11239   0.18589   0.06647   0.10707   0.01325   0.09171   0.10508   1.15528   0.69593   1.00120  
 15 2267.9814  11254.503307  x:  0.25338   0.12919   0.08411   0.00435   0.06057   0.04580   0.05110   0.06183   0.06416   0.02531   0.00316   0.00313   0.00617   0.02250   0.00784   0.00164   0.00942   0.00479   0.00857   0.00332   0.00000   0.00221   0.00859   0.00872   0.02281   0.14297   0.01136   0.02614   0.01910   0.01576   0.00039   0.00539   0.00802   0.00519   0.00345   0.11049   0.18590   0.06606   0.10710   0.01264   0.09225   0.10430   1.15835   0.69219   1.00115  
 16 2923.9140  11246.207834  x:  0.25322   0.12809   0.08407   0.00408   0.06068   0.04751   0.05080   0.05982   0.06252   0.02782   0.00350   0.00333   0.00610   0.02245   0.00686   0.00014   0.00939   0.00535   0.00754   0.00321   0.00000   0.00319   0.00824   0.00832   0.01943   0.14298   0.01170   0.02786   0.01837   0.01583   0.00037   0.00529   0.00781   0.00581   0.00304   0.10609   0.18594   0.06514   0.10718   0.01139   0.09348   0.10251   1.16552   0.68346   1.00103  
 17 2897.5938  11244.651005  x:  0.25319   0.12791   0.08406   0.00403   0.06069   0.04778   0.05075   0.05951   0.06226   0.02821   0.00355   0.00336   0.00609   0.02244   0.00671   0.00000   0.00938   0.00544   0.00738   0.00319   0.00020   0.00333   0.00818   0.00826   0.01890   0.14298   0.01175   0.02813   0.01825   0.01584   0.00037   0.00529   0.00778   0.00590   0.00299   0.10540   0.18594   0.06500   0.10719   0.01119   0.09368   0.10223   1.16665   0.68208   1.00101  
 18 64084.2940  11240.360290  x:  0.25311   0.12743   0.08407   0.00405   0.06073   0.04839   0.05064   0.05867   0.06159   0.02884   0.00347   0.00312   0.00620   0.02249   0.00729   0.00020   0.00941   0.00576   0.00711   0.00359   0.00000   0.00299   0.00800   0.00807   0.01799   0.14297   0.01186   0.02854   0.01814   0.01583   0.00035   0.00612   0.00767   0.00605   0.00276   0.10336   0.18597   0.06462   0.10725   0.01101   0.09423   0.10143   1.17018   0.67774   1.00095  
 19 5755.8729  11240.360290  x:  0.25311   0.12743   0.08407   0.00405   0.06073   0.04839   0.05064   0.05867   0.06159   0.02884   0.00347   0.00312   0.00620   0.02249   0.00729   0.00020   0.00941   0.00576   0.00711   0.00359   0.00000   0.00299   0.00800   0.00807   0.01799   0.14297   0.01186   0.02854   0.01814   0.01583   0.00035   0.00612   0.00767   0.00605   0.00276   0.10336   0.18597   0.06462   0.10725   0.01101   0.09423   0.10143   1.17018   0.67774   1.00095  
 20 5892.2226  11238.749234  x:  0.25311   0.12742   0.08407   0.00403   0.06073   0.04839   0.05064   0.05866   0.06158   0.02881   0.00348   0.00307   0.00622   0.02250   0.00735   0.00113   0.00942   0.00581   0.00708   0.00359   0.00095   0.00320   0.00798   0.00805   0.01801   0.14297   0.01186   0.02852   0.01815   0.01583   0.00080   0.00620   0.00765   0.00601   0.00265   0.10331   0.18597   0.06462   0.10725   0.01104   0.09424   0.10142   1.17027   0.67762   1.00095  
 21 5833.6507  11235.273005  x:  0.25309   0.12725   0.08409   0.00357   0.06073   0.04839   0.05062   0.05845   0.06142   0.02819   0.00362   0.00228   0.00646   0.02261   0.00839   0.00063   0.00948   0.00671   0.00653   0.00361   0.00050   0.00646   0.00763   0.00767   0.01841   0.14297   0.01183   0.02812   0.01840   0.01580   0.00351   0.00739   0.00744   0.00514   0.00092   0.10250   0.18599   0.06454   0.10729   0.01142   0.09442   0.10114   1.17193   0.67552   1.00092  
 22 1433.2149  11229.413878  x:  0.25297   0.12650   0.08422   0.00224   0.06073   0.04838   0.05057   0.05750   0.06072   0.02548   0.00386   0.00158   0.00722   0.02302   0.01158   0.00077   0.00972   0.00902   0.00477   0.00364   0.00084   0.01100   0.00646   0.00640   0.02004   0.14295   0.01166   0.02640   0.01935   0.01563   0.00157   0.01042   0.00674   0.00237   0.00489   0.09878   0.18607   0.06416   0.10749   0.01296   0.09527   0.09987   1.17964   0.66576   1.00079  
 23 1239.5874  11215.394312  x:  0.25268   0.12463   0.08458   0.00318   0.06075   0.04841   0.05054   0.05519   0.05907   0.01942   0.00354   0.00687   0.00785   0.02369   0.01553   0.00078   0.00999   0.01074   0.00484   0.00358   0.00121   0.01336   0.00578   0.00568   0.02329   0.14289   0.01126   0.02269   0.02113   0.01534   0.00000   0.01275   0.00634   0.00677   0.00486   0.08939   0.18630   0.06322   0.10795   0.01579   0.09734   0.09667   1.19968   0.64025   1.00046  
 24 2378.1931  11205.186102  x:  0.25228   0.12197   0.08508   0.00443   0.06079   0.04845   0.05051   0.05192   0.05673   0.01089   0.00307   0.01423   0.00868   0.02460   0.02086   0.00028   0.01036   0.01288   0.00495   0.00349   0.00117   0.01464   0.00491   0.00475   0.02785   0.14282   0.01068   0.01748   0.02365   0.01495   0.00159   0.01566   0.00583   0.01240   0.00775   0.07601   0.18662   0.06188   0.10860   0.01975   0.10029   0.09211   1.22831   0.60381   0.99997  
 25 62924.0218  11126.934743  x:  0.25083   0.11137   0.08732   0.00000   0.06088   0.04853   0.05016   0.03976   0.04862   0.01019   0.00767   0.01088   0.00803   0.02533   0.02899   0.00033   0.00968   0.00986   0.00907   0.00434   0.00139   0.00600   0.01544   0.01664   0.03985   0.14264   0.00930   0.01047   0.02861   0.01487   0.00112   0.01544   0.01062   0.00476   0.00197   0.02098   0.18808   0.05694   0.11105   0.02866   0.11219   0.07344   1.35847   0.43648   0.99775  
 26 5473.2783  11115.399473  x:  0.25062   0.10921   0.08795   0.00746   0.06098   0.04863   0.05020   0.03747   0.04710   0.01174   0.00712   0.00865   0.00795   0.02531   0.03024   0.00034   0.00961   0.00922   0.00855   0.00403   0.00142   0.00520   0.01573   0.01710   0.04215   0.14263   0.00921   0.01184   0.02934   0.01493   0.00103   0.01509   0.01048   0.00306   0.00150   0.01146   0.18851   0.05610   0.11163   0.03024   0.11498   0.06930   1.39177   0.39350   0.99718  
 27 14777.8380  11050.845533  x:  0.25080   0.10501   0.08990   0.00443   0.06114   0.04867   0.04986   0.03339   0.04428   0.01755   0.00091   0.00144   0.00739   0.02461   0.03034   0.00035   0.00967   0.00686   0.00491   0.00252   0.00140   0.00547   0.01091   0.01238   0.04681   0.14277   0.00963   0.02073   0.02974   0.01532   0.00105   0.01146   0.00703   0.01080   0.00241   0.01142   0.19019   0.05545   0.11333   0.03282   0.12303   0.05867   1.49803   0.25612   0.99533  
 28 9596.2888  11040.484183  x:  0.25099   0.10419   0.09049   0.00453   0.06121   0.04869   0.04981   0.03290   0.04385   0.01851   0.00702   0.00224   0.00725   0.02436   0.02982   0.00036   0.00969   0.00669   0.00471   0.00326   0.00137   0.00547   0.00925   0.01060   0.04772   0.14286   0.00971   0.02227   0.02956   0.01541   0.00111   0.01047   0.00644   0.01092   0.00237   0.01417   0.19073   0.05552   0.11381   0.03320   0.12523   0.05629   1.52943   0.21633   0.99478  
 29 17203.7211  11031.895335  x:  0.25142   0.10462   0.09088   0.00531   0.06129   0.04875   0.04990   0.03458   0.04469   0.01629   0.00391   0.00587   0.00725   0.02421   0.02799   0.00044   0.00964   0.00812   0.00799   0.00437   0.00136   0.00469   0.00928   0.01001   0.04709   0.14304   0.00948   0.01887   0.02872   0.01534   0.00101   0.01054   0.00851   0.00486   0.00089   0.01873   0.19117   0.05614   0.11405   0.03245   0.12613   0.05724   1.54968   0.19546   0.99441  
 30 2977.1345  11027.664526  x:  0.25213   0.10593   0.09111   0.00621   0.06139   0.04883   0.05010   0.03772   0.04665   0.01428   0.00400   0.00478   0.00720   0.02400   0.02368   0.00049   0.00947   0.00714   0.00787   0.00194   0.00130   0.00733   0.01122   0.01154   0.04462   0.14340   0.00936   0.01427   0.02714   0.01527   0.00095   0.01012   0.00915   0.00548   0.00225   0.01894   0.19156   0.05708   0.11414   0.03016   0.12599   0.06106   1.56514   0.18914   0.99411  
 31 1000.9917  11024.735154  x:  0.25292   0.10736   0.09129   0.00657   0.06149   0.04890   0.05027   0.04056   0.04854   0.01233   0.00381   0.00331   0.00758   0.02397   0.01991   0.00051   0.00951   0.00714   0.00616   0.00573   0.00129   0.00800   0.01185   0.01197   0.04212   0.14382   0.00939   0.01166   0.02588   0.01516   0.00087   0.01058   0.00858   0.00639   0.00263   0.01799   0.19198   0.05802   0.11422   0.02795   0.12569   0.06507   1.58099   0.18561   0.99379  
 32 2226.2989  11016.451537  x:  0.25510   0.11095   0.09150   0.00493   0.06175   0.04902   0.05055   0.04566   0.05231   0.00991   0.00396   0.00462   0.00919   0.02452   0.01412   0.00039   0.01005   0.01036   0.00296   0.00378   0.00146   0.00563   0.01002   0.01016   0.03668   0.14495   0.00980   0.01443   0.02451   0.01485   0.00082   0.01426   0.00592   0.00543   0.00112   0.01367   0.19307   0.06014   0.11446   0.02347   0.12469   0.07430   1.62241   0.18372   0.99295  
 33 1887.0185  11008.475429  x:  0.25808   0.11536   0.09158   0.00378   0.06206   0.04915   0.05086   0.04969   0.05565   0.01212   0.00438   0.00477   0.01038   0.02551   0.01143   0.00010   0.01042   0.01260   0.01038   0.00433   0.00169   0.00651   0.00715   0.00768   0.03097   0.14641   0.01026   0.01776   0.02427   0.01464   0.00089   0.01887   0.00545   0.00693   0.00238   0.00949   0.19455   0.06250   0.11484   0.01912   0.12336   0.08423   1.67921   0.18508   0.99179  
 34 4035.1227  11001.012631  x:  0.25934   0.11692   0.09152   0.00397   0.06217   0.04919   0.05095   0.04985   0.05604   0.01278   0.00447   0.00465   0.01015   0.02596   0.01287   0.00000   0.01033   0.01235   0.01009   0.00430   0.00178   0.00605   0.00731   0.00791   0.02967   0.14696   0.01033   0.01786   0.02490   0.01466   0.00091   0.02013   0.00665   0.00733   0.00234   0.01006   0.19518   0.06318   0.11503   0.01836   0.12289   0.08690   1.70389   0.18705   0.99128  
 35 4387.2072  10987.316031  x:  0.26235   0.12012   0.09122   0.00428   0.06234   0.04919   0.05102   0.04863   0.05581   0.01294   0.00437   0.00496   0.00861   0.02610   0.01419   0.00000   0.01004   0.00975   0.01075   0.00428   0.00123   0.00602   0.00803   0.00847   0.02819   0.14813   0.01044   0.01728   0.02601   0.01493   0.00088   0.01970   0.00146   0.00612   0.00201   0.01182   0.19659   0.06424   0.11543   0.01775   0.12160   0.09075   1.76587   0.19327   0.98999  
 36 10084.6260  10965.274284  x:  0.26809   0.12523   0.09035   0.00390   0.06242   0.04900   0.05074   0.04399   0.05363   0.00868   0.00423   0.00599   0.00552   0.02382   0.00756   0.00000   0.01015   0.00348   0.01045   0.00510   0.00000   0.00991   0.00498   0.00460   0.02857   0.15002   0.01099   0.02024   0.02596   0.01567   0.00072   0.01128   0.00275   0.00219   0.00213   0.01285   0.19903   0.06516   0.11590   0.01852   0.11854   0.09300   1.89227   0.20802   0.98733  
 37 10779.1124  10965.274284  x:  0.26809   0.12523   0.09035   0.00390   0.06242   0.04900   0.05074   0.04399   0.05363   0.00868   0.00423   0.00599   0.00552   0.02382   0.00756   0.00000   0.01015   0.00348   0.01045   0.00510   0.00000   0.00991   0.00498   0.00460   0.02857   0.15002   0.01099   0.02024   0.02596   0.01567   0.00072   0.01128   0.00275   0.00219   0.00213   0.01285   0.19903   0.06516   0.11590   0.01852   0.11854   0.09300   1.89227   0.20802   0.98733  
 38 1236369.0233  10962.416715  x:  0.26809   0.12524   0.09035   0.00389   0.06242   0.04900   0.05074   0.04399   0.05363   0.00871   0.00422   0.00598   0.00553   0.02382   0.00757   0.00078   0.01015   0.00350   0.01044   0.00510   0.00078   0.00991   0.00499   0.00462   0.02856   0.15002   0.01099   0.02025   0.02595   0.01567   0.00073   0.01128   0.00278   0.00222   0.00212   0.01290   0.19903   0.06516   0.11590   0.01851   0.11853   0.09300   1.89228   0.20803   0.98733  
 39 40225.1193  10932.748383  x:  0.26842   0.12617   0.09033   0.00330   0.06237   0.04897   0.05071   0.04525   0.05427   0.01820   0.00335   0.00238   0.00750   0.02351   0.00957   0.00075   0.00981   0.00988   0.00786   0.00330   0.00076   0.00753   0.00767   0.00801   0.02739   0.14996   0.01099   0.02161   0.02465   0.01572   0.00523   0.00966   0.01244   0.00862   0.00023   0.02655   0.19905   0.06577   0.11570   0.01719   0.11788   0.09297   1.89319   0.21040   0.98728  
 40 3251.8871  10929.637786  x:  0.26853   0.12649   0.09032   0.00316   0.06236   0.04896   0.05071   0.04573   0.05451   0.02074   0.00322   0.00152   0.00792   0.02341   0.01008   0.00075   0.00970   0.01114   0.00701   0.00296   0.00076   0.00675   0.00825   0.00872   0.02693   0.14994   0.01099   0.02209   0.02416   0.01572   0.00558   0.00914   0.01434   0.00971   0.00415   0.03089   0.19905   0.06596   0.11562   0.01669   0.11761   0.09296   1.89356   0.21133   0.98726  
 41 6093.1922  10917.050511  x:  0.26887   0.12751   0.09024   0.00322   0.06228   0.04892   0.05070   0.04770   0.05549   0.02472   0.00417   0.00524   0.00741   0.02308   0.01047   0.00074   0.00947   0.00960   0.00479   0.00436   0.00077   0.00492   0.00786   0.00810   0.02504   0.14982   0.01106   0.02375   0.02219   0.01564   0.00046   0.00736   0.01240   0.00622   0.00395   0.04329   0.19894   0.06657   0.11525   0.01462   0.11642   0.09296   1.89526   0.21534   0.98718  
 42 1664.0206  10910.938631  x:  0.26913   0.12837   0.09013   0.00337   0.06220   0.04889   0.05070   0.04958   0.05642   0.02643   0.00419   0.00505   0.00652   0.02284   0.01026   0.00074   0.00939   0.00676   0.00472   0.00451   0.00078   0.00494   0.00696   0.00687   0.02327   0.14969   0.01117   0.02506   0.02047   0.01565   0.00373   0.00697   0.00819   0.00205   0.00376   0.05308   0.19878   0.06704   0.11487   0.01275   0.11517   0.09298   1.89709   0.21940   0.98709  
 43 2307.5201  10907.502005  x:  0.26926   0.12887   0.09001   0.00342   0.06213   0.04886   0.05071   0.05094   0.05710   0.02599   0.00357   0.00253   0.00600   0.02276   0.00973   0.00075   0.00948   0.00501   0.00623   0.00371   0.00079   0.00621   0.00644   0.00618   0.02211   0.14957   0.01130   0.02567   0.01952   0.01564   0.00284   0.00729   0.00452   0.00367   0.00334   0.05855   0.19859   0.06728   0.11456   0.01167   0.11413   0.09303   1.89873   0.22265   0.98701  
 44 1515.6407  10906.350527  x:  0.26928   0.12908   0.08987   0.00340   0.06207   0.04884   0.05071   0.05182   0.05755   0.02387   0.00353   0.00131   0.00603   0.02282   0.00918   0.00075   0.00962   0.00575   0.00695   0.00341   0.00078   0.00686   0.00645   0.00628   0.02154   0.14945   0.01143   0.02569   0.01932   0.01565   0.00212   0.00821   0.00503   0.00262   0.00319   0.06036   0.19838   0.06733   0.11432   0.01137   0.11325   0.09310   1.90026   0.22521   0.98693  
 45 630.8566  10904.759086  x:  0.26930   0.12944   0.08956   0.00334   0.06195   0.04880   0.05073   0.05359   0.05846   0.01919   0.00345   0.00275   0.00627   0.02296   0.00828   0.00076   0.00988   0.00682   0.00817   0.00303   0.00077   0.00795   0.00659   0.00657   0.02053   0.14919   0.01167   0.02557   0.01911   0.01570   0.00236   0.00986   0.00590   0.00308   0.00335   0.06337   0.19790   0.06738   0.11381   0.01099   0.11138   0.09325   1.90363   0.23062   0.98677  
 46 1436.6583  10903.715391  x:  0.26923   0.12958   0.08922   0.00334   0.06185   0.04876   0.05074   0.05491   0.05916   0.01615   0.00392   0.00212   0.00683   0.02308   0.00897   0.00076   0.00983   0.00631   0.00702   0.00477   0.00077   0.00689   0.00689   0.00682   0.02022   0.14892   0.01175   0.02516   0.01946   0.01573   0.00274   0.00959   0.00622   0.00389   0.00330   0.06422   0.19738   0.06730   0.11335   0.01133   0.10961   0.09343   1.90723   0.23550   0.98659  
 47 663.1663  10902.538569  x:  0.26904   0.12959   0.08870   0.00332   0.06173   0.04872   0.05076   0.05626   0.05990   0.01523   0.00309   0.00204   0.00726   0.02313   0.01011   0.00077   0.00964   0.00607   0.00574   0.00277   0.00077   0.00573   0.00706   0.00695   0.02041   0.14851   0.01170   0.02447   0.02024   0.01575   0.00271   0.00846   0.00600   0.00382   0.00321   0.06359   0.19659   0.06706   0.11272   0.01224   0.10721   0.09369   1.91273   0.24185   0.98632  
 48 646.6952  10899.980274  x:  0.26835   0.12933   0.08712   0.00328   0.06143   0.04864   0.05081   0.05928   0.06164   0.01915   0.00420   0.00228   0.00697   0.02293   0.01118   0.00077   0.00938   0.00733   0.00721   0.00352   0.00076   0.00713   0.00677   0.00677   0.02158   0.14731   0.01135   0.02287   0.02204   0.01575   0.00276   0.00658   0.00561   0.00356   0.00333   0.05986   0.19419   0.06622   0.11092   0.01454   0.10048   0.09441   1.92989   0.25925   0.98547  
 49 931.6201  10898.996217  x:  0.26799   0.12912   0.08651   0.00338   0.06138   0.04863   0.05081   0.05968   0.06185   0.02119   0.00289   0.00230   0.00637   0.02278   0.00990   0.00077   0.00962   0.00595   0.00673   0.00405   0.00076   0.00664   0.00684   0.00673   0.02188   0.14683   0.01129   0.02321   0.02175   0.01571   0.00259   0.00863   0.00649   0.00368   0.00333   0.05811   0.19320   0.06591   0.11024   0.01445   0.09827   0.09462   1.93797   0.26505   0.98507  
 50 786.1503  10898.451147  x:  0.26769   0.12892   0.08618   0.00335   0.06141   0.04865   0.05079   0.05924   0.06154   0.02193   0.00449   0.00215   0.00635   0.02274   0.00876   0.00077   0.00980   0.00582   0.00600   0.00341   0.00077   0.00597   0.00698   0.00685   0.02184   0.14655   0.01135   0.02408   0.02085   0.01570   0.00265   0.00958   0.00635   0.00396   0.00330   0.05707   0.19255   0.06578   0.10988   0.01365   0.09740   0.09470   1.94429   0.26766   0.98475  
 51 641.8275  10896.935638  x:  0.26673   0.12831   0.08550   0.00316   0.06161   0.04874   0.05070   0.05649   0.05966   0.02223   0.00337   0.00214   0.00737   0.02295   0.00822   0.00075   0.00980   0.00790   0.00533   0.00403   0.00078   0.00544   0.00722   0.00718   0.02123   0.14584   0.01166   0.02714   0.01760   0.01568   0.00281   0.00880   0.00511   0.00402   0.00329   0.05512   0.19084   0.06567   0.10917   0.01050   0.09656   0.09474   1.96444   0.27173   0.98374  
 52 696.7038  10894.761746  x:  0.26527   0.12753   0.08483   0.00347   0.06194   0.04888   0.05059   0.05206   0.05665   0.02181   0.00366   0.00214   0.00719   0.02331   0.01011   0.00073   0.00951   0.00589   0.00658   0.00354   0.00080   0.00644   0.00697   0.00683   0.02034   0.14490   0.01190   0.03037   0.01495   0.01568   0.00272   0.00676   0.00737   0.00401   0.00334   0.05406   0.18849   0.06587   0.10847   0.00780   0.09653   0.09475   1.99623   0.27546   0.98215  
 53 1539.0908  10885.851443  x:  0.25944   0.12516   0.08389   0.00276   0.06316   0.04924   0.05027   0.03627   0.04620   0.02073   0.00402   0.00231   0.00392   0.02380   0.01365   0.00071   0.00913   0.00698   0.00661   0.00361   0.00081   0.00662   0.00705   0.00730   0.01900   0.14168   0.01186   0.03508   0.02032   0.01579   0.00259   0.00992   0.00603   0.00384   0.00330   0.05747   0.18007   0.06817   0.10746   0.01323   0.10067   0.09486   2.13207   0.28216   0.97532  
 54 1978.5927  10879.808721  x:  0.25475   0.12362   0.08450   0.00493   0.06381   0.04941   0.05031   0.03033   0.04238   0.02082   0.00389   0.00242   0.01330   0.02343   0.00987   0.00075   0.01007   0.00513   0.00755   0.00362   0.00079   0.00732   0.00640   0.00597   0.02060   0.13951   0.01184   0.03364   0.02363   0.01579   0.00243   0.00963   0.00607   0.00327   0.00330   0.06027   0.17392   0.07002   0.10719   0.01634   0.10501   0.09474   2.25196   0.28408   0.96926  
 55 4745.7453  10863.020095  x:  0.24703   0.12173   0.08785   0.00207   0.06409   0.04934   0.05053   0.03594   0.04524   0.01964   0.00320   0.00209   0.00969   0.02256   0.00285   0.00080   0.01005   0.00463   0.00715   0.00379   0.00074   0.00673   0.00656   0.00687   0.02502   0.13688   0.01129   0.02506   0.02260   0.01565   0.00275   0.00470   0.00686   0.00346   0.00334   0.06212   0.16510   0.07263   0.10752   0.01488   0.11336   0.09404   2.47652   0.28101   0.95783  
 56 5519.9840  10844.959900  x:  0.23689   0.11955   0.09307   0.00380   0.06412   0.04920   0.05110   0.04865   0.05276   0.01982   0.00389   0.00229   0.00888   0.02149   0.00871   0.00087   0.01116   0.00587   0.00678   0.00372   0.00067   0.00630   0.00667   0.00645   0.03087   0.13395   0.01083   0.01308   0.01795   0.01543   0.00256   0.00938   0.00562   0.00348   0.00330   0.06299   0.15424   0.07569   0.10824   0.00954   0.12434   0.09291   2.79245   0.27478   0.94172  
 57 23730.6742  10834.715548  x:  0.23429   0.12054   0.09622   0.00508   0.06271   0.04876   0.05146   0.06501   0.06477   0.01985   0.00393   0.00230   0.00994   0.02248   0.01045   0.00086   0.00865   0.00608   0.00638   0.00362   0.00067   0.00769   0.00662   0.00577   0.02909   0.13548   0.01079   0.02988   0.02224   0.01596   0.00252   0.00994   0.00597   0.00362   0.00329   0.06056   0.15490   0.07573   0.11025   0.01300   0.12694   0.09254   2.99603   0.26722   0.93115  
 58 5029.0121  10831.257639  x:  0.23824   0.12297   0.09484   0.00308   0.06168   0.04866   0.05105   0.06687   0.06690   0.02069   0.00395   0.00244   0.01106   0.02315   0.01109   0.00077   0.01295   0.00515   0.00917   0.00367   0.00075   0.00523   0.00675   0.00912   0.02149   0.13915   0.01112   0.02995   0.02264   0.01578   0.00243   0.00965   0.00562   0.00315   0.00328   0.05919   0.16302   0.07360   0.11155   0.01427   0.12220   0.09279   3.05468   0.26393   0.92789  
 59 1494.8769  10827.064946  x:  0.24498   0.12666   0.09226   0.00457   0.06054   0.04866   0.05061   0.06712   0.06821   0.02122   0.00386   0.00228   0.01063   0.02352   0.01045   0.00067   0.01330   0.00591   0.00688   0.00363   0.00085   0.00664   0.00646   0.00579   0.01292   0.14457   0.01180   0.02763   0.02260   0.01560   0.00254   0.00913   0.00616   0.00362   0.00330   0.05802   0.17558   0.07033   0.11321   0.01523   0.11444   0.09323   3.11898   0.26002   0.92419  
 60 2939.5978  10822.790435  x:  0.25580   0.13203   0.08836   0.00468   0.05965   0.04874   0.05016   0.06524   0.06851   0.02070   0.00396   0.00238   0.01107   0.02330   0.01032   0.00062   0.00752   0.00528   0.00681   0.00362   0.00089   0.00762   0.00739   0.00815   0.01669   0.15202   0.01348   0.02624   0.02214   0.01586   0.00243   0.00990   0.00565   0.00329   0.00328   0.05864   0.19382   0.06589   0.11516   0.01482   0.10310   0.09395   3.18766   0.25576   0.92000  
 61 1878.3711  10821.310290  x:  0.26070   0.13418   0.08709   0.00423   0.05969   0.04877   0.05019   0.06446   0.06833   0.02005   0.00393   0.00230   0.01053   0.02298   0.01047   0.00067   0.00968   0.00596   0.00735   0.00360   0.00086   0.00645   0.00610   0.00579   0.02093   0.15481   0.01267   0.02682   0.02225   0.01596   0.00250   0.00977   0.00599   0.00356   0.00329   0.05927   0.20123   0.06444   0.11577   0.01440   0.09905   0.09429   3.21231   0.25447   0.91839  
 62 1626.0072  10821.102223  x:  0.26211   0.13450   0.08724   0.00478   0.06005   0.04879   0.05042   0.06447   0.06806   0.01995   0.00392   0.00231   0.01036   0.02281   0.01047   0.00071   0.01066   0.00587   0.00688   0.00360   0.00081   0.00716   0.00696   0.00618   0.02157   0.15511   0.01134   0.02699   0.02235   0.01587   0.00250   0.00960   0.00587   0.00350   0.00329   0.05927   0.20264   0.06454   0.11572   0.01420   0.09905   0.09440   3.21589   0.25458   0.91806  
 63 303.3071  10820.929817  x:  0.26456   0.13470   0.08806   0.00476   0.06090   0.04879   0.05090   0.06478   0.06746   0.01997   0.00392   0.00230   0.01045   0.02263   0.01046   0.00080   0.01023   0.00593   0.00684   0.00360   0.00072   0.00707   0.00614   0.00645   0.02147   0.15508   0.00988   0.02699   0.02245   0.01572   0.00251   0.00970   0.00592   0.00355   0.00329   0.05901   0.20426   0.06526   0.11541   0.01392   0.10034   0.09458   3.21871   0.25527   0.91759  
 64 150.8553  10820.711784  x:  0.26867   0.13488   0.08954   0.00430   0.06220   0.04878   0.05158   0.06533   0.06654   0.02014   0.00393   0.00231   0.01058   0.02251   0.01050   0.00091   0.00982   0.00592   0.00725   0.00360   0.00061   0.00667   0.00704   0.00581   0.02137   0.15484   0.00995   0.02701   0.02259   0.01566   0.00250   0.00980   0.00593   0.00353   0.00328   0.05854   0.20664   0.06656   0.11482   0.01368   0.10284   0.09486   3.22241   0.25654   0.91680  
 65 279.4615  10820.565893  x:  0.27187   0.13492   0.09061   0.00450   0.06293   0.04875   0.05193   0.06569   0.06599   0.02026   0.00393   0.00230   0.01048   0.02257   0.01051   0.00095   0.01025   0.00592   0.00691   0.00360   0.00057   0.00698   0.00662   0.00615   0.02151   0.15454   0.01130   0.02707   0.02261   0.01578   0.00250   0.00973   0.00595   0.00355   0.00328   0.05823   0.20825   0.06748   0.11436   0.01368   0.10478   0.09502   3.22491   0.25749   0.91616  
 66 302.2039  10820.511243  x:  0.27431   0.13444   0.09068   0.00490   0.06174   0.04865   0.05100   0.06543   0.06644   0.02026   0.00392   0.00230   0.01038   0.02313   0.01044   0.00072   0.01022   0.00596   0.00704   0.00361   0.00080   0.00681   0.00665   0.00615   0.02161   0.15377   0.01114   0.02705   0.02203   0.01606   0.00251   0.00969   0.00594   0.00356   0.00329   0.05822   0.20824   0.06740   0.11409   0.01423   0.10566   0.09477   3.22583   0.25775   0.91539  
 67 43.5025  10820.489021  x:  0.27549   0.13415   0.09062   0.00446   0.06119   0.04863   0.05062   0.06530   0.06670   0.02027   0.00393   0.00230   0.01050   0.02307   0.01051   0.00067   0.01026   0.00590   0.00687   0.00360   0.00086   0.00705   0.00663   0.00610   0.02163   0.15335   0.01110   0.02705   0.02203   0.01592   0.00250   0.00975   0.00595   0.00355   0.00328   0.05821   0.20805   0.06726   0.11398   0.01421   0.10593   0.09461   3.22620   0.25779   0.91494  
 68 76.7413  10820.467956  x:  0.27690   0.13373   0.09043   0.00466   0.06081   0.04869   0.05051   0.06516   0.06698   0.02024   0.00392   0.00230   0.01043   0.02256   0.01050   0.00071   0.01024   0.00593   0.00695   0.00361   0.00081   0.00693   0.00664   0.00614   0.02155   0.15282   0.01118   0.02706   0.02246   0.01562   0.00251   0.00971   0.00595   0.00356   0.00329   0.05822   0.20757   0.06700   0.11389   0.01383   0.10597   0.09439   3.22656   0.25769   0.91425  
 69 52.5032  10820.449783  x:  0.27838   0.13327   0.09014   0.00459   0.06110   0.04881   0.05096   0.06515   0.06713   0.02024   0.00392   0.00230   0.01045   0.02261   0.01050   0.00087   0.01024   0.00592   0.00694   0.00361   0.00065   0.00694   0.00664   0.00614   0.02148   0.15231   0.01116   0.02704   0.02260   0.01621   0.00250   0.00972   0.00594   0.00355   0.00328   0.05827   0.20672   0.06675   0.11394   0.01373   0.10559   0.09422   3.22686   0.25740   0.91319  
 70 32.6165  10820.434900  x:  0.27960   0.13293   0.08991   0.00458   0.06155   0.04886   0.05137   0.06524   0.06712   0.02022   0.00393   0.00230   0.01046   0.02288   0.01050   0.00093   0.01024   0.00592   0.00695   0.00360   0.00059   0.00695   0.00664   0.00614   0.02148   0.15199   0.01118   0.02705   0.02237   0.01578   0.00250   0.00972   0.00594   0.00355   0.00328   0.05832   0.20589   0.06665   0.11407   0.01401   0.10513   0.09417   3.22710   0.25710   0.91202  
 71 45.8950  10820.422356  x:  0.28034   0.13294   0.08993   0.00459   0.06178   0.04860   0.05103   0.06553   0.06670   0.02020   0.00392   0.00230   0.01047   0.02246   0.01051   0.00061   0.01024   0.00592   0.00696   0.00360   0.00091   0.00695   0.00664   0.00615   0.02146   0.15217   0.01119   0.02709   0.02220   0.01588   0.00250   0.00972   0.00594   0.00355   0.00328   0.05830   0.20515   0.06702   0.11429   0.01419   0.10467   0.09444   3.22729   0.25687   0.91011  
 72 17.4755  10820.405119  x:  0.28100   0.13315   0.09006   0.00462   0.06169   0.04845   0.05057   0.06579   0.06625   0.02024   0.00393   0.00230   0.01048   0.02300   0.01049   0.00056   0.01024   0.00592   0.00696   0.00360   0.00097   0.00694   0.00664   0.00615   0.02146   0.15270   0.01119   0.02706   0.02260   0.01584   0.00250   0.00973   0.00594   0.00355   0.00328   0.05825   0.20434   0.06754   0.11451   0.01379   0.10427   0.09483   3.22753   0.25672   0.90679  
 73 34.8297  10820.342634  x:  0.28193   0.13404   0.09044   0.00460   0.06076   0.04905   0.05072   0.06567   0.06619   0.02024   0.00392   0.00230   0.01047   0.02271   0.01050   0.00152   0.01024   0.00592   0.00695   0.00360   0.00000   0.00694   0.00664   0.00615   0.02147   0.15446   0.01118   0.02708   0.02232   0.01585   0.00250   0.00971   0.00595   0.00355   0.00328   0.05814   0.20293   0.06829   0.11473   0.01400   0.10415   0.09550   3.22823   0.25672   0.89481  
 74 50.7975  10820.301257  x:  0.28196   0.13412   0.09046   0.00459   0.06066   0.04930   0.05103   0.06558   0.06630   0.02024   0.00392   0.00230   0.01047   0.02275   0.01050   0.00115   0.01024   0.00592   0.00695   0.00360   0.00000   0.00694   0.00664   0.00615   0.02147   0.15460   0.01117   0.02707   0.02236   0.01585   0.00250   0.00971   0.00595   0.00355   0.00328   0.05814   0.20287   0.06828   0.11472   0.01395   0.10420   0.09552   3.22827   0.25675   0.89400  
 75 139.5520  10820.262102  x:  0.28213   0.13450   0.09054   0.00454   0.06047   0.04982   0.05187   0.06523   0.06676   0.02025   0.00392   0.00230   0.01045   0.02288   0.01050   0.00012   0.01023   0.00592   0.00694   0.00360   0.00108   0.00694   0.00664   0.00615   0.02147   0.15532   0.01115   0.02704   0.02249   0.01584   0.00250   0.00971   0.00595   0.00355   0.00328   0.05812   0.20251   0.06814   0.11462   0.01380   0.10445   0.09551   3.22866   0.25688   0.88697  
 76 244.2865  10819.723695  x:  0.28463   0.13869   0.09060   0.00454   0.06326   0.04552   0.05123   0.06250   0.07063   0.02028   0.00391   0.00229   0.01026   0.02286   0.01051   0.00046   0.01022   0.00595   0.00690   0.00361   0.00069   0.00690   0.00666   0.00618   0.02141   0.16329   0.01105   0.02687   0.02244   0.01585   0.00247   0.00963   0.00597   0.00358   0.00328   0.05800   0.19783   0.06554   0.11329   0.01370   0.10696   0.09412   3.23555   0.25808   0.76206  
 77 316.0984  10815.909724  x:  0.28738   0.14308   0.08803   0.00454   0.06830   0.05337   0.04494   0.06427   0.06831   0.02038   0.00386   0.00229   0.00993   0.02289   0.01056   0.00044   0.01016   0.00601   0.00681   0.00362   0.00071   0.00680   0.00671   0.00625   0.02139   0.17226   0.01102   0.02688   0.02225   0.01591   0.00234   0.00948   0.00603   0.00361   0.00325   0.05834   0.19259   0.05979   0.11015   0.01417   0.11026   0.08665   3.26793   0.26021   0.17032  
 78 974.3106  10815.615131  x:  0.28749   0.14310   0.08792   0.00452   0.06786   0.05265   0.04549   0.06425   0.06819   0.02039   0.00385   0.00228   0.00989   0.02290   0.01056   0.00044   0.01015   0.00602   0.00679   0.00362   0.00071   0.00680   0.00671   0.00626   0.02139   0.17241   0.01102   0.02687   0.02223   0.01591   0.00233   0.00946   0.00603   0.00362   0.00325   0.05838   0.19245   0.05996   0.11014   0.01414   0.11023   0.08666   3.27113   0.26033   0.11191  
 79 4325.9966  10815.609517  x:  0.28747   0.14300   0.08818   0.00451   0.06819   0.05290   0.04521   0.06391   0.06872   0.02038   0.00385   0.00228   0.00987   0.02289   0.01056   0.00044   0.01015   0.00602   0.00679   0.00362   0.00070   0.00679   0.00671   0.00626   0.02138   0.17220   0.01101   0.02685   0.02223   0.01591   0.00233   0.00946   0.00603   0.00362   0.00325   0.05839   0.19252   0.06014   0.11031   0.01409   0.11010   0.08723   3.27125   0.26033   0.11106  
 80  8.3548  10815.543248  x:  0.28742   0.14328   0.09161   0.00448   0.06792   0.05278   0.04527   0.06364   0.06823   0.02037   0.00385   0.00228   0.00983   0.02290   0.01056   0.00044   0.01014   0.00602   0.00679   0.00362   0.00071   0.00679   0.00671   0.00627   0.02136   0.17150   0.01102   0.02685   0.02218   0.01591   0.00232   0.00944   0.00603   0.00362   0.00325   0.05852   0.19238   0.05826   0.11099   0.01410   0.10926   0.08726   3.27366   0.26045   0.11092  
 81  1.4170  10813.329131  x:  0.28555   0.15031   0.09690   0.00403   0.06682   0.05110   0.04657   0.05906   0.07090   0.02051   0.00371   0.00223   0.00860   0.02290   0.01068   0.00042   0.00990   0.00628   0.00644   0.00364   0.00072   0.00648   0.00686   0.00652   0.02109   0.16146   0.01115   0.02641   0.02143   0.01593   0.00216   0.00889   0.00620   0.00376   0.00318   0.05873   0.19401   0.06932   0.11532   0.01325   0.10246   0.07617   3.35516   0.26315   0.11862  
 82 19.5208  10806.094506  x:  0.27956   0.15657   0.08813   0.00290   0.06073   0.04450   0.05280   0.05890   0.06460   0.02077   0.00331   0.00212   0.00505   0.02303   0.01104   0.00030   0.00922   0.00697   0.00548   0.00371   0.00081   0.00562   0.00721   0.00716   0.02061   0.13931   0.01159   0.02553   0.01938   0.01598   0.00157   0.00745   0.00655   0.00407   0.00296   0.06311   0.19855   0.06724   0.11506   0.01088   0.10107   0.09750   3.62123   0.27197   0.14504  
 83 560.9711  10804.497858  x:  0.27766   0.13323   0.09119   0.00267   0.05963   0.04314   0.05385   0.05817   0.06446   0.02064   0.00323   0.00211   0.00421   0.02305   0.01110   0.00029   0.00907   0.00709   0.00528   0.00373   0.00081   0.00549   0.00726   0.00725   0.02064   0.14912   0.01145   0.02529   0.01889   0.01599   0.00144   0.00714   0.00657   0.00410   0.00291   0.06564   0.20210   0.06988   0.11371   0.01060   0.09860   0.09740   3.67831   0.27499   0.15083  
 84 218.0529  10804.493161  x:  0.27767   0.13309   0.09098   0.00267   0.05963   0.04313   0.05386   0.05820   0.06444   0.02065   0.00323   0.00211   0.00420   0.02304   0.01110   0.00029   0.00907   0.00709   0.00528   0.00373   0.00081   0.00549   0.00726   0.00725   0.02065   0.14922   0.01145   0.02529   0.01889   0.01599   0.00144   0.00714   0.00657   0.00410   0.00291   0.06564   0.20214   0.06973   0.11486   0.01055   0.09890   0.09733   3.67850   0.27522   0.15084  
 85  6.5010  10801.024555  x:  0.27098   0.12381   0.08801   0.00294   0.06120   0.05063   0.05174   0.06077   0.05876   0.02228   0.00367   0.00233   0.00816   0.02300   0.01042   0.00063   0.00938   0.00753   0.00644   0.00345   0.00057   0.00608   0.00734   0.00767   0.02038   0.14772   0.01153   0.02478   0.01907   0.01617   0.00073   0.00917   0.00649   0.00441   0.00255   0.07230   0.20199   0.06888   0.11183   0.01114   0.10132   0.09755   3.93973   0.28218   0.13867  
 86  0.2844  10799.758680  x:  0.27124   0.13225   0.08810   0.00420   0.06256   0.05202   0.05054   0.05800   0.05954   0.02318   0.00375   0.00233   0.00698   0.02287   0.01019   0.00087   0.00977   0.00713   0.00568   0.00364   0.00034   0.00599   0.00722   0.00717   0.02124   0.14805   0.01142   0.02462   0.02034   0.01620   0.00140   0.00816   0.00714   0.00471   0.00215   0.07616   0.19603   0.06803   0.11142   0.01160   0.10552   0.09533   4.11685   0.28109   0.12721  
 87  0.1597  10799.445997  x:  0.27324   0.13212   0.08932   0.00327   0.06222   0.04884   0.05095   0.05609   0.06108   0.02345   0.00369   0.00238   0.00691   0.02291   0.01012   0.00057   0.00973   0.00710   0.00619   0.00360   0.00057   0.00602   0.00720   0.00722   0.02112   0.14936   0.01142   0.02499   0.02017   0.01604   0.00113   0.00834   0.00718   0.00462   0.00179   0.07811   0.19458   0.06833   0.11250   0.01165   0.10528   0.09483   4.19071   0.28091   0.13422  
 88  0.0712  10799.399990  x:  0.27358   0.13066   0.08931   0.00338   0.06233   0.04882   0.05080   0.05671   0.05999   0.02357   0.00362   0.00236   0.00669   0.02292   0.00998   0.00050   0.00959   0.00714   0.00594   0.00360   0.00067   0.00600   0.00719   0.00718   0.02106   0.14998   0.01142   0.02525   0.02001   0.01606   0.00102   0.00830   0.00720   0.00457   0.00155   0.07843   0.19572   0.06821   0.11252   0.01165   0.10454   0.09469   4.20533   0.28097   0.13598  
 89  0.0127  10799.386896  x:  0.27350   0.13058   0.08922   0.00331   0.06217   0.04915   0.05111   0.05674   0.06025   0.02363   0.00362   0.00235   0.00675   0.02295   0.00989   0.00061   0.00958   0.00722   0.00600   0.00359   0.00058   0.00601   0.00724   0.00726   0.02098   0.15020   0.01143   0.02539   0.02006   0.01609   0.00109   0.00832   0.00723   0.00462   0.00142   0.07813   0.19605   0.06824   0.11250   0.01161   0.10439   0.09498   4.19660   0.28081   0.13608  
 90  0.0069  10799.383556  x:  0.27335   0.13095   0.08917   0.00337   0.06221   0.04910   0.05098   0.05678   0.06036   0.02363   0.00364   0.00236   0.00676   0.02294   0.00983   0.00055   0.00962   0.00721   0.00602   0.00359   0.00061   0.00603   0.00723   0.00725   0.02098   0.14982   0.01143   0.02541   0.02005   0.01608   0.00105   0.00833   0.00725   0.00463   0.00138   0.07805   0.19594   0.06822   0.11247   0.01163   0.10452   0.09496   4.18753   0.28075   0.13520  
 91  0.0083  10799.383108  x:  0.27337   0.13091   0.08920   0.00334   0.06222   0.04907   0.05095   0.05676   0.06031   0.02363   0.00364   0.00237   0.00677   0.02294   0.00983   0.00056   0.00961   0.00720   0.00600   0.00360   0.00061   0.00602   0.00722   0.00724   0.02100   0.14982   0.01143   0.02536   0.02006   0.01607   0.00105   0.00831   0.00727   0.00464   0.00138   0.07807   0.19583   0.06822   0.11247   0.01163   0.10458   0.09492   4.18397   0.28074   0.13516  
 92  0.0030  10799.382990  x:  0.27339   0.13087   0.08921   0.00335   0.06222   0.04907   0.05097   0.05673   0.06031   0.02364   0.00364   0.00238   0.00676   0.02294   0.00982   0.00057   0.00961   0.00721   0.00601   0.00360   0.00060   0.00601   0.00722   0.00724   0.02101   0.14987   0.01143   0.02535   0.02005   0.01608   0.00105   0.00831   0.00727   0.00465   0.00138   0.07817   0.19582   0.06822   0.11247   0.01162   0.10456   0.09492   4.18327   0.28076   0.13533  
 93  0.0005  10799.382954  x:  0.27338   0.13088   0.08919   0.00334   0.06222   0.04907   0.05096   0.05675   0.06030   0.02365   0.00364   0.00238   0.00676   0.02294   0.00982   0.00056   0.00961   0.00721   0.00601   0.00360   0.00061   0.00602   0.00722   0.00724   0.02101   0.14986   0.01143   0.02535   0.02005   0.01608   0.00105   0.00831   0.00727   0.00465   0.00138   0.07823   0.19586   0.06822   0.11247   0.01162   0.10455   0.09492   4.18333   0.28076   0.13528  
 94  0.0001  10799.382944  x:  0.27338   0.13088   0.08920   0.00334   0.06222   0.04907   0.05097   0.05676   0.06032   0.02365   0.00364   0.00237   0.00676   0.02294   0.00983   0.00056   0.00961   0.00721   0.00600   0.00360   0.00060   0.00602   0.00722   0.00724   0.02101   0.14985   0.01143   0.02535   0.02005   0.01608   0.00105   0.00831   0.00727   0.00465   0.00138   0.07825   0.19586   0.06822   0.11247   0.01162   0.10455   0.09492   4.18317   0.28075   0.13527  
 95  0.0001  10799.382943  x:  0.27338   0.13088   0.08920   0.00334   0.06222   0.04907   0.05096   0.05676   0.06032   0.02365   0.00364   0.00237   0.00676   0.02294   0.00983   0.00056   0.00961   0.00721   0.00601   0.00360   0.00061   0.00602   0.00722   0.00724   0.02101   0.14985   0.01143   0.02536   0.02005   0.01608   0.00105   0.00831   0.00727   0.00465   0.00138   0.07825   0.19585   0.06822   0.11247   0.01162   0.10455   0.09492   4.18309   0.28075   0.13527  
 96  0.0001  10799.382943  x:  0.27339   0.13088   0.08920   0.00334   0.06222   0.04907   0.05096   0.05676   0.06031   0.02366   0.00364   0.00237   0.00676   0.02294   0.00983   0.00056   0.00961   0.00721   0.00601   0.00360   0.00060   0.00602   0.00722   0.00724   0.02101   0.14986   0.01143   0.02536   0.02005   0.01608   0.00105   0.00831   0.00727   0.00465   0.00138   0.07825   0.19585   0.06822   0.11247   0.01162   0.10455   0.09492   4.18308   0.28075   0.13527  
 97  0.0000  10799.382943  x:  0.27338   0.13088   0.08920   0.00334   0.06222   0.04907   0.05096   0.05676   0.06031   0.02366   0.00364   0.00237   0.00676   0.02294   0.00983   0.00056   0.00961   0.00721   0.00601   0.00360   0.00060   0.00602   0.00722   0.00724   0.02101   0.14986   0.01143   0.02536   0.02005   0.01608   0.00105   0.00831   0.00727   0.00465   0.00138   0.07825   0.19585   0.06822   0.11247   0.01162   0.10455   0.09492   4.18307   0.28075   0.13527  
 98  0.0000  10799.382943  x:  0.27338   0.13088   0.08920   0.00334   0.06222   0.04907   0.05096   0.05676   0.06031   0.02366   0.00364   0.00237   0.00676   0.02294   0.00983   0.00056   0.00961   0.00721   0.00601   0.00360   0.00060   0.00602   0.00722   0.00724   0.02101   0.14985   0.01143   0.02536   0.02005   0.01608   0.00105   0.00831   0.00727   0.00465   0.00138   0.07825   0.19585   0.06822   0.11247   0.01162   0.10455   0.09492   4.18308   0.28075   0.13527  
 99  0.0000  10799.382943  x:  0.27338   0.13088   0.08920   0.00334   0.06222   0.04907   0.05096   0.05676   0.06031   0.02366   0.00364   0.00237   0.00676   0.02294   0.00983   0.00056   0.00961   0.00721   0.00601   0.00360   0.00060   0.00602   0.00722   0.00724   0.02101   0.14985   0.01143   0.02536   0.02005   0.01608   0.00105   0.00831   0.00727   0.00465   0.00138   0.07825   0.19585   0.06822   0.11247   0.01162   0.10455   0.09492   4.18308   0.28075   0.13527  