Supplemental results for CODEML (seqf: Human_TAS1R1_breaks2_2nd_attempt.txt  treef: TAS1R1_revised_tree_following_error_message.txt)


MLEs of dN/dS (w) for site classes (K=4)

site class             0        1       2a       2b
proportion       0.76210  0.23790  0.00000  0.00000
background w     0.10380  1.00000  0.10380  1.00000
foreground w     0.10380  1.00000  1.00000  1.00000

Naive Empirical Bayes (NEB) probabilities for 4 classes
(amino acids refer to 1st sequence: 1.Tarsier)

   1 M   0.99195 0.00805 0.00000 0.00000 ( 1)
   2 F   0.67653 0.32347 0.00000 0.00000 ( 1)
   3 H   0.48334 0.51666 0.00000 0.00000 ( 2)
   4 H   0.00045 0.99955 0.00000 0.00000 ( 2)
   5 V   0.00001 0.99999 0.00000 0.00000 ( 2)
   6 A   0.63354 0.36646 0.00000 0.00000 ( 1)
   7 H   0.00701 0.99299 0.00000 0.00000 ( 2)
   8 L   0.95342 0.04658 0.00000 0.00000 ( 1)
   9 V   0.43877 0.56123 0.00000 0.00000 ( 2)
  10 G   0.90045 0.09955 0.00000 0.00000 ( 1)
  11 L   0.94667 0.05333 0.00000 0.00000 ( 1)
  12 Q   0.95016 0.04984 0.00000 0.00000 ( 1)
  13 L   0.94051 0.05949 0.00000 0.00000 ( 1)
  14 S   0.05615 0.94385 0.00000 0.00000 ( 2)
  15 I   0.60059 0.39941 0.00000 0.00000 ( 1)
  16 S   0.89838 0.10162 0.00000 0.00000 ( 1)
  17 C   0.87620 0.12380 0.00000 0.00000 ( 1)
  18 C   0.98564 0.01436 0.00000 0.00000 ( 1)
  19 W   0.68521 0.31479 0.00000 0.00000 ( 1)
  20 A   0.98099 0.01901 0.00000 0.00000 ( 1)
  21 F   0.79780 0.20220 0.00000 0.00000 ( 1)
  22 S   0.48030 0.51970 0.00000 0.00000 ( 2)
  23 C   0.98595 0.01405 0.00000 0.00000 ( 1)
  24 H   0.98298 0.01702 0.00000 0.00000 ( 1)
  25 N   0.08643 0.91357 0.00000 0.00000 ( 2)
  26 T   0.01662 0.98338 0.00000 0.00000 ( 2)
  27 E   0.83424 0.16576 0.00000 0.00000 ( 1)
  28 F   0.03874 0.96126 0.00000 0.00000 ( 2)
  29 S   0.93257 0.06743 0.00000 0.00000 ( 1)
  30 P   0.95583 0.04417 0.00000 0.00000 ( 1)
  31 D   0.92462 0.07538 0.00000 0.00000 ( 1)
  32 F   0.99273 0.00727 0.00000 0.00000 ( 1)
  33 S   0.90309 0.09691 0.00000 0.00000 ( 1)
  34 L   0.98911 0.01089 0.00000 0.00000 ( 1)
  35 P   0.79173 0.20827 0.00000 0.00000 ( 1)
  36 G   0.97126 0.02874 0.00000 0.00000 ( 1)
  37 N   0.69754 0.30246 0.00000 0.00000 ( 1)
  38 Y   0.98507 0.01493 0.00000 0.00000 ( 1)
  39 L   0.98889 0.01111 0.00000 0.00000 ( 1)
  40 L   0.95139 0.04861 0.00000 0.00000 ( 1)
  41 A   0.41838 0.58162 0.00000 0.00000 ( 2)
  42 G   0.98769 0.01231 0.00000 0.00000 ( 1)
  43 F   0.19756 0.80244 0.00000 0.00000 ( 2)
  44 F   0.99267 0.00733 0.00000 0.00000 ( 1)
  45 P   0.60583 0.39417 0.00000 0.00000 ( 1)
  46 L   0.99011 0.00989 0.00000 0.00000 ( 1)
  47 H   0.94995 0.05005 0.00000 0.00000 ( 1)
  48 G   0.13411 0.86589 0.00000 0.00000 ( 2)
  49 D   0.29185 0.70815 0.00000 0.00000 ( 2)
  50 C   0.13353 0.86647 0.00000 0.00000 ( 2)
  51 L   0.67013 0.32987 0.00000 0.00000 ( 1)
  52 Q   0.96327 0.03673 0.00000 0.00000 ( 1)
  53 V   0.98410 0.01590 0.00000 0.00000 ( 1)
  54 R   0.95478 0.04521 0.00000 0.00000 ( 1)
  55 H   0.46911 0.53089 0.00000 0.00000 ( 2)
  56 R   0.88852 0.11148 0.00000 0.00000 ( 1)
  57 P   0.98239 0.01761 0.00000 0.00000 ( 1)
  58 E   0.98165 0.01835 0.00000 0.00000 ( 1)
  59 V   0.98323 0.01677 0.00000 0.00000 ( 1)
  60 T   0.82828 0.17172 0.00000 0.00000 ( 1)
  61 L   0.96126 0.03874 0.00000 0.00000 ( 1)
  62 C   0.92491 0.07509 0.00000 0.00000 ( 1)
  63 D   0.98896 0.01104 0.00000 0.00000 ( 1)
  64 R   0.96755 0.03245 0.00000 0.00000 ( 1)
  65 T   0.00046 0.99954 0.00000 0.00000 ( 2)
  66 C   0.04222 0.95778 0.00000 0.00000 ( 2)
  67 G   0.06929 0.93071 0.00000 0.00000 ( 2)
  68 F   0.99033 0.00967 0.00000 0.00000 ( 1)
  69 N   0.95599 0.04401 0.00000 0.00000 ( 1)
  70 G   0.29113 0.70887 0.00000 0.00000 ( 2)
  71 H   0.97941 0.02059 0.00000 0.00000 ( 1)
  72 G   0.84800 0.15200 0.00000 0.00000 ( 1)
  73 Y   0.40662 0.59338 0.00000 0.00000 ( 2)
  74 H   0.37518 0.62482 0.00000 0.00000 ( 2)
  75 L   0.89162 0.10838 0.00000 0.00000 ( 1)
  76 F   0.92890 0.07110 0.00000 0.00000 ( 1)
  77 Q   0.21852 0.78148 0.00000 0.00000 ( 2)
  78 A   0.33912 0.66088 0.00000 0.00000 ( 2)
  79 M   0.41561 0.58439 0.00000 0.00000 ( 2)
  80 R   0.74628 0.25372 0.00000 0.00000 ( 1)
  81 L   0.68571 0.31429 0.00000 0.00000 ( 1)
  82 S   0.00057 0.99943 0.00000 0.00000 ( 2)
  83 I   0.18637 0.81363 0.00000 0.00000 ( 2)
  84 E   0.19255 0.80745 0.00000 0.00000 ( 2)
  85 A   0.77253 0.22747 0.00000 0.00000 ( 1)
  86 I   0.95028 0.04972 0.00000 0.00000 ( 1)
  87 N   0.98746 0.01254 0.00000 0.00000 ( 1)
  88 N   0.98746 0.01254 0.00000 0.00000 ( 1)
  89 S   0.98490 0.01510 0.00000 0.00000 ( 1)
  90 T   0.97200 0.02800 0.00000 0.00000 ( 1)
  91 V   0.48537 0.51463 0.00000 0.00000 ( 2)
  92 L   0.94412 0.05588 0.00000 0.00000 ( 1)
  93 L   0.94387 0.05613 0.00000 0.00000 ( 1)
  94 P   0.98887 0.01113 0.00000 0.00000 ( 1)
  95 N   0.79116 0.20884 0.00000 0.00000 ( 1)
  96 V   0.10825 0.89175 0.00000 0.00000 ( 2)
  97 T   0.91311 0.08689 0.00000 0.00000 ( 1)
  98 L   0.54039 0.45961 0.00000 0.00000 ( 1)
  99 G   0.97868 0.02132 0.00000 0.00000 ( 1)
 100 Y   0.19442 0.80558 0.00000 0.00000 ( 2)
 101 E   0.00385 0.99615 0.00000 0.00000 ( 2)
 102 L   0.95145 0.04855 0.00000 0.00000 ( 1)
 103 Y   0.08674 0.91326 0.00000 0.00000 ( 2)
 104 D   0.95920 0.04080 0.00000 0.00000 ( 1)
 105 V   0.97882 0.02118 0.00000 0.00000 ( 1)
 106 C   0.97977 0.02023 0.00000 0.00000 ( 1)
 107 S   0.94895 0.05105 0.00000 0.00000 ( 1)
 108 E   0.85741 0.14259 0.00000 0.00000 ( 1)
 109 S   0.92940 0.07060 0.00000 0.00000 ( 1)
 110 A   0.98961 0.01039 0.00000 0.00000 ( 1)
 111 N   0.95082 0.04918 0.00000 0.00000 ( 1)
 112 V   0.97882 0.02118 0.00000 0.00000 ( 1)
 113 Y   0.92688 0.07312 0.00000 0.00000 ( 1)
 114 A   0.98841 0.01159 0.00000 0.00000 ( 1)
 115 T   0.97219 0.02781 0.00000 0.00000 ( 1)
 116 L   0.94412 0.05588 0.00000 0.00000 ( 1)
 117 S   0.09163 0.90837 0.00000 0.00000 ( 2)
 118 V   0.82768 0.17232 0.00000 0.00000 ( 1)
 119 L   0.98741 0.01259 0.00000 0.00000 ( 1)
 120 S   0.98402 0.01598 0.00000 0.00000 ( 1)
 121 L   0.14459 0.85541 0.00000 0.00000 ( 2)
 122 P   0.42950 0.57050 0.00000 0.00000 ( 2)
 123 G   0.97611 0.02389 0.00000 0.00000 ( 1)
 124 T   0.07897 0.92103 0.00000 0.00000 ( 2)
 125 R   0.00001 0.99999 0.00000 0.00000 ( 2)
 126 H   0.98603 0.01397 0.00000 0.00000 ( 1)
 127 I   0.94739 0.05261 0.00000 0.00000 ( 1)
 128 D   0.31846 0.68154 0.00000 0.00000 ( 2)
 129 I   0.90013 0.09987 0.00000 0.00000 ( 1)
 130 Q   0.91536 0.08464 0.00000 0.00000 ( 1)
 131 G   0.45430 0.54570 0.00000 0.00000 ( 2)
 132 D   0.85683 0.14317 0.00000 0.00000 ( 1)
 133 F   0.12802 0.87198 0.00000 0.00000 ( 2)
 134 L   0.98741 0.01259 0.00000 0.00000 ( 1)
 135 H   0.00559 0.99441 0.00000 0.00000 ( 2)
 136 Y   0.92588 0.07412 0.00000 0.00000 ( 1)
 137 S   0.03852 0.96148 0.00000 0.00000 ( 2)
 138 P   0.97271 0.02729 0.00000 0.00000 ( 1)
 139 K   0.79418 0.20582 0.00000 0.00000 ( 1)
 140 I   0.71252 0.28748 0.00000 0.00000 ( 1)
 141 V   0.74197 0.25803 0.00000 0.00000 ( 1)
 142 A   0.96745 0.03255 0.00000 0.00000 ( 1)
 143 V   0.97900 0.02100 0.00000 0.00000 ( 1)
 144 I   0.54003 0.45997 0.00000 0.00000 ( 1)
 145 G   0.81691 0.18309 0.00000 0.00000 ( 1)
 146 P   0.64578 0.35422 0.00000 0.00000 ( 1)
 147 D   0.46312 0.53688 0.00000 0.00000 ( 2)
 148 S   0.00033 0.99967 0.00000 0.00000 ( 2)
 149 T   0.90098 0.09902 0.00000 0.00000 ( 1)
 150 D   0.09741 0.90259 0.00000 0.00000 ( 2)
 151 H   0.00015 0.99985 0.00000 0.00000 ( 2)
 152 A   0.63648 0.36352 0.00000 0.00000 ( 1)
 153 A   0.75322 0.24678 0.00000 0.00000 ( 1)
 154 T   0.64633 0.35367 0.00000 0.00000 ( 1)
 155 T   0.08542 0.91458 0.00000 0.00000 ( 2)
 156 A   0.96978 0.03022 0.00000 0.00000 ( 1)
 157 A   0.88748 0.11252 0.00000 0.00000 ( 1)
 158 L   0.94006 0.05994 0.00000 0.00000 ( 1)
 159 L   0.94847 0.05153 0.00000 0.00000 ( 1)
 160 S   0.88100 0.11900 0.00000 0.00000 ( 1)
 161 P   0.92932 0.07068 0.00000 0.00000 ( 1)
 162 F   0.40300 0.59700 0.00000 0.00000 ( 2)
 163 L   0.94155 0.05845 0.00000 0.00000 ( 1)
 164 V   0.36535 0.63465 0.00000 0.00000 ( 2)
 165 P   0.98856 0.01144 0.00000 0.00000 ( 1)
 166 L   0.17212 0.82788 0.00000 0.00000 ( 2)
 167 I   0.99300 0.00700 0.00000 0.00000 ( 1)
 168 S   0.98974 0.01026 0.00000 0.00000 ( 1)
 169 Y   0.95677 0.04323 0.00000 0.00000 ( 1)
 170 E   0.00393 0.99607 0.00000 0.00000 ( 2)
 171 A   0.99233 0.00767 0.00000 0.00000 ( 1)
 172 S   0.98974 0.01026 0.00000 0.00000 ( 1)
 173 S   0.98904 0.01096 0.00000 0.00000 ( 1)
 174 T   0.00039 0.99961 0.00000 0.00000 ( 2)
 175 T   0.02578 0.97422 0.00000 0.00000 ( 2)
 176 L   0.98536 0.01464 0.00000 0.00000 ( 1)
 177 S   0.47078 0.52922 0.00000 0.00000 ( 2)
 178 V   0.00060 0.99940 0.00000 0.00000 ( 2)
 179 K   0.97967 0.02033 0.00000 0.00000 ( 1)
 180 R   0.23438 0.76562 0.00000 0.00000 ( 2)
 181 Q   0.67535 0.32465 0.00000 0.00000 ( 1)
 182 Y   0.93379 0.06621 0.00000 0.00000 ( 1)
 183 P   0.99002 0.00998 0.00000 0.00000 ( 1)
 184 S   0.94113 0.05887 0.00000 0.00000 ( 1)
 185 F   0.98540 0.01460 0.00000 0.00000 ( 1)
 186 L   0.95145 0.04855 0.00000 0.00000 ( 1)
 187 R   0.98574 0.01426 0.00000 0.00000 ( 1)
 188 T   0.99101 0.00899 0.00000 0.00000 ( 1)
 189 I   0.94548 0.05452 0.00000 0.00000 ( 1)
 190 P   0.99002 0.00998 0.00000 0.00000 ( 1)
 191 S   0.32458 0.67542 0.00000 0.00000 ( 2)
 192 D   0.99133 0.00867 0.00000 0.00000 ( 1)
 193 R   0.33486 0.66514 0.00000 0.00000 ( 2)
 194 H   0.07068 0.92932 0.00000 0.00000 ( 2)
 195 Q   0.96327 0.03673 0.00000 0.00000 ( 1)
 196 V   0.98323 0.01677 0.00000 0.00000 ( 1)
 197 E   0.98257 0.01743 0.00000 0.00000 ( 1)
 198 V   0.54083 0.45917 0.00000 0.00000 ( 1)
 199 M   0.92106 0.07894 0.00000 0.00000 ( 1)
 200 V   0.98323 0.01677 0.00000 0.00000 ( 1)
 201 L   0.66181 0.33819 0.00000 0.00000 ( 1)
 202 L   0.95145 0.04855 0.00000 0.00000 ( 1)
 203 L   0.95125 0.04875 0.00000 0.00000 ( 1)
 204 Q   0.01851 0.98149 0.00000 0.00000 ( 2)
 205 R   0.28988 0.71012 0.00000 0.00000 ( 2)
 206 F   0.99288 0.00712 0.00000 0.00000 ( 1)
 207 R   0.00046 0.99954 0.00000 0.00000 ( 2)
 208 W   0.95390 0.04610 0.00000 0.00000 ( 1)
 209 V   0.45768 0.54232 0.00000 0.00000 ( 2)
 210 W   0.95390 0.04610 0.00000 0.00000 ( 1)
 211 I   0.99416 0.00584 0.00000 0.00000 ( 1)
 212 S   0.94171 0.05829 0.00000 0.00000 ( 1)
 213 L   0.95145 0.04855 0.00000 0.00000 ( 1)
 214 V   0.27443 0.72557 0.00000 0.00000 ( 2)
 215 G   0.98887 0.01113 0.00000 0.00000 ( 1)
 216 S   0.98914 0.01086 0.00000 0.00000 ( 1)
 217 Y   0.00139 0.99861 0.00000 0.00000 ( 2)
 218 G   0.79776 0.20224 0.00000 0.00000 ( 1)
 219 D   0.99177 0.00823 0.00000 0.00000 ( 1)
 220 Y   0.95677 0.04323 0.00000 0.00000 ( 1)
 221 G   0.97894 0.02106 0.00000 0.00000 ( 1)
 222 Q   0.76117 0.23883 0.00000 0.00000 ( 1)
 223 Q   0.11870 0.88130 0.00000 0.00000 ( 2)
 224 G   0.79191 0.20809 0.00000 0.00000 ( 1)
 225 V   0.98073 0.01927 0.00000 0.00000 ( 1)
 226 Q   0.73031 0.26969 0.00000 0.00000 ( 1)
 227 A   0.64965 0.35035 0.00000 0.00000 ( 1)
 228 L   0.95336 0.04664 0.00000 0.00000 ( 1)
 229 E   0.37503 0.62497 0.00000 0.00000 ( 2)
 230 N   0.00947 0.99053 0.00000 0.00000 ( 2)
 231 Q   0.72889 0.27111 0.00000 0.00000 ( 1)
 232 A   0.99233 0.00767 0.00000 0.00000 ( 1)
 233 T   0.97770 0.02230 0.00000 0.00000 ( 1)
 234 D   0.00154 0.99846 0.00000 0.00000 ( 2)
 235 Q   0.70860 0.29140 0.00000 0.00000 ( 1)
 236 G   0.35828 0.64172 0.00000 0.00000 ( 2)
 237 I   0.94454 0.05546 0.00000 0.00000 ( 1)
 238 C   0.98626 0.01374 0.00000 0.00000 ( 1)
 239 I   0.95657 0.04343 0.00000 0.00000 ( 1)
 240 A   0.94746 0.05254 0.00000 0.00000 ( 1)
 241 F   0.99288 0.00712 0.00000 0.00000 ( 1)
 242 K   0.97967 0.02033 0.00000 0.00000 ( 1)
 243 D   0.92048 0.07952 0.00000 0.00000 ( 1)
 244 I   0.43015 0.56985 0.00000 0.00000 ( 2)
 245 V   0.84917 0.15083 0.00000 0.00000 ( 1)
 246 P   0.98758 0.01242 0.00000 0.00000 ( 1)
 247 L   0.92350 0.07650 0.00000 0.00000 ( 1)
 248 S   0.60270 0.39730 0.00000 0.00000 ( 1)
 249 A   0.99233 0.00767 0.00000 0.00000 ( 1)
 250 R   0.00023 0.99977 0.00000 0.00000 ( 2)
 251 V   0.97791 0.02209 0.00000 0.00000 ( 1)
 252 G   0.96693 0.03307 0.00000 0.00000 ( 1)
 253 D   0.95506 0.04494 0.00000 0.00000 ( 1)
 254 E   0.36836 0.63164 0.00000 0.00000 ( 2)
 255 R   0.78300 0.21700 0.00000 0.00000 ( 1)
 256 M   0.99195 0.00805 0.00000 0.00000 ( 1)
 257 Q   0.73107 0.26893 0.00000 0.00000 ( 1)
 258 G   0.00476 0.99524 0.00000 0.00000 ( 2)
 259 M   0.08046 0.91954 0.00000 0.00000 ( 2)
 260 M   0.99195 0.00805 0.00000 0.00000 ( 1)
 261 N   0.00069 0.99931 0.00000 0.00000 ( 2)
 262 R   0.08695 0.91305 0.00000 0.00000 ( 2)
 263 L   0.95145 0.04855 0.00000 0.00000 ( 1)
 264 A   0.93022 0.06978 0.00000 0.00000 ( 1)
 265 R   0.02451 0.97549 0.00000 0.00000 ( 2)
 266 A   0.99082 0.00918 0.00000 0.00000 ( 1)
 267 G   0.00477 0.99523 0.00000 0.00000 ( 2)
 268 T   0.91581 0.08419 0.00000 0.00000 ( 1)
 269 T   0.83722 0.16278 0.00000 0.00000 ( 1)
 270 V   0.98994 0.01006 0.00000 0.00000 ( 1)
 271 V   0.98323 0.01677 0.00000 0.00000 ( 1)
 272 V   0.32977 0.67023 0.00000 0.00000 ( 2)
 273 V   0.94863 0.05137 0.00000 0.00000 ( 1)
 274 F   0.98235 0.01765 0.00000 0.00000 ( 1)
 275 S   0.98842 0.01158 0.00000 0.00000 ( 1)
 276 S   0.00613 0.99387 0.00000 0.00000 ( 2)
 277 R   0.11682 0.88318 0.00000 0.00000 ( 2)
 278 R   0.00030 0.99970 0.00000 0.00000 ( 2)
 279 L   0.09036 0.90964 0.00000 0.00000 ( 2)
 280 A   0.99233 0.00767 0.00000 0.00000 ( 1)
 281 R   0.81747 0.18253 0.00000 0.00000 ( 1)
 282 V   0.98323 0.01677 0.00000 0.00000 ( 1)
 283 F   0.98785 0.01215 0.00000 0.00000 ( 1)
 284 F   0.98965 0.01035 0.00000 0.00000 ( 1)
 285 E   0.98257 0.01743 0.00000 0.00000 ( 1)
 286 S   0.98329 0.01671 0.00000 0.00000 ( 1)
 287 V   0.98323 0.01677 0.00000 0.00000 ( 1)
 288 V   0.98323 0.01677 0.00000 0.00000 ( 1)
 289 L   0.95072 0.04928 0.00000 0.00000 ( 1)
 290 A   0.92947 0.07053 0.00000 0.00000 ( 1)
 291 N   0.91533 0.08467 0.00000 0.00000 ( 1)
 292 L   0.67050 0.32950 0.00000 0.00000 ( 1)
 293 T   0.94104 0.05896 0.00000 0.00000 ( 1)
 294 G   0.98887 0.01113 0.00000 0.00000 ( 1)
 295 K   0.97967 0.02033 0.00000 0.00000 ( 1)
 296 V   0.98323 0.01677 0.00000 0.00000 ( 1)
 297 W   0.95390 0.04610 0.00000 0.00000 ( 1)
 298 I   0.47595 0.52405 0.00000 0.00000 ( 2)
 299 A   0.99233 0.00767 0.00000 0.00000 ( 1)
 300 S   0.87418 0.12582 0.00000 0.00000 ( 1)
 301 E   0.91885 0.08115 0.00000 0.00000 ( 1)
 302 D   0.50670 0.49330 0.00000 0.00000 ( 1)
 303 W   0.95390 0.04610 0.00000 0.00000 ( 1)
 304 A   0.91875 0.08125 0.00000 0.00000 ( 1)
 305 I   0.92145 0.07855 0.00000 0.00000 ( 1)
 306 S   0.98842 0.01158 0.00000 0.00000 ( 1)
 307 R   0.04690 0.95310 0.00000 0.00000 ( 2)
 308 H   0.89436 0.10564 0.00000 0.00000 ( 1)
 309 I   0.99416 0.00584 0.00000 0.00000 ( 1)
 310 T   0.64743 0.35257 0.00000 0.00000 ( 1)
 311 G   0.28911 0.71089 0.00000 0.00000 ( 2)
 312 V   0.98046 0.01954 0.00000 0.00000 ( 1)
 313 P   0.97982 0.02018 0.00000 0.00000 ( 1)
 314 G   0.97707 0.02293 0.00000 0.00000 ( 1)
 315 I   0.99416 0.00584 0.00000 0.00000 ( 1)
 316 Q   0.19962 0.80038 0.00000 0.00000 ( 2)
 317 G   0.43238 0.56762 0.00000 0.00000 ( 2)
 318 I   0.96963 0.03037 0.00000 0.00000 ( 1)
 319 G   0.97646 0.02354 0.00000 0.00000 ( 1)
 320 T   0.00029 0.99971 0.00000 0.00000 ( 2)
 321 V   0.98386 0.01614 0.00000 0.00000 ( 1)
 322 L   0.95145 0.04855 0.00000 0.00000 ( 1)
 323 G   0.95871 0.04129 0.00000 0.00000 ( 1)
 324 V   0.98286 0.01714 0.00000 0.00000 ( 1)
 325 A   0.99233 0.00767 0.00000 0.00000 ( 1)
 326 I   0.99416 0.00584 0.00000 0.00000 ( 1)
 327 Q   0.96327 0.03673 0.00000 0.00000 ( 1)
 328 L   0.02843 0.97157 0.00000 0.00000 ( 2)
 329 R   0.31481 0.68519 0.00000 0.00000 ( 2)
 330 L   0.00012 0.99988 0.00000 0.00000 ( 2)
 331 V   0.92628 0.07372 0.00000 0.00000 ( 1)
 332 P   0.94875 0.05125 0.00000 0.00000 ( 1)
 333 G   0.90173 0.09827 0.00000 0.00000 ( 1)
 334 L   0.95114 0.04886 0.00000 0.00000 ( 1)
 335 K   0.83339 0.16661 0.00000 0.00000 ( 1)
 336 E   0.80772 0.19228 0.00000 0.00000 ( 1)
 337 F   0.67898 0.32102 0.00000 0.00000 ( 1)
 338 E   0.90754 0.09246 0.00000 0.00000 ( 1)
 339 E   0.96114 0.03886 0.00000 0.00000 ( 1)
 340 A   0.99233 0.00767 0.00000 0.00000 ( 1)
 341 Y   0.92494 0.07506 0.00000 0.00000 ( 1)
 342 A   0.93067 0.06933 0.00000 0.00000 ( 1)
 343 Q   0.00090 0.99910 0.00000 0.00000 ( 2)
 344 A   0.52857 0.47143 0.00000 0.00000 ( 1)
 345 D   0.99177 0.00823 0.00000 0.00000 ( 1)
 346 K   0.97967 0.02033 0.00000 0.00000 ( 1)
 347 G   0.00411 0.99589 0.00000 0.00000 ( 2)
 348 A   0.92042 0.07958 0.00000 0.00000 ( 1)
 349 P   0.03951 0.96049 0.00000 0.00000 ( 2)
 350 L   0.14463 0.85537 0.00000 0.00000 ( 2)
 351 P   0.47182 0.52818 0.00000 0.00000 ( 2)
 352 C   0.98441 0.01559 0.00000 0.00000 ( 1)
 353 P   0.00870 0.99130 0.00000 0.00000 ( 2)
 354 T   0.03186 0.96814 0.00000 0.00000 ( 2)
 355 G   0.90097 0.09903 0.00000 0.00000 ( 1)
 356 A   0.88399 0.11601 0.00000 0.00000 ( 1)
 357 W   0.70374 0.29626 0.00000 0.00000 ( 1)
 358 C   0.98626 0.01374 0.00000 0.00000 ( 1)
 359 S   0.98974 0.01026 0.00000 0.00000 ( 1)
 360 S   0.98974 0.01026 0.00000 0.00000 ( 1)
 361 N   0.94564 0.05436 0.00000 0.00000 ( 1)
 362 Q   0.96327 0.03673 0.00000 0.00000 ( 1)
 363 L   0.47818 0.52182 0.00000 0.00000 ( 2)
 364 C   0.98441 0.01559 0.00000 0.00000 ( 1)
 365 R   0.89988 0.10012 0.00000 0.00000 ( 1)
 366 E   0.08829 0.91171 0.00000 0.00000 ( 2)
 367 C   0.98428 0.01572 0.00000 0.00000 ( 1)
 368 C   0.00022 0.99978 0.00000 0.00000 ( 2)
 369 A   0.67370 0.32630 0.00000 0.00000 ( 1)
 370 F   0.99288 0.00712 0.00000 0.00000 ( 1)
 371 T   0.00004 0.99996 0.00000 0.00000 ( 2)
 372 A   0.06826 0.93174 0.00000 0.00000 ( 2)
 373 H   0.98910 0.01090 0.00000 0.00000 ( 1)
 374 T   0.00003 0.99997 0.00000 0.00000 ( 2)
 375 T   0.92132 0.07868 0.00000 0.00000 ( 1)
 376 P   0.98949 0.01051 0.00000 0.00000 ( 1)
 377 T   0.02565 0.97435 0.00000 0.00000 ( 2)
 378 L   0.98234 0.01766 0.00000 0.00000 ( 1)
 379 G   0.00008 0.99992 0.00000 0.00000 ( 2)
 380 P   0.51822 0.48178 0.00000 0.00000 ( 1)
 381 F   0.92999 0.07001 0.00000 0.00000 ( 1)
 382 S   0.98842 0.01158 0.00000 0.00000 ( 1)
 383 M   0.99195 0.00805 0.00000 0.00000 ( 1)
 384 S   0.94413 0.05587 0.00000 0.00000 ( 1)
 385 S   0.60039 0.39961 0.00000 0.00000 ( 1)
 386 A   0.99233 0.00767 0.00000 0.00000 ( 1)
 387 Y   0.98507 0.01493 0.00000 0.00000 ( 1)
 388 N   0.99030 0.00970 0.00000 0.00000 ( 1)
 389 V   0.23782 0.76218 0.00000 0.00000 ( 2)
 390 Y   0.97875 0.02125 0.00000 0.00000 ( 1)
 391 Q   0.01968 0.98032 0.00000 0.00000 ( 2)
 392 A   0.93474 0.06526 0.00000 0.00000 ( 1)
 393 V   0.98323 0.01677 0.00000 0.00000 ( 1)
 394 Y   0.95781 0.04219 0.00000 0.00000 ( 1)
 395 T   0.01799 0.98201 0.00000 0.00000 ( 2)
 396 V   0.98323 0.01677 0.00000 0.00000 ( 1)
 397 A   0.99205 0.00795 0.00000 0.00000 ( 1)
 398 H   0.94633 0.05367 0.00000 0.00000 ( 1)
 399 G   0.98887 0.01113 0.00000 0.00000 ( 1)
 400 L   0.99050 0.00950 0.00000 0.00000 ( 1)
 401 H   0.98932 0.01068 0.00000 0.00000 ( 1)
 402 Q   0.96327 0.03673 0.00000 0.00000 ( 1)
 403 L   0.99050 0.00950 0.00000 0.00000 ( 1)
 404 L   0.95145 0.04855 0.00000 0.00000 ( 1)
 405 G   0.98887 0.01113 0.00000 0.00000 ( 1)
 406 C   0.96160 0.03840 0.00000 0.00000 ( 1)
 407 A   0.91088 0.08912 0.00000 0.00000 ( 1)
 408 S   0.94691 0.05309 0.00000 0.00000 ( 1)
 409 G   0.87932 0.12068 0.00000 0.00000 ( 1)
 410 A   0.83485 0.16515 0.00000 0.00000 ( 1)
 411 C   0.93287 0.06713 0.00000 0.00000 ( 1)
 412 S   0.98842 0.01158 0.00000 0.00000 ( 1)
 413 R   0.97745 0.02255 0.00000 0.00000 ( 1)
 414 S   0.47834 0.52166 0.00000 0.00000 ( 2)
 415 Q   0.00702 0.99298 0.00000 0.00000 ( 2)
 416 V   0.99242 0.00758 0.00000 0.00000 ( 1)
 417 Y   0.36390 0.63609 0.00000 0.00000 ( 2)
 418 P   0.98940 0.01060 0.00000 0.00000 ( 1)
 419 W   0.95390 0.04610 0.00000 0.00000 ( 1)
 420 Q   0.96327 0.03673 0.00000 0.00000 ( 1)
 421 L   0.93927 0.06073 0.00000 0.00000 ( 1)
 422 L   0.94743 0.05257 0.00000 0.00000 ( 1)
 423 E   0.85062 0.14938 0.00000 0.00000 ( 1)
 424 Q   0.96327 0.03673 0.00000 0.00000 ( 1)
 425 I   0.99416 0.00584 0.00000 0.00000 ( 1)
 426 H   0.00748 0.99252 0.00000 0.00000 ( 2)
 427 K   0.97905 0.02095 0.00000 0.00000 ( 1)
 428 A   0.86440 0.13560 0.00000 0.00000 ( 1)
 429 N   0.64195 0.35805 0.00000 0.00000 ( 1)
 430 F   0.99267 0.00733 0.00000 0.00000 ( 1)
 431 L   0.93927 0.06073 0.00000 0.00000 ( 1)
 432 L   0.85421 0.14579 0.00000 0.00000 ( 1)
 433 H   0.98686 0.01314 0.00000 0.00000 ( 1)
 434 E   0.00474 0.99526 0.00000 0.00000 ( 2)
 435 D   0.99177 0.00823 0.00000 0.00000 ( 1)
 436 T   0.94893 0.05107 0.00000 0.00000 ( 1)
 437 V   0.98323 0.01677 0.00000 0.00000 ( 1)
 438 T   0.00160 0.99840 0.00000 0.00000 ( 2)
 439 F   0.67586 0.32414 0.00000 0.00000 ( 1)
 440 N   0.15627 0.84373 0.00000 0.00000 ( 2)
 441 D   0.99177 0.00823 0.00000 0.00000 ( 1)
 442 N   0.96321 0.03679 0.00000 0.00000 ( 1)
 443 G   0.14724 0.85276 0.00000 0.00000 ( 2)
 444 D   0.31934 0.68066 0.00000 0.00000 ( 2)
 445 P   0.90437 0.09563 0.00000 0.00000 ( 1)
 446 L   0.40986 0.59014 0.00000 0.00000 ( 2)
 447 S   0.94283 0.05717 0.00000 0.00000 ( 1)
 448 G   0.89289 0.10711 0.00000 0.00000 ( 1)
 449 Y   0.92494 0.07506 0.00000 0.00000 ( 1)
 450 N   0.08824 0.91176 0.00000 0.00000 ( 2)
 451 I   0.95656 0.04344 0.00000 0.00000 ( 1)
 452 I   0.95657 0.04343 0.00000 0.00000 ( 1)
 453 A   0.92936 0.07064 0.00000 0.00000 ( 1)
 454 W   0.95390 0.04610 0.00000 0.00000 ( 1)
 455 D   0.99177 0.00823 0.00000 0.00000 ( 1)
 456 W   0.95390 0.04610 0.00000 0.00000 ( 1)
 457 I   0.01716 0.98284 0.00000 0.00000 ( 2)
 458 G   0.97447 0.02553 0.00000 0.00000 ( 1)
 459 F   0.49423 0.50577 0.00000 0.00000 ( 2)
 460 K   0.85021 0.14979 0.00000 0.00000 ( 1)
 461 W   0.95390 0.04610 0.00000 0.00000 ( 1)
 462 T   0.99101 0.00899 0.00000 0.00000 ( 1)
 463 F   0.99174 0.00826 0.00000 0.00000 ( 1)
 464 T   0.96926 0.03074 0.00000 0.00000 ( 1)
 465 V   0.39649 0.60351 0.00000 0.00000 ( 2)
 466 I   0.02412 0.97588 0.00000 0.00000 ( 2)
 467 G   0.98049 0.01951 0.00000 0.00000 ( 1)
 468 S   0.98778 0.01222 0.00000 0.00000 ( 1)
 469 S   0.98842 0.01158 0.00000 0.00000 ( 1)
 470 T   0.89850 0.10150 0.00000 0.00000 ( 1)
 471 A   0.15385 0.84615 0.00000 0.00000 ( 2)
 472 S   0.58748 0.41252 0.00000 0.00000 ( 1)
 473 P   0.87077 0.12923 0.00000 0.00000 ( 1)
 474 V   0.63333 0.36667 0.00000 0.00000 ( 1)
 475 R   0.00099 0.99901 0.00000 0.00000 ( 2)
 476 L   0.89062 0.10938 0.00000 0.00000 ( 1)
 477 D   0.90208 0.09792 0.00000 0.00000 ( 1)
 478 I   0.95458 0.04542 0.00000 0.00000 ( 1)
 479 N   0.94564 0.05436 0.00000 0.00000 ( 1)
 480 E   0.85076 0.14924 0.00000 0.00000 ( 1)
 481 T   0.99099 0.00901 0.00000 0.00000 ( 1)
 482 K   0.89777 0.10223 0.00000 0.00000 ( 1)
 483 I   0.99376 0.00624 0.00000 0.00000 ( 1)
 484 Q   0.96327 0.03673 0.00000 0.00000 ( 1)
 485 W   0.95390 0.04610 0.00000 0.00000 ( 1)
 486 H   0.87682 0.12318 0.00000 0.00000 ( 1)
 487 R   0.06771 0.93229 0.00000 0.00000 ( 2)
 488 K   0.97967 0.02033 0.00000 0.00000 ( 1)
 489 D   0.92547 0.07453 0.00000 0.00000 ( 1)
 490 N   0.99054 0.00946 0.00000 0.00000 ( 1)
 491 Q   0.96327 0.03673 0.00000 0.00000 ( 1)
 492 V   0.98286 0.01714 0.00000 0.00000 ( 1)
 493 P   0.94486 0.05514 0.00000 0.00000 ( 1)
 494 Q   0.31608 0.68392 0.00000 0.00000 ( 2)
 495 S   0.93257 0.06743 0.00000 0.00000 ( 1)
 496 V   0.98323 0.01677 0.00000 0.00000 ( 1)
 497 C   0.97089 0.02911 0.00000 0.00000 ( 1)
 498 S   0.98842 0.01158 0.00000 0.00000 ( 1)
 499 S   0.97704 0.02296 0.00000 0.00000 ( 1)
 500 D   0.99126 0.00874 0.00000 0.00000 ( 1)
 501 C   0.93807 0.06193 0.00000 0.00000 ( 1)
 502 L   0.93927 0.06073 0.00000 0.00000 ( 1)
 503 E   0.50194 0.49806 0.00000 0.00000 ( 1)
 504 G   0.97360 0.02640 0.00000 0.00000 ( 1)
 505 H   0.90309 0.09691 0.00000 0.00000 ( 1)
 506 Q   0.96327 0.03673 0.00000 0.00000 ( 1)
 507 R   0.05478 0.94522 0.00000 0.00000 ( 2)
 508 V   0.98323 0.01677 0.00000 0.00000 ( 1)
 509 V   0.95020 0.04980 0.00000 0.00000 ( 1)
 510 V   0.00032 0.99968 0.00000 0.00000 ( 2)
 511 G   0.59674 0.40326 0.00000 0.00000 ( 1)
 512 S   0.93160 0.06840 0.00000 0.00000 ( 1)
 513 H   0.18141 0.81859 0.00000 0.00000 ( 2)
 514 H   0.90552 0.09448 0.00000 0.00000 ( 1)
 515 C   0.93557 0.06443 0.00000 0.00000 ( 1)
 516 C   0.98626 0.01374 0.00000 0.00000 ( 1)
 517 F   0.96350 0.03650 0.00000 0.00000 ( 1)
 518 E   0.85307 0.14693 0.00000 0.00000 ( 1)
 519 C   0.93287 0.06713 0.00000 0.00000 ( 1)
 520 V   0.97335 0.02665 0.00000 0.00000 ( 1)
 521 P   0.98682 0.01318 0.00000 0.00000 ( 1)
 522 C   0.93371 0.06629 0.00000 0.00000 ( 1)
 523 E   0.28156 0.71844 0.00000 0.00000 ( 2)
 524 S   0.61194 0.38806 0.00000 0.00000 ( 1)
 525 G   0.97609 0.02391 0.00000 0.00000 ( 1)
 526 T   0.32934 0.67066 0.00000 0.00000 ( 2)
 527 F   0.57052 0.42948 0.00000 0.00000 ( 1)
 528 L   0.44856 0.55144 0.00000 0.00000 ( 2)
 529 N   0.51665 0.48335 0.00000 0.00000 ( 1)
 530 K   0.33188 0.66812 0.00000 0.00000 ( 2)
 531 S   0.93513 0.06487 0.00000 0.00000 ( 1)
 532 D   0.98896 0.01104 0.00000 0.00000 ( 1)
 533 L   0.88115 0.11885 0.00000 0.00000 ( 1)
 534 Y   0.84215 0.15785 0.00000 0.00000 ( 1)
 535 R   0.11193 0.88807 0.00000 0.00000 ( 2)
 536 C   0.98155 0.01845 0.00000 0.00000 ( 1)
 537 Q   0.96327 0.03673 0.00000 0.00000 ( 1)
 538 P   0.60409 0.39591 0.00000 0.00000 ( 1)
 539 C   0.93287 0.06713 0.00000 0.00000 ( 1)
 540 G   0.97707 0.02293 0.00000 0.00000 ( 1)
 541 K   0.90833 0.09167 0.00000 0.00000 ( 1)
 542 E   0.90754 0.09246 0.00000 0.00000 ( 1)
 543 E   0.98254 0.01746 0.00000 0.00000 ( 1)
 544 W   0.95390 0.04610 0.00000 0.00000 ( 1)
 545 A   0.87757 0.12243 0.00000 0.00000 ( 1)
 546 P   0.94928 0.05072 0.00000 0.00000 ( 1)
 547 E   0.05245 0.94755 0.00000 0.00000 ( 2)
 548 G   0.38915 0.61085 0.00000 0.00000 ( 2)
 549 S   0.98974 0.01026 0.00000 0.00000 ( 1)
 550 Q   0.96327 0.03673 0.00000 0.00000 ( 1)
 551 T   0.90697 0.09303 0.00000 0.00000 ( 1)
 552 C   0.98626 0.01374 0.00000 0.00000 ( 1)
 553 F   0.99204 0.00796 0.00000 0.00000 ( 1)
 554 P   0.51184 0.48816 0.00000 0.00000 ( 1)
 555 R   0.97817 0.02183 0.00000 0.00000 ( 1)
 556 T   0.95024 0.04976 0.00000 0.00000 ( 1)
 557 V   0.98051 0.01949 0.00000 0.00000 ( 1)
 558 V   0.85860 0.14140 0.00000 0.00000 ( 1)
 559 F   0.16118 0.83881 0.00000 0.00000 ( 2)
 560 L   0.95071 0.04929 0.00000 0.00000 ( 1)
 561 A   0.13848 0.86152 0.00000 0.00000 ( 2)
 562 W   0.17244 0.82756 0.00000 0.00000 ( 2)
 563 H   0.16061 0.83939 0.00000 0.00000 ( 2)
 564 E   0.98257 0.01743 0.00000 0.00000 ( 1)
 565 C   0.00871 0.99129 0.00000 0.00000 ( 2)
 566 I   0.92401 0.07599 0.00000 0.00000 ( 1)
 567 S   0.93257 0.06743 0.00000 0.00000 ( 1)
 568 W   0.95390 0.04610 0.00000 0.00000 ( 1)
 569 V   0.98323 0.01677 0.00000 0.00000 ( 1)
 570 L   0.94799 0.05201 0.00000 0.00000 ( 1)
 571 L   0.95109 0.04891 0.00000 0.00000 ( 1)
 572 A   0.41636 0.58364 0.00000 0.00000 ( 2)
 573 A   0.65982 0.34018 0.00000 0.00000 ( 1)
 574 N   0.97542 0.02458 0.00000 0.00000 ( 1)
 575 T   0.78342 0.21658 0.00000 0.00000 ( 1)
 576 L   0.16900 0.83100 0.00000 0.00000 ( 2)
 577 L   0.94972 0.05028 0.00000 0.00000 ( 1)
 578 L   0.95133 0.04867 0.00000 0.00000 ( 1)
 579 V   0.67056 0.32944 0.00000 0.00000 ( 1)
 580 V   0.66963 0.33037 0.00000 0.00000 ( 1)
 581 V   0.68175 0.31825 0.00000 0.00000 ( 1)
 582 V   0.14193 0.85807 0.00000 0.00000 ( 2)
 583 G   0.97809 0.02191 0.00000 0.00000 ( 1)
 584 T   0.61695 0.38305 0.00000 0.00000 ( 1)
 585 V   0.63516 0.36484 0.00000 0.00000 ( 1)
 586 G   0.98638 0.01362 0.00000 0.00000 ( 1)
 587 L   0.95145 0.04855 0.00000 0.00000 ( 1)
 588 F   0.95315 0.04685 0.00000 0.00000 ( 1)
 589 A   0.99185 0.00815 0.00000 0.00000 ( 1)
 590 W   0.95390 0.04610 0.00000 0.00000 ( 1)
 591 H   0.98936 0.01064 0.00000 0.00000 ( 1)
 592 Q   0.35298 0.64702 0.00000 0.00000 ( 2)
 593 D   0.99177 0.00823 0.00000 0.00000 ( 1)
 594 T   0.99013 0.00987 0.00000 0.00000 ( 1)
 595 P   0.93718 0.06282 0.00000 0.00000 ( 1)
 596 V   0.98323 0.01677 0.00000 0.00000 ( 1)
 597 V   0.98261 0.01739 0.00000 0.00000 ( 1)
 598 R   0.97745 0.02255 0.00000 0.00000 ( 1)
 599 S   0.85600 0.14400 0.00000 0.00000 ( 1)
 600 A   0.92025 0.07975 0.00000 0.00000 ( 1)
 601 G   0.97707 0.02293 0.00000 0.00000 ( 1)
 602 G   0.98887 0.01113 0.00000 0.00000 ( 1)
 603 W   0.00361 0.99639 0.00000 0.00000 ( 2)
 604 L   0.95145 0.04855 0.00000 0.00000 ( 1)
 605 C   0.98610 0.01390 0.00000 0.00000 ( 1)
 606 F   0.98235 0.01765 0.00000 0.00000 ( 1)
 607 L   0.97817 0.02183 0.00000 0.00000 ( 1)
 608 M   0.99195 0.00805 0.00000 0.00000 ( 1)
 609 L   0.94847 0.05153 0.00000 0.00000 ( 1)
 610 G   0.98769 0.01231 0.00000 0.00000 ( 1)
 611 S   0.98763 0.01237 0.00000 0.00000 ( 1)
 612 L   0.95145 0.04855 0.00000 0.00000 ( 1)
 613 A   0.89319 0.10681 0.00000 0.00000 ( 1)
 614 G   0.00985 0.99015 0.00000 0.00000 ( 2)
 615 A   0.57483 0.42517 0.00000 0.00000 ( 1)
 616 S   0.98679 0.01321 0.00000 0.00000 ( 1)
 617 C   0.00788 0.99212 0.00000 0.00000 ( 2)
 618 S   0.98974 0.01026 0.00000 0.00000 ( 1)
 619 L   0.91027 0.08973 0.00000 0.00000 ( 1)
 620 Y   0.92494 0.07506 0.00000 0.00000 ( 1)
 621 G   0.98858 0.01142 0.00000 0.00000 ( 1)
 622 F   0.99248 0.00752 0.00000 0.00000 ( 1)
 623 F   0.95315 0.04685 0.00000 0.00000 ( 1)
 624 G   0.97360 0.02640 0.00000 0.00000 ( 1)
 625 E   0.97266 0.02734 0.00000 0.00000 ( 1)
 626 P   0.98851 0.01149 0.00000 0.00000 ( 1)
 627 T   0.52217 0.47783 0.00000 0.00000 ( 1)
 628 L   0.14022 0.85978 0.00000 0.00000 ( 2)
 629 P   0.73130 0.26870 0.00000 0.00000 ( 1)
 630 A   0.47999 0.52001 0.00000 0.00000 ( 2)
 631 C   0.98441 0.01559 0.00000 0.00000 ( 1)
 632 L   0.93906 0.06094 0.00000 0.00000 ( 1)
 633 L   0.95119 0.04881 0.00000 0.00000 ( 1)
 634 R   0.98587 0.01413 0.00000 0.00000 ( 1)
 635 Q   0.95970 0.04030 0.00000 0.00000 ( 1)
 636 A   0.90673 0.09327 0.00000 0.00000 ( 1)
 637 I   0.90119 0.09881 0.00000 0.00000 ( 1)
 638 F   0.95315 0.04685 0.00000 0.00000 ( 1)
 639 A   0.99109 0.00891 0.00000 0.00000 ( 1)
 640 L   0.94684 0.05316 0.00000 0.00000 ( 1)
 641 G   0.93616 0.06384 0.00000 0.00000 ( 1)
 642 F   0.98540 0.01460 0.00000 0.00000 ( 1)
 643 T   0.89550 0.10450 0.00000 0.00000 ( 1)
 644 I   0.94585 0.05415 0.00000 0.00000 ( 1)
 645 F   0.99262 0.00738 0.00000 0.00000 ( 1)
 646 L   0.95120 0.04880 0.00000 0.00000 ( 1)
 647 S   0.98827 0.01173 0.00000 0.00000 ( 1)
 648 C   0.98626 0.01374 0.00000 0.00000 ( 1)
 649 L   0.67050 0.32950 0.00000 0.00000 ( 1)
 650 T   0.87612 0.12388 0.00000 0.00000 ( 1)
 651 V   0.94538 0.05462 0.00000 0.00000 ( 1)
 652 R   0.98549 0.01451 0.00000 0.00000 ( 1)
 653 S   0.98319 0.01681 0.00000 0.00000 ( 1)
 654 F   0.99288 0.00712 0.00000 0.00000 ( 1)
 655 Q   0.88890 0.11110 0.00000 0.00000 ( 1)
 656 L   0.91376 0.08624 0.00000 0.00000 ( 1)
 657 V   0.91640 0.08360 0.00000 0.00000 ( 1)
 658 I   0.99416 0.00584 0.00000 0.00000 ( 1)
 659 I   0.99344 0.00656 0.00000 0.00000 ( 1)
 660 F   0.99288 0.00712 0.00000 0.00000 ( 1)
 661 K   0.97967 0.02033 0.00000 0.00000 ( 1)
 662 F   0.95315 0.04685 0.00000 0.00000 ( 1)
 663 S   0.98759 0.01241 0.00000 0.00000 ( 1)
 664 T   0.54272 0.45728 0.00000 0.00000 ( 1)
 665 K   0.97816 0.02184 0.00000 0.00000 ( 1)
 666 V   0.08523 0.91477 0.00000 0.00000 ( 2)
 667 P   0.97587 0.02413 0.00000 0.00000 ( 1)
 668 T   0.12269 0.87731 0.00000 0.00000 ( 2)
 669 F   0.99288 0.00712 0.00000 0.00000 ( 1)
 670 Y   0.40870 0.59130 0.00000 0.00000 ( 2)
 671 H   0.16280 0.83720 0.00000 0.00000 ( 2)
 672 T   0.56613 0.43387 0.00000 0.00000 ( 1)
 673 W   0.95390 0.04610 0.00000 0.00000 ( 1)
 674 V   0.99126 0.00874 0.00000 0.00000 ( 1)
 675 Q   0.88418 0.11582 0.00000 0.00000 ( 1)
 676 N   0.99054 0.00946 0.00000 0.00000 ( 1)
 677 H   0.98503 0.01497 0.00000 0.00000 ( 1)
 678 G   0.93422 0.06578 0.00000 0.00000 ( 1)
 679 A   0.95581 0.04419 0.00000 0.00000 ( 1)
 680 A   0.06185 0.93815 0.00000 0.00000 ( 2)
 681 L   0.95145 0.04855 0.00000 0.00000 ( 1)
 682 F   0.95315 0.04685 0.00000 0.00000 ( 1)
 683 I   0.64813 0.35187 0.00000 0.00000 ( 1)
 684 M   0.37575 0.62425 0.00000 0.00000 ( 2)
 685 I   0.99378 0.00622 0.00000 0.00000 ( 1)
 686 S   0.90837 0.09163 0.00000 0.00000 ( 1)
 687 S   0.85600 0.14400 0.00000 0.00000 ( 1)
 688 M   0.00623 0.99377 0.00000 0.00000 ( 2)
 689 A   0.07005 0.92995 0.00000 0.00000 ( 2)
 690 Q   0.96327 0.03673 0.00000 0.00000 ( 1)
 691 L   0.94795 0.05205 0.00000 0.00000 ( 1)
 692 L   0.94362 0.05638 0.00000 0.00000 ( 1)
 693 I   0.99416 0.00584 0.00000 0.00000 ( 1)
 694 C   0.93351 0.06649 0.00000 0.00000 ( 1)
 695 L   0.85421 0.14579 0.00000 0.00000 ( 1)
 696 T   0.94987 0.05013 0.00000 0.00000 ( 1)
 697 W   0.95390 0.04610 0.00000 0.00000 ( 1)
 698 L   0.94456 0.05544 0.00000 0.00000 ( 1)
 699 A   0.32530 0.67470 0.00000 0.00000 ( 2)
 700 V   0.85899 0.14101 0.00000 0.00000 ( 1)
 701 W   0.95390 0.04610 0.00000 0.00000 ( 1)
 702 T   0.98864 0.01136 0.00000 0.00000 ( 1)
 703 P   0.87077 0.12923 0.00000 0.00000 ( 1)
 704 L   0.95145 0.04855 0.00000 0.00000 ( 1)
 705 P   0.98841 0.01159 0.00000 0.00000 ( 1)
 706 T   0.82168 0.17832 0.00000 0.00000 ( 1)
 707 R   0.95503 0.04497 0.00000 0.00000 ( 1)
 708 E   0.90754 0.09246 0.00000 0.00000 ( 1)
 709 Y   0.98315 0.01685 0.00000 0.00000 ( 1)
 710 Q   0.21198 0.78802 0.00000 0.00000 ( 2)
 711 R   0.98591 0.01409 0.00000 0.00000 ( 1)
 712 F   0.99204 0.00796 0.00000 0.00000 ( 1)
 713 P   0.98851 0.01149 0.00000 0.00000 ( 1)
 714 Q   0.70175 0.29825 0.00000 0.00000 ( 1)
 715 L   0.95145 0.04855 0.00000 0.00000 ( 1)
 716 V   0.98051 0.01949 0.00000 0.00000 ( 1)
 717 V   0.51388 0.48612 0.00000 0.00000 ( 1)
 718 L   0.93927 0.06073 0.00000 0.00000 ( 1)
 719 E   0.83611 0.16389 0.00000 0.00000 ( 1)
 720 C   0.98626 0.01374 0.00000 0.00000 ( 1)
 721 T   0.87328 0.12672 0.00000 0.00000 ( 1)
 722 E   0.98257 0.01743 0.00000 0.00000 ( 1)
 723 T   0.00070 0.99930 0.00000 0.00000 ( 2)
 724 N   0.86967 0.13033 0.00000 0.00000 ( 1)
 725 S   0.96465 0.03535 0.00000 0.00000 ( 1)
 726 L   0.95145 0.04855 0.00000 0.00000 ( 1)
 727 G   0.98887 0.01113 0.00000 0.00000 ( 1)
 728 F   0.99288 0.00712 0.00000 0.00000 ( 1)
 729 M   0.28479 0.71521 0.00000 0.00000 ( 2)
 730 L   0.95119 0.04881 0.00000 0.00000 ( 1)
 731 A   0.99233 0.00767 0.00000 0.00000 ( 1)
 732 F   0.98910 0.01090 0.00000 0.00000 ( 1)
 733 G   0.00087 0.99913 0.00000 0.00000 ( 2)
 734 Y   0.98507 0.01493 0.00000 0.00000 ( 1)
 735 N   0.94564 0.05436 0.00000 0.00000 ( 1)
 736 G   0.88924 0.11076 0.00000 0.00000 ( 1)
 737 L   0.98882 0.01118 0.00000 0.00000 ( 1)
 738 L   0.98960 0.01040 0.00000 0.00000 ( 1)
 739 S   0.98122 0.01878 0.00000 0.00000 ( 1)
 740 V   0.09366 0.90634 0.00000 0.00000 ( 2)
 741 S   0.98004 0.01996 0.00000 0.00000 ( 1)
 742 A   0.99141 0.00859 0.00000 0.00000 ( 1)
 743 F   0.95315 0.04685 0.00000 0.00000 ( 1)
 744 A   0.99057 0.00943 0.00000 0.00000 ( 1)
 745 C   0.98494 0.01506 0.00000 0.00000 ( 1)
 746 S   0.90785 0.09215 0.00000 0.00000 ( 1)
 747 Y   0.98507 0.01493 0.00000 0.00000 ( 1)
 748 L   0.67067 0.32933 0.00000 0.00000 ( 1)
 749 G   0.98851 0.01149 0.00000 0.00000 ( 1)
 750 K   0.97816 0.02184 0.00000 0.00000 ( 1)
 751 D   0.99177 0.00823 0.00000 0.00000 ( 1)
 752 L   0.95012 0.04988 0.00000 0.00000 ( 1)
 753 P   0.87077 0.12923 0.00000 0.00000 ( 1)
 754 E   0.98257 0.01743 0.00000 0.00000 ( 1)
 755 N   0.99054 0.00946 0.00000 0.00000 ( 1)
 756 Y   0.96376 0.03624 0.00000 0.00000 ( 1)
 757 N   0.90578 0.09422 0.00000 0.00000 ( 1)
 758 E   0.98257 0.01743 0.00000 0.00000 ( 1)
 759 A   0.99185 0.00815 0.00000 0.00000 ( 1)
 760 K   0.89777 0.10223 0.00000 0.00000 ( 1)
 761 C   0.93287 0.06713 0.00000 0.00000 ( 1)
 762 V   0.99242 0.00758 0.00000 0.00000 ( 1)
 763 T   0.98860 0.01140 0.00000 0.00000 ( 1)
 764 F   0.98965 0.01035 0.00000 0.00000 ( 1)
 765 G   0.48346 0.51654 0.00000 0.00000 ( 2)
 766 L   0.95126 0.04874 0.00000 0.00000 ( 1)
 767 L   0.99050 0.00950 0.00000 0.00000 ( 1)
 768 L   0.91194 0.08806 0.00000 0.00000 ( 1)
 769 N   0.88986 0.11014 0.00000 0.00000 ( 1)
 770 F   0.99204 0.00796 0.00000 0.00000 ( 1)
 771 V   0.39294 0.60706 0.00000 0.00000 ( 2)
 772 S   0.98842 0.01158 0.00000 0.00000 ( 1)
 773 W   0.95390 0.04610 0.00000 0.00000 ( 1)
 774 I   0.99416 0.00584 0.00000 0.00000 ( 1)
 775 A   0.54927 0.45073 0.00000 0.00000 ( 1)
 776 F   0.93112 0.06888 0.00000 0.00000 ( 1)
 777 F   0.99244 0.00756 0.00000 0.00000 ( 1)
 778 T   0.99078 0.00922 0.00000 0.00000 ( 1)
 779 V   0.04183 0.95817 0.00000 0.00000 ( 2)
 780 A   0.99148 0.00852 0.00000 0.00000 ( 1)
 781 S   0.89925 0.10075 0.00000 0.00000 ( 1)
 782 V   0.93041 0.06959 0.00000 0.00000 ( 1)
 783 Y   0.86312 0.13688 0.00000 0.00000 ( 1)
 784 Q   0.33645 0.66355 0.00000 0.00000 ( 2)
 785 G   0.89775 0.10225 0.00000 0.00000 ( 1)
 786 K   0.97967 0.02033 0.00000 0.00000 ( 1)
 787 Y   0.98287 0.01713 0.00000 0.00000 ( 1)
 788 L   0.67046 0.32954 0.00000 0.00000 ( 1)
 789 P   0.90088 0.09912 0.00000 0.00000 ( 1)
 790 A   0.81374 0.18626 0.00000 0.00000 ( 1)
 791 V   0.90778 0.09222 0.00000 0.00000 ( 1)
 792 N   0.98166 0.01834 0.00000 0.00000 ( 1)
 793 V   0.42171 0.57829 0.00000 0.00000 ( 2)
 794 L   0.71475 0.28525 0.00000 0.00000 ( 1)
 795 A   0.98000 0.02000 0.00000 0.00000 ( 1)
 796 V   0.00277 0.99723 0.00000 0.00000 ( 2)
 797 L   0.71011 0.28989 0.00000 0.00000 ( 1)
 798 S   0.98974 0.01026 0.00000 0.00000 ( 1)
 799 S   0.98974 0.01026 0.00000 0.00000 ( 1)
 800 L   0.95137 0.04863 0.00000 0.00000 ( 1)
 801 S   0.90866 0.09134 0.00000 0.00000 ( 1)
 802 S   0.98729 0.01271 0.00000 0.00000 ( 1)
 803 G   0.98887 0.01113 0.00000 0.00000 ( 1)
 804 F   0.99288 0.00712 0.00000 0.00000 ( 1)
 805 S   0.82293 0.17707 0.00000 0.00000 ( 1)
 806 G   0.98114 0.01886 0.00000 0.00000 ( 1)
 807 Y   0.92494 0.07506 0.00000 0.00000 ( 1)
 808 F   0.98235 0.01765 0.00000 0.00000 ( 1)
 809 L   0.97946 0.02054 0.00000 0.00000 ( 1)
 810 P   0.98881 0.01119 0.00000 0.00000 ( 1)
 811 K   0.97761 0.02239 0.00000 0.00000 ( 1)
 812 C   0.98626 0.01374 0.00000 0.00000 ( 1)
 813 Y   0.95053 0.04947 0.00000 0.00000 ( 1)
 814 V   0.97836 0.02164 0.00000 0.00000 ( 1)
 815 I   0.99416 0.00584 0.00000 0.00000 ( 1)
 816 V   0.89619 0.10381 0.00000 0.00000 ( 1)
 817 C   0.88152 0.11848 0.00000 0.00000 ( 1)
 818 R   0.98269 0.01731 0.00000 0.00000 ( 1)
 819 P   0.45849 0.54151 0.00000 0.00000 ( 2)
 820 D   0.97945 0.02054 0.00000 0.00000 ( 1)
 821 L   0.98447 0.01553 0.00000 0.00000 ( 1)
 822 N   0.98952 0.01048 0.00000 0.00000 ( 1)
 823 S   0.90838 0.09162 0.00000 0.00000 ( 1)
 824 T   0.88859 0.11141 0.00000 0.00000 ( 1)
 825 E   0.98257 0.01743 0.00000 0.00000 ( 1)
 826 H   0.98936 0.01064 0.00000 0.00000 ( 1)
 827 F   0.99174 0.00826 0.00000 0.00000 ( 1)
 828 Q   0.96327 0.03673 0.00000 0.00000 ( 1)
 829 A   0.99223 0.00777 0.00000 0.00000 ( 1)
 830 S   0.98842 0.01158 0.00000 0.00000 ( 1)
 831 I   0.98455 0.01545 0.00000 0.00000 ( 1)
 832 Q   0.96327 0.03673 0.00000 0.00000 ( 1)
 833 D   0.92365 0.07635 0.00000 0.00000 ( 1)
 834 Y   0.98507 0.01493 0.00000 0.00000 ( 1)
 835 T   0.97827 0.02173 0.00000 0.00000 ( 1)
 836 R   0.97745 0.02255 0.00000 0.00000 ( 1)
 837 R   0.87952 0.12048 0.00000 0.00000 ( 1)
 838 W   0.01817 0.98183 0.00000 0.00000 ( 2)
 839 G   0.05525 0.94475 0.00000 0.00000 ( 2)
 840 S   0.86121 0.13879 0.00000 0.00000 ( 1)
 841 T   0.98648 0.01352 0.00000 0.00000 ( 1)


lnL = -10657.020582

Bayes Empirical Bayes (BEB) probabilities for 4 classes (class)
(amino acids refer to 1st sequence: 1.Tarsier)

   1 M   0.88956 0.00672 0.10293 0.00079 ( 1)
   2 F   0.69977 0.19479 0.08232 0.02312 ( 1)
   3 H   0.61136 0.28446 0.07073 0.03345 ( 1)
   4 H   0.00294 0.89185 0.00034 0.10487 ( 2)
   5 V   0.00012 0.89339 0.00001 0.10648 ( 2)
   6 A   0.67110 0.22331 0.07906 0.02653 ( 1)
   7 H   0.03029 0.86453 0.00350 0.10168 ( 2)
   8 L   0.85920 0.03547 0.10113 0.00420 ( 1)
   9 V   0.57732 0.31865 0.06661 0.03742 ( 1)
  10 G   0.83746 0.05849 0.09717 0.00688 ( 1)
  11 L   0.85433 0.04034 0.10055 0.00478 ( 1)
  12 Q   0.85709 0.03781 0.10062 0.00448 ( 1)
  13 L   0.84969 0.04475 0.10024 0.00531 ( 1)
  14 S   0.15273 0.74249 0.01758 0.08719 ( 2)
  15 I   0.65029 0.24431 0.07641 0.02899 ( 1)
  16 S   0.83627 0.05963 0.09709 0.00701 ( 1)
  17 C   0.82334 0.07239 0.09575 0.00853 ( 1)
  18 C   0.88420 0.01160 0.10284 0.00137 ( 1)
  19 W   0.70570 0.18888 0.08300 0.02241 ( 1)
  20 A   0.88118 0.01516 0.10188 0.00178 ( 1)
  21 F   0.77579 0.11883 0.09128 0.01410 ( 1)
  22 S   0.60950 0.28647 0.07038 0.03365 ( 1)
  23 C   0.88443 0.01137 0.10287 0.00134 ( 1)
  24 H   0.88090 0.01363 0.10386 0.00162 ( 1)
  25 N   0.21617 0.67904 0.02494 0.07984 ( 2)
  26 T   0.05355 0.84043 0.00627 0.09974 ( 2)
  27 E   0.79854 0.09697 0.09306 0.01144 ( 1)
  28 F   0.11123 0.78277 0.01305 0.09296 ( 2)
  29 S   0.84392 0.05042 0.09967 0.00599 ( 1)
  30 P   0.86073 0.03368 0.10158 0.00400 ( 1)
  31 D   0.85162 0.04461 0.09853 0.00524 ( 1)
  32 F   0.89030 0.00610 0.10288 0.00072 ( 1)
  33 S   0.83917 0.05695 0.09718 0.00669 ( 1)
  34 L   0.88723 0.00895 0.10276 0.00105 ( 1)
  35 P   0.77330 0.12266 0.08962 0.01442 ( 1)
  36 G   0.87292 0.02243 0.10201 0.00265 ( 1)
  37 N   0.71357 0.18097 0.08398 0.02148 ( 1)
  38 Y   0.88369 0.01204 0.10285 0.00142 ( 1)
  39 L   0.88705 0.00913 0.10274 0.00107 ( 1)
  40 L   0.85773 0.03694 0.10095 0.00438 ( 1)
  41 A   0.50762 0.38605 0.06022 0.04610 ( 1)
  42 G   0.88597 0.01004 0.10281 0.00118 ( 1)
  43 F   0.33963 0.55469 0.03984 0.06584 ( 2)
  44 F   0.89025 0.00615 0.10287 0.00072 ( 1)
  45 P   0.65194 0.24236 0.07689 0.02882 ( 1)
  46 L   0.88800 0.00818 0.10285 0.00096 ( 1)
  47 H   0.85656 0.03795 0.10098 0.00450 ( 1)
  48 G   0.25355 0.64047 0.02982 0.07616 ( 2)
  49 D   0.44647 0.44900 0.05168 0.05286 ( 2)
  50 C   0.25280 0.64123 0.02973 0.07625 ( 2)
  51 L   0.69559 0.19897 0.08183 0.02362 ( 1)
  52 Q   0.86664 0.02826 0.10175 0.00335 ( 1)
  53 V   0.88286 0.01281 0.10283 0.00151 ( 1)
  54 R   0.86084 0.03449 0.10059 0.00407 ( 1)
  55 H   0.60090 0.29479 0.06962 0.03470 ( 1)
  56 R   0.81214 0.08171 0.09640 0.00974 ( 1)
  57 P   0.88199 0.01411 0.10224 0.00166 ( 1)
  58 E   0.87944 0.01462 0.10420 0.00174 ( 1)
  59 V   0.88219 0.01347 0.10275 0.00159 ( 1)
  60 T   0.79734 0.09873 0.09233 0.01160 ( 1)
  61 L   0.86488 0.02980 0.10179 0.00353 ( 1)
  62 C   0.83845 0.05588 0.09902 0.00664 ( 1)
  63 D   0.88721 0.00907 0.10266 0.00106 ( 1)
  64 R   0.87020 0.02514 0.10169 0.00297 ( 1)
  65 T   0.00301 0.89094 0.00035 0.10569 ( 2)
  66 C   0.11968 0.77429 0.01405 0.09198 ( 2)
  67 G   0.18122 0.71396 0.02090 0.08393 ( 2)
  68 F   0.88840 0.00800 0.10266 0.00094 ( 1)
  69 N   0.86099 0.03356 0.10148 0.00398 ( 1)
  70 G   0.44548 0.44965 0.05179 0.05307 ( 2)
  71 H   0.87819 0.01633 0.10354 0.00194 ( 1)
  72 G   0.80696 0.08895 0.09362 0.01046 ( 1)
  73 Y   0.55196 0.34340 0.06414 0.04050 ( 1)
  74 H   0.52582 0.36977 0.06088 0.04352 ( 1)
  75 L   0.83230 0.06381 0.09639 0.00750 ( 1)
  76 F   0.85421 0.04214 0.09870 0.00494 ( 1)
  77 Q   0.36563 0.52889 0.04279 0.06269 ( 2)
  78 A   0.49160 0.40270 0.05784 0.04786 ( 1)
  79 M   0.56105 0.33479 0.06481 0.03935 ( 1)
  80 R   0.74452 0.15040 0.08727 0.01781 ( 1)
  81 L   0.70569 0.18867 0.08322 0.02242 ( 1)
  82 S   0.00367 0.89084 0.00043 0.10506 ( 2)
  83 I   0.32528 0.56894 0.03820 0.06758 ( 2)
  84 E   0.33753 0.55749 0.03920 0.06578 ( 2)
  85 A   0.76142 0.13405 0.08872 0.01581 ( 1)
  86 I   0.85686 0.03784 0.10082 0.00449 ( 1)
  87 N   0.88592 0.01022 0.10266 0.00120 ( 1)
  88 N   0.88592 0.01022 0.10266 0.00120 ( 1)
  89 S   0.88377 0.01218 0.10262 0.00143 ( 1)
  90 T   0.87363 0.02186 0.10194 0.00258 ( 1)
  91 V   0.61197 0.28234 0.07212 0.03356 ( 1)
  92 L   0.85248 0.04219 0.10033 0.00500 ( 1)
  93 L   0.85229 0.04237 0.10031 0.00502 ( 1)
  94 P   0.88698 0.00913 0.10282 0.00107 ( 1)
  95 N   0.77330 0.12270 0.08958 0.01442 ( 1)
  96 V   0.25625 0.63927 0.02947 0.07501 ( 2)
  97 T   0.84494 0.05119 0.09785 0.00601 ( 1)
  98 L   0.60484 0.28966 0.07111 0.03439 ( 1)
  99 G   0.87847 0.01688 0.10266 0.00199 ( 1)
 100 Y   0.33628 0.55884 0.03900 0.06588 ( 2)
 101 E   0.01735 0.87690 0.00202 0.10373 ( 2)
 102 L   0.85778 0.03689 0.10096 0.00437 ( 1)
 103 Y   0.18111 0.71281 0.02130 0.08478 ( 2)
 104 D   0.86334 0.03130 0.10165 0.00371 ( 1)
 105 V   0.87885 0.01681 0.10236 0.00198 ( 1)
 106 C   0.87973 0.01606 0.10232 0.00189 ( 1)
 107 S   0.85565 0.03869 0.10106 0.00460 ( 1)
 108 E   0.81277 0.08341 0.09403 0.00979 ( 1)
 109 S   0.84164 0.05270 0.09940 0.00626 ( 1)
 110 A   0.88779 0.00856 0.10264 0.00100 ( 1)
 111 N   0.85719 0.03735 0.10103 0.00443 ( 1)
 112 V   0.87885 0.01681 0.10236 0.00198 ( 1)
 113 Y   0.84112 0.05456 0.09789 0.00643 ( 1)
 114 A   0.88686 0.00949 0.10253 0.00111 ( 1)
 115 T   0.87377 0.02172 0.10196 0.00256 ( 1)
 116 L   0.85248 0.04219 0.10033 0.00500 ( 1)
 117 S   0.18692 0.70826 0.02156 0.08326 ( 2)
 118 V   0.79454 0.10102 0.09252 0.01191 ( 1)
 119 L   0.88590 0.01028 0.10261 0.00121 ( 1)
 120 S   0.88310 0.01285 0.10254 0.00151 ( 1)
 121 L   0.26845 0.62496 0.03186 0.07472 ( 2)
 122 P   0.51699 0.37665 0.06137 0.04499 ( 1)
 123 G   0.87654 0.01880 0.10243 0.00222 ( 1)
 124 T   0.16498 0.72856 0.01951 0.08695 ( 2)
 125 R   0.00011 0.89467 0.00001 0.10520 ( 2)
 126 H   0.88472 0.01132 0.10263 0.00133 ( 1)
 127 I   0.85493 0.03977 0.10059 0.00471 ( 1)
 128 D   0.47294 0.42222 0.05500 0.04984 ( 1)
 129 I   0.83728 0.05884 0.09697 0.00691 ( 1)
 130 Q   0.83114 0.06268 0.09870 0.00747 ( 1)
 131 G   0.53725 0.35634 0.06382 0.04258 ( 1)
 132 D   0.81259 0.08359 0.09401 0.00982 ( 1)
 133 F   0.24453 0.64956 0.02872 0.07718 ( 2)
 134 L   0.88590 0.01028 0.10261 0.00121 ( 1)
 135 H   0.02458 0.87024 0.00284 0.10235 ( 2)
 136 Y   0.83901 0.05522 0.09920 0.00657 ( 1)
 137 S   0.11109 0.78393 0.01281 0.09217 ( 2)
 138 P   0.87308 0.02134 0.10304 0.00253 ( 1)
 139 K   0.77451 0.12083 0.09039 0.01427 ( 1)
 140 I   0.72390 0.17159 0.08427 0.02024 ( 1)
 141 V   0.74143 0.15314 0.08725 0.01817 ( 1)
 142 A   0.87034 0.02527 0.10142 0.00298 ( 1)
 143 V   0.87899 0.01667 0.10238 0.00196 ( 1)
 144 I   0.60787 0.28670 0.07141 0.03402 ( 1)
 145 G   0.78805 0.10721 0.09207 0.01266 ( 1)
 146 P   0.67928 0.21503 0.08012 0.02556 ( 1)
 147 D   0.59644 0.29945 0.06892 0.03519 ( 1)
 148 S   0.00225 0.89278 0.00026 0.10471 ( 2)
 149 T   0.83790 0.05823 0.09704 0.00684 ( 1)
 150 D   0.23719 0.65811 0.02735 0.07735 ( 2)
 151 H   0.00102 0.89282 0.00012 0.10604 ( 2)
 152 A   0.67310 0.22131 0.07930 0.02629 ( 1)
 153 A   0.75750 0.13867 0.08755 0.01628 ( 1)
 154 T   0.69611 0.19982 0.08057 0.02349 ( 1)
 155 T   0.17625 0.71730 0.02085 0.08560 ( 2)
 156 A   0.87281 0.02352 0.10091 0.00276 ( 1)
 157 A   0.83024 0.06603 0.09598 0.00775 ( 1)
 158 L   0.84955 0.04511 0.09999 0.00535 ( 1)
 159 L   0.85560 0.03906 0.10070 0.00463 ( 1)
 160 S   0.82632 0.06967 0.09583 0.00819 ( 1)
 161 P   0.84165 0.05275 0.09933 0.00627 ( 1)
 162 F   0.54870 0.34723 0.06330 0.04078 ( 1)
 163 L   0.85063 0.04404 0.10011 0.00522 ( 1)
 164 V   0.51615 0.37963 0.05960 0.04462 ( 1)
 165 P   0.88674 0.00937 0.10279 0.00110 ( 1)
 166 L   0.30685 0.58745 0.03598 0.06972 ( 2)
 167 I   0.89069 0.00591 0.10271 0.00069 ( 1)
 168 S   0.88762 0.00844 0.10295 0.00099 ( 1)
 169 Y   0.86122 0.03303 0.10183 0.00393 ( 1)
 170 E   0.01773 0.87680 0.00206 0.10342 ( 2)
 171 A   0.88993 0.00642 0.10289 0.00075 ( 1)
 172 S   0.88762 0.00844 0.10295 0.00099 ( 1)
 173 S   0.88707 0.00899 0.10288 0.00106 ( 1)
 174 T   0.00256 0.89211 0.00030 0.10504 ( 2)
 175 T   0.07802 0.81662 0.00905 0.09632 ( 2)
 176 L   0.88432 0.01186 0.10243 0.00139 ( 1)
 177 S   0.60243 0.29327 0.06978 0.03451 ( 1)
 178 V   0.00387 0.89084 0.00045 0.10485 ( 2)
 179 K   0.87932 0.01612 0.10265 0.00190 ( 1)
 180 R   0.38407 0.51055 0.04490 0.06047 ( 2)
 181 Q   0.69932 0.19546 0.08206 0.02316 ( 1)
 182 Y   0.84468 0.04956 0.09987 0.00589 ( 1)
 183 P   0.88787 0.00823 0.10292 0.00097 ( 1)
 184 S   0.85004 0.04430 0.10039 0.00526 ( 1)
 185 F   0.88459 0.01181 0.10222 0.00138 ( 1)
 186 L   0.85778 0.03689 0.10096 0.00437 ( 1)
 187 R   0.88425 0.01154 0.10285 0.00136 ( 1)
 188 T   0.88874 0.00745 0.10293 0.00088 ( 1)
 189 I   0.86391 0.03265 0.09962 0.00382 ( 1)
 190 P   0.88787 0.00823 0.10292 0.00097 ( 1)
 191 S   0.47914 0.41648 0.05540 0.04899 ( 1)
 192 D   0.88907 0.00721 0.10287 0.00085 ( 1)
 193 R   0.48872 0.40633 0.05693 0.04801 ( 1)
 194 H   0.18410 0.71085 0.02131 0.08374 ( 2)
 195 Q   0.86664 0.02826 0.10175 0.00335 ( 1)
 196 V   0.88219 0.01347 0.10275 0.00159 ( 1)
 197 E   0.88165 0.01394 0.10276 0.00164 ( 1)
 198 V   0.65224 0.24364 0.07547 0.02865 ( 1)
 199 M   0.84962 0.04661 0.09830 0.00547 ( 1)
 200 V   0.88219 0.01347 0.10275 0.00159 ( 1)
 201 L   0.69008 0.20448 0.08117 0.02427 ( 1)
 202 L   0.85778 0.03689 0.10096 0.00437 ( 1)
 203 L   0.85762 0.03704 0.10094 0.00439 ( 1)
 204 Q   0.05800 0.83628 0.00676 0.09896 ( 2)
 205 R   0.44454 0.45040 0.05182 0.05324 ( 2)
 206 F   0.89042 0.00598 0.10289 0.00070 ( 1)
 207 R   0.00303 0.89149 0.00035 0.10514 ( 2)
 208 W   0.85962 0.03507 0.10115 0.00416 ( 1)
 209 V   0.59218 0.30362 0.06849 0.03570 ( 1)
 210 W   0.85962 0.03507 0.10115 0.00416 ( 1)
 211 I   0.89164 0.00496 0.10282 0.00058 ( 1)
 212 S   0.85042 0.04392 0.10044 0.00522 ( 1)
 213 L   0.85778 0.03689 0.10096 0.00437 ( 1)
 214 V   0.42730 0.46698 0.05023 0.05549 ( 2)
 215 G   0.88688 0.00913 0.10291 0.00107 ( 1)
 216 S   0.88715 0.00891 0.10289 0.00105 ( 1)
 217 Y   0.00669 0.88730 0.00078 0.10523 ( 2)
 218 G   0.77698 0.11890 0.09014 0.01399 ( 1)
 219 D   0.88942 0.00686 0.10291 0.00081 ( 1)
 220 Y   0.86122 0.03303 0.10183 0.00393 ( 1)
 221 G   0.87867 0.01668 0.10268 0.00197 ( 1)
 222 Q   0.75390 0.14092 0.08848 0.01669 ( 1)
 223 Q   0.23005 0.66336 0.02729 0.07930 ( 2)
 224 G   0.77302 0.12223 0.09031 0.01444 ( 1)
 225 V   0.88030 0.01536 0.10253 0.00181 ( 1)
 226 Q   0.73473 0.16008 0.08623 0.01897 ( 1)
 227 A   0.68109 0.21264 0.08089 0.02538 ( 1)
 228 L   0.85916 0.03551 0.10112 0.00421 ( 1)
 229 E   0.52497 0.37024 0.06108 0.04370 ( 1)
 230 N   0.03992 0.85469 0.00463 0.10076 ( 2)
 231 Q   0.73384 0.16096 0.08612 0.01907 ( 1)
 232 A   0.88993 0.00642 0.10289 0.00075 ( 1)
 233 T   0.87685 0.01761 0.10345 0.00209 ( 1)
 234 D   0.00741 0.88666 0.00087 0.10506 ( 2)
 235 Q   0.72094 0.17386 0.08460 0.02060 ( 1)
 236 G   0.50968 0.38532 0.05945 0.04555 ( 1)
 237 I   0.86337 0.03319 0.09956 0.00389 ( 1)
 238 C   0.88467 0.01112 0.10290 0.00131 ( 1)
 239 I   0.86161 0.03314 0.10132 0.00393 ( 1)
 240 A   0.85478 0.03974 0.10076 0.00472 ( 1)
 241 F   0.89042 0.00598 0.10289 0.00070 ( 1)
 242 K   0.87932 0.01612 0.10265 0.00190 ( 1)
 243 D   0.84923 0.04700 0.09825 0.00552 ( 1)
 244 I   0.56521 0.33090 0.06507 0.03881 ( 1)
 245 V   0.80721 0.08837 0.09400 0.01042 ( 1)
 246 P   0.88597 0.01013 0.10270 0.00119 ( 1)
 247 L   0.85112 0.04523 0.09835 0.00531 ( 1)
 248 S   0.64974 0.24450 0.07668 0.02908 ( 1)
 249 A   0.88993 0.00642 0.10289 0.00075 ( 1)
 250 R   0.00158 0.89266 0.00018 0.10558 ( 2)
 251 V   0.87634 0.01746 0.10412 0.00208 ( 1)
 252 G   0.86957 0.02562 0.10178 0.00303 ( 1)
 253 D   0.86039 0.03425 0.10130 0.00406 ( 1)
 254 E   0.51878 0.37586 0.06080 0.04456 ( 1)
 255 R   0.76782 0.12742 0.08970 0.01505 ( 1)
 256 M   0.88956 0.00672 0.10293 0.00079 ( 1)
 257 Q   0.73521 0.15959 0.08628 0.01891 ( 1)
 258 G   0.02141 0.87340 0.00247 0.10272 ( 2)
 259 M   0.20383 0.69040 0.02387 0.08190 ( 2)
 260 M   0.88956 0.00672 0.10293 0.00079 ( 1)
 261 N   0.00441 0.89038 0.00051 0.10470 ( 2)
 262 R   0.21706 0.67815 0.02505 0.07974 ( 2)
 263 L   0.85778 0.03689 0.10096 0.00437 ( 1)
 264 A   0.85488 0.04143 0.09883 0.00486 ( 1)
 265 R   0.07459 0.81970 0.00870 0.09701 ( 2)
 266 A   0.88874 0.00761 0.10275 0.00089 ( 1)
 267 G   0.02124 0.87338 0.00246 0.10292 ( 2)
 268 T   0.84663 0.04967 0.09788 0.00583 ( 1)
 269 T   0.80076 0.09531 0.09273 0.01120 ( 1)
 270 V   0.88626 0.00831 0.10445 0.00099 ( 1)
 271 V   0.88219 0.01347 0.10275 0.00159 ( 1)
 272 V   0.48330 0.41254 0.05572 0.04844 ( 1)
 273 V   0.85564 0.03891 0.10084 0.00462 ( 1)
 274 F   0.88057 0.01412 0.10363 0.00167 ( 1)
 275 S   0.88649 0.00947 0.10293 0.00111 ( 1)
 276 S   0.02690 0.86813 0.00309 0.10187 ( 2)
 277 R   0.23082 0.66368 0.02694 0.07856 ( 2)
 278 R   0.00204 0.89252 0.00024 0.10521 ( 2)
 279 L   0.18512 0.70909 0.02168 0.08412 ( 2)
 280 A   0.88993 0.00642 0.10289 0.00075 ( 1)
 281 R   0.78844 0.10683 0.09212 0.01262 ( 1)
 282 V   0.88219 0.01347 0.10275 0.00159 ( 1)
 283 F   0.88479 0.00991 0.10413 0.00117 ( 1)
 284 F   0.88787 0.00853 0.10260 0.00100 ( 1)
 285 E   0.88165 0.01394 0.10276 0.00164 ( 1)
 286 S   0.88254 0.01341 0.10247 0.00158 ( 1)
 287 V   0.88219 0.01347 0.10275 0.00159 ( 1)
 288 V   0.88219 0.01347 0.10275 0.00159 ( 1)
 289 L   0.85725 0.03742 0.10089 0.00444 ( 1)
 290 A   0.85445 0.04186 0.09878 0.00491 ( 1)
 291 N   0.84619 0.04990 0.09805 0.00586 ( 1)
 292 L   0.69584 0.19872 0.08186 0.02358 ( 1)
 293 T   0.85009 0.04435 0.10029 0.00527 ( 1)
 294 G   0.88688 0.00913 0.10291 0.00107 ( 1)
 295 K   0.87932 0.01612 0.10265 0.00190 ( 1)
 296 V   0.88219 0.01347 0.10275 0.00159 ( 1)
 297 W   0.85962 0.03507 0.10115 0.00416 ( 1)
 298 I   0.60618 0.28984 0.06995 0.03403 ( 1)
 299 A   0.88993 0.00642 0.10289 0.00075 ( 1)
 300 S   0.80171 0.09190 0.09542 0.01097 ( 1)
 301 E   0.83526 0.06028 0.09735 0.00711 ( 1)
 302 D   0.62835 0.26765 0.07257 0.03144 ( 1)
 303 W   0.85962 0.03507 0.10115 0.00416 ( 1)
 304 A   0.84834 0.04801 0.09802 0.00563 ( 1)
 305 I   0.84952 0.04662 0.09839 0.00548 ( 1)
 306 S   0.88649 0.00947 0.10293 0.00111 ( 1)
 307 R   0.10682 0.78779 0.01240 0.09298 ( 2)
 308 H   0.83396 0.06201 0.09673 0.00729 ( 1)
 309 I   0.89164 0.00496 0.10282 0.00058 ( 1)
 310 T   0.68036 0.21398 0.08022 0.02543 ( 1)
 311 G   0.44361 0.45132 0.05171 0.05335 ( 2)
 312 V   0.88009 0.01557 0.10251 0.00183 ( 1)
 313 P   0.88005 0.01604 0.10202 0.00189 ( 1)
 314 G   0.87727 0.01808 0.10252 0.00213 ( 1)
 315 I   0.89164 0.00496 0.10282 0.00058 ( 1)
 316 Q   0.34248 0.55202 0.04007 0.06543 ( 2)
 317 G   0.57240 0.32303 0.06648 0.03808 ( 1)
 318 I   0.87111 0.02365 0.10244 0.00280 ( 1)
 319 G   0.87680 0.01855 0.10246 0.00219 ( 1)
 320 T   0.00196 0.89264 0.00023 0.10518 ( 2)
 321 V   0.88267 0.01299 0.10281 0.00153 ( 1)
 322 L   0.85778 0.03689 0.10096 0.00437 ( 1)
 323 G   0.86435 0.03163 0.10030 0.00372 ( 1)
 324 V   0.88191 0.01375 0.10272 0.00162 ( 1)
 325 A   0.88993 0.00642 0.10289 0.00075 ( 1)
 326 I   0.89164 0.00496 0.10282 0.00058 ( 1)
 327 Q   0.86664 0.02826 0.10175 0.00335 ( 1)
 328 L   0.08513 0.80953 0.00987 0.09547 ( 2)
 329 R   0.46950 0.42546 0.05474 0.05030 ( 1)
 330 L   0.00087 0.89308 0.00010 0.10595 ( 2)
 331 V   0.85255 0.04381 0.09850 0.00514 ( 1)
 332 P   0.85559 0.03883 0.10098 0.00461 ( 1)
 333 G   0.83819 0.05776 0.09726 0.00679 ( 1)
 334 L   0.85754 0.03713 0.10093 0.00440 ( 1)
 335 K   0.79796 0.09741 0.09314 0.01150 ( 1)
 336 E   0.78113 0.11263 0.09280 0.01344 ( 1)
 337 F   0.70142 0.19315 0.08251 0.02292 ( 1)
 338 E   0.82581 0.06823 0.09784 0.00812 ( 1)
 339 E   0.86422 0.02983 0.10240 0.00355 ( 1)
 340 A   0.88993 0.00642 0.10289 0.00075 ( 1)
 341 Y   0.83837 0.05587 0.09912 0.00664 ( 1)
 342 A   0.85506 0.04116 0.09896 0.00483 ( 1)
 343 Q   0.00461 0.88971 0.00054 0.10515 ( 2)
 344 A   0.59556 0.29814 0.07070 0.03560 ( 1)
 345 D   0.88942 0.00686 0.10291 0.00081 ( 1)
 346 K   0.87932 0.01612 0.10265 0.00190 ( 1)
 347 G   0.01844 0.87502 0.00218 0.10436 ( 2)
 348 A   0.84924 0.04706 0.09818 0.00552 ( 1)
 349 P   0.11301 0.78098 0.01326 0.09275 ( 2)
 350 L   0.27170 0.62307 0.03161 0.07362 ( 2)
 351 P   0.55113 0.34311 0.06495 0.04081 ( 1)
 352 C   0.88325 0.01254 0.10273 0.00148 ( 1)
 353 P   0.03690 0.85809 0.00425 0.10077 ( 2)
 354 T   0.09398 0.80068 0.01090 0.09444 ( 2)
 355 G   0.83779 0.05821 0.09716 0.00684 ( 1)
 356 A   0.82794 0.06795 0.09612 0.00799 ( 1)
 357 W   0.71854 0.17707 0.08353 0.02087 ( 1)
 358 C   0.88467 0.01112 0.10290 0.00131 ( 1)
 359 S   0.88762 0.00844 0.10295 0.00099 ( 1)
 360 S   0.88762 0.00844 0.10295 0.00099 ( 1)
 361 N   0.85350 0.04104 0.10059 0.00487 ( 1)
 362 Q   0.86664 0.02826 0.10175 0.00335 ( 1)
 363 L   0.60765 0.28836 0.07012 0.03386 ( 1)
 364 C   0.88325 0.01254 0.10273 0.00148 ( 1)
 365 R   0.82016 0.07370 0.09736 0.00878 ( 1)
 366 E   0.18235 0.71142 0.02150 0.08473 ( 2)
 367 C   0.88174 0.01262 0.10414 0.00150 ( 1)
 368 C   0.00133 0.89237 0.00016 0.10615 ( 2)
 369 A   0.69785 0.19658 0.08222 0.02335 ( 1)
 370 F   0.89042 0.00598 0.10289 0.00070 ( 1)
 371 T   0.00041 0.89418 0.00005 0.10536 ( 2)
 372 A   0.14599 0.74758 0.01725 0.08917 ( 2)
 373 H   0.88709 0.00895 0.10291 0.00105 ( 1)
 374 T   0.00026 0.89433 0.00003 0.10537 ( 2)
 375 T   0.84977 0.04645 0.09832 0.00545 ( 1)
 376 P   0.88746 0.00864 0.10288 0.00102 ( 1)
 377 T   0.07774 0.81691 0.00901 0.09634 ( 2)
 378 L   0.88202 0.01416 0.10216 0.00166 ( 1)
 379 G   0.00059 0.89305 0.00007 0.10629 ( 2)
 380 P   0.63626 0.25944 0.07376 0.03054 ( 1)
 381 F   0.85483 0.04152 0.09878 0.00487 ( 1)
 382 S   0.88649 0.00947 0.10293 0.00111 ( 1)
 383 M   0.88956 0.00672 0.10293 0.00079 ( 1)
 384 S   0.85237 0.04212 0.10051 0.00500 ( 1)
 385 S   0.64809 0.24614 0.07649 0.02928 ( 1)
 386 A   0.88993 0.00642 0.10289 0.00075 ( 1)
 387 Y   0.88369 0.01204 0.10285 0.00142 ( 1)
 388 N   0.88813 0.00801 0.10292 0.00094 ( 1)
 389 V   0.38866 0.50644 0.04515 0.05976 ( 2)
 390 Y   0.87889 0.01683 0.10229 0.00198 ( 1)
 391 Q   0.06108 0.83328 0.00711 0.09852 ( 2)
 392 A   0.84563 0.04889 0.09968 0.00580 ( 1)
 393 V   0.88219 0.01347 0.10275 0.00159 ( 1)
 394 Y   0.86198 0.03227 0.10192 0.00384 ( 1)
 395 T   0.05650 0.83705 0.00667 0.09979 ( 2)
 396 V   0.88219 0.01347 0.10275 0.00159 ( 1)
 397 A   0.88971 0.00664 0.10286 0.00078 ( 1)
 398 H   0.85397 0.04054 0.10068 0.00481 ( 1)
 399 G   0.88688 0.00913 0.10291 0.00107 ( 1)
 400 L   0.88831 0.00787 0.10289 0.00092 ( 1)
 401 H   0.88643 0.00876 0.10377 0.00104 ( 1)
 402 Q   0.86664 0.02826 0.10175 0.00335 ( 1)
 403 L   0.88831 0.00787 0.10289 0.00092 ( 1)
 404 L   0.85778 0.03689 0.10096 0.00437 ( 1)
 405 G   0.88688 0.00913 0.10291 0.00107 ( 1)
 406 C   0.86488 0.02947 0.10215 0.00350 ( 1)
 407 A   0.84363 0.05267 0.09753 0.00618 ( 1)
 408 S   0.85418 0.04016 0.10088 0.00477 ( 1)
 409 G   0.80539 0.08827 0.09580 0.01054 ( 1)
 410 A   0.79781 0.09670 0.09401 0.01148 ( 1)
 411 C   0.84415 0.05019 0.09970 0.00596 ( 1)
 412 S   0.88649 0.00947 0.10293 0.00111 ( 1)
 413 R   0.87756 0.01779 0.10255 0.00210 ( 1)
 414 S   0.60791 0.28776 0.07046 0.03387 ( 1)
 415 Q   0.02381 0.86952 0.00282 0.10385 ( 2)
 416 V   0.89004 0.00637 0.10284 0.00075 ( 1)
 417 Y   0.51571 0.37962 0.05991 0.04477 ( 1)
 418 P   0.88739 0.00872 0.10287 0.00102 ( 1)
 419 W   0.85962 0.03507 0.10115 0.00416 ( 1)
 420 Q   0.86664 0.02826 0.10175 0.00335 ( 1)
 421 L   0.84881 0.04564 0.10014 0.00542 ( 1)
 422 L   0.85485 0.03980 0.10063 0.00472 ( 1)
 423 E   0.80818 0.08734 0.09418 0.01030 ( 1)
 424 Q   0.86664 0.02826 0.10175 0.00335 ( 1)
 425 I   0.89164 0.00496 0.10282 0.00058 ( 1)
 426 H   0.03211 0.86287 0.00370 0.10133 ( 2)
 427 K   0.87885 0.01659 0.10260 0.00196 ( 1)
 428 A   0.81620 0.07939 0.09505 0.00936 ( 1)
 429 N   0.67689 0.21754 0.07973 0.02584 ( 1)
 430 F   0.89025 0.00615 0.10287 0.00072 ( 1)
 431 L   0.84881 0.04564 0.10014 0.00542 ( 1)
 432 L   0.78745 0.10606 0.09382 0.01267 ( 1)
 433 H   0.88535 0.01069 0.10270 0.00126 ( 1)
 434 E   0.02110 0.87349 0.00244 0.10296 ( 2)
 435 D   0.88942 0.00686 0.10291 0.00081 ( 1)
 436 T   0.85576 0.03869 0.10096 0.00459 ( 1)
 437 V   0.88219 0.01347 0.10275 0.00159 ( 1)
 438 T   0.00770 0.88740 0.00088 0.10402 ( 2)
 439 F   0.69957 0.19500 0.08229 0.02314 ( 1)
 440 N   0.28546 0.60872 0.03351 0.07230 ( 2)
 441 D   0.88942 0.00686 0.10291 0.00081 ( 1)
 442 N   0.86623 0.02831 0.10209 0.00336 ( 1)
 443 G   0.27221 0.62132 0.03226 0.07422 ( 2)
 444 D   0.47335 0.42237 0.05464 0.04964 ( 1)
 445 P   0.83980 0.05625 0.09734 0.00661 ( 1)
 446 L   0.55360 0.34215 0.06402 0.04024 ( 1)
 447 S   0.85144 0.04305 0.10040 0.00511 ( 1)
 448 G   0.83314 0.06285 0.09662 0.00739 ( 1)
 449 Y   0.83837 0.05587 0.09912 0.00664 ( 1)
 450 N   0.21937 0.67591 0.02529 0.07943 ( 2)
 451 I   0.86148 0.03322 0.10136 0.00394 ( 1)
 452 I   0.86161 0.03314 0.10132 0.00393 ( 1)
 453 A   0.85439 0.04192 0.09877 0.00492 ( 1)
 454 W   0.85962 0.03507 0.10115 0.00416 ( 1)
 455 D   0.88942 0.00686 0.10291 0.00081 ( 1)
 456 W   0.85962 0.03507 0.10115 0.00416 ( 1)
 457 I   0.05419 0.83982 0.00635 0.09964 ( 2)
 458 G   0.87532 0.02003 0.10229 0.00236 ( 1)
 459 F   0.61923 0.27594 0.07223 0.03260 ( 1)
 460 K   0.80786 0.08752 0.09429 0.01033 ( 1)
 461 W   0.85962 0.03507 0.10115 0.00416 ( 1)
 462 T   0.88874 0.00745 0.10293 0.00088 ( 1)
 463 F   0.88952 0.00688 0.10279 0.00081 ( 1)
 464 T   0.86985 0.02390 0.10340 0.00285 ( 1)
 465 V   0.54251 0.35342 0.06257 0.04150 ( 1)
 466 I   0.07746 0.81767 0.00891 0.09597 ( 2)
 467 G   0.87886 0.01552 0.10377 0.00184 ( 1)
 468 S   0.88600 0.00996 0.10287 0.00117 ( 1)
 469 S   0.88649 0.00947 0.10293 0.00111 ( 1)
 470 T   0.81910 0.07464 0.09736 0.00890 ( 1)
 471 A   0.28213 0.61217 0.03306 0.07264 ( 2)
 472 S   0.63902 0.25521 0.07541 0.03036 ( 1)
 473 P   0.79941 0.09430 0.09503 0.01125 ( 1)
 474 V   0.67090 0.22353 0.07901 0.02655 ( 1)
 475 R   0.00510 0.88914 0.00059 0.10516 ( 2)
 476 L   0.81323 0.08029 0.09689 0.00959 ( 1)
 477 D   0.83859 0.05762 0.09702 0.00676 ( 1)
 478 I   0.86013 0.03457 0.10120 0.00410 ( 1)
 479 N   0.85350 0.04104 0.10059 0.00487 ( 1)
 480 E   0.80826 0.08725 0.09419 0.01029 ( 1)
 481 T   0.88872 0.00747 0.10293 0.00088 ( 1)
 482 K   0.81878 0.07516 0.09711 0.00895 ( 1)
 483 I   0.89131 0.00529 0.10278 0.00062 ( 1)
 484 Q   0.86664 0.02826 0.10175 0.00335 ( 1)
 485 W   0.85962 0.03507 0.10115 0.00416 ( 1)
 486 H   0.82246 0.07203 0.09696 0.00855 ( 1)
 487 R   0.14498 0.74851 0.01715 0.08935 ( 2)
 488 K   0.87932 0.01612 0.10265 0.00190 ( 1)
 489 D   0.85212 0.04412 0.09859 0.00518 ( 1)
 490 N   0.88832 0.00782 0.10294 0.00092 ( 1)
 491 Q   0.86664 0.02826 0.10175 0.00335 ( 1)
 492 V   0.88191 0.01375 0.10272 0.00162 ( 1)
 493 P   0.85278 0.04163 0.10065 0.00494 ( 1)
 494 Q   0.47083 0.42421 0.05484 0.05012 ( 1)
 495 S   0.84392 0.05042 0.09967 0.00599 ( 1)
 496 V   0.88219 0.01347 0.10275 0.00159 ( 1)
 497 C   0.87169 0.02266 0.10295 0.00269 ( 1)
 498 S   0.88649 0.00947 0.10293 0.00111 ( 1)
 499 S   0.87638 0.01812 0.10334 0.00215 ( 1)
 500 D   0.88901 0.00727 0.10287 0.00085 ( 1)
 501 C   0.84786 0.04648 0.10013 0.00552 ( 1)
 502 L   0.84881 0.04564 0.10014 0.00542 ( 1)
 503 E   0.57552 0.31842 0.06811 0.03796 ( 1)
 504 G   0.87468 0.02067 0.10221 0.00244 ( 1)
 505 H   0.83904 0.05695 0.09732 0.00670 ( 1)
 506 Q   0.86664 0.02826 0.10175 0.00335 ( 1)
 507 R   0.12086 0.77248 0.01433 0.09232 ( 2)
 508 V   0.88219 0.01347 0.10275 0.00159 ( 1)
 509 V   0.85675 0.03779 0.10097 0.00448 ( 1)
 510 V   0.00212 0.89138 0.00025 0.10624 ( 2)
 511 G   0.64554 0.24871 0.07616 0.02958 ( 1)
 512 S   0.85578 0.04058 0.09889 0.00476 ( 1)
 513 H   0.31895 0.57524 0.03747 0.06835 ( 2)
 514 H   0.84049 0.05556 0.09742 0.00653 ( 1)
 515 C   0.84608 0.04826 0.09992 0.00573 ( 1)
 516 C   0.88467 0.01112 0.10290 0.00131 ( 1)
 517 F   0.86655 0.02813 0.10198 0.00333 ( 1)
 518 E   0.80962 0.08590 0.09435 0.01013 ( 1)
 519 C   0.84415 0.05019 0.09970 0.00596 ( 1)
 520 V   0.87477 0.02089 0.10189 0.00246 ( 1)
 521 P   0.88539 0.01071 0.10264 0.00126 ( 1)
 522 C   0.84473 0.04961 0.09977 0.00589 ( 1)
 523 E   0.43572 0.45920 0.05079 0.05428 ( 2)
 524 S   0.65616 0.23824 0.07729 0.02831 ( 1)
 525 G   0.87653 0.01882 0.10243 0.00222 ( 1)
 526 T   0.48745 0.40822 0.05633 0.04800 ( 1)
 527 F   0.67180 0.22430 0.07757 0.02633 ( 1)
 528 L   0.58411 0.31019 0.06883 0.03688 ( 1)
 529 N   0.63558 0.26024 0.07358 0.03061 ( 1)
 530 K   0.48588 0.40918 0.05660 0.04834 ( 1)
 531 S   0.84590 0.04859 0.09975 0.00577 ( 1)
 532 D   0.88721 0.00907 0.10266 0.00106 ( 1)
 533 L   0.82629 0.06982 0.09569 0.00820 ( 1)
 534 Y   0.80333 0.09232 0.09348 0.01088 ( 1)
 535 R   0.21897 0.67468 0.02588 0.08047 ( 2)
 536 C   0.88108 0.01471 0.10248 0.00173 ( 1)
 537 Q   0.86664 0.02826 0.10175 0.00335 ( 1)
 538 P   0.65073 0.24357 0.07674 0.02896 ( 1)
 539 C   0.84415 0.05019 0.09970 0.00596 ( 1)
 540 G   0.87727 0.01808 0.10252 0.00213 ( 1)
 541 K   0.82624 0.06771 0.09799 0.00807 ( 1)
 542 E   0.82581 0.06823 0.09784 0.00812 ( 1)
 543 E   0.88163 0.01396 0.10276 0.00165 ( 1)
 544 W   0.85962 0.03507 0.10115 0.00416 ( 1)
 545 A   0.80429 0.08948 0.09556 0.01067 ( 1)
 546 P   0.85600 0.03841 0.10103 0.00456 ( 1)
 547 E   0.14401 0.75080 0.01668 0.08850 ( 2)
 548 G   0.48230 0.41128 0.05727 0.04915 ( 1)
 549 S   0.88762 0.00844 0.10295 0.00099 ( 1)
 550 Q   0.86664 0.02826 0.10175 0.00335 ( 1)
 551 T   0.84142 0.05471 0.09744 0.00643 ( 1)
 552 C   0.88467 0.01112 0.10290 0.00131 ( 1)
 553 F   0.88976 0.00665 0.10282 0.00078 ( 1)
 554 P   0.58387 0.31127 0.06809 0.03678 ( 1)
 555 R   0.87851 0.01728 0.10218 0.00203 ( 1)
 556 T   0.85670 0.03774 0.10107 0.00448 ( 1)
 557 V   0.88013 0.01553 0.10251 0.00183 ( 1)
 558 V   0.81280 0.08279 0.09466 0.00976 ( 1)
 559 F   0.29222 0.60208 0.03426 0.07145 ( 2)
 560 L   0.85723 0.03742 0.10091 0.00444 ( 1)
 561 A   0.25993 0.63422 0.03051 0.07533 ( 2)
 562 W   0.30739 0.58666 0.03617 0.06977 ( 2)
 563 H   0.29109 0.60257 0.03444 0.07190 ( 2)
 564 E   0.88165 0.01394 0.10276 0.00164 ( 1)
 565 C   0.03700 0.85799 0.00426 0.10076 ( 2)
 566 I   0.85113 0.04501 0.09857 0.00529 ( 1)
 567 S   0.84392 0.05042 0.09967 0.00599 ( 1)
 568 W   0.85962 0.03507 0.10115 0.00416 ( 1)
 569 V   0.88219 0.01347 0.10275 0.00159 ( 1)
 570 L   0.85519 0.03947 0.10065 0.00468 ( 1)
 571 L   0.85751 0.03716 0.10093 0.00441 ( 1)
 572 A   0.50591 0.38777 0.06002 0.04631 ( 1)
 573 A   0.68880 0.20562 0.08115 0.02443 ( 1)
 574 N   0.87681 0.01932 0.10161 0.00227 ( 1)
 575 T   0.76796 0.12741 0.08959 0.01504 ( 1)
 576 L   0.30264 0.59165 0.03549 0.07022 ( 2)
 577 L   0.85649 0.03818 0.10080 0.00453 ( 1)
 578 L   0.85769 0.03698 0.10095 0.00438 ( 1)
 579 V   0.69590 0.19866 0.08186 0.02358 ( 1)
 580 V   0.69526 0.19928 0.08180 0.02365 ( 1)
 581 V   0.70325 0.19132 0.08273 0.02271 ( 1)
 582 V   0.26488 0.62922 0.03112 0.07477 ( 2)
 583 G   0.87802 0.01733 0.10260 0.00205 ( 1)
 584 T   0.65971 0.23463 0.07778 0.02789 ( 1)
 585 V   0.67222 0.22219 0.07919 0.02640 ( 1)
 586 G   0.88496 0.01105 0.10269 0.00130 ( 1)
 587 L   0.85778 0.03689 0.10096 0.00437 ( 1)
 588 F   0.85906 0.03562 0.10110 0.00422 ( 1)
 589 A   0.88955 0.00680 0.10285 0.00080 ( 1)
 590 W   0.85962 0.03507 0.10115 0.00416 ( 1)
 591 H   0.88730 0.00874 0.10293 0.00103 ( 1)
 592 Q   0.44963 0.44382 0.05346 0.05309 ( 1)
 593 D   0.88942 0.00686 0.10291 0.00081 ( 1)
 594 T   0.88804 0.00815 0.10285 0.00096 ( 1)
 595 P   0.84728 0.04712 0.10000 0.00560 ( 1)
 596 V   0.88219 0.01347 0.10275 0.00159 ( 1)
 597 V   0.88172 0.01394 0.10270 0.00164 ( 1)
 598 R   0.87756 0.01779 0.10255 0.00210 ( 1)
 599 S   0.78885 0.10476 0.09388 0.01251 ( 1)
 600 A   0.83457 0.05920 0.09916 0.00706 ( 1)
 601 G   0.87727 0.01808 0.10252 0.00213 ( 1)
 602 G   0.88688 0.00913 0.10291 0.00107 ( 1)
 603 W   0.01638 0.87842 0.00189 0.10331 ( 2)
 604 L   0.85778 0.03689 0.10096 0.00437 ( 1)
 605 C   0.88455 0.01125 0.10288 0.00132 ( 1)
 606 F   0.88057 0.01412 0.10363 0.00167 ( 1)
 607 L   0.87717 0.01730 0.10349 0.00205 ( 1)
 608 M   0.88956 0.00672 0.10293 0.00079 ( 1)
 609 L   0.85560 0.03906 0.10070 0.00463 ( 1)
 610 G   0.88597 0.01004 0.10281 0.00118 ( 1)
 611 S   0.88588 0.01008 0.10286 0.00119 ( 1)
 612 L   0.85778 0.03689 0.10096 0.00437 ( 1)
 613 A   0.81532 0.07845 0.09687 0.00936 ( 1)
 614 G   0.03259 0.86154 0.00381 0.10207 ( 2)
 615 A   0.62998 0.26427 0.07432 0.03143 ( 1)
 616 S   0.88533 0.01073 0.10268 0.00126 ( 1)
 617 C   0.03375 0.86121 0.00389 0.10115 ( 2)
 618 S   0.88762 0.00844 0.10295 0.00099 ( 1)
 619 L   0.84318 0.05294 0.09765 0.00622 ( 1)
 620 Y   0.83837 0.05587 0.09912 0.00664 ( 1)
 621 G   0.88666 0.00935 0.10289 0.00110 ( 1)
 622 F   0.89010 0.00630 0.10286 0.00074 ( 1)
 623 F   0.85906 0.03562 0.10110 0.00422 ( 1)
 624 G   0.87468 0.02067 0.10221 0.00244 ( 1)
 625 E   0.87330 0.02137 0.10280 0.00253 ( 1)
 626 P   0.88670 0.00941 0.10279 0.00111 ( 1)
 627 T   0.59166 0.30354 0.06895 0.03585 ( 1)
 628 L   0.26279 0.63197 0.03057 0.07466 ( 2)
 629 P   0.73466 0.15968 0.08668 0.01898 ( 1)
 630 A   0.55800 0.33569 0.06622 0.04009 ( 1)
 631 C   0.88325 0.01254 0.10273 0.00148 ( 1)
 632 L   0.84882 0.04583 0.09992 0.00543 ( 1)
 633 L   0.85758 0.03708 0.10093 0.00440 ( 1)
 634 R   0.88436 0.01143 0.10286 0.00135 ( 1)
 635 Q   0.86403 0.03088 0.10144 0.00366 ( 1)
 636 A   0.84138 0.05491 0.09727 0.00644 ( 1)
 637 I   0.83798 0.05814 0.09705 0.00683 ( 1)
 638 F   0.85906 0.03562 0.10110 0.00422 ( 1)
 639 A   0.88895 0.00740 0.10278 0.00087 ( 1)
 640 L   0.85422 0.04022 0.10078 0.00478 ( 1)
 641 G   0.84651 0.04786 0.09995 0.00569 ( 1)
 642 F   0.88459 0.01181 0.10222 0.00138 ( 1)
 643 T   0.83489 0.06123 0.09669 0.00719 ( 1)
 644 I   0.86412 0.03244 0.09964 0.00380 ( 1)
 645 F   0.89022 0.00619 0.10287 0.00073 ( 1)
 646 L   0.85759 0.03708 0.10093 0.00440 ( 1)
 647 S   0.88637 0.00959 0.10292 0.00113 ( 1)
 648 C   0.88467 0.01112 0.10290 0.00131 ( 1)
 649 L   0.69584 0.19872 0.08186 0.02358 ( 1)
 650 T   0.80323 0.09050 0.09547 0.01080 ( 1)
 651 V   0.85329 0.04126 0.10056 0.00490 ( 1)
 652 R   0.88407 0.01172 0.10283 0.00138 ( 1)
 653 S   0.88247 0.01348 0.10246 0.00159 ( 1)
 654 F   0.89042 0.00598 0.10289 0.00070 ( 1)
 655 Q   0.81236 0.08146 0.09647 0.00971 ( 1)
 656 L   0.82966 0.06386 0.09885 0.00763 ( 1)
 657 V   0.84703 0.04951 0.09767 0.00580 ( 1)
 658 I   0.89164 0.00496 0.10282 0.00058 ( 1)
 659 I   0.89105 0.00555 0.10275 0.00065 ( 1)
 660 F   0.89042 0.00598 0.10289 0.00070 ( 1)
 661 K   0.87932 0.01612 0.10265 0.00190 ( 1)
 662 F   0.85906 0.03562 0.10110 0.00422 ( 1)
 663 S   0.88585 0.01011 0.10286 0.00119 ( 1)
 664 T   0.65338 0.24250 0.07560 0.02851 ( 1)
 665 K   0.87819 0.01726 0.10252 0.00204 ( 1)
 666 V   0.17587 0.71771 0.02079 0.08563 ( 2)
 667 P   0.87543 0.01899 0.10332 0.00225 ( 1)
 668 T   0.23783 0.65751 0.02741 0.07725 ( 2)
 669 F   0.89042 0.00598 0.10289 0.00070 ( 1)
 670 Y   0.55361 0.34175 0.06433 0.04030 ( 1)
 671 H   0.29474 0.60038 0.03414 0.07074 ( 2)
 672 T   0.66881 0.22724 0.07726 0.02669 ( 1)
 673 W   0.85962 0.03507 0.10115 0.00416 ( 1)
 674 V   0.88913 0.00728 0.10274 0.00085 ( 1)
 675 Q   0.80903 0.08479 0.09607 0.01011 ( 1)
 676 N   0.88832 0.00782 0.10294 0.00092 ( 1)
 677 H   0.88245 0.01208 0.10404 0.00143 ( 1)
 678 G   0.84512 0.04924 0.09979 0.00585 ( 1)
 679 A   0.86083 0.03370 0.10148 0.00400 ( 1)
 680 A   0.16513 0.72999 0.01905 0.08583 ( 2)
 681 L   0.85778 0.03689 0.10096 0.00437 ( 1)
 682 F   0.85906 0.03562 0.10110 0.00422 ( 1)
 683 I   0.68844 0.20702 0.08013 0.02442 ( 1)
 684 M   0.52549 0.37031 0.06069 0.04352 ( 1)
 685 I   0.89133 0.00527 0.10279 0.00062 ( 1)
 686 S   0.84213 0.05387 0.09766 0.00633 ( 1)
 687 S   0.78885 0.10476 0.09388 0.01251 ( 1)
 688 M   0.02715 0.86756 0.00314 0.10216 ( 2)
 689 A   0.18280 0.71131 0.02144 0.08445 ( 2)
 690 Q   0.86664 0.02826 0.10175 0.00335 ( 1)
 691 L   0.85525 0.03942 0.10066 0.00467 ( 1)
 692 L   0.85193 0.04252 0.10051 0.00505 ( 1)
 693 I   0.89164 0.00496 0.10282 0.00058 ( 1)
 694 C   0.84460 0.04974 0.09975 0.00591 ( 1)
 695 L   0.78745 0.10606 0.09382 0.01267 ( 1)
 696 T   0.85645 0.03800 0.10104 0.00451 ( 1)
 697 W   0.85962 0.03507 0.10115 0.00416 ( 1)
 698 L   0.85282 0.04185 0.10037 0.00496 ( 1)
 699 A   0.47953 0.41570 0.05573 0.04905 ( 1)
 700 V   0.81301 0.08258 0.09468 0.00973 ( 1)
 701 W   0.85962 0.03507 0.10115 0.00416 ( 1)
 702 T   0.88517 0.00929 0.10443 0.00110 ( 1)
 703 P   0.79941 0.09430 0.09503 0.01125 ( 1)
 704 L   0.85778 0.03689 0.10096 0.00437 ( 1)
 705 P   0.88662 0.00948 0.10278 0.00111 ( 1)
 706 T   0.79003 0.10438 0.09319 0.01240 ( 1)
 707 R   0.86097 0.03436 0.10061 0.00406 ( 1)
 708 E   0.82581 0.06823 0.09784 0.00812 ( 1)
 709 Y   0.88223 0.01350 0.10268 0.00159 ( 1)
 710 Q   0.35766 0.53686 0.04185 0.06363 ( 2)
 711 R   0.88439 0.01140 0.10287 0.00134 ( 1)
 712 F   0.88976 0.00665 0.10282 0.00078 ( 1)
 713 P   0.88670 0.00941 0.10279 0.00111 ( 1)
 714 Q   0.71623 0.17819 0.08441 0.02117 ( 1)
 715 L   0.85778 0.03689 0.10096 0.00437 ( 1)
 716 V   0.88013 0.01553 0.10251 0.00183 ( 1)
 717 V   0.63369 0.26225 0.07324 0.03082 ( 1)
 718 L   0.84881 0.04564 0.10014 0.00542 ( 1)
 719 E   0.79964 0.09586 0.09319 0.01131 ( 1)
 720 C   0.88467 0.01112 0.10290 0.00131 ( 1)
 721 T   0.80121 0.09252 0.09523 0.01104 ( 1)
 722 E   0.88165 0.01394 0.10276 0.00164 ( 1)
 723 T   0.00447 0.89066 0.00051 0.10435 ( 2)
 724 N   0.81970 0.07635 0.09498 0.00897 ( 1)
 725 S   0.86861 0.02732 0.10085 0.00321 ( 1)
 726 L   0.85778 0.03689 0.10096 0.00437 ( 1)
 727 G   0.88688 0.00913 0.10291 0.00107 ( 1)
 728 F   0.89042 0.00598 0.10289 0.00070 ( 1)
 729 M   0.43887 0.45554 0.05151 0.05407 ( 2)
 730 L   0.85759 0.03708 0.10093 0.00440 ( 1)
 731 A   0.88993 0.00642 0.10289 0.00075 ( 1)
 732 F   0.88575 0.00894 0.10425 0.00106 ( 1)
 733 G   0.00550 0.88953 0.00063 0.10434 ( 2)
 734 Y   0.88369 0.01204 0.10285 0.00142 ( 1)
 735 N   0.85350 0.04104 0.10059 0.00487 ( 1)
 736 G   0.83098 0.06496 0.09642 0.00764 ( 1)
 737 L   0.88529 0.00917 0.10445 0.00109 ( 1)
 738 L   0.88761 0.00858 0.10281 0.00101 ( 1)
 739 S   0.88098 0.01496 0.10229 0.00176 ( 1)
 740 V   0.22961 0.66601 0.02634 0.07804 ( 2)
 741 S   0.87865 0.01585 0.10361 0.00188 ( 1)
 742 A   0.88920 0.00715 0.10281 0.00084 ( 1)
 743 F   0.85906 0.03562 0.10110 0.00422 ( 1)
 744 A   0.88855 0.00781 0.10273 0.00092 ( 1)
 745 C   0.88366 0.01214 0.10278 0.00143 ( 1)
 746 S   0.84183 0.05417 0.09763 0.00637 ( 1)
 747 Y   0.88369 0.01204 0.10285 0.00142 ( 1)
 748 L   0.69596 0.19860 0.08187 0.02357 ( 1)
 749 G   0.88661 0.00941 0.10288 0.00111 ( 1)
 750 K   0.87819 0.01726 0.10252 0.00204 ( 1)
 751 D   0.88942 0.00686 0.10291 0.00081 ( 1)
 752 L   0.85679 0.03786 0.10086 0.00449 ( 1)
 753 P   0.79941 0.09430 0.09503 0.01125 ( 1)
 754 E   0.88165 0.01394 0.10276 0.00164 ( 1)
 755 N   0.88832 0.00782 0.10294 0.00092 ( 1)
 756 Y   0.86779 0.02792 0.10100 0.00329 ( 1)
 757 N   0.84069 0.05539 0.09741 0.00651 ( 1)
 758 E   0.88165 0.01394 0.10276 0.00164 ( 1)
 759 A   0.88955 0.00680 0.10285 0.00080 ( 1)
 760 K   0.81878 0.07516 0.09711 0.00895 ( 1)
 761 C   0.84415 0.05019 0.09970 0.00596 ( 1)
 762 V   0.89004 0.00637 0.10284 0.00075 ( 1)
 763 T   0.88685 0.00934 0.10272 0.00110 ( 1)
 764 F   0.88787 0.00853 0.10260 0.00100 ( 1)
 765 G   0.61191 0.28380 0.07089 0.03340 ( 1)
 766 L   0.85763 0.03704 0.10094 0.00439 ( 1)
 767 L   0.88831 0.00787 0.10289 0.00092 ( 1)
 768 L   0.84438 0.05196 0.09756 0.00610 ( 1)
 769 N   0.83152 0.06454 0.09635 0.00758 ( 1)
 770 F   0.88976 0.00665 0.10282 0.00078 ( 1)
 771 V   0.54033 0.35548 0.06241 0.04178 ( 1)
 772 S   0.88649 0.00947 0.10293 0.00111 ( 1)
 773 W   0.85962 0.03507 0.10115 0.00416 ( 1)
 774 I   0.89164 0.00496 0.10282 0.00058 ( 1)
 775 A   0.65758 0.23846 0.07596 0.02801 ( 1)
 776 F   0.85549 0.04087 0.09885 0.00479 ( 1)
 777 F   0.89007 0.00633 0.10285 0.00074 ( 1)
 778 T   0.88855 0.00764 0.10291 0.00090 ( 1)
 779 V   0.11880 0.77591 0.01378 0.09151 ( 2)
 780 A   0.88746 0.00708 0.10462 0.00084 ( 1)
 781 S   0.83687 0.05913 0.09705 0.00695 ( 1)
 782 V   0.85495 0.04141 0.09878 0.00486 ( 1)
 783 Y   0.81562 0.08003 0.09492 0.00943 ( 1)
 784 Q   0.49057 0.40517 0.05664 0.04762 ( 1)
 785 G   0.83589 0.06006 0.09699 0.00706 ( 1)
 786 K   0.87932 0.01612 0.10265 0.00190 ( 1)
 787 Y   0.88056 0.01370 0.10411 0.00163 ( 1)
 788 L   0.34976 0.10052 0.52702 0.02270 ( 3)
 789 P   0.83777 0.05827 0.09711 0.00685 ( 1)
 790 A   0.78630 0.10921 0.09160 0.01288 ( 1)
 791 V   0.84184 0.05450 0.09726 0.00639 ( 1)
 792 N   0.88149 0.01464 0.10215 0.00172 ( 1)
 793 V   0.56429 0.33155 0.06519 0.03897 ( 1)
 794 L   0.72454 0.17004 0.08524 0.02018 ( 1)
 795 A   0.87863 0.01590 0.10358 0.00189 ( 1)
 796 V   0.01290 0.88162 0.00150 0.10398 ( 2)
 797 L   0.72159 0.17299 0.08489 0.02053 ( 1)
 798 S   0.88762 0.00844 0.10295 0.00099 ( 1)
 799 S   0.88762 0.00844 0.10295 0.00099 ( 1)
 800 L   0.85772 0.03695 0.10095 0.00438 ( 1)
 801 S   0.84230 0.05370 0.09768 0.00631 ( 1)
 802 S   0.88571 0.01035 0.10273 0.00122 ( 1)
 803 G   0.88688 0.00913 0.10291 0.00107 ( 1)
 804 F   0.89042 0.00598 0.10289 0.00070 ( 1)
 805 S   0.79218 0.10372 0.09190 0.01220 ( 1)
 806 G   0.88032 0.01503 0.10287 0.00177 ( 1)
 807 Y   0.83837 0.05587 0.09912 0.00664 ( 1)
 808 F   0.88057 0.01412 0.10363 0.00167 ( 1)
 809 L   0.87836 0.01633 0.10338 0.00194 ( 1)
 810 P   0.88693 0.00918 0.10281 0.00108 ( 1)
 811 K   0.87777 0.01768 0.10247 0.00209 ( 1)
 812 C   0.88467 0.01112 0.10290 0.00131 ( 1)
 813 Y   0.85814 0.03756 0.09987 0.00442 ( 1)
 814 V   0.87850 0.01716 0.10232 0.00202 ( 1)
 815 I   0.89164 0.00496 0.10282 0.00058 ( 1)
 816 V   0.83508 0.06104 0.09671 0.00717 ( 1)
 817 C   0.82642 0.06931 0.09611 0.00816 ( 1)
 818 R   0.88192 0.01386 0.10258 0.00163 ( 1)
 819 P   0.54071 0.35294 0.06420 0.04216 ( 1)
 820 D   0.87907 0.01629 0.10272 0.00192 ( 1)
 821 L   0.88363 0.01255 0.10235 0.00147 ( 1)
 822 N   0.88752 0.00862 0.10285 0.00101 ( 1)
 823 S   0.84213 0.05387 0.09766 0.00633 ( 1)
 824 T   0.81203 0.08170 0.09652 0.00975 ( 1)
 825 E   0.88165 0.01394 0.10276 0.00164 ( 1)
 826 H   0.88730 0.00874 0.10293 0.00103 ( 1)
 827 F   0.88952 0.00688 0.10279 0.00081 ( 1)
 828 Q   0.86664 0.02826 0.10175 0.00335 ( 1)
 829 A   0.88985 0.00651 0.10288 0.00076 ( 1)
 830 S   0.88649 0.00947 0.10293 0.00111 ( 1)
 831 I   0.88231 0.01246 0.10376 0.00148 ( 1)
 832 Q   0.86664 0.02826 0.10175 0.00335 ( 1)
 833 D   0.85106 0.04517 0.09847 0.00530 ( 1)
 834 Y   0.88369 0.01204 0.10285 0.00142 ( 1)
 835 T   0.87831 0.01718 0.10249 0.00203 ( 1)
 836 R   0.87756 0.01779 0.10255 0.00210 ( 1)
 837 R   0.82540 0.07056 0.09574 0.00830 ( 1)
 838 W   0.05723 0.83762 0.00661 0.09854 ( 2)
 839 G   0.15022 0.74489 0.01733 0.08757 ( 2)
 840 S   0.81469 0.08118 0.09458 0.00955 ( 1)
 841 T   0.88521 0.01098 0.10253 0.00129 ( 1)

