

TREE # 1

  0  0.0000  10759.944760  x:  0.26385   0.11577   0.08596   0.00000   0.06063   0.05075   0.04950   0.04981   0.05520   0.02619   0.00368   0.00258   0.00477   0.02271   0.00778   0.00197   0.00852   0.00766   0.00524   0.00418   0.00162   0.00718   0.00615   0.00626   0.01824   0.14125   0.01212   0.02718   0.01864   0.01586   0.00123   0.00887   0.00574   0.00380   0.00237   0.05365   0.19416   0.06079   0.10998   0.00040   0.10813   0.08203   3.00000   1.16374   0.04304   0.25098  
  1 99.0000  10749.295366  x:  0.26399   0.11620   0.08621   0.00460   0.06083   0.05082   0.04975   0.05018   0.05553   0.02611   0.00375   0.00246   0.00570   0.02287   0.00845   0.00034   0.00895   0.00761   0.00573   0.00392   0.00000   0.00685   0.00670   0.00676   0.01864   0.14143   0.01210   0.02712   0.01885   0.01595   0.00164   0.00874   0.00652   0.00433   0.00155   0.05444   0.19428   0.06125   0.11023   0.00825   0.10824   0.08257   3.00012   1.16386   0.04292   0.24912  
  2 3117.2236  10748.071138  x:  0.26406   0.11639   0.08631   0.00539   0.06090   0.05084   0.04983   0.05034   0.05567   0.02608   0.00377   0.00244   0.00599   0.02294   0.00869   0.00145   0.00910   0.00759   0.00588   0.00384   0.00113   0.00673   0.00689   0.00693   0.01880   0.14152   0.01209   0.02710   0.01894   0.01599   0.00164   0.00869   0.00677   0.00448   0.00139   0.05479   0.19434   0.06142   0.11032   0.00998   0.10826   0.08278   3.00018   1.16391   0.04286   0.24831  
  3 3300.3286  10742.256698  x:  0.26473   0.11813   0.08717   0.00248   0.06145   0.05086   0.05038   0.05186   0.05702   0.02572   0.00386   0.00253   0.00746   0.02353   0.01030   0.00134   0.01020   0.00749   0.00663   0.00359   0.00114   0.00597   0.00792   0.00791   0.02023   0.14234   0.01199   0.02692   0.01971   0.01629   0.00000   0.00847   0.00804   0.00503   0.00224   0.05798   0.19485   0.06279   0.11095   0.01171   0.10834   0.08450   3.00071   1.16442   0.04236   0.24049  
  4 955.5709  10738.074293  x:  0.26530   0.11962   0.08790   0.00000   0.06193   0.05088   0.05086   0.05315   0.05816   0.02542   0.00393   0.00260   0.00862   0.02403   0.01161   0.00124   0.01110   0.00742   0.00722   0.00340   0.00114   0.00536   0.00875   0.00869   0.02142   0.14305   0.01190   0.02677   0.02037   0.01657   0.00053   0.00831   0.00905   0.00547   0.00281   0.06069   0.19530   0.06395   0.11150   0.01297   0.10841   0.08596   3.00116   1.16486   0.04193   0.23382  
  5 17464.7225  10705.007679  x:  0.27232   0.13697   0.09672   0.00674   0.06782   0.05174   0.05701   0.06768   0.07108   0.02192   0.00378   0.00243   0.01438   0.02875   0.02081   0.00043   0.01709   0.00722   0.00910   0.00477   0.00140   0.00412   0.01274   0.01253   0.03319   0.15154   0.01063   0.02532   0.02670   0.01915   0.00145   0.00780   0.01376   0.00545   0.00042   0.09155   0.20062   0.07678   0.11753   0.00453   0.10899   0.10247   3.00667   1.17010   0.03678   0.15284  
  6 3426.1443  10701.475326  x:  0.27403   0.14084   0.09864   0.00842   0.06906   0.05196   0.05823   0.07059   0.07369   0.02143   0.00380   0.00242   0.01419   0.02931   0.02137   0.00040   0.01718   0.00737   0.00856   0.00465   0.00157   0.00554   0.01237   0.01217   0.03497   0.15355   0.01033   0.02519   0.02750   0.01938   0.00190   0.00812   0.01339   0.00505   0.00560   0.09810   0.20192   0.07951   0.11894   0.00383   0.10920   0.10608   3.00801   1.17131   0.03560   0.13377  
  7 6516.1466  10690.004473  x:  0.27712   0.14646   0.10117   0.00521   0.07045   0.05227   0.05921   0.07359   0.07644   0.02200   0.00404   0.00273   0.00942   0.02835   0.01740   0.00040   0.01331   0.00803   0.00525   0.00290   0.00177   0.00874   0.00804   0.00804   0.03459   0.15690   0.00993   0.02573   0.02645   0.01850   0.00130   0.00867   0.00857   0.00275   0.00334   0.10654   0.20420   0.08298   0.12124   0.00707   0.10978   0.11105   3.01042   1.17318   0.03377   0.10309  
  8 2563.7103  10688.380640  x:  0.27794   0.14754   0.10154   0.00479   0.07052   0.05230   0.05914   0.07368   0.07655   0.02244   0.00379   0.00220   0.00806   0.02770   0.01548   0.00043   0.01200   0.00783   0.00611   0.00460   0.00177   0.00792   0.00755   0.00758   0.03353   0.15767   0.00991   0.02593   0.02560   0.01808   0.00120   0.00859   0.00776   0.00576   0.00312   0.10782   0.20476   0.08338   0.12167   0.00744   0.10990   0.11182   3.01110   1.17356   0.03340   0.09709  
  9 1202.2462  10687.445460  x:  0.27885   0.14826   0.10158   0.00497   0.07027   0.05224   0.05871   0.07301   0.07598   0.02309   0.00378   0.00311   0.00770   0.02676   0.01321   0.00050   0.01117   0.00737   0.00744   0.00398   0.00170   0.00572   0.00852   0.00852   0.03149   0.15837   0.01001   0.02609   0.02430   0.01763   0.00125   0.00860   0.00850   0.00524   0.00333   0.10820   0.20531   0.08323   0.12191   0.00729   0.10997   0.11204   3.01192   1.17382   0.03316   0.09361  
 10 483.5635  10687.171502  x:  0.27935   0.14859   0.10153   0.00496   0.07006   0.05217   0.05842   0.07253   0.07558   0.02332   0.00378   0.00202   0.00811   0.02640   0.01263   0.00054   0.01131   0.00734   0.00744   0.00399   0.00165   0.00568   0.00892   0.00890   0.03038   0.15871   0.01010   0.02611   0.02374   0.01751   0.00125   0.00852   0.00898   0.00489   0.00333   0.10826   0.20559   0.08305   0.12198   0.00723   0.10998   0.11205   3.01241   1.17393   0.03306   0.09258  
 11 352.8568  10686.878135  x:  0.28040   0.14922   0.10139   0.00497   0.06960   0.05201   0.05782   0.07148   0.07470   0.02357   0.00382   0.00253   0.00919   0.02594   0.01244   0.00061   0.01208   0.00750   0.00691   0.00451   0.00156   0.00661   0.00931   0.00926   0.02832   0.15938   0.01030   0.02607   0.02293   0.01746   0.00127   0.00829   0.00964   0.00500   0.00320   0.10832   0.20616   0.08261   0.12208   0.00714   0.10995   0.11200   3.01349   1.17413   0.03289   0.09127  
 12 320.0950  10686.659822  x:  0.28183   0.15010   0.10124   0.00512   0.06904   0.05179   0.05717   0.07025   0.07371   0.02333   0.00370   0.00248   0.00959   0.02594   0.01360   0.00068   0.01282   0.00753   0.00679   0.00368   0.00149   0.00615   0.00891   0.00887   0.02652   0.16021   0.01052   0.02592   0.02274   0.01767   0.00128   0.00839   0.00937   0.00550   0.00322   0.10849   0.20692   0.08203   0.12217   0.00698   0.10987   0.11193   3.01507   1.17438   0.03266   0.09051  
 13 194.9900  10686.521523  x:  0.28320   0.15095   0.10113   0.00511   0.06860   0.05160   0.05670   0.06924   0.07296   0.02294   0.00392   0.00248   0.00938   0.02616   0.01453   0.00072   0.01293   0.00742   0.00713   0.00441   0.00145   0.00581   0.00873   0.00871   0.02562   0.16096   0.01064   0.02579   0.02300   0.01784   0.00128   0.00852   0.00908   0.00493   0.00328   0.10873   0.20763   0.08152   0.12225   0.00707   0.10977   0.11188   3.01667   1.17463   0.03245   0.09022  
 14 227.1193  10686.332688  x:  0.28577   0.15255   0.10103   0.00510   0.06800   0.05137   0.05615   0.06775   0.07203   0.02235   0.00341   0.00245   0.00860   0.02664   0.01498   0.00075   0.01219   0.00732   0.00756   0.00420   0.00141   0.00653   0.00923   0.00921   0.02552   0.16226   0.01069   0.02564   0.02386   0.01794   0.00127   0.00831   0.00922   0.00495   0.00320   0.10929   0.20893   0.08067   0.12235   0.00711   0.10957   0.11185   3.01994   1.17512   0.03203   0.09031  
 15 190.4078  10686.167641  x:  0.28849   0.15422   0.10100   0.00514   0.06754   0.05122   0.05581   0.06644   0.07135   0.02215   0.00442   0.00242   0.00844   0.02698   0.01471   0.00077   0.01168   0.00749   0.00712   0.00402   0.00139   0.00652   0.00942   0.00939   0.02611   0.16354   0.01064   0.02558   0.02456   0.01790   0.00126   0.00823   0.00945   0.00524   0.00320   0.10990   0.21029   0.07986   0.12245   0.00709   0.10936   0.11184   3.02358   1.17566   0.03157   0.09065  
 16 346.9989  10685.881780  x:  0.29315   0.15704   0.10106   0.00515   0.06702   0.05112   0.05554   0.06459   0.07060   0.02243   0.00369   0.00249   0.00906   0.02725   0.01366   0.00078   0.01161   0.00771   0.00622   0.00431   0.00140   0.00583   0.00913   0.00907   0.02769   0.16564   0.01045   0.02561   0.02521   0.01773   0.00125   0.00846   0.00958   0.00519   0.00329   0.11092   0.21258   0.07858   0.12261   0.00717   0.10904   0.11185   3.03020   1.17662   0.03075   0.09149  
 17 483.8041  10685.669885  x:  0.29687   0.15913   0.10123   0.00515   0.06695   0.05124   0.05568   0.06363   0.07043   0.02311   0.00387   0.00249   0.00956   0.02705   0.01289   0.00076   0.01236   0.00740   0.00738   0.00413   0.00142   0.00630   0.00863   0.00858   0.02895   0.16713   0.01025   0.02576   0.02487   0.01763   0.00126   0.00857   0.00920   0.00509   0.00325   0.11159   0.21436   0.07772   0.12273   0.00716   0.10887   0.11185   3.03607   1.17745   0.03005   0.09231  
 18 400.0599  10685.380011  x:  0.30175   0.16131   0.10181   0.00512   0.06781   0.05188   0.05675   0.06393   0.07131   0.02400   0.00387   0.00247   0.00832   0.02604   0.01370   0.00068   0.01303   0.00752   0.00696   0.00421   0.00150   0.00620   0.00915   0.00919   0.02955   0.16852   0.01017   0.02615   0.02262   0.01783   0.00128   0.00815   0.00858   0.00506   0.00331   0.11184   0.21653   0.07713   0.12287   0.00724   0.10897   0.11183   3.04585   1.17876   0.02895   0.09362  
 19 221.9244  10685.068679  x:  0.30661   0.16274   0.10260   0.00505   0.06922   0.05265   0.05810   0.06547   0.07283   0.02373   0.00387   0.00247   0.00852   0.02550   0.01444   0.00058   0.01161   0.00751   0.00708   0.00423   0.00160   0.00640   0.00869   0.00858   0.02857   0.16927   0.01043   0.02640   0.02150   0.01791   0.00128   0.00918   0.00999   0.00513   0.00325   0.11120   0.21848   0.07706   0.12301   0.00719   0.10943   0.11172   3.05843   1.18037   0.02762   0.09485  
 20 283.5637  10684.528766  x:  0.31384   0.16378   0.10379   0.00495   0.07139   0.05349   0.05975   0.06880   0.07536   0.02250   0.00387   0.00249   0.00977   0.02590   0.01358   0.00052   0.01108   0.00751   0.00715   0.00421   0.00166   0.00623   0.00867   0.00874   0.02574   0.16954   0.01072   0.02645   0.02298   0.01768   0.00128   0.00762   0.00885   0.00504   0.00333   0.10897   0.22106   0.07759   0.12326   0.00722   0.11056   0.11146   3.08178   1.18321   0.02528   0.09631  
 21 443.4788  10684.145856  x:  0.31824   0.16359   0.10428   0.00484   0.07218   0.05346   0.05997   0.07085   0.07653   0.02247   0.00392   0.00249   0.00888   0.02663   0.01261   0.00057   0.01267   0.00757   0.00697   0.00419   0.00162   0.00635   0.00921   0.00917   0.02440   0.16912   0.01072   0.02623   0.02461   0.01762   0.00123   0.00945   0.00868   0.00524   0.00322   0.10672   0.22235   0.07825   0.12345   0.00734   0.11143   0.11125   3.10035   1.18537   0.02353   0.09669  
 22 579.8228  10683.296737  x:  0.32500   0.16111   0.10417   0.00496   0.07156   0.05203   0.05802   0.07333   0.07692   0.02502   0.00389   0.00248   0.00731   0.02785   0.01297   0.00077   0.01382   0.00756   0.00701   0.00425   0.00142   0.00614   0.00841   0.00822   0.02507   0.16698   0.01078   0.02562   0.02592   0.01804   0.00123   0.00770   0.01096   0.00509   0.00331   0.10109   0.22349   0.08002   0.12383   0.00727   0.11306   0.11086   3.14264   1.18999   0.01985   0.09581  
 23 570.0044  10681.887653  x:  0.33405   0.15612   0.10322   0.00520   0.06939   0.04968   0.05433   0.07570   0.07617   0.02702   0.00391   0.00247   0.00955   0.02837   0.01493   0.00102   0.01173   0.00747   0.00717   0.00421   0.00114   0.00628   0.00921   0.00953   0.02838   0.16296   0.01063   0.02530   0.02521   0.01842   0.00125   0.00883   0.00900   0.00514   0.00321   0.09243   0.22411   0.08301   0.12437   0.00699   0.11513   0.11050   3.21502   1.19768   0.01377   0.09371  
 24 1463.0689  10680.421754  x:  0.33860   0.15147   0.10161   0.00521   0.06730   0.04979   0.05341   0.07529   0.07404   0.02007   0.00386   0.00248   0.00947   0.02639   0.01445   0.00093   0.01321   0.00759   0.00726   0.00420   0.00123   0.00606   0.00961   0.00855   0.03154   0.15939   0.00959   0.02627   0.02286   0.01742   0.00128   0.00840   0.00955   0.00512   0.00319   0.08850   0.22248   0.08561   0.12454   0.00696   0.11522   0.11110   3.28808   1.20505   0.00803   0.09249  
 25 996.2713  10677.945124  x:  0.33785   0.14572   0.09877   0.00502   0.06631   0.05371   0.05795   0.07080   0.07001   0.02023   0.00390   0.00248   0.00919   0.02431   0.01415   0.00028   0.01331   0.00569   0.00668   0.00418   0.00186   0.00606   0.00599   0.01191   0.03124   0.15535   0.01188   0.02615   0.02409   0.01813   0.00123   0.00848   0.00987   0.00520   0.00316   0.09228   0.21576   0.08843   0.12372   0.00701   0.11158   0.11332   3.41743   1.21747  -0.00147   0.09314  
 26 1022.7433  10676.218579  x:  0.33686   0.14342   0.09764   0.00494   0.06612   0.05523   0.05993   0.06874   0.06843   0.02115   0.00387   0.00247   0.00916   0.02397   0.01414   0.00000   0.01303   0.00709   0.00703   0.00417   0.00213   0.00605   0.00681   0.01111   0.03062   0.15380   0.01215   0.02596   0.02463   0.01832   0.00122   0.00850   0.00967   0.00514   0.00314   0.09462   0.21256   0.08943   0.12327   0.00702   0.10981   0.11427   3.47596   1.22304  -0.00572   0.09364  
 27 6263.7957  10675.160140  x:  0.33562   0.14245   0.09726   0.00490   0.06624   0.05543   0.06054   0.06776   0.06803   0.02168   0.00391   0.00246   0.00917   0.02453   0.01413   0.00000   0.01276   0.00553   0.00659   0.00417   0.00076   0.00608   0.00791   0.01003   0.03002   0.15325   0.01133   0.02581   0.02447   0.01810   0.00122   0.00846   0.00951   0.00520   0.00314   0.09649   0.21060   0.08966   0.12293   0.00705   0.10882   0.11467   3.51157   1.22637  -0.00824   0.09417  
 28 3883.1234  10674.590458  x:  0.33390   0.14155   0.09699   0.00488   0.06639   0.05512   0.06067   0.06679   0.06783   0.02218   0.00394   0.00246   0.00916   0.02549   0.01405   0.00000   0.01251   0.00431   0.00624   0.00416   0.00160   0.00611   0.00868   0.00926   0.02921   0.15284   0.01013   0.02562   0.02404   0.01772   0.00122   0.00843   0.00938   0.00524   0.00314   0.09866   0.20842   0.08969   0.12250   0.00709   0.10780   0.11495   3.55241   1.23015  -0.01109   0.09482  
 29 4760.2388  10672.759319  x:  0.32749   0.14115   0.09766   0.00489   0.06732   0.05123   0.05792   0.06583   0.06958   0.02215   0.00390   0.00245   0.00893   0.02937   0.01339   0.00000   0.01209   0.00538   0.00646   0.00414   0.00138   0.00608   0.00693   0.01061   0.02704   0.15356   0.00651   0.02527   0.02127   0.01611   0.00125   0.00840   0.00938   0.00520   0.00315   0.10466   0.20364   0.08806   0.12129   0.00726   0.10616   0.11461   3.64688   1.23866  -0.01743   0.09693  
 30 3523.8269  10671.097911  x:  0.31911   0.14186   0.09919   0.00497   0.06827   0.04607   0.05320   0.06573   0.07254   0.02134   0.00390   0.00245   0.00859   0.03142   0.01213   0.00000   0.01208   0.00544   0.00641   0.00410   0.00139   0.00605   0.00707   0.01019   0.02593   0.15562   0.01127   0.02551   0.01891   0.01573   0.00126   0.00834   0.00897   0.00519   0.00317   0.11058   0.19933   0.08496   0.11994   0.00749   0.10529   0.11323   3.74429   1.24724  -0.02376   0.09906  
 31 3286.5203  10669.649312  x:  0.30892   0.14447   0.10144   0.00505   0.06829   0.04427   0.04846   0.06693   0.07496   0.02128   0.00389   0.00244   0.00855   0.02513   0.01219   0.00000   0.01184   0.00530   0.00633   0.00409   0.00138   0.00604   0.00716   0.00993   0.02546   0.15938   0.00979   0.02682   0.02151   0.01883   0.00120   0.00836   0.00895   0.00520   0.00317   0.11294   0.19800   0.07965   0.11891   0.00765   0.10672   0.10978   3.82231   1.25366  -0.02833   0.09991  
 32 1222.9390  10668.787496  x:  0.30003   0.14755   0.10285   0.00505   0.06715   0.04706   0.04831   0.06781   0.07511   0.02159   0.00389   0.00243   0.00853   0.02409   0.01333   0.00000   0.01201   0.00528   0.00636   0.00410   0.00137   0.00602   0.00720   0.01001   0.02616   0.16298   0.00994   0.02539   0.02236   0.01469   0.00125   0.00835   0.00904   0.00518   0.00316   0.11115   0.19989   0.07500   0.11868   0.00767   0.10920   0.10616   3.86843   1.25694  -0.03047   0.09927  
 33 689.7765  10668.132471  x:  0.29131   0.15102   0.10361   0.00493   0.06591   0.04974   0.05042   0.06824   0.07429   0.02107   0.00389   0.00244   0.00873   0.02680   0.01274   0.00000   0.01212   0.00531   0.00640   0.00409   0.00138   0.00598   0.00726   0.01006   0.02692   0.16628   0.00984   0.02463   0.02126   0.01734   0.00121   0.00831   0.00908   0.00520   0.00313   0.10790   0.20329   0.07144   0.11888   0.00778   0.11160   0.10311   3.90581   1.25920  -0.03177   0.09834  
 34 733.5190  10667.865091  x:  0.28635   0.15391   0.10301   0.00493   0.06631   0.04771   0.05262   0.06783   0.07326   0.02133   0.00389   0.00244   0.00876   0.02713   0.01303   0.00000   0.01219   0.00531   0.00641   0.00410   0.00138   0.00598   0.00728   0.01012   0.02688   0.16737   0.00987   0.02747   0.02160   0.01687   0.00122   0.00832   0.00916   0.00520   0.00312   0.10555   0.20720   0.07254   0.11966   0.00769   0.11182   0.10366   3.92137   1.25939  -0.03148   0.09838  
 35 187.1283  10667.689422  x:  0.28274   0.15659   0.10222   0.00491   0.06717   0.04639   0.05303   0.06750   0.07279   0.02120   0.00390   0.00244   0.00874   0.02631   0.01288   0.00000   0.01213   0.00530   0.00640   0.00410   0.00138   0.00598   0.00728   0.01007   0.02683   0.16761   0.00984   0.02530   0.02153   0.01696   0.00121   0.00833   0.00911   0.00520   0.00312   0.10396   0.21087   0.07470   0.12041   0.00764   0.11125   0.10530   3.93135   1.25886  -0.03060   0.09887  
 36 160.0911  10667.621395  x:  0.28135   0.15800   0.10178   0.00493   0.06744   0.04798   0.05133   0.06734   0.07322   0.02130   0.00390   0.00244   0.00872   0.02660   0.01283   0.00000   0.01211   0.00531   0.00640   0.00410   0.00138   0.00599   0.00727   0.01007   0.02667   0.16704   0.00990   0.02580   0.02146   0.01699   0.00121   0.00833   0.00910   0.00521   0.00312   0.10342   0.21274   0.07584   0.12057   0.00761   0.11040   0.10656   3.93538   1.25782  -0.02934   0.09913  
 37 59.5232  10667.538556  x:  0.28131   0.15959   0.10222   0.00494   0.06544   0.04774   0.05189   0.06744   0.07474   0.02133   0.00390   0.00244   0.00870   0.02650   0.01284   0.00000   0.01210   0.00532   0.00640   0.00410   0.00138   0.00599   0.00727   0.01006   0.02637   0.16399   0.00994   0.02574   0.02151   0.01699   0.00121   0.00834   0.00910   0.00521   0.00312   0.10323   0.21438   0.07434   0.11945   0.00766   0.10877   0.10738   3.94080   1.25210  -0.02292   0.09852  
 38 21.0463  10667.323757  x:  0.28273   0.16153   0.10302   0.00491   0.06969   0.04766   0.05175   0.06713   0.07310   0.02132   0.00391   0.00245   0.00876   0.02672   0.01295   0.00000   0.01220   0.00534   0.00642   0.00412   0.00139   0.00602   0.00729   0.01012   0.02692   0.15982   0.01005   0.02580   0.02166   0.01704   0.00122   0.00836   0.00915   0.00520   0.00313   0.10367   0.21619   0.07211   0.11867   0.00768   0.10931   0.10662   3.95562   1.23298  -0.00154   0.09637  
 39 60.0951  10666.767467  x:  0.28728   0.16306   0.10407   0.00500   0.06734   0.04856   0.05227   0.06906   0.07296   0.02184   0.00397   0.00247   0.00867   0.02685   0.01272   0.00000   0.01211   0.00544   0.00643   0.00417   0.00141   0.00616   0.00731   0.01006   0.02656   0.16283   0.01024   0.02626   0.02159   0.01721   0.00124   0.00850   0.00906   0.00521   0.00320   0.10701   0.21740   0.07678   0.12272   0.00749   0.11509   0.10586   3.99395   1.18105   0.05662   0.09396  
 40 155.3874  10666.605276  x:  0.28868   0.16104   0.10353   0.00499   0.06867   0.04870   0.05283   0.06795   0.07554   0.02182   0.00398   0.00247   0.00873   0.02698   0.01294   0.00000   0.01223   0.00545   0.00646   0.00418   0.00142   0.00617   0.00736   0.01012   0.02690   0.16791   0.01016   0.02622   0.02191   0.01729   0.00124   0.00852   0.00914   0.00521   0.00320   0.10468   0.21692   0.07614   0.12299   0.00747   0.11293   0.10786   4.00518   1.16571   0.07398   0.09225  
 41 113.0481  10666.594416  x:  0.28876   0.16084   0.10412   0.00499   0.06857   0.04871   0.05276   0.06884   0.07466   0.02185   0.00398   0.00247   0.00872   0.02700   0.01291   0.00000   0.01222   0.00545   0.00646   0.00418   0.00142   0.00618   0.00735   0.01011   0.02692   0.16856   0.01016   0.02625   0.02187   0.01729   0.00124   0.00853   0.00913   0.00521   0.00320   0.10457   0.21693   0.07608   0.12241   0.00749   0.11225   0.10838   4.00583   1.16495   0.07502   0.09226  
 42 12.3405  10666.536651  x:  0.28870   0.15946   0.10458   0.00496   0.06855   0.04875   0.05281   0.06781   0.07500   0.02185   0.00398   0.00247   0.00870   0.02697   0.01289   0.00000   0.01220   0.00546   0.00645   0.00418   0.00142   0.00618   0.00735   0.01008   0.02690   0.16908   0.01014   0.02623   0.02187   0.01729   0.00124   0.00853   0.00911   0.00521   0.00319   0.10492   0.21839   0.07731   0.11858   0.00754   0.11326   0.10787   4.00726   1.16744   0.07734   0.09219  
 43  1.4254  10664.600459  x:  0.28779   0.13524   0.10382   0.00450   0.06762   0.04893   0.05223   0.06612   0.07232   0.02259   0.00393   0.00246   0.00814   0.02598   0.01184   0.00000   0.01138   0.00579   0.00633   0.00407   0.00141   0.00623   0.00732   0.00918   0.02468   0.16708   0.01032   0.02632   0.02134   0.01707   0.00117   0.00855   0.00856   0.00514   0.00287   0.10828   0.23704   0.06996   0.12482   0.00820   0.11128   0.10469   4.05190   1.26033   0.14879   0.09467  
 44 19.1621  10658.675607  x:  0.29149   0.14213   0.09108   0.00295   0.06503   0.05039   0.05302   0.05971   0.06385   0.02455   0.00375   0.00241   0.00671   0.02330   0.00919   0.00000   0.00928   0.00670   0.00606   0.00373   0.00137   0.00625   0.00731   0.00667   0.01914   0.16179   0.01087   0.02628   0.02009   0.01647   0.00094   0.00855   0.00716   0.00496   0.00181   0.07825   0.21448   0.06841   0.11690   0.01015   0.11018   0.09920   4.18215   1.53358   0.35840   0.10007  
 45 275.5931  10658.548166  x:  0.29147   0.14232   0.09619   0.00287   0.06507   0.05056   0.05311   0.05722   0.06397   0.02457   0.00375   0.00241   0.00670   0.02326   0.00919   0.00000   0.00926   0.00673   0.00606   0.00373   0.00137   0.00625   0.00732   0.00664   0.01912   0.16130   0.01086   0.02626   0.02013   0.01648   0.00093   0.00855   0.00716   0.00495   0.00179   0.07663   0.21357   0.06990   0.11812   0.01017   0.10900   0.09805   4.18520   1.53999   0.36329   0.10018  
 46 65.0258  10658.547712  x:  0.29146   0.14230   0.09629   0.00287   0.06506   0.05056   0.05312   0.05716   0.06397   0.02457   0.00375   0.00241   0.00670   0.02326   0.00919   0.00000   0.00926   0.00673   0.00606   0.00373   0.00137   0.00625   0.00733   0.00664   0.01912   0.16128   0.01086   0.02626   0.02013   0.01648   0.00093   0.00856   0.00716   0.00495   0.00179   0.07661   0.21354   0.06981   0.11813   0.01016   0.10920   0.09832   4.18524   1.54011   0.36339   0.10021  
 47  1.4878  10657.777556  x:  0.29892   0.14326   0.09590   0.00282   0.06432   0.05110   0.05301   0.05738   0.06325   0.02486   0.00373   0.00244   0.00651   0.02389   0.01059   0.00000   0.01019   0.00721   0.00624   0.00378   0.00121   0.00633   0.00733   0.00804   0.02264   0.15808   0.01110   0.02646   0.02033   0.01639   0.00096   0.00858   0.00749   0.00482   0.00148   0.07657   0.20974   0.07148   0.11814   0.01052   0.11015   0.09856   4.29856   1.92476   0.76205   0.10423  
 48  0.9644  10657.777504  x:  0.29893   0.14326   0.09590   0.00282   0.06432   0.05110   0.05301   0.05738   0.06325   0.02486   0.00373   0.00244   0.00651   0.02389   0.01059   0.00002   0.01019   0.00721   0.00624   0.00378   0.00121   0.00633   0.00733   0.00804   0.02265   0.15807   0.01110   0.02646   0.02033   0.01639   0.00096   0.00858   0.00749   0.00482   0.00148   0.07657   0.20973   0.07148   0.11814   0.01052   0.11016   0.09856   4.29863   1.92501   0.76231   0.10423  
 49 234.7965  10657.515430  x:  0.30097   0.14369   0.09692   0.00265   0.06465   0.05133   0.05316   0.05845   0.06456   0.02497   0.00376   0.00245   0.00685   0.02398   0.01001   0.00011   0.00996   0.00754   0.00618   0.00369   0.00112   0.00627   0.00746   0.00719   0.02158   0.15782   0.01118   0.02651   0.02036   0.01634   0.00098   0.00856   0.00745   0.00468   0.00122   0.08093   0.21042   0.07215   0.11866   0.01085   0.10999   0.09929   4.37648   2.37234   1.21241   0.10493  
 50  0.5551  10657.328978  x:  0.29916   0.14324   0.09646   0.00286   0.06495   0.05088   0.05274   0.05864   0.06476   0.02484   0.00378   0.00247   0.00693   0.02383   0.00988   0.00030   0.00984   0.00762   0.00621   0.00366   0.00099   0.00593   0.00754   0.00773   0.02048   0.15955   0.01102   0.02644   0.02011   0.01637   0.00112   0.00841   0.00762   0.00469   0.00157   0.07802   0.21181   0.07142   0.11837   0.01118   0.10941   0.09877   4.41008   3.01014   1.84286   0.10474  
 51  0.5528  10657.188485  x:  0.29779   0.14311   0.09606   0.00274   0.06486   0.05076   0.05292   0.05772   0.06378   0.02468   0.00375   0.00245   0.00649   0.02375   0.01017   0.00047   0.00981   0.00760   0.00613   0.00371   0.00082   0.00623   0.00744   0.00729   0.02190   0.15974   0.01088   0.02642   0.02019   0.01642   0.00118   0.00862   0.00720   0.00481   0.00141   0.07764   0.21153   0.07130   0.11815   0.01154   0.10944   0.09869   4.39208   3.70849   2.53807   0.10316  
 52  0.6087  10657.101741  x:  0.29910   0.14363   0.09652   0.00280   0.06461   0.05105   0.05318   0.05787   0.06403   0.02478   0.00375   0.00243   0.00689   0.02395   0.01006   0.00057   0.01008   0.00746   0.00624   0.00378   0.00065   0.00636   0.00736   0.00752   0.02141   0.15836   0.01105   0.02643   0.02043   0.01641   0.00127   0.00854   0.00767   0.00482   0.00143   0.07934   0.21066   0.07179   0.11834   0.01163   0.10998   0.09884   4.35387   4.37046   3.20971   0.10315  
 53  0.5990  10657.068498  x:  0.29946   0.14348   0.09661   0.00274   0.06474   0.05110   0.05301   0.05852   0.06463   0.02483   0.00375   0.00247   0.00675   0.02386   0.01009   0.00067   0.00983   0.00740   0.00622   0.00370   0.00051   0.00617   0.00748   0.00752   0.02130   0.15876   0.01107   0.02648   0.02020   0.01636   0.00131   0.00850   0.00736   0.00473   0.00142   0.07855   0.21114   0.07160   0.11838   0.01171   0.10979   0.09895   4.34228   4.93166   3.76966   0.10378  
 54  0.5071  10657.053305  x:  0.29844   0.14330   0.09631   0.00272   0.06484   0.05101   0.05296   0.05791   0.06406   0.02481   0.00376   0.00245   0.00674   0.02383   0.01003   0.00081   0.00997   0.00742   0.00616   0.00370   0.00039   0.00613   0.00747   0.00735   0.02141   0.15926   0.01106   0.02645   0.02026   0.01638   0.00134   0.00849   0.00754   0.00473   0.00144   0.07847   0.21124   0.07140   0.11825   0.01162   0.10961   0.09880   4.34355   5.46819   4.30258   0.10409  
 55  0.4248  10657.040859  x:  0.29834   0.14355   0.09644   0.00266   0.06476   0.05100   0.05308   0.05795   0.06413   0.02480   0.00376   0.00244   0.00677   0.02386   0.01007   0.00096   0.00989   0.00744   0.00618   0.00372   0.00026   0.00624   0.00738   0.00759   0.02133   0.15903   0.01107   0.02644   0.02032   0.01641   0.00134   0.00854   0.00741   0.00475   0.00142   0.07889   0.21108   0.07158   0.11835   0.01137   0.10978   0.09884   4.34876   6.13327   4.96885   0.10378  
 56  0.4497  10657.034870  x:  0.29897   0.14351   0.09652   0.00266   0.06472   0.05102   0.05306   0.05830   0.06440   0.02480   0.00375   0.00246   0.00678   0.02389   0.01010   0.00099   0.00994   0.00746   0.00622   0.00372   0.00021   0.00622   0.00745   0.00744   0.02143   0.15880   0.01105   0.02645   0.02027   0.01639   0.00133   0.00851   0.00747   0.00475   0.00146   0.07859   0.21106   0.07165   0.11842   0.01114   0.10983   0.09892   4.35173   6.55870   5.39557   0.10373  
 57  0.4365  10657.031771  x:  0.29900   0.14334   0.09641   0.00263   0.06476   0.05103   0.05299   0.05806   0.06419   0.02480   0.00375   0.00246   0.00671   0.02383   0.01001   0.00099   0.00992   0.00745   0.00618   0.00370   0.00020   0.00618   0.00746   0.00747   0.02135   0.15889   0.01105   0.02646   0.02023   0.01636   0.00129   0.00851   0.00749   0.00475   0.00143   0.07858   0.21112   0.07153   0.11837   0.01101   0.10970   0.09885   4.35151   6.89792   5.73322   0.10377  
 58  0.2605  10657.028742  x:  0.29862   0.14342   0.09639   0.00266   0.06479   0.05103   0.05300   0.05797   0.06414   0.02481   0.00376   0.00245   0.00680   0.02385   0.01013   0.00096   0.00990   0.00744   0.00618   0.00372   0.00024   0.00617   0.00743   0.00744   0.02133   0.15903   0.01106   0.02644   0.02030   0.01639   0.00123   0.00852   0.00742   0.00476   0.00144   0.07869   0.21107   0.07153   0.11837   0.01092   0.10970   0.09885   4.34852   7.21278   6.04776   0.10385  
 59  0.2025  10657.025728  x:  0.29855   0.14353   0.09648   0.00269   0.06474   0.05102   0.05304   0.05819   0.06431   0.02481   0.00376   0.00245   0.00675   0.02388   0.01003   0.00087   0.00992   0.00743   0.00620   0.00372   0.00034   0.00621   0.00742   0.00748   0.02143   0.15897   0.01106   0.02645   0.02031   0.01640   0.00116   0.00854   0.00746   0.00476   0.00142   0.07860   0.21108   0.07160   0.11841   0.01099   0.10981   0.09889   4.34671   7.42723   6.26304   0.10383  
 60  0.1757  10657.024273  x:  0.29887   0.14342   0.09645   0.00273   0.06473   0.05102   0.05302   0.05812   0.06426   0.02480   0.00375   0.00246   0.00674   0.02385   0.01009   0.00079   0.00992   0.00744   0.00620   0.00371   0.00041   0.00620   0.00745   0.00746   0.02135   0.15883   0.01106   0.02646   0.02024   0.01639   0.00115   0.00853   0.00748   0.00477   0.00142   0.07864   0.21110   0.07158   0.11838   0.01115   0.10977   0.09887   4.34922   7.51016   6.34598   0.10382  
 61  0.0734  10657.023597  x:  0.29890   0.14340   0.09643   0.00275   0.06476   0.05102   0.05300   0.05808   0.06422   0.02480   0.00375   0.00246   0.00678   0.02386   0.01003   0.00078   0.00991   0.00745   0.00619   0.00371   0.00042   0.00619   0.00745   0.00746   0.02140   0.15893   0.01105   0.02645   0.02028   0.01638   0.00116   0.00852   0.00745   0.00476   0.00143   0.07861   0.21108   0.07155   0.11835   0.01123   0.10972   0.09886   4.35080   7.69599   6.53165   0.10379  
 62  0.1459  10657.022430  x:  0.29868   0.14347   0.09644   0.00275   0.06477   0.05103   0.05300   0.05814   0.06426   0.02481   0.00376   0.00245   0.00673   0.02387   0.01008   0.00079   0.00991   0.00745   0.00619   0.00372   0.00042   0.00620   0.00742   0.00746   0.02134   0.15905   0.01105   0.02644   0.02032   0.01639   0.00118   0.00854   0.00748   0.00476   0.00142   0.07860   0.21108   0.07155   0.11835   0.01126   0.10974   0.09886   4.35078   8.43896   7.27472   0.10374  
 63  0.3339  10657.021410  x:  0.29881   0.14345   0.09645   0.00274   0.06473   0.05103   0.05302   0.05809   0.06425   0.02480   0.00375   0.00245   0.00677   0.02382   0.01006   0.00077   0.00993   0.00743   0.00620   0.00371   0.00044   0.00620   0.00745   0.00747   0.02140   0.15885   0.01105   0.02646   0.02022   0.01640   0.00118   0.00852   0.00745   0.00477   0.00142   0.07867   0.21113   0.07157   0.11838   0.01119   0.10979   0.09886   4.34892   9.45142   8.28734   0.10381  
 64  0.6280  10657.020960  x:  0.29887   0.14339   0.09643   0.00273   0.06476   0.05102   0.05302   0.05812   0.06424   0.02481   0.00375   0.00246   0.00675   0.02390   0.01006   0.00072   0.00990   0.00744   0.00619   0.00371   0.00048   0.00620   0.00744   0.00746   0.02137   0.15889   0.01106   0.02645   0.02029   0.01638   0.00118   0.00852   0.00747   0.00476   0.00142   0.07860   0.21105   0.07158   0.11836   0.01120   0.10973   0.09888   4.34957  10.22737   9.06305   0.10382  
 65  0.5847  10657.020709  x:  0.29879   0.14346   0.09645   0.00272   0.06476   0.05103   0.05301   0.05812   0.06426   0.02481   0.00376   0.00246   0.00675   0.02383   0.01007   0.00068   0.00993   0.00744   0.00619   0.00371   0.00053   0.00620   0.00744   0.00747   0.02137   0.15897   0.01105   0.02645   0.02028   0.01639   0.00119   0.00853   0.00746   0.00476   0.00143   0.07863   0.21109   0.07155   0.11836   0.01120   0.10975   0.09886   4.35010  11.16989  10.00568   0.10378  
 66  0.6519  10657.020627  x:  0.29880   0.14344   0.09644   0.00272   0.06474   0.05102   0.05301   0.05811   0.06425   0.02480   0.00375   0.00246   0.00676   0.02386   0.01006   0.00065   0.00991   0.00744   0.00620   0.00371   0.00055   0.00620   0.00744   0.00747   0.02138   0.15891   0.01105   0.02645   0.02026   0.01639   0.00119   0.00853   0.00746   0.00476   0.00142   0.07863   0.21110   0.07157   0.11837   0.01119   0.10976   0.09886   4.34979  11.75604  10.59183   0.10379  
 67  0.5546  10657.020616  x:  0.29882   0.14343   0.09644   0.00272   0.06475   0.05102   0.05302   0.05811   0.06425   0.02481   0.00375   0.00246   0.00675   0.02386   0.01006   0.00064   0.00992   0.00744   0.00619   0.00371   0.00056   0.00620   0.00744   0.00747   0.02138   0.15891   0.01105   0.02645   0.02027   0.01639   0.00119   0.00852   0.00746   0.00476   0.00142   0.07863   0.21108   0.07157   0.11837   0.01119   0.10975   0.09887   4.34978  12.00915  10.84490   0.10380  
 68  0.2806  10657.020614  x:  0.29881   0.14344   0.09644   0.00272   0.06475   0.05102   0.05301   0.05811   0.06425   0.02481   0.00376   0.00246   0.00675   0.02386   0.01006   0.00064   0.00991   0.00744   0.00619   0.00371   0.00057   0.00620   0.00744   0.00747   0.02138   0.15892   0.01105   0.02645   0.02027   0.01639   0.00119   0.00853   0.00746   0.00476   0.00142   0.07863   0.21109   0.07156   0.11837   0.01118   0.10975   0.09887   4.34982  12.15698  10.99274   0.10380  
 69  0.1141  10657.020608  x:  0.29880   0.14344   0.09644   0.00273   0.06475   0.05102   0.05301   0.05811   0.06425   0.02481   0.00376   0.00245   0.00675   0.02386   0.01006   0.00064   0.00992   0.00744   0.00619   0.00371   0.00056   0.00620   0.00744   0.00747   0.02137   0.15891   0.01105   0.02645   0.02027   0.01639   0.00119   0.00853   0.00746   0.00476   0.00142   0.07862   0.21109   0.07157   0.11837   0.01118   0.10975   0.09886   4.34983  12.46660  11.30236   0.10380  
 70  0.0786  10657.020595  x:  0.29881   0.14343   0.09644   0.00273   0.06475   0.05102   0.05302   0.05811   0.06425   0.02480   0.00375   0.00246   0.00675   0.02386   0.01006   0.00065   0.00991   0.00744   0.00619   0.00371   0.00055   0.00620   0.00744   0.00747   0.02138   0.15890   0.01105   0.02645   0.02027   0.01639   0.00119   0.00853   0.00746   0.00476   0.00142   0.07863   0.21108   0.07157   0.11837   0.01118   0.10975   0.09887   4.34980  13.19013  12.02586   0.10380  
 71  0.3313  10657.020587  x:  0.29881   0.14344   0.09644   0.00272   0.06475   0.05102   0.05301   0.05811   0.06425   0.02481   0.00376   0.00246   0.00675   0.02386   0.01006   0.00065   0.00992   0.00744   0.00619   0.00371   0.00055   0.00620   0.00744   0.00747   0.02138   0.15892   0.01105   0.02645   0.02027   0.01639   0.00119   0.00852   0.00746   0.00476   0.00142   0.07862   0.21109   0.07156   0.11837   0.01119   0.10975   0.09886   4.34982  14.02062  12.85639   0.10380  
 72  0.4652  10657.020585  x:  0.29881   0.14344   0.09644   0.00272   0.06475   0.05102   0.05301   0.05811   0.06425   0.02481   0.00376   0.00246   0.00675   0.02386   0.01006   0.00065   0.00992   0.00744   0.00619   0.00371   0.00055   0.00620   0.00744   0.00747   0.02138   0.15891   0.01105   0.02645   0.02027   0.01639   0.00119   0.00853   0.00746   0.00476   0.00142   0.07863   0.21109   0.07157   0.11837   0.01119   0.10975   0.09887   4.34978  14.50443  13.34020   0.10380  
 73  0.4276  10657.020584  x:  0.29881   0.14343   0.09644   0.00272   0.06475   0.05102   0.05301   0.05811   0.06425   0.02480   0.00376   0.00246   0.00676   0.02386   0.01006   0.00065   0.00992   0.00744   0.00619   0.00371   0.00055   0.00620   0.00744   0.00747   0.02138   0.15891   0.01105   0.02645   0.02027   0.01639   0.00119   0.00853   0.00746   0.00476   0.00142   0.07862   0.21109   0.07157   0.11837   0.01119   0.10975   0.09887   4.34978  15.37055  14.20630   0.10380  
 74  0.5462  10657.020583  x:  0.29881   0.14343   0.09644   0.00272   0.06475   0.05102   0.05301   0.05811   0.06425   0.02481   0.00376   0.00246   0.00675   0.02386   0.01006   0.00065   0.00992   0.00744   0.00619   0.00371   0.00055   0.00620   0.00744   0.00747   0.02138   0.15891   0.01105   0.02645   0.02027   0.01639   0.00119   0.00853   0.00746   0.00476   0.00142   0.07863   0.21109   0.07157   0.11837   0.01119   0.10975   0.09887   4.34980  16.11289  14.94865   0.10380  
 75  0.6561  10657.020583  x:  0.29881   0.14343   0.09644   0.00272   0.06475   0.05102   0.05301   0.05811   0.06425   0.02481   0.00376   0.00246   0.00675   0.02386   0.01006   0.00065   0.00992   0.00744   0.00619   0.00371   0.00055   0.00620   0.00744   0.00747   0.02138   0.15891   0.01105   0.02645   0.02027   0.01639   0.00119   0.00853   0.00746   0.00476   0.00142   0.07863   0.21109   0.07157   0.11837   0.01119   0.10975   0.09887   4.34979  16.23546  15.07122   0.10380  
 76  0.1169  10657.020583  x:  0.29881   0.14343   0.09644   0.00272   0.06475   0.05102   0.05301   0.05811   0.06425   0.02481   0.00376   0.00246   0.00675   0.02386   0.01006   0.00065   0.00992   0.00744   0.00619   0.00371   0.00055   0.00620   0.00744   0.00747   0.02138   0.15891   0.01105   0.02645   0.02027   0.01639   0.00119   0.00853   0.00746   0.00476   0.00142   0.07862   0.21109   0.07157   0.11837   0.01119   0.10975   0.09887   4.34979  16.58817  15.42393   0.10380  
 77  0.7225  10657.020582  x:  0.29881   0.14343   0.09644   0.00272   0.06475   0.05102   0.05301   0.05811   0.06425   0.02481   0.00376   0.00246   0.00675   0.02386   0.01006   0.00065   0.00992   0.00744   0.00619   0.00371   0.00055   0.00620   0.00744   0.00747   0.02138   0.15891   0.01105   0.02645   0.02027   0.01639   0.00119   0.00853   0.00746   0.00476   0.00142   0.07863   0.21109   0.07157   0.11837   0.01119   0.10975   0.09887   4.34979  16.47387  15.30963   0.10380  
 78  0.2005  10657.020582  x:  0.29881   0.14343   0.09644   0.00272   0.06475   0.05102   0.05301   0.05811   0.06425   0.02481   0.00376   0.00246   0.00675   0.02386   0.01006   0.00065   0.00992   0.00744   0.00619   0.00371   0.00055   0.00620   0.00744   0.00747   0.02138   0.15891   0.01105   0.02645   0.02027   0.01639   0.00119   0.00853   0.00746   0.00476   0.00142   0.07863   0.21109   0.07157   0.11837   0.01119   0.10975   0.09887   4.34980  16.62014  15.45590   0.10380  
 79  0.1323  10657.020582  x:  0.29881   0.14343   0.09644   0.00272   0.06475   0.05102   0.05301   0.05811   0.06425   0.02481   0.00376   0.00246   0.00675   0.02386   0.01006   0.00065   0.00992   0.00744   0.00619   0.00371   0.00055   0.00620   0.00744   0.00747   0.02138   0.15891   0.01105   0.02645   0.02027   0.01639   0.00119   0.00853   0.00746   0.00476   0.00142   0.07863   0.21109   0.07157   0.11837   0.01119   0.10975   0.09887   4.34981  17.57626  16.41202   0.10380  
 80  0.1690  10657.020582  x:  0.29881   0.14343   0.09644   0.00272   0.06475   0.05102   0.05301   0.05811   0.06425   0.02481   0.00376   0.00246   0.00675   0.02386   0.01006   0.00065   0.00992   0.00744   0.00619   0.00371   0.00055   0.00620   0.00744   0.00747   0.02138   0.15891   0.01105   0.02645   0.02027   0.01639   0.00119   0.00853   0.00746   0.00476   0.00142   0.07863   0.21109   0.07157   0.11837   0.01119   0.10975   0.09887   4.34979  17.71411  16.54986   0.10380  
 81  0.1468  10657.020582  x:  0.29881   0.14343   0.09644   0.00272   0.06475   0.05102   0.05301   0.05811   0.06425   0.02481   0.00376   0.00246   0.00675   0.02386   0.01006   0.00065   0.00992   0.00744   0.00619   0.00371   0.00055   0.00620   0.00744   0.00747   0.02138   0.15891   0.01105   0.02645   0.02027   0.01639   0.00119   0.00853   0.00746   0.00476   0.00142   0.07863   0.21109   0.07157   0.11837   0.01119   0.10975   0.09887   4.34979  17.71488  16.55064   0.10380  
 82 157746.7605  10657.020582  x:  0.29881   0.14343   0.09644   0.00272   0.06475   0.05102   0.05301   0.05811   0.06425   0.02481   0.00376   0.00246   0.00675   0.02386   0.01006   0.00065   0.00992   0.00744   0.00619   0.00371   0.00055   0.00620   0.00744   0.00747   0.02138   0.15891   0.01105   0.02645   0.02027   0.01639   0.00119   0.00853   0.00746   0.00476   0.00142   0.07863   0.21109   0.07157   0.11837   0.01119   0.10975   0.09887   4.34979  17.71411  16.54986   0.10380  
 83  0.0010  10657.020582  x:  0.29881   0.14343   0.09644   0.00272   0.06475   0.05102   0.05301   0.05811   0.06425   0.02481   0.00376   0.00246   0.00675   0.02386   0.01006   0.00065   0.00992   0.00744   0.00619   0.00371   0.00055   0.00620   0.00744   0.00747   0.02138   0.15891   0.01105   0.02645   0.02027   0.01639   0.00119   0.00853   0.00746   0.00476   0.00142   0.07863   0.21109   0.07157   0.11837   0.01119   0.10975   0.09887   4.34979  17.71405  16.54981   0.10380  