

TREE # 1

  0  0.0000  13452.201895  x:  0.36826   0.07062   0.00720   0.13921   0.12976   0.10564   0.17512   0.07302   0.07041   0.01860   0.03711   0.00956   0.01947   0.01673   0.00903   0.01422   0.02413   0.01472   0.01167   0.01334   0.06697   0.30034   0.00000   0.03920   0.06707   0.03865   0.03363   0.00938   0.02524   0.01451   0.00507   0.01040   0.12469   0.00873   0.10201   0.08664   0.06768   3.00000   1.39835   0.16116   0.29812  
  1 99.0000  13420.162679  x:  0.36973   0.07630   0.01335   0.14183   0.12998   0.10642   0.17848   0.07609   0.07061   0.02345   0.03601   0.01110   0.02059   0.01778   0.00498   0.00690   0.02118   0.01388   0.00625   0.01006   0.06664   0.30210   0.00595   0.04131   0.06824   0.03817   0.03227   0.00895   0.02099   0.01575   0.00000   0.00891   0.12721   0.01353   0.10247   0.08801   0.06956   3.00103   1.39916   0.16035   0.28539  
  2 1984.9239  13400.364118  x:  0.37099   0.08116   0.01858   0.14407   0.13018   0.10708   0.18136   0.07871   0.07079   0.02757   0.03506   0.01239   0.02155   0.01868   0.00158   0.00064   0.01867   0.01317   0.00167   0.00728   0.06635   0.30360   0.01087   0.04312   0.06925   0.03777   0.03111   0.00858   0.01736   0.01682   0.00057   0.00770   0.12937   0.01760   0.10287   0.08917   0.07116   3.00192   1.39985   0.15966   0.27446  
  3 31908.9213  13392.648678  x:  0.37152   0.08307   0.02022   0.14497   0.13023   0.10732   0.18253   0.07976   0.07084   0.02889   0.03468   0.01274   0.02192   0.01896   0.00290   0.00000   0.01784   0.01303   0.00266   0.00674   0.06615   0.30423   0.01171   0.04379   0.06965   0.03762   0.03069   0.00854   0.01608   0.01713   0.00064   0.00754   0.13024   0.01877   0.10302   0.08964   0.07176   3.00230   1.40015   0.15937   0.26980  
  4 4468.7000  13352.024446  x:  0.37623   0.10008   0.03501   0.15299   0.13077   0.10940   0.19299   0.08903   0.07133   0.04071   0.03127   0.01597   0.02524   0.02150   0.01214   0.00190   0.01038   0.01178   0.00900   0.00167   0.06441   0.30979   0.01979   0.04979   0.07319   0.03633   0.02694   0.00811   0.00466   0.01991   0.00139   0.00595   0.13799   0.02939   0.10438   0.09376   0.07705   3.00566   1.40278   0.15675   0.22854  
  5 77567.9175  13320.454903  x:  0.38148   0.11799   0.04888   0.16161   0.13128   0.11144   0.20433   0.09880   0.07178   0.05152   0.02790   0.01837   0.02816   0.02347   0.01758   0.00290   0.00582   0.01142   0.01231   0.01552   0.06231   0.31596   0.02520   0.05583   0.07692   0.03519   0.02349   0.00843   0.00129   0.02220   0.00189   0.00652   0.14630   0.03874   0.10583   0.09815   0.08238   3.00944   1.40570   0.15383   0.18255  
  6 10791.3867  13290.951125  x:  0.38720   0.13720   0.06349   0.17090   0.13185   0.11359   0.21659   0.10925   0.07224   0.06281   0.02446   0.02073   0.03114   0.02543   0.02330   0.00393   0.00353   0.01127   0.01574   0.02324   0.06004   0.32269   0.03057   0.06223   0.08090   0.03404   0.02011   0.00894   0.01073   0.02455   0.00239   0.00715   0.15525   0.04845   0.10739   0.10285   0.08804   3.01357   1.40888   0.15067   0.13277  
  7 26404.6667  13276.549662  x:  0.39031   0.14632   0.06899   0.17550   0.13213   0.11444   0.22278   0.11415   0.07240   0.06664   0.02359   0.02087   0.03187   0.02556   0.02467   0.00413   0.01447   0.01234   0.01640   0.02454   0.05882   0.32632   0.03052   0.06490   0.08271   0.03381   0.01994   0.00957   0.01098   0.02475   0.00249   0.00831   0.15966   0.05141   0.10813   0.10509   0.09039   3.01585   1.41050   0.14905   0.10831  
  8 6761.9613  13257.466768  x:  0.39708   0.15847   0.06688   0.18271   0.13250   0.11433   0.23354   0.12001   0.07202   0.06163   0.02763   0.01497   0.02806   0.02068   0.01987   0.00332   0.00957   0.01521   0.01277   0.01948   0.05662   0.33397   0.01303   0.06602   0.08439   0.03534   0.02810   0.01171   0.00849   0.01941   0.00188   0.01178   0.16646   0.04447   0.10899   0.10786   0.09121   3.02106   1.41311   0.14646   0.08087  
  9 1322.7541  13249.592230  x:  0.40314   0.17009   0.06699   0.18900   0.13242   0.11412   0.24334   0.12526   0.07147   0.05942   0.02689   0.01457   0.02727   0.02085   0.01748   0.00306   0.00964   0.01192   0.01211   0.01874   0.05555   0.34071   0.00209   0.06713   0.08541   0.03472   0.02384   0.00759   0.00824   0.01967   0.00167   0.00518   0.17240   0.04044   0.10923   0.10983   0.09216   3.02617   1.41507   0.14451   0.07922  
 10 770.9609  13246.429883  x:  0.40577   0.17512   0.06713   0.19166   0.13234   0.11400   0.24758   0.12743   0.07121   0.05867   0.02651   0.01478   0.02716   0.02113   0.01671   0.00298   0.00962   0.01148   0.01210   0.01838   0.05552   0.34366   0.00000   0.06758   0.08579   0.03441   0.02234   0.00771   0.00815   0.01998   0.00159   0.00717   0.17490   0.03885   0.10927   0.11060   0.09257   3.02850   1.41592   0.14367   0.08035  
 11 1359.8052  13226.992379  x:  0.43625   0.22903   0.05996   0.22087   0.13130   0.11155   0.29507   0.14977   0.06813   0.04266   0.02736   0.01206   0.02315   0.01966   0.01133   0.00282   0.01013   0.01509   0.01645   0.01786   0.05777   0.37811   0.00685   0.07046   0.08912   0.03311   0.01915   0.01477   0.00825   0.01830   0.00159   0.00792   0.20221   0.01272   0.10965   0.11841   0.09512   3.05593   1.42567   0.13400   0.09252  
 12 2317.6048  13222.511420  x:  0.44548   0.24223   0.05462   0.22750   0.13145   0.11091   0.30796   0.15310   0.06828   0.04020   0.03036   0.01726   0.02709   0.02183   0.01366   0.00290   0.01067   0.01428   0.01464   0.01857   0.06028   0.38861   0.00757   0.07014   0.08908   0.03509   0.03025   0.00883   0.00869   0.02044   0.00159   0.00917   0.20835   0.01255   0.11032   0.11950   0.09683   3.06651   1.42892   0.13078   0.09668  
 13 764.0395  13219.656015  x:  0.45432   0.24923   0.04451   0.23007   0.13279   0.11114   0.31767   0.15033   0.06997   0.04226   0.03061   0.01501   0.03003   0.02243   0.01712   0.00296   0.01090   0.01535   0.01111   0.01891   0.06480   0.39878   0.00566   0.06772   0.08784   0.03854   0.03178   0.01436   0.00883   0.02070   0.00156   0.00719   0.21053   0.02226   0.11188   0.11859   0.09924   3.08084   1.43238   0.12735   0.09938  
 14 385.1302  13216.836503  x:  0.46374   0.25278   0.03181   0.23054   0.13519   0.11254   0.32623   0.14376   0.07252   0.04454   0.03034   0.01261   0.02903   0.02091   0.01755   0.00296   0.01076   0.01511   0.01066   0.01865   0.06905   0.40964   0.00786   0.06448   0.08598   0.04072   0.02735   0.00882   0.00875   0.01925   0.00157   0.00947   0.21038   0.02789   0.11363   0.11670   0.10024   3.09922   1.43628   0.12351   0.09847  
 15 532.4563  13214.441468  x:  0.47378   0.25334   0.02260   0.22909   0.13881   0.11632   0.33385   0.13379   0.07543   0.04733   0.03003   0.02066   0.02699   0.02212   0.01427   0.00284   0.01053   0.01320   0.01344   0.01821   0.07006   0.42102   0.00825   0.06164   0.08431   0.03954   0.02498   0.01109   0.00849   0.02147   0.00155   0.00941   0.20798   0.02817   0.11494   0.11429   0.09935   3.12345   1.44089   0.11898   0.09610  
 16 489.8759  13210.279789  x:  0.49165   0.25116   0.02550   0.22468   0.14646   0.12724   0.34580   0.11447   0.07955   0.05385   0.02399   0.01809   0.02954   0.02551   0.01248   0.00280   0.01019   0.01957   0.01511   0.01823   0.06556   0.44054   0.00722   0.06043   0.08379   0.03383   0.02770   0.00997   0.00850   0.02365   0.00155   0.00875   0.20176   0.02514   0.11588   0.11111   0.09670   3.17657   1.45009   0.10993   0.09681  
 17 491.2830  13206.648133  x:  0.50584   0.24730   0.03298   0.22037   0.15152   0.13526   0.35436   0.10072   0.08159   0.05671   0.02867   0.01496   0.03097   0.02332   0.01522   0.00297   0.01083   0.01191   0.01349   0.01889   0.06113   0.45537   0.00819   0.06129   0.08519   0.03354   0.02839   0.01143   0.00877   0.02109   0.00161   0.00941   0.19692   0.02267   0.11596   0.11002   0.09512   3.22605   1.45818   0.10199   0.09800  
 18 902.7644  13203.906341  x:  0.51604   0.24077   0.04051   0.21605   0.15228   0.13762   0.35892   0.09605   0.08084   0.05426   0.03420   0.01950   0.02884   0.02017   0.01820   0.00305   0.01075   0.01760   0.01121   0.01926   0.05947   0.46473   0.00759   0.06399   0.08781   0.03918   0.02473   0.01051   0.00892   0.01998   0.00164   0.00896   0.19473   0.02370   0.11517   0.11166   0.09575   3.27519   1.46545   0.09487   0.09908  
 19 629.6497  13194.933401  x:  0.54194   0.21255   0.05375   0.20240   0.14601   0.13183   0.36545   0.10068   0.07343   0.03742   0.02568   0.01814   0.02076   0.02664   0.01664   0.00312   0.01071   0.01360   0.01364   0.01919   0.06430   0.48462   0.00853   0.07165   0.09332   0.05070   0.02504   0.01020   0.00874   0.02599   0.00168   0.00989   0.19357   0.02917   0.11178   0.12045   0.10067   3.44123   1.48807   0.07277   0.09755  
 20 886.2001  13184.462081  x:  0.56884   0.17659   0.06044   0.19026   0.13424   0.11626   0.36802   0.11954   0.06372   0.03513   0.02590   0.02012   0.04026   0.02169   0.01024   0.00293   0.01031   0.01347   0.01950   0.01871   0.07282   0.50074   0.00793   0.07673   0.09239   0.04073   0.02183   0.01051   0.00853   0.02007   0.00172   0.00963   0.19702   0.02924   0.10799   0.12892   0.10476   3.66268   1.51633   0.04521   0.09568  
 21 1616.5990  13175.358492  x:  0.58350   0.15488   0.06102   0.18975   0.12636   0.10261   0.36526   0.14009   0.06181   0.05313   0.03044   0.01886   0.02749   0.02127   0.01681   0.00313   0.01057   0.01434   0.01366   0.01933   0.07302   0.50372   0.00714   0.07723   0.08722   0.02640   0.02429   0.01033   0.00877   0.02237   0.00171   0.00917   0.20255   0.02507   0.10668   0.13003   0.10456   3.84789   1.53801   0.02413   0.09729  
 22 1563.3967  13165.940256  x:  0.58598   0.14889   0.05710   0.20412   0.12688   0.09767   0.35324   0.15997   0.07072   0.07026   0.02321   0.02001   0.02947   0.02439   0.01730   0.00309   0.01053   0.01340   0.01262   0.01922   0.05802   0.48865   0.00803   0.07033   0.08150   0.04619   0.02510   0.01102   0.00877   0.01586   0.00171   0.00918   0.20791   0.01592   0.10891   0.11902   0.09751   4.06061   1.55944   0.00341   0.09868  
 23 1093.7165  13158.045843  x:  0.58012   0.15634   0.05376   0.22114   0.13220   0.10296   0.33862   0.17106   0.07807   0.06728   0.03108   0.01370   0.03332   0.01929   0.01309   0.00302   0.01031   0.01417   0.01662   0.01891   0.04799   0.46552   0.00924   0.06039   0.07885   0.05022   0.02360   0.01069   0.00855   0.03290   0.00166   0.00963   0.21053   0.01793   0.11239   0.10753   0.09288   4.25529   1.57695  -0.01344   0.09868  
 24 1666.3254  13143.025849  x:  0.55951   0.18671   0.05118   0.24975   0.14450   0.12176   0.31162   0.17678   0.08751   0.04559   0.03270   0.01708   0.02867   0.02572   0.01427   0.00304   0.01028   0.01468   0.01538   0.01888   0.05075   0.41681   0.00987   0.04618   0.08039   0.03380   0.02313   0.00991   0.00865   0.01868   0.00169   0.00970   0.21081   0.02941   0.11813   0.09434   0.08979   4.58224   1.60324  -0.03858   0.09932  
 25 2022.1450  13137.598410  x:  0.54558   0.20543   0.04720   0.25504   0.14561   0.12577   0.30273   0.16957   0.08691   0.04583   0.02487   0.01932   0.02838   0.01478   0.01673   0.00302   0.01038   0.01341   0.01237   0.01872   0.06110   0.39751   0.00896   0.05144   0.08382   0.03302   0.02516   0.01036   0.00859   0.02042   0.00162   0.00927   0.20806   0.02533   0.11748   0.09992   0.09029   4.69759   1.61044  -0.04535   0.09976  
 26 1152.8015  13132.149774  x:  0.52440   0.23117   0.03851   0.25634   0.14316   0.12600   0.29374   0.15522   0.08089   0.05008   0.02980   0.01613   0.03139   0.02298   0.01712   0.00292   0.01016   0.01443   0.01055   0.01819   0.07167   0.37549   0.00804   0.06192   0.08750   0.03573   0.02339   0.01067   0.00836   0.02263   0.00153   0.00882   0.20359   0.01596   0.11422   0.11188   0.09275   4.82978   1.61700  -0.05139   0.09863  
 27 1599.3649  13128.926393  x:  0.50579   0.25086   0.03433   0.25156   0.13771   0.12025   0.29225   0.14401   0.07097   0.05373   0.03119   0.01499   0.02806   0.02126   0.01120   0.00286   0.01038   0.01465   0.01666   0.01834   0.06248   0.36650   0.00794   0.06688   0.08521   0.03589   0.02675   0.01029   0.00854   0.01896   0.00157   0.00850   0.20258   0.02024   0.10995   0.11844   0.09852   4.90592   1.61826  -0.05233   0.10060  
 28 665.4531  13127.223223  x:  0.49119   0.26153   0.03107   0.24481   0.13341   0.11406   0.29360   0.13754   0.06536   0.04984   0.02852   0.01584   0.02984   0.02117   0.01516   0.00285   0.01018   0.01436   0.01199   0.01796   0.05396   0.36538   0.00901   0.06580   0.08102   0.03394   0.02520   0.01044   0.00835   0.01993   0.00151   0.00891   0.20319   0.01895   0.10683   0.11782   0.09982   4.94613   1.61705  -0.05092   0.09895  
 29 450.6203  13125.268285  x:  0.46120   0.27533   0.03687   0.22853   0.12894   0.10488   0.30107   0.13364   0.07027   0.04882   0.02947   0.01522   0.02883   0.02083   0.01427   0.00286   0.01021   0.01459   0.01305   0.01809   0.06000   0.37304   0.00797   0.06093   0.07619   0.03541   0.02569   0.01048   0.00840   0.01988   0.00152   0.00848   0.20773   0.01748   0.10432   0.10639   0.09597   4.99450   1.61117  -0.04472   0.09789  
 30 209.7381  13124.522806  x:  0.44273   0.27636   0.03401   0.22186   0.13196   0.10639   0.30669   0.13702   0.07403   0.04920   0.02960   0.01509   0.02915   0.02091   0.01430   0.00285   0.01024   0.01468   0.01288   0.01805   0.05765   0.38079   0.00816   0.06029   0.08435   0.03443   0.02596   0.01047   0.00841   0.01978   0.00151   0.00857   0.21008   0.01774   0.11052   0.10944   0.09410   5.01452   1.60530  -0.03864   0.09840  
 31 109.2606  13124.076610  x:  0.42962   0.27322   0.03272   0.22302   0.13705   0.11381   0.31228   0.14090   0.07122   0.04969   0.02980   0.01517   0.02905   0.02095   0.01448   0.00285   0.01028   0.01468   0.01270   0.01809   0.05860   0.38749   0.00810   0.06088   0.07933   0.03541   0.02603   0.01054   0.00843   0.01981   0.00151   0.00859   0.21024   0.01739   0.11035   0.11271   0.09583   5.02708   1.59779  -0.03091   0.09842  
 32 75.3668  13123.833529  x:  0.42465   0.26945   0.03132   0.22898   0.13643   0.11527   0.31719   0.14098   0.07146   0.04963   0.02979   0.01520   0.02926   0.02103   0.01448   0.00285   0.01029   0.01468   0.01265   0.01807   0.05858   0.39069   0.00812   0.06432   0.08195   0.03490   0.02607   0.01054   0.00843   0.01981   0.00150   0.00863   0.20837   0.01781   0.10597   0.10987   0.09741   5.03476   1.58895  -0.02182   0.09807  
 33 46.2923  13123.487647  x:  0.42371   0.26476   0.03335   0.23827   0.13260   0.11342   0.32492   0.13804   0.07027   0.04979   0.02978   0.01540   0.02932   0.02112   0.01445   0.00287   0.01033   0.01475   0.01292   0.01818   0.06000   0.39240   0.00802   0.06109   0.08297   0.03525   0.02613   0.01054   0.00847   0.02003   0.00152   0.00865   0.20493   0.01808   0.11022   0.11165   0.09674   5.04675   1.57006  -0.00241   0.09720  
 34 54.1805  13123.152325  x:  0.42922   0.26292   0.03354   0.23924   0.13329   0.11249   0.32993   0.13776   0.07623   0.04842   0.03012   0.01544   0.02958   0.02126   0.01451   0.00288   0.01040   0.01489   0.01301   0.01828   0.05935   0.39140   0.00812   0.06454   0.07984   0.03491   0.02619   0.01067   0.00853   0.02003   0.00153   0.00874   0.20523   0.01887   0.11233   0.11465   0.09658   5.05908   1.54756   0.02074   0.09652  
 35 72.1093  13122.394883  x:  0.44730   0.26235   0.03290   0.23308   0.14028   0.11566   0.33627   0.14081   0.07506   0.05009   0.03054   0.01555   0.02979   0.02143   0.01477   0.00291   0.01057   0.01513   0.01305   0.01854   0.06035   0.38872   0.00810   0.06176   0.08363   0.03596   0.02680   0.01081   0.00867   0.02036   0.00154   0.00884   0.21040   0.01855   0.11011   0.11502   0.09846   5.08696   1.49437   0.07554   0.09472  
 36 154.0437  13122.254048  x:  0.45079   0.26398   0.03241   0.23298   0.13805   0.11807   0.33064   0.14150   0.07304   0.05018   0.03065   0.01553   0.02978   0.02148   0.01481   0.00292   0.01061   0.01517   0.01302   0.01858   0.06066   0.39346   0.00800   0.06480   0.08355   0.03610   0.02694   0.01087   0.00869   0.02035   0.00154   0.00883   0.21167   0.01835   0.11395   0.11226   0.09871   5.09209   1.48474   0.08562   0.09448  
 37 34.7748  13122.140966  x:  0.45291   0.26603   0.03274   0.23509   0.13786   0.11752   0.32194   0.14139   0.07444   0.05008   0.03073   0.01555   0.02983   0.02151   0.01481   0.00293   0.01064   0.01521   0.01311   0.01863   0.06076   0.40083   0.00792   0.06347   0.08382   0.03609   0.02698   0.01088   0.00872   0.02037   0.00154   0.00884   0.21233   0.01862   0.11185   0.11482   0.09823   5.09600   1.47804   0.09286   0.09425  
 38 27.1573  13122.098383  x:  0.45310   0.26620   0.03313   0.23579   0.14066   0.11517   0.32053   0.14114   0.07432   0.04992   0.03075   0.01556   0.02985   0.02151   0.01479   0.00292   0.01064   0.01523   0.01312   0.01863   0.06095   0.40205   0.00788   0.06371   0.08389   0.03605   0.02698   0.01091   0.00872   0.02041   0.00154   0.00882   0.21171   0.01803   0.11283   0.11425   0.10058   5.09708   1.47761   0.09374   0.09426  
 39  6.0181  13120.991075  x:  0.45604   0.26703   0.03130   0.23530   0.14940   0.10878   0.32108   0.14472   0.06757   0.04801   0.03103   0.01511   0.02919   0.02137   0.01457   0.00289   0.01064   0.01521   0.01297   0.01839   0.06142   0.40511   0.00747   0.06836   0.08320   0.03558   0.02731   0.01076   0.00865   0.01985   0.00154   0.00860   0.19979   0.02079   0.11235   0.11290   0.08606   5.11989   1.48963   0.09578   0.09414  
 40  3.6679  13111.916755  x:  0.47459   0.25907   0.01863   0.21902   0.13817   0.11695   0.32865   0.15753   0.07438   0.03867   0.03269   0.01136   0.02575   0.01944   0.01290   0.00242   0.01028   0.01560   0.00978   0.01559   0.06066   0.41637   0.00453   0.05632   0.08120   0.03482   0.02994   0.01069   0.00779   0.01770   0.00134   0.00673   0.14598   0.01125   0.10928   0.11211   0.09728   5.29724   1.58965   0.10630   0.09548  
 41 104.0294  13101.988348  x:  0.48639   0.21997   0.00689   0.22240   0.14148   0.11990   0.33344   0.11992   0.07000   0.02751   0.03351   0.00834   0.02253   0.01818   0.01087   0.00194   0.00991   0.01562   0.00716   0.01264   0.06356   0.42186   0.00178   0.05604   0.08046   0.03332   0.03182   0.01035   0.00681   0.01588   0.00116   0.00503   0.19240   0.00605   0.10803   0.11278   0.09229   5.49526   1.70385   0.11593   0.09674  
 42 273.7689  13091.546212  x:  0.51011   0.16973   0.02393   0.21309   0.13992   0.11767   0.33259   0.09773   0.07015   0.02726   0.03145   0.01289   0.02016   0.01827   0.00509   0.00140   0.01199   0.01370   0.00709   0.01033   0.06395   0.43480   0.00107   0.05341   0.07940   0.03595   0.03081   0.00915   0.00697   0.01677   0.00087   0.00806   0.20544   0.01305   0.10654   0.11037   0.08901   5.86303   1.89711   0.23887   0.10190  
 43  0.6321  13088.939327  x:  0.51204   0.16768   0.01946   0.20829   0.14001   0.11893   0.32731   0.10686   0.07201   0.03459   0.03016   0.01349   0.02300   0.01867   0.00663   0.00132   0.01354   0.01314   0.00393   0.01007   0.06288   0.43457   0.00206   0.05335   0.07891   0.03757   0.02898   0.00885   0.00770   0.01768   0.00081   0.00944   0.20246   0.01223   0.10705   0.10887   0.08928   6.04241   2.00184   0.35699   0.10343  
 44  0.4084  13088.047854  x:  0.51032   0.17058   0.01731   0.20639   0.13989   0.11904   0.32298   0.11205   0.07274   0.03625   0.03013   0.01305   0.02450   0.01875   0.00450   0.00129   0.01440   0.01321   0.00594   0.01007   0.06223   0.43231   0.00210   0.05351   0.07860   0.03781   0.02836   0.00896   0.00824   0.01799   0.00086   0.00967   0.19909   0.01161   0.10723   0.10796   0.08950   6.13841   2.07270   0.43654   0.10372  
 45  0.4762  13087.002304  x:  0.50498   0.17779   0.01978   0.20613   0.13878   0.11680   0.31501   0.11682   0.07292   0.03162   0.03089   0.01208   0.02429   0.01892   0.00578   0.00140   0.01610   0.01392   0.00552   0.01045   0.06222   0.42575   0.00133   0.05397   0.07844   0.03708   0.02781   0.00965   0.00957   0.01733   0.00103   0.00950   0.19285   0.01181   0.10710   0.10654   0.08963   6.31497   2.24989   0.62052   0.10331  
 46  0.3949  13086.411963  x:  0.50467   0.17429   0.01809   0.21135   0.13832   0.11618   0.32094   0.10951   0.07169   0.03272   0.03110   0.01232   0.02217   0.01874   0.00506   0.00132   0.01721   0.01380   0.00507   0.00972   0.06131   0.42438   0.00189   0.05447   0.07863   0.03639   0.02772   0.00948   0.01068   0.01670   0.00111   0.00946   0.19476   0.01058   0.10612   0.10818   0.08989   6.43525   2.51001   0.85773   0.10178  
 47  0.2758  13086.060461  x:  0.51058   0.17336   0.01783   0.21089   0.13961   0.11835   0.32843   0.11053   0.07166   0.03206   0.03107   0.01216   0.02418   0.01879   0.00508   0.00136   0.01776   0.01387   0.00511   0.00939   0.06215   0.43021   0.00178   0.05387   0.07901   0.03650   0.02864   0.00935   0.01189   0.01760   0.00127   0.00878   0.19982   0.01240   0.10654   0.10897   0.08985   6.43425   2.79627   1.14028   0.10068  
 48  0.2451  13085.825805  x:  0.51230   0.17818   0.01958   0.20917   0.14001   0.11836   0.32657   0.11371   0.07255   0.03323   0.03093   0.01270   0.02326   0.01870   0.00514   0.00139   0.01780   0.01377   0.00517   0.00901   0.06248   0.43236   0.00159   0.05406   0.07893   0.03676   0.02907   0.00934   0.01290   0.01692   0.00144   0.00834   0.20093   0.01058   0.10735   0.10821   0.09020   6.38230   3.08208   1.43800   0.10058  
 49  0.2794  13085.636870  x:  0.51009   0.17852   0.01828   0.20995   0.13977   0.11783   0.32226   0.11353   0.07275   0.03220   0.03084   0.01218   0.02290   0.01884   0.00510   0.00141   0.01747   0.01363   0.00508   0.00836   0.06232   0.43067   0.00216   0.05465   0.07884   0.03683   0.02865   0.00933   0.01375   0.01685   0.00162   0.00881   0.19795   0.01169   0.10742   0.10777   0.09006   6.31902   3.40017   1.76730   0.10120  
 50  0.3409  13085.567481  x:  0.50790   0.17511   0.01831   0.21053   0.13931   0.11752   0.32176   0.11117   0.07239   0.03271   0.03089   0.01225   0.02351   0.01875   0.00505   0.00141   0.01719   0.01387   0.00503   0.00821   0.06241   0.42877   0.00168   0.05441   0.07883   0.03684   0.02856   0.00947   0.01408   0.01698   0.00170   0.00878   0.19671   0.01140   0.10695   0.10813   0.08993   6.29270   3.56541   1.93077   0.10163  
 51  0.2507  13085.533374  x:  0.50615   0.17438   0.01883   0.20915   0.13910   0.11766   0.32327   0.11143   0.07195   0.03256   0.03109   0.01250   0.02334   0.01881   0.00516   0.00145   0.01688   0.01375   0.00517   0.00855   0.06207   0.42734   0.00178   0.05375   0.07877   0.03656   0.02847   0.00932   0.01432   0.01706   0.00180   0.00890   0.19734   0.01143   0.10665   0.10842   0.08993   6.28183   3.72303   2.08105   0.10191  
 52  0.1271  13085.506256  x:  0.50602   0.17506   0.01878   0.20854   0.13912   0.11761   0.32253   0.11213   0.07198   0.03239   0.03106   0.01244   0.02320   0.01883   0.00481   0.00142   0.01658   0.01373   0.00492   0.00862   0.06199   0.42702   0.00161   0.05393   0.07864   0.03639   0.02852   0.00933   0.01443   0.01698   0.00186   0.00896   0.19724   0.01161   0.10678   0.10805   0.08973   6.29588   3.91076   2.26292   0.10177  
 53  0.1714  13085.481624  x:  0.50780   0.17597   0.01865   0.21022   0.13939   0.11752   0.32217   0.11146   0.07234   0.03269   0.03092   0.01222   0.02340   0.01880   0.00493   0.00145   0.01630   0.01378   0.00493   0.00894   0.06219   0.42830   0.00173   0.05457   0.07876   0.03658   0.02852   0.00939   0.01447   0.01694   0.00196   0.00904   0.19775   0.01146   0.10711   0.10803   0.08985   6.31055   4.10459   2.46191   0.10150  
 54  0.1944  13085.458464  x:  0.50899   0.17498   0.01812   0.21039   0.13931   0.11780   0.32365   0.11229   0.07247   0.03238   0.03091   0.01256   0.02328   0.01872   0.00492   0.00145   0.01615   0.01384   0.00488   0.00892   0.06223   0.42963   0.00174   0.05379   0.07888   0.03692   0.02844   0.00940   0.01424   0.01708   0.00206   0.00886   0.19705   0.01129   0.10675   0.10831   0.09014   6.32623   4.33173   2.69555   0.10144  
 55  0.1331  13085.427839  x:  0.50861   0.17524   0.01874   0.20891   0.13925   0.11771   0.32402   0.11149   0.07199   0.03264   0.03098   0.01211   0.02329   0.01882   0.00490   0.00147   0.01613   0.01379   0.00498   0.00872   0.06226   0.42939   0.00172   0.05387   0.07882   0.03680   0.02839   0.00934   0.01377   0.01688   0.00222   0.00862   0.19746   0.01146   0.10666   0.10834   0.08992   6.33096   4.68404   3.04539   0.10162  
 56  0.2026  13085.411399  x:  0.50754   0.17577   0.01869   0.20978   0.13931   0.11763   0.32246   0.11178   0.07211   0.03250   0.03099   0.01243   0.02342   0.01882   0.00493   0.00148   0.01625   0.01379   0.00497   0.00858   0.06217   0.42819   0.00178   0.05452   0.07878   0.03655   0.02846   0.00942   0.01352   0.01704   0.00232   0.00868   0.19760   0.01141   0.10702   0.10811   0.08982   6.32486   4.92945   3.28681   0.10165  
 57  0.2262  13085.404742  x:  0.50743   0.17565   0.01851   0.21011   0.13925   0.11758   0.32268   0.11203   0.07238   0.03276   0.03100   0.01233   0.02323   0.01879   0.00497   0.00148   0.01644   0.01380   0.00494   0.00863   0.06216   0.42818   0.00171   0.05410   0.07879   0.03663   0.02853   0.00937   0.01351   0.01703   0.00239   0.00881   0.19736   0.01158   0.10688   0.10817   0.09000   6.31966   5.08524   3.44280   0.10162  
 58  0.1345  13085.401923  x:  0.50769   0.17573   0.01866   0.20987   0.13926   0.11759   0.32315   0.11183   0.07231   0.03259   0.03097   0.01234   0.02338   0.01879   0.00491   0.00148   0.01657   0.01377   0.00491   0.00866   0.06217   0.42847   0.00173   0.05404   0.07881   0.03666   0.02849   0.00935   0.01351   0.01700   0.00242   0.00889   0.19736   0.01142   0.10681   0.10822   0.09003   6.31650   5.17200   3.53075   0.10159  
 59  0.1175  13085.400988  x:  0.50793   0.17561   0.01862   0.20979   0.13933   0.11767   0.32314   0.11179   0.07218   0.03258   0.03097   0.01238   0.02333   0.01881   0.00491   0.00148   0.01664   0.01377   0.00493   0.00871   0.06220   0.42866   0.00171   0.05427   0.07882   0.03669   0.02846   0.00938   0.01351   0.01701   0.00242   0.00885   0.19751   0.01148   0.10690   0.10823   0.08991   6.31305   5.20910   3.56915   0.10159  
 60  0.0432  13085.400380  x:  0.50776   0.17550   0.01864   0.20989   0.13928   0.11765   0.32271   0.11185   0.07226   0.03258   0.03097   0.01234   0.02332   0.01880   0.00489   0.00147   0.01667   0.01379   0.00491   0.00874   0.06219   0.42847   0.00173   0.05412   0.07880   0.03667   0.02845   0.00940   0.01350   0.01702   0.00242   0.00880   0.19754   0.01145   0.10694   0.10818   0.08992   6.31003   5.24284   3.60255   0.10159  
 61  0.0176  13085.399430  x:  0.50732   0.17564   0.01851   0.20962   0.13926   0.11757   0.32272   0.11166   0.07226   0.03260   0.03099   0.01237   0.02336   0.01878   0.00490   0.00146   0.01667   0.01379   0.00489   0.00877   0.06220   0.42819   0.00174   0.05416   0.07877   0.03665   0.02848   0.00937   0.01350   0.01695   0.00240   0.00877   0.19726   0.01147   0.10682   0.10819   0.08997   6.30858   5.31921   3.67763   0.10163  
 62  0.0323  13085.396312  x:  0.50712   0.17506   0.01861   0.20951   0.13927   0.11757   0.32317   0.11185   0.07211   0.03260   0.03102   0.01229   0.02331   0.01879   0.00491   0.00143   0.01663   0.01376   0.00491   0.00878   0.06220   0.42819   0.00175   0.05437   0.07879   0.03670   0.02862   0.00936   0.01351   0.01711   0.00237   0.00879   0.19690   0.01137   0.10675   0.10818   0.08993   6.30979   5.65007   4.00749   0.10167  
 63  0.1069  13085.391422  x:  0.50777   0.17535   0.01867   0.20993   0.13927   0.11770   0.32286   0.11189   0.07217   0.03260   0.03095   0.01241   0.02337   0.01882   0.00492   0.00137   0.01661   0.01378   0.00496   0.00874   0.06223   0.42858   0.00173   0.05410   0.07884   0.03666   0.02860   0.00939   0.01353   0.01693   0.00235   0.00884   0.19739   0.01150   0.10694   0.10820   0.08982   6.31324   6.25365   4.61321   0.10160  
 64  0.3717  13085.390265  x:  0.50781   0.17578   0.01864   0.20978   0.13928   0.11761   0.32283   0.11173   0.07225   0.03260   0.03096   0.01237   0.02334   0.01879   0.00494   0.00136   0.01663   0.01379   0.00495   0.00872   0.06219   0.42858   0.00172   0.05416   0.07880   0.03669   0.02848   0.00937   0.01353   0.01704   0.00236   0.00883   0.19751   0.01148   0.10691   0.10822   0.08994   6.31304   6.49697   4.85679   0.10160  
 65  0.2842  13085.389863  x:  0.50773   0.17546   0.01861   0.20984   0.13932   0.11765   0.32305   0.11187   0.07225   0.03260   0.03097   0.01235   0.02335   0.01879   0.00495   0.00135   0.01663   0.01378   0.00494   0.00873   0.06217   0.42847   0.00172   0.05423   0.07880   0.03666   0.02843   0.00938   0.01353   0.01699   0.00236   0.00883   0.19744   0.01145   0.10687   0.10819   0.08996   6.31226   6.68965   5.04896   0.10159  
 66  0.1548  13085.388768  x:  0.50760   0.17574   0.01854   0.20980   0.13924   0.11768   0.32299   0.11174   0.07212   0.03262   0.03094   0.01237   0.02335   0.01883   0.00493   0.00136   0.01658   0.01377   0.00496   0.00874   0.06219   0.42833   0.00172   0.05407   0.07883   0.03667   0.02848   0.00942   0.01354   0.01702   0.00238   0.00882   0.19743   0.01144   0.10687   0.10822   0.08980   6.31216   7.23268   5.59091   0.10159  
 67  0.1205  13085.385739  x:  0.50787   0.17548   0.01868   0.20984   0.13929   0.11757   0.32268   0.11184   0.07229   0.03254   0.03098   0.01236   0.02334   0.01876   0.00493   0.00142   0.01661   0.01380   0.00494   0.00872   0.06218   0.42864   0.00173   0.05424   0.07877   0.03670   0.02853   0.00931   0.01355   0.01700   0.00236   0.00881   0.19749   0.01148   0.10697   0.10821   0.09006   6.31344   8.33480   6.69464   0.10160  
 68  0.3246  13085.384527  x:  0.50769   0.17555   0.01862   0.20975   0.13930   0.11764   0.32297   0.11181   0.07225   0.03260   0.03098   0.01235   0.02334   0.01881   0.00492   0.00145   0.01663   0.01378   0.00493   0.00872   0.06220   0.42849   0.00173   0.05419   0.07881   0.03666   0.02848   0.00941   0.01354   0.01701   0.00233   0.00883   0.19741   0.01147   0.10685   0.10819   0.08991   6.31295   9.00208   7.36166   0.10160  
 69  0.5346  13085.384361  x:  0.50773   0.17556   0.01861   0.20983   0.13929   0.11764   0.32292   0.11179   0.07221   0.03259   0.03097   0.01236   0.02334   0.01880   0.00492   0.00145   0.01662   0.01378   0.00494   0.00872   0.06219   0.42848   0.00172   0.05417   0.07880   0.03667   0.02846   0.00937   0.01353   0.01701   0.00232   0.00883   0.19744   0.01146   0.10690   0.10820   0.08992   6.31251   9.36872   7.72794   0.10160  
 70  0.3416  13085.384278  x:  0.50776   0.17557   0.01861   0.20978   0.13929   0.11762   0.32294   0.11180   0.07225   0.03257   0.03097   0.01235   0.02333   0.01879   0.00492   0.00145   0.01662   0.01378   0.00493   0.00872   0.06217   0.42851   0.00172   0.05419   0.07880   0.03668   0.02847   0.00939   0.01352   0.01700   0.00232   0.00883   0.19749   0.01146   0.10689   0.10821   0.08996   6.31195   9.93685   8.29615   0.10159  
 71  0.2353  13085.384165  x:  0.50770   0.17555   0.01861   0.20983   0.13929   0.11764   0.32293   0.11179   0.07222   0.03259   0.03097   0.01236   0.02334   0.01880   0.00492   0.00144   0.01662   0.01377   0.00493   0.00872   0.06221   0.42846   0.00172   0.05418   0.07881   0.03667   0.02847   0.00938   0.01353   0.01701   0.00232   0.00883   0.19743   0.01146   0.10688   0.10819   0.08990   6.31223  10.98868   9.34800   0.10160  
 72  0.4296  13085.384133  x:  0.50774   0.17556   0.01862   0.20980   0.13929   0.11764   0.32293   0.11180   0.07223   0.03259   0.03098   0.01236   0.02334   0.01879   0.00492   0.00145   0.01662   0.01379   0.00494   0.00872   0.06218   0.42850   0.00173   0.05418   0.07880   0.03667   0.02847   0.00938   0.01353   0.01701   0.00232   0.00883   0.19745   0.01146   0.10690   0.10821   0.08994   6.31257  11.68147  10.04079   0.10160  
 73  0.4948  13085.384115  x:  0.50773   0.17556   0.01861   0.20981   0.13929   0.11763   0.32292   0.11180   0.07224   0.03258   0.03097   0.01236   0.02334   0.01880   0.00492   0.00145   0.01662   0.01378   0.00493   0.00872   0.06219   0.42849   0.00172   0.05418   0.07880   0.03667   0.02847   0.00938   0.01353   0.01701   0.00232   0.00883   0.19744   0.01146   0.10688   0.10820   0.08991   6.31252  13.01979  11.37911   0.10160  
 74  0.5782  13085.384110  x:  0.50773   0.17556   0.01861   0.20981   0.13929   0.11764   0.32293   0.11180   0.07222   0.03259   0.03097   0.01236   0.02334   0.01880   0.00492   0.00145   0.01662   0.01378   0.00493   0.00872   0.06219   0.42849   0.00172   0.05418   0.07880   0.03667   0.02847   0.00938   0.01353   0.01701   0.00232   0.00883   0.19744   0.01146   0.10689   0.10820   0.08993   6.31243  13.46703  11.82635   0.10160  
 75  0.3996  13085.384108  x:  0.50773   0.17556   0.01862   0.20981   0.13929   0.11763   0.32293   0.11180   0.07224   0.03259   0.03097   0.01236   0.02334   0.01880   0.00492   0.00145   0.01662   0.01378   0.00493   0.00872   0.06219   0.42849   0.00172   0.05418   0.07880   0.03667   0.02847   0.00938   0.01353   0.01701   0.00232   0.00883   0.19745   0.01146   0.10689   0.10820   0.08992   6.31248  14.25346  12.61278   0.10160  
 76  0.3187  13085.384108  x:  0.50773   0.17556   0.01861   0.20981   0.13929   0.11764   0.32293   0.11180   0.07223   0.03259   0.03097   0.01236   0.02334   0.01880   0.00492   0.00145   0.01662   0.01378   0.00493   0.00872   0.06219   0.42849   0.00172   0.05418   0.07880   0.03667   0.02847   0.00938   0.01353   0.01701   0.00232   0.00883   0.19744   0.01146   0.10689   0.10820   0.08993   6.31246  14.16757  12.52689   0.10160  
 77  0.1474  13085.384108  x:  0.50773   0.17556   0.01861   0.20981   0.13929   0.11764   0.32293   0.11180   0.07223   0.03259   0.03097   0.01236   0.02334   0.01880   0.00492   0.00145   0.01662   0.01378   0.00493   0.00872   0.06219   0.42849   0.00172   0.05418   0.07880   0.03667   0.02847   0.00938   0.01353   0.01701   0.00232   0.00883   0.19744   0.01146   0.10689   0.10820   0.08993   6.31244  14.31885  12.67817   0.10160  
 78  0.4922  13085.384107  x:  0.50773   0.17556   0.01861   0.20981   0.13929   0.11764   0.32293   0.11180   0.07223   0.03259   0.03097   0.01236   0.02334   0.01880   0.00492   0.00145   0.01662   0.01378   0.00493   0.00872   0.06219   0.42849   0.00172   0.05418   0.07880   0.03667   0.02847   0.00938   0.01353   0.01701   0.00232   0.00883   0.19745   0.01146   0.10689   0.10820   0.08992   6.31263  15.38475  13.74407   0.10160  
 79  0.1884  13085.384107  x:  0.50773   0.17556   0.01861   0.20981   0.13929   0.11764   0.32293   0.11180   0.07223   0.03259   0.03097   0.01236   0.02334   0.01880   0.00492   0.00145   0.01662   0.01378   0.00493   0.00872   0.06219   0.42849   0.00172   0.05418   0.07880   0.03667   0.02847   0.00938   0.01353   0.01701   0.00232   0.00883   0.19744   0.01146   0.10689   0.10820   0.08993   6.31242  15.53569  13.89500   0.10160  
 80  0.1334  13085.384107  x:  0.50773   0.17556   0.01861   0.20981   0.13929   0.11764   0.32293   0.11180   0.07223   0.03259   0.03097   0.01236   0.02334   0.01880   0.00492   0.00145   0.01662   0.01378   0.00493   0.00872   0.06219   0.42849   0.00172   0.05418   0.07880   0.03667   0.02847   0.00938   0.01353   0.01701   0.00232   0.00883   0.19744   0.01146   0.10689   0.10820   0.08993   6.31234  16.02314  14.38246   0.10160  
 81  0.9138  13085.384107  x:  0.50773   0.17556   0.01861   0.20981   0.13929   0.11764   0.32293   0.11180   0.07223   0.03259   0.03097   0.01236   0.02334   0.01880   0.00492   0.00145   0.01662   0.01378   0.00493   0.00872   0.06219   0.42849   0.00172   0.05418   0.07880   0.03667   0.02847   0.00938   0.01353   0.01701   0.00232   0.00883   0.19744   0.01146   0.10689   0.10820   0.08993   6.31240  15.88433  14.24364   0.10160  
 82  0.2933  13085.384107  x:  0.50773   0.17556   0.01861   0.20981   0.13929   0.11764   0.32293   0.11180   0.07223   0.03259   0.03097   0.01236   0.02334   0.01880   0.00492   0.00145   0.01662   0.01378   0.00493   0.00872   0.06219   0.42849   0.00172   0.05418   0.07880   0.03667   0.02847   0.00938   0.01353   0.01701   0.00232   0.00883   0.19744   0.01146   0.10689   0.10820   0.08993   6.31246  15.98121  14.34053   0.10160  
 83  0.0728  13085.384107  x:  0.50773   0.17556   0.01861   0.20981   0.13929   0.11764   0.32293   0.11180   0.07223   0.03259   0.03097   0.01236   0.02334   0.01880   0.00492   0.00145   0.01662   0.01378   0.00493   0.00872   0.06219   0.42849   0.00172   0.05418   0.07880   0.03667   0.02847   0.00938   0.01353   0.01701   0.00232   0.00883   0.19744   0.01146   0.10689   0.10820   0.08993   6.31246  15.98121  14.34052   0.10160  
 84  0.1032  13085.384107  x:  0.50773   0.17556   0.01861   0.20981   0.13929   0.11764   0.32293   0.11180   0.07223   0.03259   0.03097   0.01236   0.02334   0.01880   0.00492   0.00145   0.01662   0.01378   0.00493   0.00872   0.06219   0.42849   0.00172   0.05418   0.07880   0.03667   0.02847   0.00938   0.01353   0.01701   0.00232   0.00883   0.19744   0.01146   0.10689   0.10820   0.08993   6.31246  15.98121  14.34052   0.10160  
 85  0.0027  13085.384107  x:  0.50773   0.17556   0.01861   0.20981   0.13929   0.11764   0.32293   0.11180   0.07223   0.03259   0.03097   0.01236   0.02334   0.01880   0.00492   0.00145   0.01662   0.01378   0.00493   0.00872   0.06219   0.42849   0.00172   0.05418   0.07880   0.03667   0.02847   0.00938   0.01353   0.01701   0.00232   0.00883   0.19744   0.01146   0.10689   0.10820   0.08993   6.31246  15.98121  14.34052   0.10160  
 86  0.0180  13085.384107  x:  0.50773   0.17556   0.01861   0.20981   0.13929   0.11764   0.32293   0.11180   0.07223   0.03259   0.03097   0.01236   0.02334   0.01880   0.00492   0.00145   0.01662   0.01378   0.00493   0.00872   0.06219   0.42849   0.00172   0.05418   0.07880   0.03667   0.02847   0.00938   0.01353   0.01701   0.00232   0.00883   0.19744   0.01146   0.10689   0.10820   0.08993   6.31246  15.98121  14.34052   0.10160  
 87  0.0159  13085.384107  x:  0.50773   0.17556   0.01861   0.20981   0.13929   0.11764   0.32293   0.11180   0.07223   0.03259   0.03097   0.01236   0.02334   0.01880   0.00492   0.00145   0.01662   0.01378   0.00493   0.00872   0.06219   0.42849   0.00172   0.05418   0.07880   0.03667   0.02847   0.00938   0.01353   0.01701   0.00232   0.00883   0.19744   0.01146   0.10689   0.10820   0.08993   6.31246  15.98121  14.34052   0.10160  
 88  0.1818  13085.384107  x:  0.50773   0.17556   0.01861   0.20981   0.13929   0.11764   0.32293   0.11180   0.07223   0.03259   0.03097   0.01236   0.02334   0.01880   0.00492   0.00145   0.01662   0.01378   0.00493   0.00872   0.06219   0.42849   0.00172   0.05418   0.07880   0.03667   0.02847   0.00938   0.01353   0.01701   0.00232   0.00883   0.19744   0.01146   0.10689   0.10820   0.08993   6.31246  15.98121  14.34052   0.10160  
 89  0.0243  13085.384107  x:  0.50773   0.17556   0.01861   0.20981   0.13929   0.11764   0.32293   0.11180   0.07223   0.03259   0.03097   0.01236   0.02334   0.01880   0.00492   0.00145   0.01662   0.01378   0.00493   0.00872   0.06219   0.42849   0.00172   0.05418   0.07880   0.03667   0.02847   0.00938   0.01353   0.01701   0.00232   0.00883   0.19744   0.01146   0.10689   0.10820   0.08993   6.31246  15.98121  14.34052   0.10160  
 90  0.0099  13085.384107  x:  0.50773   0.17556   0.01861   0.20981   0.13929   0.11764   0.32293   0.11180   0.07223   0.03259   0.03097   0.01236   0.02334   0.01880   0.00492   0.00145   0.01662   0.01378   0.00493   0.00872   0.06219   0.42849   0.00172   0.05418   0.07880   0.03667   0.02847   0.00938   0.01353   0.01701   0.00232   0.00883   0.19744   0.01146   0.10689   0.10820   0.08993   6.31246  15.98121  14.34052   0.10160  
 91  0.0372  13085.384107  x:  0.50773   0.17556   0.01861   0.20981   0.13929   0.11764   0.32293   0.11180   0.07223   0.03259   0.03097   0.01236   0.02334   0.01880   0.00492   0.00145   0.01662   0.01378   0.00493   0.00872   0.06219   0.42849   0.00172   0.05418   0.07880   0.03667   0.02847   0.00938   0.01353   0.01701   0.00232   0.00883   0.19744   0.01146   0.10689   0.10820   0.08993   6.31246  15.98121  14.34052   0.10160  
 92  0.0087  13085.384107  x:  0.50773   0.17556   0.01861   0.20981   0.13929   0.11764   0.32293   0.11180   0.07223   0.03259   0.03097   0.01236   0.02334   0.01880   0.00492   0.00145   0.01662   0.01378   0.00493   0.00872   0.06219   0.42849   0.00172   0.05418   0.07880   0.03667   0.02847   0.00938   0.01353   0.01701   0.00232   0.00883   0.19744   0.01146   0.10689   0.10820   0.08993   6.31246  15.98121  14.34052   0.10160  
 93  0.0329  13085.384107  x:  0.50773   0.17556   0.01861   0.20981   0.13929   0.11764   0.32293   0.11180   0.07223   0.03259   0.03097   0.01236   0.02334   0.01880   0.00492   0.00145   0.01662   0.01378   0.00493   0.00872   0.06219   0.42849   0.00172   0.05418   0.07880   0.03667   0.02847   0.00938   0.01353   0.01701   0.00232   0.00883   0.19744   0.01146   0.10689   0.10820   0.08993   6.31246  15.98121  14.34052   0.10160  
 94  0.0083  13085.384107  x:  0.50773   0.17556   0.01861   0.20981   0.13929   0.11764   0.32293   0.11180   0.07223   0.03259   0.03097   0.01236   0.02334   0.01880   0.00492   0.00145   0.01662   0.01378   0.00493   0.00872   0.06219   0.42849   0.00172   0.05418   0.07880   0.03667   0.02847   0.00938   0.01353   0.01701   0.00232   0.00883   0.19744   0.01146   0.10689   0.10820   0.08993   6.31246  15.98121  14.34052   0.10160  
 95  0.0142  13085.384107  x:  0.50773   0.17556   0.01861   0.20981   0.13929   0.11764   0.32293   0.11180   0.07223   0.03259   0.03097   0.01236   0.02334   0.01880   0.00492   0.00145   0.01662   0.01378   0.00493   0.00872   0.06219   0.42849   0.00172   0.05418   0.07880   0.03667   0.02847   0.00938   0.01353   0.01701   0.00232   0.00883   0.19744   0.01146   0.10689   0.10820   0.08993   6.31246  15.98121  14.34052   0.10160  
 96  0.0319  13085.384107  x:  0.50773   0.17556   0.01861   0.20981   0.13929   0.11764   0.32293   0.11180   0.07223   0.03259   0.03097   0.01236   0.02334   0.01880   0.00492   0.00145   0.01662   0.01378   0.00493   0.00872   0.06219   0.42849   0.00172   0.05418   0.07880   0.03667   0.02847   0.00938   0.01353   0.01701   0.00232   0.00883   0.19744   0.01146   0.10689   0.10820   0.08993   6.31246  15.98121  14.34052   0.10160  
 97  0.0113  13085.384107  x:  0.50773   0.17556   0.01861   0.20981   0.13929   0.11764   0.32293   0.11180   0.07223   0.03259   0.03097   0.01236   0.02334   0.01880   0.00492   0.00145   0.01662   0.01378   0.00493   0.00872   0.06219   0.42849   0.00172   0.05418   0.07880   0.03667   0.02847   0.00938   0.01353   0.01701   0.00232   0.00883   0.19744   0.01146   0.10689   0.10820   0.08993   6.31246  15.98121  14.34052   0.10160  
 98  0.3449  13085.384107  x:  0.50773   0.17556   0.01861   0.20981   0.13929   0.11764   0.32293   0.11180   0.07223   0.03259   0.03097   0.01236   0.02334   0.01880   0.00492   0.00145   0.01662   0.01378   0.00493   0.00872   0.06219   0.42849   0.00172   0.05418   0.07880   0.03667   0.02847   0.00938   0.01353   0.01701   0.00232   0.00883   0.19744   0.01146   0.10689   0.10820   0.08993   6.31246  15.98121  14.34052   0.10160  
 99 12.5527  13085.384107  x:  0.50773   0.17556   0.01861   0.20981   0.13929   0.11764   0.32293   0.11180   0.07223   0.03259   0.03097   0.01236   0.02334   0.01880   0.00492   0.00145   0.01662   0.01378   0.00493   0.00872   0.06219   0.42849   0.00172   0.05418   0.07880   0.03667   0.02847   0.00938   0.01353   0.01701   0.00232   0.00883   0.19744   0.01146   0.10689   0.10820   0.08993   6.31246  15.98121  14.34052   0.10160  
check convergence!
