

TREE # 1

  0  0.0000  13452.719263  x:  0.36826   0.07062   0.00720   0.13921   0.12976   0.10564   0.17512   0.07302   0.07041   0.01860   0.03711   0.00956   0.01947   0.01673   0.00903   0.01422   0.02413   0.01472   0.01167   0.01334   0.06697   0.30034   0.00000   0.03920   0.06707   0.03865   0.03363   0.00938   0.02524   0.01451   0.00507   0.01040   0.12469   0.00873   0.10201   0.08664   0.06768   3.00000   1.39835   0.16116   0.29812   2.50136  
  1 99.0000  13420.171320  x:  0.36977   0.07644   0.01351   0.14189   0.12999   0.10644   0.17856   0.07616   0.07062   0.02357   0.03598   0.01114   0.02062   0.01781   0.00487   0.00671   0.02110   0.01385   0.00601   0.00999   0.06663   0.30214   0.00608   0.04137   0.06827   0.03816   0.03223   0.00893   0.02087   0.01578   0.00000   0.00886   0.12728   0.01365   0.10248   0.08804   0.06961   3.00106   1.39919   0.16033   0.28506   2.50136  
  2 1984.1280  13401.324246  x:  0.37097   0.08110   0.01852   0.14404   0.13017   0.10707   0.18132   0.07868   0.07078   0.02753   0.03507   0.01238   0.02154   0.01867   0.00160   0.00071   0.01868   0.01316   0.00153   0.00733   0.06635   0.30358   0.01082   0.04310   0.06924   0.03777   0.03112   0.00858   0.01739   0.01680   0.00049   0.00768   0.12934   0.01755   0.10286   0.08916   0.07114   3.00191   1.39985   0.15967   0.27458   2.50136  
  3 34123.6879  13394.990884  x:  0.37142   0.08269   0.01989   0.14479   0.13022   0.10727   0.18230   0.07955   0.07083   0.02863   0.03475   0.01267   0.02185   0.01891   0.00260   0.00000   0.01798   0.01305   0.00247   0.00687   0.06618   0.30410   0.01155   0.04366   0.06957   0.03765   0.03077   0.00854   0.01632   0.01706   0.00055   0.00754   0.13007   0.01854   0.10299   0.08954   0.07164   3.00223   1.40010   0.15942   0.27072   2.50135  
  4 4605.6909  13353.552968  x:  0.37613   0.09977   0.03488   0.15284   0.13076   0.10937   0.19278   0.08885   0.07132   0.04061   0.03133   0.01597   0.02518   0.02147   0.01083   0.00170   0.01042   0.01177   0.00974   0.00163   0.06446   0.30966   0.02001   0.04969   0.07312   0.03634   0.02698   0.00808   0.00478   0.01988   0.00125   0.00582   0.13783   0.02935   0.10435   0.09368   0.07696   3.00559   1.40274   0.15680   0.22941   2.50134  
  5 55083.2091  13325.113732  x:  0.38070   0.11543   0.04716   0.16036   0.13121   0.11116   0.20268   0.09739   0.07172   0.05018   0.02837   0.01813   0.02776   0.02324   0.01507   0.00251   0.00626   0.01139   0.01322   0.01370   0.06265   0.31504   0.02509   0.05499   0.07638   0.03533   0.02393   0.00831   0.00132   0.02192   0.00165   0.00629   0.14509   0.03768   0.10561   0.09751   0.08164   3.00888   1.40531   0.15426   0.18935   2.50133  
  6 11039.0903  13292.496616  x:  0.38685   0.13616   0.06307   0.17038   0.13182   0.11349   0.21588   0.10868   0.07222   0.06247   0.02463   0.02074   0.03099   0.02538   0.02046   0.00352   0.00335   0.01119   0.01764   0.02214   0.06021   0.32227   0.03124   0.06191   0.08068   0.03408   0.02022   0.00886   0.01133   0.02449   0.00215   0.00704   0.15474   0.04831   0.10729   0.10259   0.08775   3.01332   1.40874   0.15086   0.13570   2.50132  
  7 25427.2988  13277.109251  x:  0.39011   0.14588   0.06917   0.17525   0.13211   0.11442   0.22243   0.11391   0.07239   0.06678   0.02359   0.02102   0.03185   0.02563   0.02178   0.00373   0.01435   0.01220   0.01872   0.02370   0.05893   0.32607   0.03165   0.06481   0.08261   0.03378   0.01984   0.00950   0.01200   0.02482   0.00226   0.00823   0.15941   0.05172   0.10808   0.10496   0.09031   3.01570   1.41047   0.14915   0.10963   2.50131  
  8 7543.3895  13257.502396  x:  0.39681   0.15796   0.06712   0.18242   0.13246   0.11430   0.23310   0.11974   0.07201   0.06183   0.02757   0.01511   0.02809   0.02077   0.01722   0.00301   0.00958   0.01534   0.01510   0.01883   0.05666   0.33366   0.01439   0.06594   0.08429   0.03529   0.02811   0.01176   0.00928   0.01944   0.00173   0.01188   0.16616   0.04487   0.10893   0.10773   0.09112   3.02087   1.41312   0.14654   0.08121   2.50129  
  9 1355.1134  13249.491035  x:  0.40288   0.16958   0.06719   0.18872   0.13238   0.11408   0.24292   0.12500   0.07145   0.05954   0.02689   0.01459   0.02724   0.02087   0.01510   0.00276   0.00961   0.01175   0.01410   0.01811   0.05549   0.34040   0.00308   0.06702   0.08531   0.03469   0.02383   0.00749   0.00900   0.01959   0.00153   0.00496   0.17212   0.04077   0.10916   0.10970   0.09205   3.02599   1.41512   0.14457   0.07910   2.50128  
 10 775.5313  13245.933825  x:  0.40594   0.17549   0.06748   0.19183   0.13228   0.11394   0.24787   0.12756   0.07115   0.05875   0.02639   0.01488   0.02715   0.02124   0.01432   0.00268   0.00957   0.01107   0.01380   0.01766   0.05538   0.34381   0.00000   0.06757   0.08576   0.03429   0.02188   0.00749   0.00885   0.02000   0.00145   0.00727   0.17505   0.03903   0.10921   0.11060   0.09254   3.02869   1.41612   0.14359   0.08031   2.50127  
 11 1433.5023  13226.709445  x:  0.43640   0.22956   0.06101   0.22101   0.13117   0.11143   0.29538   0.14992   0.06804   0.04322   0.02714   0.01243   0.02335   0.01995   0.01050   0.00258   0.01005   0.01610   0.01608   0.01723   0.05761   0.37816   0.00565   0.07047   0.08904   0.03287   0.01900   0.01628   0.00894   0.01855   0.00143   0.00744   0.20231   0.01348   0.10950   0.11834   0.09510   3.05618   1.42600   0.13388   0.09316   2.50119  
 12 1868.9867  13222.107669  x:  0.44551   0.24272   0.05590   0.22765   0.13127   0.11074   0.30816   0.15334   0.06815   0.04047   0.03015   0.01656   0.02671   0.02156   0.01284   0.00264   0.01062   0.01385   0.01457   0.01783   0.06023   0.38852   0.00724   0.07019   0.08904   0.03486   0.02948   0.00913   0.00938   0.02010   0.00143   0.00939   0.20845   0.01225   0.11011   0.11945   0.09661   3.06653   1.42925   0.13070   0.09698   2.50116  
 13 808.1091  13218.920862  x:  0.45543   0.25046   0.04431   0.23037   0.13274   0.11087   0.31899   0.15001   0.07013   0.04260   0.03085   0.01511   0.03036   0.02263   0.01624   0.00263   0.01079   0.01634   0.01143   0.01812   0.06562   0.39992   0.00477   0.06740   0.08756   0.03899   0.03155   0.01357   0.00953   0.02087   0.00140   0.00737   0.21075   0.02369   0.11192   0.11833   0.09937   3.08278   1.43325   0.12681   0.09975   2.50111  
 14 369.4888  13216.093352  x:  0.46512   0.25382   0.03119   0.23064   0.13527   0.11239   0.32766   0.14290   0.07280   0.04467   0.03022   0.01307   0.02875   0.02089   0.01578   0.00263   0.01063   0.01496   0.01182   0.01778   0.06994   0.41108   0.00754   0.06405   0.08564   0.04083   0.02638   0.00885   0.00938   0.01922   0.00140   0.00977   0.21034   0.02870   0.11370   0.11634   0.10012   3.10213   1.43739   0.12282   0.09841   2.50104  
 15 501.9056  13213.851748  x:  0.47447   0.25419   0.02363   0.22909   0.13876   0.11623   0.33464   0.13339   0.07548   0.04745   0.02943   0.02031   0.02689   0.02232   0.01308   0.00257   0.01052   0.01180   0.01384   0.01749   0.07032   0.42163   0.00792   0.06170   0.08426   0.03902   0.02529   0.01182   0.00916   0.02161   0.00139   0.00962   0.20787   0.02795   0.11484   0.11415   0.09901   3.12545   1.44185   0.11853   0.09641   2.50096  
 16 472.3491  13210.990047  x:  0.48735   0.25295   0.02388   0.22589   0.14420   0.12385   0.34336   0.11940   0.07857   0.05252   0.02619   0.02209   0.02807   0.02477   0.01165   0.00252   0.01009   0.01970   0.01481   0.01742   0.06727   0.43575   0.00692   0.06072   0.08376   0.03484   0.02593   0.00929   0.00913   0.02378   0.00138   0.00913   0.20338   0.02544   0.11563   0.11178   0.09706   3.16350   1.44863   0.11203   0.09649   2.50084  
 17 623.0097  13206.434142  x:  0.50568   0.24897   0.03267   0.22043   0.15127   0.13486   0.35476   0.10071   0.08162   0.05802   0.02611   0.01480   0.03143   0.02346   0.01468   0.00265   0.01065   0.01369   0.01308   0.01804   0.06124   0.45513   0.00739   0.06148   0.08518   0.03279   0.02856   0.01131   0.00944   0.02112   0.00143   0.00935   0.19684   0.02226   0.11596   0.10994   0.09493   3.22574   1.45916   0.10197   0.09842   2.50062  
 18 920.3588  13202.998364  x:  0.51831   0.24077   0.04223   0.21491   0.15231   0.13799   0.36034   0.09486   0.08056   0.05460   0.03625   0.01922   0.02840   0.02008   0.01665   0.00274   0.01081   0.01576   0.01241   0.01855   0.05927   0.46671   0.00734   0.06462   0.08837   0.04061   0.02435   0.01073   0.00967   0.01991   0.00148   0.00931   0.19403   0.02407   0.11493   0.11196   0.09589   3.28761   1.46854   0.09305   0.09948   2.50041  
 19 551.4466  13194.134708  x:  0.54373   0.21282   0.05589   0.20143   0.14643   0.13274   0.36655   0.10009   0.07314   0.03759   0.02876   0.01550   0.02096   0.02936   0.01264   0.00284   0.01067   0.01364   0.01669   0.01849   0.06455   0.48613   0.00810   0.07119   0.09252   0.04860   0.02517   0.01005   0.00948   0.02749   0.00153   0.01006   0.19302   0.02983   0.11152   0.12024   0.10076   3.45449   1.49180   0.07108   0.09801   2.49982  
 20 888.5387  13183.792983  x:  0.56898   0.17880   0.06290   0.19003   0.13585   0.11869   0.36890   0.11798   0.06439   0.03317   0.02164   0.02196   0.03688   0.02097   0.01070   0.00273   0.01030   0.01348   0.01790   0.01808   0.07238   0.50138   0.00761   0.07540   0.09137   0.03924   0.02265   0.01060   0.00927   0.01962   0.00155   0.00979   0.19623   0.02916   0.10794   0.12787   0.10420   3.66501   1.51941   0.04512   0.09619   2.49907  
 21 1715.9186  13175.241713  x:  0.58377   0.15647   0.06353   0.18845   0.12763   0.10487   0.36660   0.13781   0.06179   0.05031   0.03179   0.01806   0.03016   0.02276   0.01476   0.00281   0.01050   0.01363   0.01484   0.01852   0.07434   0.50533   0.00685   0.07610   0.08683   0.02587   0.02322   0.01049   0.00947   0.02250   0.00154   0.00943   0.20144   0.02509   0.10637   0.12946   0.10415   3.84471   1.54137   0.02461   0.09709   2.49841  
 22 1769.3891  13167.112942  x:  0.58784   0.14867   0.06127   0.19888   0.12606   0.09783   0.35780   0.15552   0.06846   0.06863   0.02197   0.02025   0.02412   0.02049   0.01659   0.00283   0.01061   0.01424   0.01325   0.01870   0.06305   0.49531   0.00674   0.07269   0.08329   0.04234   0.02640   0.01074   0.00960   0.01864   0.00154   0.00897   0.20636   0.01880   0.10794   0.12211   0.09929   4.02514   1.56073   0.00673   0.09960   2.49774  
 23 1222.5568  13157.298277  x:  0.58143   0.15569   0.05435   0.21916   0.13154   0.10175   0.34062   0.16848   0.07738   0.06482   0.03037   0.01429   0.03812   0.02675   0.01052   0.00272   0.01014   0.01368   0.01758   0.01800   0.04765   0.46894   0.00931   0.06140   0.08032   0.04934   0.02185   0.01086   0.00920   0.02597   0.00151   0.00986   0.20940   0.01726   0.11233   0.10823   0.09286   4.25123   1.58199  -0.01262   0.09815   2.49687  
 24 1393.5304  13142.170640  x:  0.56047   0.18707   0.05230   0.24964   0.14380   0.12012   0.31317   0.17451   0.08749   0.04639   0.02787   0.01828   0.02627   0.01973   0.01440   0.00279   0.01039   0.01365   0.01471   0.01828   0.04761   0.41928   0.00966   0.04789   0.08090   0.03188   0.02478   0.01002   0.00942   0.01964   0.00152   0.00974   0.20997   0.03036   0.11847   0.09436   0.08990   4.58345   1.60992  -0.03766   0.10043   2.49557  
 25 1919.0262  13133.924241  x:  0.53512   0.22002   0.04577   0.25846   0.14515   0.12698   0.29722   0.16046   0.08515   0.04942   0.02842   0.01758   0.02929   0.02443   0.01639   0.00266   0.01023   0.01404   0.01153   0.01777   0.07415   0.38474   0.00734   0.05638   0.08636   0.03592   0.02323   0.01069   0.00919   0.01850   0.00142   0.00876   0.20465   0.01801   0.11613   0.10508   0.08958   4.78406   1.62299  -0.04890   0.09918   2.49474  
 26 1070.5151  13130.677085  x:  0.52038   0.23690   0.04088   0.25645   0.14143   0.12402   0.29398   0.15096   0.07806   0.05239   0.02800   0.01573   0.02919   0.01637   0.01227   0.00265   0.01033   0.01399   0.01496   0.01772   0.07135   0.37399   0.00702   0.06193   0.08609   0.03594   0.02568   0.01058   0.00918   0.02421   0.00140   0.00849   0.20305   0.01831   0.11287   0.11279   0.09422   4.85752   1.62567  -0.05086   0.10028   2.49441  
 27 782.8569  13127.354789  x:  0.50089   0.25635   0.03373   0.25036   0.13511   0.11713   0.29252   0.13910   0.06758   0.05303   0.02820   0.01622   0.02854   0.02128   0.01136   0.00260   0.01031   0.01413   0.01524   0.01752   0.06025   0.36510   0.00775   0.06709   0.08373   0.03450   0.02622   0.01045   0.00917   0.01763   0.00139   0.00855   0.20209   0.01927   0.10811   0.12031   0.10013   4.93445   1.62687  -0.05126   0.10049   2.49405  
 28 1036.8237  13126.419771  x:  0.49128   0.26232   0.03235   0.24524   0.13278   0.11347   0.29380   0.13593   0.06636   0.05060   0.02675   0.01664   0.02868   0.02074   0.01599   0.00256   0.01015   0.01427   0.01076   0.01725   0.05776   0.36532   0.00827   0.06672   0.08184   0.03438   0.02468   0.01049   0.00900   0.02042   0.00134   0.00876   0.20282   0.01727   0.10643   0.11876   0.09965   4.95721   1.62579  -0.04990   0.09910   2.49393  
 29 318.5105  13124.358081  x:  0.45988   0.27711   0.03748   0.22708   0.12847   0.10421   0.30180   0.13272   0.07150   0.04943   0.02791   0.01595   0.02821   0.02042   0.01360   0.00258   0.01022   0.01430   0.01304   0.01740   0.06147   0.37326   0.00732   0.06277   0.07740   0.03503   0.02553   0.01054   0.00909   0.01920   0.00137   0.00836   0.20794   0.01715   0.10419   0.10678   0.09450   5.00774   1.61963  -0.04297   0.09835   2.49358  
 30 262.1840  13123.636334  x:  0.44170   0.27759   0.03503   0.22118   0.13265   0.10729   0.30744   0.13657   0.07216   0.05046   0.02801   0.01590   0.02837   0.02050   0.01381   0.00257   0.01025   0.01442   0.01276   0.01739   0.06040   0.38097   0.00741   0.05958   0.08485   0.03478   0.02580   0.01052   0.00910   0.01926   0.00136   0.00842   0.20992   0.01682   0.11108   0.11100   0.09372   5.02713   1.61352  -0.03638   0.09880   2.49337  
 31 99.4069  13123.221165  x:  0.42965   0.27421   0.03308   0.22327   0.13700   0.11365   0.31285   0.14011   0.07285   0.05029   0.02827   0.01586   0.02846   0.02056   0.01401   0.00257   0.01029   0.01442   0.01253   0.01739   0.06049   0.38726   0.00742   0.06374   0.07973   0.03523   0.02582   0.01063   0.00911   0.01922   0.00135   0.00846   0.20963   0.01676   0.10963   0.11326   0.09603   5.03894   1.60601  -0.02840   0.09887   2.49316  
 32 72.7973  13122.973042  x:  0.42484   0.27061   0.03280   0.22952   0.13627   0.11535   0.31785   0.13985   0.06925   0.05101   0.02817   0.01595   0.02848   0.02058   0.01396   0.00257   0.01030   0.01441   0.01262   0.01741   0.06146   0.39057   0.00734   0.06268   0.08240   0.03541   0.02591   0.01058   0.00912   0.01934   0.00135   0.00847   0.20769   0.01697   0.10577   0.11096   0.09685   5.04678   1.59698  -0.01884   0.09836   2.49293  
 33 49.4492  13122.636799  x:  0.42391   0.26612   0.03352   0.23792   0.13191   0.11278   0.32517   0.13703   0.07330   0.04999   0.02825   0.01612   0.02865   0.02067   0.01402   0.00259   0.01034   0.01449   0.01268   0.01748   0.06161   0.39231   0.00735   0.06517   0.08388   0.03464   0.02595   0.01063   0.00916   0.01940   0.00136   0.00853   0.20461   0.01784   0.10931   0.11221   0.09591   5.05848   1.57909   0.00010   0.09769   2.49247  
 34 59.1894  13122.249499  x:  0.43018   0.26426   0.03591   0.23932   0.13336   0.11270   0.33082   0.13631   0.07159   0.05033   0.02848   0.01629   0.02863   0.02081   0.01410   0.00261   0.01042   0.01460   0.01290   0.01765   0.06295   0.39123   0.00726   0.06019   0.07992   0.03584   0.02609   0.01071   0.00925   0.01959   0.00138   0.00855   0.20505   0.01749   0.11322   0.11549   0.09645   5.07242   1.55430   0.02642   0.09664   2.49179  
 35 73.5861  13121.493348  x:  0.44821   0.26342   0.03374   0.23331   0.14029   0.11526   0.33672   0.13949   0.07520   0.05091   0.02907   0.01629   0.02909   0.02109   0.01446   0.00263   0.01058   0.01487   0.01271   0.01784   0.06281   0.38855   0.00733   0.06318   0.08434   0.03595   0.02662   0.01090   0.00937   0.01975   0.00138   0.00868   0.21037   0.01762   0.11041   0.11498   0.09905   5.10021   1.50287   0.08120   0.09505   2.49031  
 36 153.1157  13121.344595  x:  0.45193   0.26549   0.03305   0.23332   0.13725   0.11856   0.33012   0.14055   0.07275   0.05112   0.02919   0.01625   0.02906   0.02106   0.01452   0.00264   0.01063   0.01489   0.01270   0.01789   0.06302   0.39414   0.00724   0.06549   0.08416   0.03618   0.02678   0.01092   0.00940   0.01976   0.00138   0.00868   0.21159   0.01811   0.11283   0.11368   0.09669   5.10559   1.49320   0.09193   0.09475   2.48984  
 37 32.0211  13121.243216  x:  0.45372   0.26734   0.03368   0.23521   0.13782   0.11710   0.32215   0.14028   0.07468   0.05097   0.02927   0.01629   0.02913   0.02113   0.01454   0.00264   0.01064   0.01495   0.01273   0.01792   0.06323   0.40082   0.00714   0.06398   0.08448   0.03615   0.02680   0.01097   0.00942   0.01978   0.00139   0.00867   0.21182   0.01760   0.11165   0.11531   0.09905   5.10905   1.48772   0.09851   0.09458   2.48935  
 38 25.7299  13121.190989  x:  0.45397   0.26760   0.03381   0.23608   0.14125   0.11442   0.32094   0.14011   0.07325   0.05071   0.02926   0.01630   0.02908   0.02109   0.01454   0.00264   0.01065   0.01494   0.01276   0.01793   0.06338   0.40207   0.00710   0.06532   0.08445   0.03601   0.02682   0.01096   0.00943   0.01977   0.00139   0.00867   0.21122   0.01806   0.11209   0.11507   0.09726   5.11030   1.48784   0.09972   0.09454   2.48875  
 39  4.9991  13117.192309  x:  0.46254   0.26356   0.02851   0.22939   0.14431   0.11099   0.32400   0.14629   0.06836   0.04626   0.03067   0.01447   0.02798   0.02039   0.01349   0.00244   0.01048   0.01524   0.01154   0.01667   0.06489   0.40733   0.00534   0.06831   0.08393   0.03599   0.02781   0.01119   0.00896   0.01880   0.00130   0.00768   0.18247   0.00956   0.12514   0.09935   0.11688   5.19021   1.56626   0.13770   0.09523   2.43674  
 40  5.1080  13106.868181  x:  0.48152   0.24588   0.01218   0.21811   0.13888   0.11715   0.33285   0.14928   0.07337   0.03463   0.03359   0.01020   0.02496   0.01825   0.01127   0.00204   0.01007   0.01540   0.00936   0.01397   0.06241   0.41828   0.00229   0.05594   0.08091   0.03475   0.03015   0.01072   0.00793   0.01604   0.00117   0.00587   0.15092   0.01005   0.10490   0.11354   0.09057   5.38726   1.76135   0.23047   0.09602   2.30809  
 41 427.8715  13101.683573  x:  0.48594   0.21866   0.00589   0.22294   0.14060   0.11976   0.33347   0.12054   0.07003   0.02855   0.03450   0.00860   0.02372   0.01757   0.00992   0.00182   0.00985   0.01543   0.00837   0.01248   0.06446   0.42123   0.00072   0.05763   0.08079   0.03405   0.03090   0.01062   0.00732   0.01531   0.00109   0.00500   0.19492   0.00611   0.10760   0.11070   0.09347   5.49247   1.86697   0.27893   0.09674   2.23924  
 42 316.4044  13091.896139  x:  0.50907   0.17179   0.02457   0.21393   0.13915   0.11820   0.33281   0.09877   0.06968   0.02506   0.03313   0.01157   0.02100   0.01827   0.00525   0.00141   0.01164   0.01374   0.00749   0.01048   0.06418   0.43422   0.00173   0.05446   0.07988   0.03524   0.03002   0.00899   0.00732   0.01700   0.00084   0.00821   0.21003   0.01287   0.10557   0.10874   0.08829   5.83450   2.22261   0.56889   0.10127   1.97162  
 43  0.9730  13088.727106  x:  0.51348   0.16553   0.01989   0.20829   0.13982   0.11971   0.32777   0.10675   0.07178   0.03662   0.03083   0.01337   0.02277   0.01873   0.00625   0.00124   0.01338   0.01336   0.00440   0.01007   0.06241   0.43587   0.00182   0.05355   0.07921   0.03749   0.02895   0.00870   0.00803   0.01754   0.00074   0.00935   0.20511   0.01216   0.10605   0.10824   0.08833   6.04963   2.37131   0.73191   0.10322   1.79157  
 44  0.5756  13087.872072  x:  0.51074   0.17003   0.01808   0.20635   0.13975   0.11911   0.32268   0.11159   0.07237   0.03678   0.03046   0.01318   0.02364   0.01909   0.00410   0.00125   0.01427   0.01351   0.00623   0.01015   0.06179   0.43260   0.00167   0.05347   0.07873   0.03770   0.02856   0.00896   0.00859   0.01797   0.00079   0.00950   0.19901   0.01208   0.10666   0.10756   0.08913   6.14771   2.46342   0.82935   0.10348   1.69922  
 45  0.4826  13086.905786  x:  0.50590   0.17824   0.01836   0.20572   0.13930   0.11714   0.31571   0.11677   0.07284   0.03203   0.03059   0.01248   0.02420   0.01921   0.00583   0.00135   0.01578   0.01370   0.00549   0.01055   0.06159   0.42672   0.00158   0.05367   0.07831   0.03731   0.02789   0.00954   0.00969   0.01776   0.00093   0.00962   0.19120   0.01215   0.10768   0.10672   0.09041   6.29742   2.59400   0.96722   0.10320   1.53052  
 46  0.5813  13086.340919  x:  0.50474   0.17429   0.01948   0.21103   0.13825   0.11600   0.32034   0.10986   0.07218   0.03232   0.03074   0.01222   0.02288   0.01839   0.00526   0.00131   0.01688   0.01373   0.00523   0.01007   0.06172   0.42450   0.00173   0.05411   0.07848   0.03641   0.02788   0.00963   0.01067   0.01637   0.00102   0.00935   0.19451   0.00988   0.10612   0.10873   0.08916   6.40556   2.77313   1.12303   0.10166   1.31498  
 47  0.2584  13086.052292  x:  0.50803   0.17297   0.01744   0.21139   0.13920   0.11743   0.32594   0.10993   0.07150   0.03214   0.03105   0.01198   0.02291   0.01870   0.00500   0.00130   0.01753   0.01389   0.00505   0.00968   0.06231   0.42767   0.00187   0.05445   0.07893   0.03637   0.02840   0.00935   0.01156   0.01726   0.00111   0.00899   0.19879   0.01265   0.10659   0.10840   0.08993   6.43191   2.90342   1.24578   0.10094   1.13638  
 48  0.2117  13085.832641  x:  0.51083   0.17616   0.01875   0.20970   0.13975   0.11822   0.32677   0.11229   0.07218   0.03249   0.03115   0.01260   0.02366   0.01890   0.00504   0.00133   0.01775   0.01393   0.00517   0.00943   0.06263   0.43078   0.00157   0.05401   0.07900   0.03671   0.02882   0.00930   0.01233   0.01743   0.00123   0.00855   0.20067   0.01152   0.10677   0.10856   0.08987   6.40229   2.98295   1.33407   0.10074   1.00000  
 49  0.1617  13085.633866  x:  0.51152   0.17858   0.01831   0.20934   0.13999   0.11849   0.32418   0.11361   0.07275   0.03291   0.03100   0.01233   0.02371   0.01882   0.00512   0.00138   0.01771   0.01349   0.00520   0.00864   0.06191   0.43206   0.00223   0.05401   0.07883   0.03691   0.02859   0.00932   0.01346   0.01686   0.00145   0.00872   0.19949   0.01056   0.10759   0.10809   0.09073   6.33000   3.10780   1.47496   0.10090   1.00000  
 50  0.1402  13085.541894  x:  0.50957   0.17628   0.01867   0.21000   0.13955   0.11788   0.32229   0.11261   0.07256   0.03288   0.03094   0.01234   0.02323   0.01878   0.00509   0.00138   0.01749   0.01381   0.00506   0.00826   0.06219   0.43033   0.00155   0.05418   0.07876   0.03683   0.02866   0.00948   0.01392   0.01685   0.00155   0.00864   0.19681   0.01122   0.10738   0.10790   0.09021   6.29706   3.16796   1.53573   0.10131   1.00000  
 51  0.0985  13085.502630  x:  0.50680   0.17456   0.01842   0.21010   0.13918   0.11754   0.32264   0.11085   0.07211   0.03249   0.03094   0.01241   0.02348   0.01880   0.00517   0.00141   0.01716   0.01385   0.00519   0.00840   0.06223   0.42775   0.00178   0.05421   0.07883   0.03668   0.02850   0.00938   0.01407   0.01715   0.00162   0.00890   0.19708   0.01162   0.10655   0.10836   0.08941   6.28581   3.18996   1.55086   0.10171   1.00000  
 52  0.0224  13085.471101  x:  0.50522   0.17479   0.01875   0.20871   0.13901   0.11735   0.32216   0.11159   0.07194   0.03221   0.03102   0.01228   0.02315   0.01874   0.00491   0.00139   0.01670   0.01370   0.00491   0.00849   0.06223   0.42625   0.00177   0.05403   0.07872   0.03643   0.02846   0.00931   0.01417   0.01692   0.00169   0.00907   0.19717   0.01166   0.10661   0.10811   0.08996   6.29447   3.22043   1.57325   0.10181   1.00000  
 53  0.0201  13085.442679  x:  0.50718   0.17521   0.01884   0.20987   0.13920   0.11756   0.32237   0.11186   0.07219   0.03285   0.03100   0.01231   0.02321   0.01881   0.00498   0.00144   0.01630   0.01374   0.00505   0.00890   0.06224   0.42787   0.00167   0.05426   0.07875   0.03660   0.02856   0.00939   0.01434   0.01690   0.00181   0.00902   0.19773   0.01146   0.10713   0.10810   0.09022   6.30279   3.24717   1.60485   0.10160   1.00000  
 54  0.0235  13085.429162  x:  0.50844   0.17556   0.01845   0.21007   0.13933   0.11772   0.32296   0.11189   0.07237   0.03255   0.03093   0.01249   0.02350   0.01882   0.00490   0.00144   0.01620   0.01382   0.00488   0.00885   0.06209   0.42901   0.00171   0.05413   0.07876   0.03671   0.02851   0.00939   0.01435   0.01706   0.00188   0.00893   0.19735   0.01128   0.10694   0.10816   0.08975   6.31639   3.27151   1.63162   0.10140   1.00000  
 55  0.0314  13085.406619  x:  0.50897   0.17584   0.01835   0.20928   0.13951   0.11773   0.32400   0.11159   0.07224   0.03240   0.03096   0.01212   0.02318   0.01874   0.00499   0.00147   0.01627   0.01377   0.00497   0.00876   0.06213   0.42963   0.00178   0.05390   0.07886   0.03672   0.02837   0.00931   0.01415   0.01698   0.00203   0.00866   0.19733   0.01156   0.10654   0.10827   0.08967   6.33224   3.30281   1.66479   0.10141   1.00000  
 56  0.0153  13085.381969  x:  0.50776   0.17487   0.01848   0.21011   0.13933   0.11771   0.32278   0.11185   0.07209   0.03242   0.03098   0.01242   0.02334   0.01877   0.00496   0.00148   0.01627   0.01383   0.00497   0.00857   0.06226   0.42837   0.00177   0.05440   0.07884   0.03664   0.02840   0.00945   0.01366   0.01692   0.00219   0.00864   0.19741   0.01148   0.10709   0.10817   0.09043   6.32908   3.32213   1.68119   0.10157   1.00000  
 57  0.0116  13085.373567  x:  0.50740   0.17590   0.01871   0.20979   0.13917   0.11753   0.32258   0.11181   0.07225   0.03270   0.03096   0.01230   0.02333   0.01885   0.00494   0.00148   0.01636   0.01379   0.00494   0.00858   0.06225   0.42812   0.00172   0.05420   0.07875   0.03664   0.02852   0.00940   0.01348   0.01708   0.00225   0.00877   0.19751   0.01142   0.10688   0.10821   0.08978   6.32197   3.32710   1.68488   0.10161   1.00000  
 58  0.0070  13085.370019  x:  0.50782   0.17580   0.01862   0.20972   0.13928   0.11760   0.32324   0.11190   0.07227   0.03264   0.03099   0.01242   0.02336   0.01875   0.00494   0.00149   0.01652   0.01377   0.00495   0.00867   0.06212   0.42857   0.00172   0.05409   0.07879   0.03666   0.02850   0.00934   0.01348   0.01695   0.00229   0.00885   0.19744   0.01149   0.10681   0.10822   0.08984   6.31685   3.33508   1.69443   0.10153   1.00000  
 59  0.0089  13085.368896  x:  0.50800   0.17553   0.01864   0.20988   0.13934   0.11767   0.32320   0.11186   0.07225   0.03257   0.03098   0.01235   0.02334   0.01881   0.00493   0.00149   0.01661   0.01377   0.00493   0.00870   0.06217   0.42867   0.00172   0.05418   0.07883   0.03668   0.02847   0.00937   0.01351   0.01703   0.00231   0.00886   0.19744   0.01144   0.10690   0.10822   0.09000   6.31467   3.34150   1.70161   0.10150   1.00000  
 60  0.0089  13085.368677  x:  0.50783   0.17564   0.01861   0.20985   0.13930   0.11765   0.32293   0.11177   0.07222   0.03258   0.03097   0.01236   0.02333   0.01880   0.00491   0.00149   0.01663   0.01378   0.00492   0.00871   0.06220   0.42851   0.00172   0.05420   0.07881   0.03667   0.02846   0.00939   0.01353   0.01701   0.00232   0.00884   0.19751   0.01147   0.10690   0.10820   0.08992   6.31335   3.34263   1.70249   0.10152   1.00000  
 61  0.0015  13085.368600  x:  0.50772   0.17552   0.01861   0.20981   0.13928   0.11763   0.32294   0.11183   0.07224   0.03259   0.03097   0.01235   0.02334   0.01880   0.00491   0.00148   0.01663   0.01378   0.00491   0.00873   0.06219   0.42845   0.00172   0.05416   0.07880   0.03667   0.02847   0.00938   0.01352   0.01701   0.00232   0.00882   0.19744   0.01145   0.10688   0.10820   0.08992   6.31223   3.34041   1.70007   0.10154   1.00000  
 62  0.0019  13085.368516  x:  0.50774   0.17561   0.01860   0.20975   0.13930   0.11763   0.32295   0.11176   0.07222   0.03259   0.03098   0.01236   0.02333   0.01880   0.00492   0.00147   0.01662   0.01378   0.00491   0.00873   0.06218   0.42849   0.00173   0.05420   0.07881   0.03667   0.02849   0.00938   0.01351   0.01701   0.00231   0.00882   0.19740   0.01145   0.10689   0.10820   0.08997   6.31184   3.33429   1.69398   0.10153   1.00000  
 63  0.0022  13085.368327  x:  0.50782   0.17555   0.01861   0.20984   0.13931   0.11766   0.32291   0.11180   0.07222   0.03258   0.03098   0.01235   0.02335   0.01880   0.00492   0.00145   0.01662   0.01378   0.00492   0.00873   0.06219   0.42853   0.00173   0.05418   0.07881   0.03666   0.02849   0.00939   0.01351   0.01700   0.00231   0.00883   0.19742   0.01148   0.10689   0.10818   0.08990   6.31215   3.32261   1.68241   0.10151   1.00000  
 64  0.0053  13085.368264  x:  0.50778   0.17556   0.01862   0.20983   0.13929   0.11764   0.32295   0.11181   0.07223   0.03259   0.03097   0.01236   0.02333   0.01880   0.00492   0.00144   0.01662   0.01378   0.00492   0.00873   0.06219   0.42850   0.00172   0.05417   0.07880   0.03667   0.02847   0.00938   0.01352   0.01701   0.00232   0.00883   0.19744   0.01146   0.10689   0.10820   0.08992   6.31267   3.32054   1.68031   0.10153   1.00000  
 65  0.0023  13085.368260  x:  0.50778   0.17557   0.01862   0.20982   0.13929   0.11764   0.32296   0.11180   0.07223   0.03259   0.03097   0.01236   0.02334   0.01880   0.00492   0.00144   0.01662   0.01378   0.00492   0.00873   0.06219   0.42849   0.00172   0.05418   0.07880   0.03667   0.02847   0.00938   0.01353   0.01701   0.00232   0.00883   0.19745   0.01146   0.10689   0.10820   0.08993   6.31276   3.32047   1.68023   0.10153   1.00000  
 66  0.0002  13085.368260  x:  0.50778   0.17557   0.01861   0.20982   0.13930   0.11764   0.32296   0.11181   0.07223   0.03259   0.03097   0.01236   0.02334   0.01880   0.00492   0.00145   0.01662   0.01378   0.00492   0.00873   0.06219   0.42849   0.00172   0.05418   0.07881   0.03667   0.02847   0.00938   0.01353   0.01701   0.00232   0.00883   0.19746   0.01146   0.10689   0.10820   0.08993   6.31283   3.31996   1.67971   0.10153   1.00000  
 67  0.0005  13085.368256  x:  0.50777   0.17558   0.01861   0.20982   0.13929   0.11764   0.32295   0.11180   0.07223   0.03259   0.03097   0.01236   0.02334   0.01880   0.00492   0.00145   0.01662   0.01378   0.00492   0.00872   0.06219   0.42848   0.00172   0.05417   0.07880   0.03667   0.02847   0.00938   0.01353   0.01701   0.00232   0.00883   0.19745   0.01146   0.10689   0.10820   0.08993   6.31283   3.31395   1.67365   0.10153   1.00000  
 68  0.0011  13085.368247  x:  0.50777   0.17557   0.01861   0.20982   0.13929   0.11764   0.32296   0.11180   0.07223   0.03258   0.03097   0.01236   0.02334   0.01880   0.00492   0.00145   0.01662   0.01378   0.00492   0.00872   0.06219   0.42849   0.00172   0.05418   0.07880   0.03667   0.02848   0.00938   0.01353   0.01701   0.00233   0.00883   0.19744   0.01146   0.10689   0.10820   0.08993   6.31282   3.28895   1.64865   0.10153   1.00000  
 69  0.0116  13085.368245  x:  0.50778   0.17557   0.01861   0.20982   0.13929   0.11764   0.32296   0.11181   0.07223   0.03259   0.03097   0.01236   0.02334   0.01880   0.00492   0.00145   0.01662   0.01378   0.00492   0.00872   0.06219   0.42849   0.00172   0.05418   0.07881   0.03667   0.02847   0.00938   0.01353   0.01701   0.00232   0.00883   0.19745   0.01146   0.10689   0.10820   0.08993   6.31282   3.28527   1.64504   0.10153   1.00000  
 70  0.0038  13085.368245  x:  0.50778   0.17557   0.01861   0.20982   0.13929   0.11764   0.32296   0.11181   0.07223   0.03259   0.03097   0.01236   0.02334   0.01880   0.00492   0.00145   0.01662   0.01378   0.00492   0.00872   0.06219   0.42849   0.00172   0.05418   0.07881   0.03667   0.02847   0.00938   0.01353   0.01701   0.00232   0.00883   0.19745   0.01146   0.10689   0.10820   0.08993   6.31282   3.28526   1.64502   0.10153   1.00000  
 71  0.0000  13085.368245  x:  0.50778   0.17557   0.01861   0.20982   0.13929   0.11764   0.32296   0.11181   0.07223   0.03259   0.03097   0.01236   0.02334   0.01880   0.00492   0.00145   0.01662   0.01378   0.00492   0.00872   0.06219   0.42849   0.00172   0.05418   0.07881   0.03667   0.02847   0.00938   0.01353   0.01701   0.00232   0.00883   0.19745   0.01146   0.10689   0.10820   0.08993   6.31282   3.28526   1.64502   0.10153   1.00000  
 72  0.0001  13085.368245  x:  0.50778   0.17557   0.01861   0.20982   0.13929   0.11764   0.32296   0.11181   0.07223   0.03259   0.03097   0.01236   0.02334   0.01880   0.00492   0.00145   0.01662   0.01378   0.00492   0.00872   0.06219   0.42849   0.00172   0.05418   0.07881   0.03667   0.02847   0.00938   0.01353   0.01701   0.00232   0.00883   0.19745   0.01146   0.10689   0.10820   0.08993   6.31282   3.28526   1.64502   0.10153   1.00000  
check convergence!
