Supplemental results for CODEML (seqf: Human_TAS1R1_breaks2_2nd_attempt.txt  treef: TAS1R1_revised_tree_following_error_message.txt)


MLEs of dN/dS (w) for site classes (K=4)

site class             0        1       2a       2b
proportion       0.76210  0.23790  0.00000  0.00000
background w     0.10380  1.00000  0.10380  1.00000
foreground w     0.10380  1.00000  1.00000  1.00000

Naive Empirical Bayes (NEB) probabilities for 4 classes
(amino acids refer to 1st sequence: 1.Tarsier)

   1 M   0.99195 0.00805 0.00000 0.00000 ( 1)
   2 F   0.67653 0.32347 0.00000 0.00000 ( 1)
   3 H   0.48334 0.51666 0.00000 0.00000 ( 2)
   4 H   0.00045 0.99955 0.00000 0.00000 ( 2)
   5 V   0.00001 0.99999 0.00000 0.00000 ( 2)
   6 A   0.63354 0.36646 0.00000 0.00000 ( 1)
   7 H   0.00701 0.99299 0.00000 0.00000 ( 2)
   8 L   0.95342 0.04658 0.00000 0.00000 ( 1)
   9 V   0.43877 0.56123 0.00000 0.00000 ( 2)
  10 G   0.90045 0.09955 0.00000 0.00000 ( 1)
  11 L   0.94667 0.05333 0.00000 0.00000 ( 1)
  12 Q   0.95016 0.04984 0.00000 0.00000 ( 1)
  13 L   0.94051 0.05949 0.00000 0.00000 ( 1)
  14 S   0.05615 0.94385 0.00000 0.00000 ( 2)
  15 I   0.60059 0.39941 0.00000 0.00000 ( 1)
  16 S   0.89838 0.10162 0.00000 0.00000 ( 1)
  17 C   0.87620 0.12380 0.00000 0.00000 ( 1)
  18 C   0.98564 0.01436 0.00000 0.00000 ( 1)
  19 W   0.68521 0.31479 0.00000 0.00000 ( 1)
  20 A   0.98099 0.01901 0.00000 0.00000 ( 1)
  21 F   0.79780 0.20220 0.00000 0.00000 ( 1)
  22 S   0.48030 0.51970 0.00000 0.00000 ( 2)
  23 C   0.98595 0.01405 0.00000 0.00000 ( 1)
  24 H   0.98298 0.01702 0.00000 0.00000 ( 1)
  25 N   0.08643 0.91357 0.00000 0.00000 ( 2)
  26 T   0.01662 0.98338 0.00000 0.00000 ( 2)
  27 E   0.83424 0.16576 0.00000 0.00000 ( 1)
  28 F   0.03874 0.96126 0.00000 0.00000 ( 2)
  29 S   0.93257 0.06743 0.00000 0.00000 ( 1)
  30 P   0.95583 0.04417 0.00000 0.00000 ( 1)
  31 D   0.92462 0.07538 0.00000 0.00000 ( 1)
  32 F   0.99273 0.00727 0.00000 0.00000 ( 1)
  33 S   0.90309 0.09691 0.00000 0.00000 ( 1)
  34 L   0.98911 0.01089 0.00000 0.00000 ( 1)
  35 P   0.79173 0.20827 0.00000 0.00000 ( 1)
  36 G   0.97126 0.02874 0.00000 0.00000 ( 1)
  37 N   0.69754 0.30246 0.00000 0.00000 ( 1)
  38 Y   0.98507 0.01493 0.00000 0.00000 ( 1)
  39 L   0.98889 0.01111 0.00000 0.00000 ( 1)
  40 L   0.95139 0.04861 0.00000 0.00000 ( 1)
  41 A   0.41838 0.58162 0.00000 0.00000 ( 2)
  42 G   0.98769 0.01231 0.00000 0.00000 ( 1)
  43 F   0.19756 0.80244 0.00000 0.00000 ( 2)
  44 F   0.99267 0.00733 0.00000 0.00000 ( 1)
  45 P   0.60583 0.39417 0.00000 0.00000 ( 1)
  46 L   0.99011 0.00989 0.00000 0.00000 ( 1)
  47 H   0.94995 0.05005 0.00000 0.00000 ( 1)
  48 G   0.13411 0.86589 0.00000 0.00000 ( 2)
  49 D   0.29185 0.70815 0.00000 0.00000 ( 2)
  50 C   0.13353 0.86647 0.00000 0.00000 ( 2)
  51 L   0.67013 0.32987 0.00000 0.00000 ( 1)
  52 Q   0.96327 0.03673 0.00000 0.00000 ( 1)
  53 V   0.98410 0.01590 0.00000 0.00000 ( 1)
  54 R   0.95478 0.04521 0.00000 0.00000 ( 1)
  55 H   0.46911 0.53089 0.00000 0.00000 ( 2)
  56 R   0.88852 0.11148 0.00000 0.00000 ( 1)
  57 P   0.98239 0.01761 0.00000 0.00000 ( 1)
  58 E   0.98165 0.01835 0.00000 0.00000 ( 1)
  59 V   0.98323 0.01677 0.00000 0.00000 ( 1)
  60 T   0.82828 0.17172 0.00000 0.00000 ( 1)
  61 L   0.96126 0.03874 0.00000 0.00000 ( 1)
  62 C   0.92491 0.07509 0.00000 0.00000 ( 1)
  63 D   0.98896 0.01104 0.00000 0.00000 ( 1)
  64 R   0.96755 0.03245 0.00000 0.00000 ( 1)
  65 T   0.00046 0.99954 0.00000 0.00000 ( 2)
  66 C   0.04222 0.95778 0.00000 0.00000 ( 2)
  67 G   0.06929 0.93071 0.00000 0.00000 ( 2)
  68 F   0.99033 0.00967 0.00000 0.00000 ( 1)
  69 N   0.95599 0.04401 0.00000 0.00000 ( 1)
  70 G   0.29113 0.70887 0.00000 0.00000 ( 2)
  71 H   0.97941 0.02059 0.00000 0.00000 ( 1)
  72 G   0.84800 0.15200 0.00000 0.00000 ( 1)
  73 Y   0.40662 0.59338 0.00000 0.00000 ( 2)
  74 H   0.37518 0.62482 0.00000 0.00000 ( 2)
  75 L   0.89162 0.10838 0.00000 0.00000 ( 1)
  76 F   0.92890 0.07110 0.00000 0.00000 ( 1)
  77 Q   0.21852 0.78148 0.00000 0.00000 ( 2)
  78 A   0.33912 0.66088 0.00000 0.00000 ( 2)
  79 M   0.41561 0.58439 0.00000 0.00000 ( 2)
  80 R   0.74628 0.25372 0.00000 0.00000 ( 1)
  81 L   0.68571 0.31429 0.00000 0.00000 ( 1)
  82 S   0.00057 0.99943 0.00000 0.00000 ( 2)
  83 I   0.18637 0.81363 0.00000 0.00000 ( 2)
  84 E   0.19255 0.80745 0.00000 0.00000 ( 2)
  85 A   0.77253 0.22747 0.00000 0.00000 ( 1)
  86 I   0.95028 0.04972 0.00000 0.00000 ( 1)
  87 N   0.98746 0.01254 0.00000 0.00000 ( 1)
  88 N   0.98746 0.01254 0.00000 0.00000 ( 1)
  89 S   0.98490 0.01510 0.00000 0.00000 ( 1)
  90 T   0.97200 0.02800 0.00000 0.00000 ( 1)
  91 V   0.48537 0.51463 0.00000 0.00000 ( 2)
  92 L   0.94412 0.05588 0.00000 0.00000 ( 1)
  93 L   0.94387 0.05613 0.00000 0.00000 ( 1)
  94 P   0.98887 0.01113 0.00000 0.00000 ( 1)
  95 N   0.79116 0.20884 0.00000 0.00000 ( 1)
  96 V   0.10825 0.89175 0.00000 0.00000 ( 2)
  97 T   0.91311 0.08689 0.00000 0.00000 ( 1)
  98 L   0.54039 0.45961 0.00000 0.00000 ( 1)
  99 G   0.97868 0.02132 0.00000 0.00000 ( 1)
 100 Y   0.19442 0.80558 0.00000 0.00000 ( 2)
 101 E   0.00385 0.99615 0.00000 0.00000 ( 2)
 102 L   0.95145 0.04855 0.00000 0.00000 ( 1)
 103 Y   0.08674 0.91326 0.00000 0.00000 ( 2)
 104 D   0.95920 0.04080 0.00000 0.00000 ( 1)
 105 V   0.97882 0.02118 0.00000 0.00000 ( 1)
 106 C   0.97977 0.02023 0.00000 0.00000 ( 1)
 107 S   0.94895 0.05105 0.00000 0.00000 ( 1)
 108 E   0.85741 0.14259 0.00000 0.00000 ( 1)
 109 S   0.92940 0.07060 0.00000 0.00000 ( 1)
 110 A   0.98961 0.01039 0.00000 0.00000 ( 1)
 111 N   0.95082 0.04918 0.00000 0.00000 ( 1)
 112 V   0.97882 0.02118 0.00000 0.00000 ( 1)
 113 Y   0.92688 0.07312 0.00000 0.00000 ( 1)
 114 A   0.98841 0.01159 0.00000 0.00000 ( 1)
 115 T   0.97219 0.02781 0.00000 0.00000 ( 1)
 116 L   0.94412 0.05588 0.00000 0.00000 ( 1)
 117 S   0.09163 0.90837 0.00000 0.00000 ( 2)
 118 V   0.82768 0.17232 0.00000 0.00000 ( 1)
 119 L   0.98741 0.01259 0.00000 0.00000 ( 1)
 120 S   0.98402 0.01598 0.00000 0.00000 ( 1)
 121 L   0.14459 0.85541 0.00000 0.00000 ( 2)
 122 P   0.42950 0.57050 0.00000 0.00000 ( 2)
 123 G   0.97611 0.02389 0.00000 0.00000 ( 1)
 124 T   0.07897 0.92103 0.00000 0.00000 ( 2)
 125 R   0.00001 0.99999 0.00000 0.00000 ( 2)
 126 H   0.98603 0.01397 0.00000 0.00000 ( 1)
 127 I   0.94739 0.05261 0.00000 0.00000 ( 1)
 128 D   0.31846 0.68154 0.00000 0.00000 ( 2)
 129 I   0.90013 0.09987 0.00000 0.00000 ( 1)
 130 Q   0.91536 0.08464 0.00000 0.00000 ( 1)
 131 G   0.45430 0.54570 0.00000 0.00000 ( 2)
 132 D   0.85683 0.14317 0.00000 0.00000 ( 1)
 133 F   0.12802 0.87198 0.00000 0.00000 ( 2)
 134 L   0.98741 0.01259 0.00000 0.00000 ( 1)
 135 H   0.00559 0.99441 0.00000 0.00000 ( 2)
 136 Y   0.92588 0.07412 0.00000 0.00000 ( 1)
 137 S   0.03852 0.96148 0.00000 0.00000 ( 2)
 138 P   0.97271 0.02729 0.00000 0.00000 ( 1)
 139 K   0.79418 0.20582 0.00000 0.00000 ( 1)
 140 I   0.71252 0.28748 0.00000 0.00000 ( 1)
 141 V   0.74197 0.25803 0.00000 0.00000 ( 1)
 142 A   0.96745 0.03255 0.00000 0.00000 ( 1)
 143 V   0.97900 0.02100 0.00000 0.00000 ( 1)
 144 I   0.54003 0.45997 0.00000 0.00000 ( 1)
 145 G   0.81691 0.18309 0.00000 0.00000 ( 1)
 146 P   0.64578 0.35422 0.00000 0.00000 ( 1)
 147 D   0.46312 0.53688 0.00000 0.00000 ( 2)
 148 S   0.00033 0.99967 0.00000 0.00000 ( 2)
 149 T   0.90098 0.09902 0.00000 0.00000 ( 1)
 150 D   0.09741 0.90259 0.00000 0.00000 ( 2)
 151 H   0.00015 0.99985 0.00000 0.00000 ( 2)
 152 A   0.63648 0.36352 0.00000 0.00000 ( 1)
 153 A   0.75322 0.24678 0.00000 0.00000 ( 1)
 154 T   0.64633 0.35367 0.00000 0.00000 ( 1)
 155 T   0.08542 0.91458 0.00000 0.00000 ( 2)
 156 A   0.96978 0.03022 0.00000 0.00000 ( 1)
 157 A   0.88748 0.11252 0.00000 0.00000 ( 1)
 158 L   0.94006 0.05994 0.00000 0.00000 ( 1)
 159 L   0.94847 0.05153 0.00000 0.00000 ( 1)
 160 S   0.88100 0.11900 0.00000 0.00000 ( 1)
 161 P   0.92932 0.07068 0.00000 0.00000 ( 1)
 162 F   0.40300 0.59700 0.00000 0.00000 ( 2)
 163 L   0.94155 0.05845 0.00000 0.00000 ( 1)
 164 V   0.36535 0.63465 0.00000 0.00000 ( 2)
 165 P   0.98856 0.01144 0.00000 0.00000 ( 1)
 166 L   0.17212 0.82788 0.00000 0.00000 ( 2)
 167 I   0.99300 0.00700 0.00000 0.00000 ( 1)
 168 S   0.98974 0.01026 0.00000 0.00000 ( 1)
 169 Y   0.95677 0.04323 0.00000 0.00000 ( 1)
 170 E   0.00393 0.99607 0.00000 0.00000 ( 2)
 171 A   0.99233 0.00767 0.00000 0.00000 ( 1)
 172 S   0.98974 0.01026 0.00000 0.00000 ( 1)
 173 S   0.98904 0.01096 0.00000 0.00000 ( 1)
 174 T   0.00039 0.99961 0.00000 0.00000 ( 2)
 175 T   0.02578 0.97422 0.00000 0.00000 ( 2)
 176 L   0.98536 0.01464 0.00000 0.00000 ( 1)
 177 S   0.47078 0.52922 0.00000 0.00000 ( 2)
 178 V   0.00060 0.99940 0.00000 0.00000 ( 2)
 179 K   0.97967 0.02033 0.00000 0.00000 ( 1)
 180 R   0.23438 0.76562 0.00000 0.00000 ( 2)
 181 Q   0.67535 0.32465 0.00000 0.00000 ( 1)
 182 Y   0.93379 0.06621 0.00000 0.00000 ( 1)
 183 P   0.99002 0.00998 0.00000 0.00000 ( 1)
 184 S   0.94113 0.05887 0.00000 0.00000 ( 1)
 185 F   0.98540 0.01460 0.00000 0.00000 ( 1)
 186 L   0.95145 0.04855 0.00000 0.00000 ( 1)
 187 R   0.98574 0.01426 0.00000 0.00000 ( 1)
 188 T   0.99101 0.00899 0.00000 0.00000 ( 1)
 189 I   0.94548 0.05452 0.00000 0.00000 ( 1)
 190 P   0.99002 0.00998 0.00000 0.00000 ( 1)
 191 S   0.32458 0.67542 0.00000 0.00000 ( 2)
 192 D   0.99133 0.00867 0.00000 0.00000 ( 1)
 193 R   0.33486 0.66514 0.00000 0.00000 ( 2)
 194 H   0.07068 0.92932 0.00000 0.00000 ( 2)
 195 Q   0.96327 0.03673 0.00000 0.00000 ( 1)
 196 V   0.98323 0.01677 0.00000 0.00000 ( 1)
 197 E   0.98257 0.01743 0.00000 0.00000 ( 1)
 198 V   0.54083 0.45917 0.00000 0.00000 ( 1)
 199 M   0.92106 0.07894 0.00000 0.00000 ( 1)
 200 V   0.98323 0.01677 0.00000 0.00000 ( 1)
 201 L   0.66181 0.33819 0.00000 0.00000 ( 1)
 202 L   0.95145 0.04855 0.00000 0.00000 ( 1)
 203 L   0.95125 0.04875 0.00000 0.00000 ( 1)
 204 Q   0.01851 0.98149 0.00000 0.00000 ( 2)
 205 R   0.28988 0.71012 0.00000 0.00000 ( 2)
 206 F   0.99288 0.00712 0.00000 0.00000 ( 1)
 207 R   0.00046 0.99954 0.00000 0.00000 ( 2)
 208 W   0.95390 0.04610 0.00000 0.00000 ( 1)
 209 V   0.45768 0.54232 0.00000 0.00000 ( 2)
 210 W   0.95390 0.04610 0.00000 0.00000 ( 1)
 211 I   0.99416 0.00584 0.00000 0.00000 ( 1)
 212 S   0.94171 0.05829 0.00000 0.00000 ( 1)
 213 L   0.95145 0.04855 0.00000 0.00000 ( 1)
 214 V   0.27443 0.72557 0.00000 0.00000 ( 2)
 215 G   0.98887 0.01113 0.00000 0.00000 ( 1)
 216 S   0.98914 0.01086 0.00000 0.00000 ( 1)
 217 Y   0.00139 0.99861 0.00000 0.00000 ( 2)
 218 G   0.79776 0.20224 0.00000 0.00000 ( 1)
 219 D   0.99177 0.00823 0.00000 0.00000 ( 1)
 220 Y   0.95677 0.04323 0.00000 0.00000 ( 1)
 221 G   0.97894 0.02106 0.00000 0.00000 ( 1)
 222 Q   0.76117 0.23883 0.00000 0.00000 ( 1)
 223 Q   0.11870 0.88130 0.00000 0.00000 ( 2)
 224 G   0.79191 0.20809 0.00000 0.00000 ( 1)
 225 V   0.98073 0.01927 0.00000 0.00000 ( 1)
 226 Q   0.73031 0.26969 0.00000 0.00000 ( 1)
 227 A   0.64965 0.35035 0.00000 0.00000 ( 1)
 228 L   0.95336 0.04664 0.00000 0.00000 ( 1)
 229 E   0.37503 0.62497 0.00000 0.00000 ( 2)
 230 N   0.00947 0.99053 0.00000 0.00000 ( 2)
 231 Q   0.72889 0.27111 0.00000 0.00000 ( 1)
 232 A   0.99233 0.00767 0.00000 0.00000 ( 1)
 233 T   0.97770 0.02230 0.00000 0.00000 ( 1)
 234 D   0.00154 0.99846 0.00000 0.00000 ( 2)
 235 Q   0.70860 0.29140 0.00000 0.00000 ( 1)
 236 G   0.35828 0.64172 0.00000 0.00000 ( 2)
 237 I   0.94454 0.05546 0.00000 0.00000 ( 1)
 238 C   0.98626 0.01374 0.00000 0.00000 ( 1)
 239 I   0.95657 0.04343 0.00000 0.00000 ( 1)
 240 A   0.94746 0.05254 0.00000 0.00000 ( 1)
 241 F   0.99288 0.00712 0.00000 0.00000 ( 1)
 242 K   0.97967 0.02033 0.00000 0.00000 ( 1)
 243 D   0.92048 0.07952 0.00000 0.00000 ( 1)
 244 I   0.43015 0.56985 0.00000 0.00000 ( 2)
 245 V   0.84917 0.15083 0.00000 0.00000 ( 1)
 246 P   0.98758 0.01242 0.00000 0.00000 ( 1)
 247 L   0.92350 0.07650 0.00000 0.00000 ( 1)
 248 S   0.60270 0.39730 0.00000 0.00000 ( 1)
 249 A   0.99233 0.00767 0.00000 0.00000 ( 1)
 250 R   0.00023 0.99977 0.00000 0.00000 ( 2)
 251 V   0.97791 0.02209 0.00000 0.00000 ( 1)
 252 G   0.96693 0.03307 0.00000 0.00000 ( 1)
 253 D   0.95506 0.04494 0.00000 0.00000 ( 1)
 254 E   0.36836 0.63164 0.00000 0.00000 ( 2)
 255 R   0.78300 0.21700 0.00000 0.00000 ( 1)
 256 M   0.99195 0.00805 0.00000 0.00000 ( 1)
 257 Q   0.73107 0.26893 0.00000 0.00000 ( 1)
 258 G   0.00476 0.99524 0.00000 0.00000 ( 2)
 259 M   0.08046 0.91954 0.00000 0.00000 ( 2)
 260 M   0.99195 0.00805 0.00000 0.00000 ( 1)
 261 N   0.00069 0.99931 0.00000 0.00000 ( 2)
 262 R   0.08695 0.91305 0.00000 0.00000 ( 2)
 263 L   0.95145 0.04855 0.00000 0.00000 ( 1)
 264 A   0.93022 0.06978 0.00000 0.00000 ( 1)
 265 R   0.02451 0.97549 0.00000 0.00000 ( 2)
 266 A   0.99082 0.00918 0.00000 0.00000 ( 1)
 267 G   0.00477 0.99523 0.00000 0.00000 ( 2)
 268 T   0.91581 0.08419 0.00000 0.00000 ( 1)
 269 T   0.83722 0.16278 0.00000 0.00000 ( 1)
 270 V   0.98994 0.01006 0.00000 0.00000 ( 1)
 271 V   0.98323 0.01677 0.00000 0.00000 ( 1)
 272 V   0.32977 0.67023 0.00000 0.00000 ( 2)
 273 V   0.94863 0.05137 0.00000 0.00000 ( 1)
 274 F   0.98235 0.01765 0.00000 0.00000 ( 1)
 275 S   0.98842 0.01158 0.00000 0.00000 ( 1)
 276 S   0.00613 0.99387 0.00000 0.00000 ( 2)
 277 R   0.11682 0.88318 0.00000 0.00000 ( 2)
 278 R   0.00030 0.99970 0.00000 0.00000 ( 2)
 279 L   0.09036 0.90964 0.00000 0.00000 ( 2)
 280 A   0.99233 0.00767 0.00000 0.00000 ( 1)
 281 R   0.81747 0.18253 0.00000 0.00000 ( 1)
 282 V   0.98323 0.01677 0.00000 0.00000 ( 1)
 283 F   0.98785 0.01215 0.00000 0.00000 ( 1)
 284 F   0.98965 0.01035 0.00000 0.00000 ( 1)
 285 E   0.98257 0.01743 0.00000 0.00000 ( 1)
 286 S   0.98329 0.01671 0.00000 0.00000 ( 1)
 287 V   0.98323 0.01677 0.00000 0.00000 ( 1)
 288 V   0.98323 0.01677 0.00000 0.00000 ( 1)
 289 L   0.95072 0.04928 0.00000 0.00000 ( 1)
 290 A   0.92947 0.07053 0.00000 0.00000 ( 1)
 291 N   0.91533 0.08467 0.00000 0.00000 ( 1)
 292 L   0.67050 0.32950 0.00000 0.00000 ( 1)
 293 T   0.94104 0.05896 0.00000 0.00000 ( 1)
 294 G   0.98887 0.01113 0.00000 0.00000 ( 1)
 295 K   0.97967 0.02033 0.00000 0.00000 ( 1)
 296 V   0.98323 0.01677 0.00000 0.00000 ( 1)
 297 W   0.95390 0.04610 0.00000 0.00000 ( 1)
 298 I   0.47595 0.52405 0.00000 0.00000 ( 2)
 299 A   0.99233 0.00767 0.00000 0.00000 ( 1)
 300 S   0.87418 0.12582 0.00000 0.00000 ( 1)
 301 E   0.91885 0.08115 0.00000 0.00000 ( 1)
 302 D   0.50670 0.49330 0.00000 0.00000 ( 1)
 303 W   0.95390 0.04610 0.00000 0.00000 ( 1)
 304 A   0.91875 0.08125 0.00000 0.00000 ( 1)
 305 I   0.92145 0.07855 0.00000 0.00000 ( 1)
 306 S   0.98842 0.01158 0.00000 0.00000 ( 1)
 307 R   0.04690 0.95310 0.00000 0.00000 ( 2)
 308 H   0.89436 0.10564 0.00000 0.00000 ( 1)
 309 I   0.99416 0.00584 0.00000 0.00000 ( 1)
 310 T   0.64743 0.35257 0.00000 0.00000 ( 1)
 311 G   0.28911 0.71089 0.00000 0.00000 ( 2)
 312 V   0.98046 0.01954 0.00000 0.00000 ( 1)
 313 P   0.97982 0.02018 0.00000 0.00000 ( 1)
 314 G   0.97707 0.02293 0.00000 0.00000 ( 1)
 315 I   0.99416 0.00584 0.00000 0.00000 ( 1)
 316 Q   0.19962 0.80038 0.00000 0.00000 ( 2)
 317 G   0.43238 0.56762 0.00000 0.00000 ( 2)
 318 I   0.96963 0.03037 0.00000 0.00000 ( 1)
 319 G   0.97646 0.02354 0.00000 0.00000 ( 1)
 320 T   0.00029 0.99971 0.00000 0.00000 ( 2)
 321 V   0.98386 0.01614 0.00000 0.00000 ( 1)
 322 L   0.95145 0.04855 0.00000 0.00000 ( 1)
 323 G   0.95871 0.04129 0.00000 0.00000 ( 1)
 324 V   0.98286 0.01714 0.00000 0.00000 ( 1)
 325 A   0.99233 0.00767 0.00000 0.00000 ( 1)
 326 I   0.99416 0.00584 0.00000 0.00000 ( 1)
 327 Q   0.96327 0.03673 0.00000 0.00000 ( 1)
 328 L   0.02843 0.97157 0.00000 0.00000 ( 2)
 329 R   0.31481 0.68519 0.00000 0.00000 ( 2)
 330 L   0.00012 0.99988 0.00000 0.00000 ( 2)
 331 V   0.92628 0.07372 0.00000 0.00000 ( 1)
 332 P   0.94875 0.05125 0.00000 0.00000 ( 1)
 333 G   0.90173 0.09827 0.00000 0.00000 ( 1)
 334 L   0.95114 0.04886 0.00000 0.00000 ( 1)
 335 K   0.83339 0.16661 0.00000 0.00000 ( 1)
 336 E   0.80772 0.19228 0.00000 0.00000 ( 1)
 337 F   0.67898 0.32102 0.00000 0.00000 ( 1)
 338 E   0.90754 0.09246 0.00000 0.00000 ( 1)
 339 E   0.96114 0.03886 0.00000 0.00000 ( 1)
 340 A   0.99233 0.00767 0.00000 0.00000 ( 1)
 341 Y   0.92494 0.07506 0.00000 0.00000 ( 1)
 342 A   0.93067 0.06933 0.00000 0.00000 ( 1)
 343 Q   0.00090 0.99910 0.00000 0.00000 ( 2)
 344 A   0.52857 0.47143 0.00000 0.00000 ( 1)
 345 D   0.99177 0.00823 0.00000 0.00000 ( 1)
 346 K   0.97967 0.02033 0.00000 0.00000 ( 1)
 347 G   0.00411 0.99589 0.00000 0.00000 ( 2)
 348 A   0.92042 0.07958 0.00000 0.00000 ( 1)
 349 P   0.03951 0.96049 0.00000 0.00000 ( 2)
 350 L   0.14463 0.85537 0.00000 0.00000 ( 2)
 351 P   0.47182 0.52818 0.00000 0.00000 ( 2)
 352 C   0.98441 0.01559 0.00000 0.00000 ( 1)
 353 P   0.00870 0.99130 0.00000 0.00000 ( 2)
 354 T   0.03186 0.96814 0.00000 0.00000 ( 2)
 355 G   0.90097 0.09903 0.00000 0.00000 ( 1)
 356 A   0.88399 0.11601 0.00000 0.00000 ( 1)
 357 W   0.70374 0.29626 0.00000 0.00000 ( 1)
 358 C   0.98626 0.01374 0.00000 0.00000 ( 1)
 359 S   0.98974 0.01026 0.00000 0.00000 ( 1)
 360 S   0.98974 0.01026 0.00000 0.00000 ( 1)
 361 N   0.94564 0.05436 0.00000 0.00000 ( 1)
 362 Q   0.96327 0.03673 0.00000 0.00000 ( 1)
 363 L   0.47818 0.52182 0.00000 0.00000 ( 2)
 364 C   0.98441 0.01559 0.00000 0.00000 ( 1)
 365 R   0.89988 0.10012 0.00000 0.00000 ( 1)
 366 E   0.08829 0.91171 0.00000 0.00000 ( 2)
 367 C   0.98428 0.01572 0.00000 0.00000 ( 1)
 368 C   0.00022 0.99978 0.00000 0.00000 ( 2)
 369 A   0.67370 0.32630 0.00000 0.00000 ( 1)
 370 F   0.99288 0.00712 0.00000 0.00000 ( 1)
 371 T   0.00004 0.99996 0.00000 0.00000 ( 2)
 372 A   0.06826 0.93174 0.00000 0.00000 ( 2)
 373 H   0.98910 0.01090 0.00000 0.00000 ( 1)
 374 T   0.00003 0.99997 0.00000 0.00000 ( 2)
 375 T   0.92132 0.07868 0.00000 0.00000 ( 1)
 376 P   0.98949 0.01051 0.00000 0.00000 ( 1)
 377 T   0.02565 0.97435 0.00000 0.00000 ( 2)
 378 L   0.98234 0.01766 0.00000 0.00000 ( 1)
 379 G   0.00008 0.99992 0.00000 0.00000 ( 2)
 380 P   0.51822 0.48178 0.00000 0.00000 ( 1)
 381 F   0.92999 0.07001 0.00000 0.00000 ( 1)
 382 S   0.98842 0.01158 0.00000 0.00000 ( 1)
 383 M   0.99195 0.00805 0.00000 0.00000 ( 1)
 384 S   0.94413 0.05587 0.00000 0.00000 ( 1)
 385 S   0.60039 0.39961 0.00000 0.00000 ( 1)
 386 A   0.99233 0.00767 0.00000 0.00000 ( 1)
 387 Y   0.98507 0.01493 0.00000 0.00000 ( 1)
 388 N   0.99030 0.00970 0.00000 0.00000 ( 1)
 389 V   0.23782 0.76218 0.00000 0.00000 ( 2)
 390 Y   0.97875 0.02125 0.00000 0.00000 ( 1)
 391 Q   0.01968 0.98032 0.00000 0.00000 ( 2)
 392 A   0.93474 0.06526 0.00000 0.00000 ( 1)
 393 V   0.98323 0.01677 0.00000 0.00000 ( 1)
 394 Y   0.95781 0.04219 0.00000 0.00000 ( 1)
 395 T   0.01799 0.98201 0.00000 0.00000 ( 2)
 396 V   0.98323 0.01677 0.00000 0.00000 ( 1)
 397 A   0.99205 0.00795 0.00000 0.00000 ( 1)
 398 H   0.94633 0.05367 0.00000 0.00000 ( 1)
 399 G   0.98887 0.01113 0.00000 0.00000 ( 1)
 400 L   0.99050 0.00950 0.00000 0.00000 ( 1)
 401 H   0.98932 0.01068 0.00000 0.00000 ( 1)
 402 Q   0.96327 0.03673 0.00000 0.00000 ( 1)
 403 L   0.99050 0.00950 0.00000 0.00000 ( 1)
 404 L   0.95145 0.04855 0.00000 0.00000 ( 1)
 405 G   0.98887 0.01113 0.00000 0.00000 ( 1)
 406 C   0.96160 0.03840 0.00000 0.00000 ( 1)
 407 A   0.91088 0.08912 0.00000 0.00000 ( 1)
 408 S   0.94691 0.05309 0.00000 0.00000 ( 1)
 409 G   0.87932 0.12068 0.00000 0.00000 ( 1)
 410 A   0.83485 0.16515 0.00000 0.00000 ( 1)
 411 C   0.93287 0.06713 0.00000 0.00000 ( 1)
 412 S   0.98842 0.01158 0.00000 0.00000 ( 1)
 413 R   0.97745 0.02255 0.00000 0.00000 ( 1)
 414 S   0.47834 0.52166 0.00000 0.00000 ( 2)
 415 Q   0.00702 0.99298 0.00000 0.00000 ( 2)
 416 V   0.99242 0.00758 0.00000 0.00000 ( 1)
 417 Y   0.36391 0.63609 0.00000 0.00000 ( 2)
 418 P   0.98940 0.01060 0.00000 0.00000 ( 1)
 419 W   0.95390 0.04610 0.00000 0.00000 ( 1)
 420 Q   0.96327 0.03673 0.00000 0.00000 ( 1)
 421 L   0.93927 0.06073 0.00000 0.00000 ( 1)
 422 L   0.94743 0.05257 0.00000 0.00000 ( 1)
 423 E   0.85062 0.14938 0.00000 0.00000 ( 1)
 424 Q   0.96327 0.03673 0.00000 0.00000 ( 1)
 425 I   0.99416 0.00584 0.00000 0.00000 ( 1)
 426 H   0.00748 0.99252 0.00000 0.00000 ( 2)
 427 K   0.97905 0.02095 0.00000 0.00000 ( 1)
 428 A   0.86440 0.13560 0.00000 0.00000 ( 1)
 429 N   0.64195 0.35805 0.00000 0.00000 ( 1)
 430 F   0.99267 0.00733 0.00000 0.00000 ( 1)
 431 L   0.93927 0.06073 0.00000 0.00000 ( 1)
 432 L   0.85421 0.14579 0.00000 0.00000 ( 1)
 433 H   0.98686 0.01314 0.00000 0.00000 ( 1)
 434 E   0.00474 0.99526 0.00000 0.00000 ( 2)
 435 D   0.99177 0.00823 0.00000 0.00000 ( 1)
 436 T   0.94893 0.05107 0.00000 0.00000 ( 1)
 437 V   0.98323 0.01677 0.00000 0.00000 ( 1)
 438 T   0.00160 0.99840 0.00000 0.00000 ( 2)
 439 F   0.67586 0.32414 0.00000 0.00000 ( 1)
 440 N   0.15627 0.84373 0.00000 0.00000 ( 2)
 441 D   0.99177 0.00823 0.00000 0.00000 ( 1)
 442 N   0.96321 0.03679 0.00000 0.00000 ( 1)
 443 G   0.14724 0.85276 0.00000 0.00000 ( 2)
 444 D   0.31934 0.68066 0.00000 0.00000 ( 2)
 445 P   0.90437 0.09563 0.00000 0.00000 ( 1)
 446 L   0.40986 0.59014 0.00000 0.00000 ( 2)
 447 S   0.94283 0.05717 0.00000 0.00000 ( 1)
 448 G   0.89289 0.10711 0.00000 0.00000 ( 1)
 449 Y   0.92494 0.07506 0.00000 0.00000 ( 1)
 450 N   0.08824 0.91176 0.00000 0.00000 ( 2)
 451 I   0.95656 0.04344 0.00000 0.00000 ( 1)
 452 I   0.95657 0.04343 0.00000 0.00000 ( 1)
 453 A   0.92936 0.07064 0.00000 0.00000 ( 1)
 454 W   0.95390 0.04610 0.00000 0.00000 ( 1)
 455 D   0.99177 0.00823 0.00000 0.00000 ( 1)
 456 W   0.95390 0.04610 0.00000 0.00000 ( 1)
 457 I   0.01716 0.98284 0.00000 0.00000 ( 2)
 458 G   0.97447 0.02553 0.00000 0.00000 ( 1)
 459 F   0.49423 0.50577 0.00000 0.00000 ( 2)
 460 K   0.85021 0.14979 0.00000 0.00000 ( 1)
 461 W   0.95390 0.04610 0.00000 0.00000 ( 1)
 462 T   0.99101 0.00899 0.00000 0.00000 ( 1)
 463 F   0.99174 0.00826 0.00000 0.00000 ( 1)
 464 T   0.96926 0.03074 0.00000 0.00000 ( 1)
 465 V   0.39649 0.60351 0.00000 0.00000 ( 2)
 466 I   0.02412 0.97588 0.00000 0.00000 ( 2)
 467 G   0.98049 0.01951 0.00000 0.00000 ( 1)
 468 S   0.98778 0.01222 0.00000 0.00000 ( 1)
 469 S   0.98842 0.01158 0.00000 0.00000 ( 1)
 470 T   0.89850 0.10150 0.00000 0.00000 ( 1)
 471 A   0.15385 0.84615 0.00000 0.00000 ( 2)
 472 S   0.58748 0.41252 0.00000 0.00000 ( 1)
 473 P   0.87077 0.12923 0.00000 0.00000 ( 1)
 474 V   0.63333 0.36667 0.00000 0.00000 ( 1)
 475 R   0.00099 0.99901 0.00000 0.00000 ( 2)
 476 L   0.89062 0.10938 0.00000 0.00000 ( 1)
 477 D   0.90208 0.09792 0.00000 0.00000 ( 1)
 478 I   0.95458 0.04542 0.00000 0.00000 ( 1)
 479 N   0.94564 0.05436 0.00000 0.00000 ( 1)
 480 E   0.85076 0.14924 0.00000 0.00000 ( 1)
 481 T   0.99099 0.00901 0.00000 0.00000 ( 1)
 482 K   0.89777 0.10223 0.00000 0.00000 ( 1)
 483 I   0.99376 0.00624 0.00000 0.00000 ( 1)
 484 Q   0.96327 0.03673 0.00000 0.00000 ( 1)
 485 W   0.95390 0.04610 0.00000 0.00000 ( 1)
 486 H   0.87682 0.12318 0.00000 0.00000 ( 1)
 487 R   0.06771 0.93229 0.00000 0.00000 ( 2)
 488 K   0.97967 0.02033 0.00000 0.00000 ( 1)
 489 D   0.92547 0.07453 0.00000 0.00000 ( 1)
 490 N   0.99054 0.00946 0.00000 0.00000 ( 1)
 491 Q   0.96327 0.03673 0.00000 0.00000 ( 1)
 492 V   0.98286 0.01714 0.00000 0.00000 ( 1)
 493 P   0.94486 0.05514 0.00000 0.00000 ( 1)
 494 Q   0.31608 0.68392 0.00000 0.00000 ( 2)
 495 S   0.93257 0.06743 0.00000 0.00000 ( 1)
 496 V   0.98323 0.01677 0.00000 0.00000 ( 1)
 497 C   0.97089 0.02911 0.00000 0.00000 ( 1)
 498 S   0.98842 0.01158 0.00000 0.00000 ( 1)
 499 S   0.97704 0.02296 0.00000 0.00000 ( 1)
 500 D   0.99126 0.00874 0.00000 0.00000 ( 1)
 501 C   0.93807 0.06193 0.00000 0.00000 ( 1)
 502 L   0.93927 0.06073 0.00000 0.00000 ( 1)
 503 E   0.50194 0.49806 0.00000 0.00000 ( 1)
 504 G   0.97360 0.02640 0.00000 0.00000 ( 1)
 505 H   0.90309 0.09691 0.00000 0.00000 ( 1)
 506 Q   0.96327 0.03673 0.00000 0.00000 ( 1)
 507 R   0.05478 0.94522 0.00000 0.00000 ( 2)
 508 V   0.98323 0.01677 0.00000 0.00000 ( 1)
 509 V   0.95020 0.04980 0.00000 0.00000 ( 1)
 510 V   0.00032 0.99968 0.00000 0.00000 ( 2)
 511 G   0.59674 0.40326 0.00000 0.00000 ( 1)
 512 S   0.93160 0.06840 0.00000 0.00000 ( 1)
 513 H   0.18141 0.81859 0.00000 0.00000 ( 2)
 514 H   0.90552 0.09448 0.00000 0.00000 ( 1)
 515 C   0.93557 0.06443 0.00000 0.00000 ( 1)
 516 C   0.98626 0.01374 0.00000 0.00000 ( 1)
 517 F   0.96350 0.03650 0.00000 0.00000 ( 1)
 518 E   0.85307 0.14693 0.00000 0.00000 ( 1)
 519 C   0.93287 0.06713 0.00000 0.00000 ( 1)
 520 V   0.97335 0.02665 0.00000 0.00000 ( 1)
 521 P   0.98682 0.01318 0.00000 0.00000 ( 1)
 522 C   0.93371 0.06629 0.00000 0.00000 ( 1)
 523 E   0.28156 0.71844 0.00000 0.00000 ( 2)
 524 S   0.61194 0.38806 0.00000 0.00000 ( 1)
 525 G   0.97609 0.02391 0.00000 0.00000 ( 1)
 526 T   0.32934 0.67066 0.00000 0.00000 ( 2)
 527 F   0.57052 0.42948 0.00000 0.00000 ( 1)
 528 L   0.44856 0.55144 0.00000 0.00000 ( 2)
 529 N   0.51665 0.48335 0.00000 0.00000 ( 1)
 530 K   0.33188 0.66812 0.00000 0.00000 ( 2)
 531 S   0.93513 0.06487 0.00000 0.00000 ( 1)
 532 D   0.98896 0.01104 0.00000 0.00000 ( 1)
 533 L   0.88115 0.11885 0.00000 0.00000 ( 1)
 534 Y   0.84215 0.15785 0.00000 0.00000 ( 1)
 535 R   0.11193 0.88807 0.00000 0.00000 ( 2)
 536 C   0.98155 0.01845 0.00000 0.00000 ( 1)
 537 Q   0.96327 0.03673 0.00000 0.00000 ( 1)
 538 P   0.60409 0.39591 0.00000 0.00000 ( 1)
 539 C   0.93287 0.06713 0.00000 0.00000 ( 1)
 540 G   0.97707 0.02293 0.00000 0.00000 ( 1)
 541 K   0.90833 0.09167 0.00000 0.00000 ( 1)
 542 E   0.90754 0.09246 0.00000 0.00000 ( 1)
 543 E   0.98254 0.01746 0.00000 0.00000 ( 1)
 544 W   0.95390 0.04610 0.00000 0.00000 ( 1)
 545 A   0.87757 0.12243 0.00000 0.00000 ( 1)
 546 P   0.94928 0.05072 0.00000 0.00000 ( 1)
 547 E   0.05245 0.94755 0.00000 0.00000 ( 2)
 548 G   0.38915 0.61085 0.00000 0.00000 ( 2)
 549 S   0.98974 0.01026 0.00000 0.00000 ( 1)
 550 Q   0.96327 0.03673 0.00000 0.00000 ( 1)
 551 T   0.90697 0.09303 0.00000 0.00000 ( 1)
 552 C   0.98626 0.01374 0.00000 0.00000 ( 1)
 553 F   0.99204 0.00796 0.00000 0.00000 ( 1)
 554 P   0.51184 0.48816 0.00000 0.00000 ( 1)
 555 R   0.97817 0.02183 0.00000 0.00000 ( 1)
 556 T   0.95024 0.04976 0.00000 0.00000 ( 1)
 557 V   0.98051 0.01949 0.00000 0.00000 ( 1)
 558 V   0.85860 0.14140 0.00000 0.00000 ( 1)
 559 F   0.16119 0.83881 0.00000 0.00000 ( 2)
 560 L   0.95071 0.04929 0.00000 0.00000 ( 1)
 561 A   0.13848 0.86152 0.00000 0.00000 ( 2)
 562 W   0.17244 0.82756 0.00000 0.00000 ( 2)
 563 H   0.16061 0.83939 0.00000 0.00000 ( 2)
 564 E   0.98257 0.01743 0.00000 0.00000 ( 1)
 565 C   0.00871 0.99129 0.00000 0.00000 ( 2)
 566 I   0.92401 0.07599 0.00000 0.00000 ( 1)
 567 S   0.93257 0.06743 0.00000 0.00000 ( 1)
 568 W   0.95390 0.04610 0.00000 0.00000 ( 1)
 569 V   0.98323 0.01677 0.00000 0.00000 ( 1)
 570 L   0.94799 0.05201 0.00000 0.00000 ( 1)
 571 L   0.95109 0.04891 0.00000 0.00000 ( 1)
 572 A   0.41636 0.58364 0.00000 0.00000 ( 2)
 573 A   0.65982 0.34018 0.00000 0.00000 ( 1)
 574 N   0.97542 0.02458 0.00000 0.00000 ( 1)
 575 T   0.78342 0.21658 0.00000 0.00000 ( 1)
 576 L   0.16900 0.83100 0.00000 0.00000 ( 2)
 577 L   0.94972 0.05028 0.00000 0.00000 ( 1)
 578 L   0.95133 0.04867 0.00000 0.00000 ( 1)
 579 V   0.67056 0.32944 0.00000 0.00000 ( 1)
 580 V   0.66963 0.33037 0.00000 0.00000 ( 1)
 581 V   0.68175 0.31825 0.00000 0.00000 ( 1)
 582 V   0.14193 0.85807 0.00000 0.00000 ( 2)
 583 G   0.97809 0.02191 0.00000 0.00000 ( 1)
 584 T   0.61695 0.38305 0.00000 0.00000 ( 1)
 585 V   0.63516 0.36484 0.00000 0.00000 ( 1)
 586 G   0.98638 0.01362 0.00000 0.00000 ( 1)
 587 L   0.95145 0.04855 0.00000 0.00000 ( 1)
 588 F   0.95315 0.04685 0.00000 0.00000 ( 1)
 589 A   0.99185 0.00815 0.00000 0.00000 ( 1)
 590 W   0.95390 0.04610 0.00000 0.00000 ( 1)
 591 H   0.98936 0.01064 0.00000 0.00000 ( 1)
 592 Q   0.35298 0.64702 0.00000 0.00000 ( 2)
 593 D   0.99177 0.00823 0.00000 0.00000 ( 1)
 594 T   0.99013 0.00987 0.00000 0.00000 ( 1)
 595 P   0.93718 0.06282 0.00000 0.00000 ( 1)
 596 V   0.98323 0.01677 0.00000 0.00000 ( 1)
 597 V   0.98261 0.01739 0.00000 0.00000 ( 1)
 598 R   0.97745 0.02255 0.00000 0.00000 ( 1)
 599 S   0.85600 0.14400 0.00000 0.00000 ( 1)
 600 A   0.92025 0.07975 0.00000 0.00000 ( 1)
 601 G   0.97707 0.02293 0.00000 0.00000 ( 1)
 602 G   0.98887 0.01113 0.00000 0.00000 ( 1)
 603 W   0.00361 0.99639 0.00000 0.00000 ( 2)
 604 L   0.95145 0.04855 0.00000 0.00000 ( 1)
 605 C   0.98610 0.01390 0.00000 0.00000 ( 1)
 606 F   0.98235 0.01765 0.00000 0.00000 ( 1)
 607 L   0.97817 0.02183 0.00000 0.00000 ( 1)
 608 M   0.99195 0.00805 0.00000 0.00000 ( 1)
 609 L   0.94847 0.05153 0.00000 0.00000 ( 1)
 610 G   0.98769 0.01231 0.00000 0.00000 ( 1)
 611 S   0.98763 0.01237 0.00000 0.00000 ( 1)
 612 L   0.95145 0.04855 0.00000 0.00000 ( 1)
 613 A   0.89319 0.10681 0.00000 0.00000 ( 1)
 614 G   0.00985 0.99015 0.00000 0.00000 ( 2)
 615 A   0.57483 0.42517 0.00000 0.00000 ( 1)
 616 S   0.98679 0.01321 0.00000 0.00000 ( 1)
 617 C   0.00788 0.99212 0.00000 0.00000 ( 2)
 618 S   0.98974 0.01026 0.00000 0.00000 ( 1)
 619 L   0.91027 0.08973 0.00000 0.00000 ( 1)
 620 Y   0.92494 0.07506 0.00000 0.00000 ( 1)
 621 G   0.98858 0.01142 0.00000 0.00000 ( 1)
 622 F   0.99248 0.00752 0.00000 0.00000 ( 1)
 623 F   0.95315 0.04685 0.00000 0.00000 ( 1)
 624 G   0.97360 0.02640 0.00000 0.00000 ( 1)
 625 E   0.97266 0.02734 0.00000 0.00000 ( 1)
 626 P   0.98851 0.01149 0.00000 0.00000 ( 1)
 627 T   0.52217 0.47783 0.00000 0.00000 ( 1)
 628 L   0.14022 0.85978 0.00000 0.00000 ( 2)
 629 P   0.73130 0.26870 0.00000 0.00000 ( 1)
 630 A   0.47999 0.52001 0.00000 0.00000 ( 2)
 631 C   0.98441 0.01559 0.00000 0.00000 ( 1)
 632 L   0.93906 0.06094 0.00000 0.00000 ( 1)
 633 L   0.95119 0.04881 0.00000 0.00000 ( 1)
 634 R   0.98587 0.01413 0.00000 0.00000 ( 1)
 635 Q   0.95970 0.04030 0.00000 0.00000 ( 1)
 636 A   0.90673 0.09327 0.00000 0.00000 ( 1)
 637 I   0.90119 0.09881 0.00000 0.00000 ( 1)
 638 F   0.95315 0.04685 0.00000 0.00000 ( 1)
 639 A   0.99109 0.00891 0.00000 0.00000 ( 1)
 640 L   0.94684 0.05316 0.00000 0.00000 ( 1)
 641 G   0.93616 0.06384 0.00000 0.00000 ( 1)
 642 F   0.98540 0.01460 0.00000 0.00000 ( 1)
 643 T   0.89550 0.10450 0.00000 0.00000 ( 1)
 644 I   0.94585 0.05415 0.00000 0.00000 ( 1)
 645 F   0.99262 0.00738 0.00000 0.00000 ( 1)
 646 L   0.95120 0.04880 0.00000 0.00000 ( 1)
 647 S   0.98827 0.01173 0.00000 0.00000 ( 1)
 648 C   0.98626 0.01374 0.00000 0.00000 ( 1)
 649 L   0.67050 0.32950 0.00000 0.00000 ( 1)
 650 T   0.87612 0.12388 0.00000 0.00000 ( 1)
 651 V   0.94538 0.05462 0.00000 0.00000 ( 1)
 652 R   0.98549 0.01451 0.00000 0.00000 ( 1)
 653 S   0.98319 0.01681 0.00000 0.00000 ( 1)
 654 F   0.99288 0.00712 0.00000 0.00000 ( 1)
 655 Q   0.88890 0.11110 0.00000 0.00000 ( 1)
 656 L   0.91376 0.08624 0.00000 0.00000 ( 1)
 657 V   0.91640 0.08360 0.00000 0.00000 ( 1)
 658 I   0.99416 0.00584 0.00000 0.00000 ( 1)
 659 I   0.99344 0.00656 0.00000 0.00000 ( 1)
 660 F   0.99288 0.00712 0.00000 0.00000 ( 1)
 661 K   0.97967 0.02033 0.00000 0.00000 ( 1)
 662 F   0.95315 0.04685 0.00000 0.00000 ( 1)
 663 S   0.98759 0.01241 0.00000 0.00000 ( 1)
 664 T   0.54272 0.45728 0.00000 0.00000 ( 1)
 665 K   0.97816 0.02184 0.00000 0.00000 ( 1)
 666 V   0.08523 0.91477 0.00000 0.00000 ( 2)
 667 P   0.97587 0.02413 0.00000 0.00000 ( 1)
 668 T   0.12269 0.87731 0.00000 0.00000 ( 2)
 669 F   0.99288 0.00712 0.00000 0.00000 ( 1)
 670 Y   0.40870 0.59130 0.00000 0.00000 ( 2)
 671 H   0.16280 0.83720 0.00000 0.00000 ( 2)
 672 T   0.56613 0.43387 0.00000 0.00000 ( 1)
 673 W   0.95390 0.04610 0.00000 0.00000 ( 1)
 674 V   0.99126 0.00874 0.00000 0.00000 ( 1)
 675 Q   0.88418 0.11582 0.00000 0.00000 ( 1)
 676 N   0.99054 0.00946 0.00000 0.00000 ( 1)
 677 H   0.98503 0.01497 0.00000 0.00000 ( 1)
 678 G   0.93422 0.06578 0.00000 0.00000 ( 1)
 679 A   0.95581 0.04419 0.00000 0.00000 ( 1)
 680 A   0.06185 0.93815 0.00000 0.00000 ( 2)
 681 L   0.95145 0.04855 0.00000 0.00000 ( 1)
 682 F   0.95315 0.04685 0.00000 0.00000 ( 1)
 683 I   0.64813 0.35187 0.00000 0.00000 ( 1)
 684 M   0.37575 0.62425 0.00000 0.00000 ( 2)
 685 I   0.99378 0.00622 0.00000 0.00000 ( 1)
 686 S   0.90837 0.09163 0.00000 0.00000 ( 1)
 687 S   0.85600 0.14400 0.00000 0.00000 ( 1)
 688 M   0.00623 0.99377 0.00000 0.00000 ( 2)
 689 A   0.07005 0.92995 0.00000 0.00000 ( 2)
 690 Q   0.96327 0.03673 0.00000 0.00000 ( 1)
 691 L   0.94795 0.05205 0.00000 0.00000 ( 1)
 692 L   0.94362 0.05638 0.00000 0.00000 ( 1)
 693 I   0.99416 0.00584 0.00000 0.00000 ( 1)
 694 C   0.93351 0.06649 0.00000 0.00000 ( 1)
 695 L   0.85421 0.14579 0.00000 0.00000 ( 1)
 696 T   0.94987 0.05013 0.00000 0.00000 ( 1)
 697 W   0.95390 0.04610 0.00000 0.00000 ( 1)
 698 L   0.94456 0.05544 0.00000 0.00000 ( 1)
 699 A   0.32530 0.67470 0.00000 0.00000 ( 2)
 700 V   0.85899 0.14101 0.00000 0.00000 ( 1)
 701 W   0.95390 0.04610 0.00000 0.00000 ( 1)
 702 T   0.98864 0.01136 0.00000 0.00000 ( 1)
 703 P   0.87077 0.12923 0.00000 0.00000 ( 1)
 704 L   0.95145 0.04855 0.00000 0.00000 ( 1)
 705 P   0.98841 0.01159 0.00000 0.00000 ( 1)
 706 T   0.82168 0.17832 0.00000 0.00000 ( 1)
 707 R   0.95503 0.04497 0.00000 0.00000 ( 1)
 708 E   0.90754 0.09246 0.00000 0.00000 ( 1)
 709 Y   0.98315 0.01685 0.00000 0.00000 ( 1)
 710 Q   0.21198 0.78802 0.00000 0.00000 ( 2)
 711 R   0.98591 0.01409 0.00000 0.00000 ( 1)
 712 F   0.99204 0.00796 0.00000 0.00000 ( 1)
 713 P   0.98851 0.01149 0.00000 0.00000 ( 1)
 714 Q   0.70175 0.29825 0.00000 0.00000 ( 1)
 715 L   0.95145 0.04855 0.00000 0.00000 ( 1)
 716 V   0.98051 0.01949 0.00000 0.00000 ( 1)
 717 V   0.51388 0.48612 0.00000 0.00000 ( 1)
 718 L   0.93927 0.06073 0.00000 0.00000 ( 1)
 719 E   0.83611 0.16389 0.00000 0.00000 ( 1)
 720 C   0.98626 0.01374 0.00000 0.00000 ( 1)
 721 T   0.87328 0.12672 0.00000 0.00000 ( 1)
 722 E   0.98257 0.01743 0.00000 0.00000 ( 1)
 723 T   0.00070 0.99930 0.00000 0.00000 ( 2)
 724 N   0.86967 0.13033 0.00000 0.00000 ( 1)
 725 S   0.96465 0.03535 0.00000 0.00000 ( 1)
 726 L   0.95145 0.04855 0.00000 0.00000 ( 1)
 727 G   0.98887 0.01113 0.00000 0.00000 ( 1)
 728 F   0.99288 0.00712 0.00000 0.00000 ( 1)
 729 M   0.28479 0.71521 0.00000 0.00000 ( 2)
 730 L   0.95119 0.04881 0.00000 0.00000 ( 1)
 731 A   0.99233 0.00767 0.00000 0.00000 ( 1)
 732 F   0.98910 0.01090 0.00000 0.00000 ( 1)
 733 G   0.00087 0.99913 0.00000 0.00000 ( 2)
 734 Y   0.98507 0.01493 0.00000 0.00000 ( 1)
 735 N   0.94564 0.05436 0.00000 0.00000 ( 1)
 736 G   0.88924 0.11076 0.00000 0.00000 ( 1)
 737 L   0.98882 0.01118 0.00000 0.00000 ( 1)
 738 L   0.98960 0.01040 0.00000 0.00000 ( 1)
 739 S   0.98122 0.01878 0.00000 0.00000 ( 1)
 740 V   0.09366 0.90634 0.00000 0.00000 ( 2)
 741 S   0.98004 0.01996 0.00000 0.00000 ( 1)
 742 A   0.99141 0.00859 0.00000 0.00000 ( 1)
 743 F   0.95315 0.04685 0.00000 0.00000 ( 1)
 744 A   0.99057 0.00943 0.00000 0.00000 ( 1)
 745 C   0.98494 0.01506 0.00000 0.00000 ( 1)
 746 S   0.90785 0.09215 0.00000 0.00000 ( 1)
 747 Y   0.98507 0.01493 0.00000 0.00000 ( 1)
 748 L   0.67067 0.32933 0.00000 0.00000 ( 1)
 749 G   0.98851 0.01149 0.00000 0.00000 ( 1)
 750 K   0.97816 0.02184 0.00000 0.00000 ( 1)
 751 D   0.99177 0.00823 0.00000 0.00000 ( 1)
 752 L   0.95012 0.04988 0.00000 0.00000 ( 1)
 753 P   0.87077 0.12923 0.00000 0.00000 ( 1)
 754 E   0.98257 0.01743 0.00000 0.00000 ( 1)
 755 N   0.99054 0.00946 0.00000 0.00000 ( 1)
 756 Y   0.96376 0.03624 0.00000 0.00000 ( 1)
 757 N   0.90578 0.09422 0.00000 0.00000 ( 1)
 758 E   0.98257 0.01743 0.00000 0.00000 ( 1)
 759 A   0.99185 0.00815 0.00000 0.00000 ( 1)
 760 K   0.89777 0.10223 0.00000 0.00000 ( 1)
 761 C   0.93287 0.06713 0.00000 0.00000 ( 1)
 762 V   0.99242 0.00758 0.00000 0.00000 ( 1)
 763 T   0.98860 0.01140 0.00000 0.00000 ( 1)
 764 F   0.98965 0.01035 0.00000 0.00000 ( 1)
 765 G   0.48346 0.51654 0.00000 0.00000 ( 2)
 766 L   0.95126 0.04874 0.00000 0.00000 ( 1)
 767 L   0.99050 0.00950 0.00000 0.00000 ( 1)
 768 L   0.91194 0.08806 0.00000 0.00000 ( 1)
 769 N   0.88986 0.11014 0.00000 0.00000 ( 1)
 770 F   0.99204 0.00796 0.00000 0.00000 ( 1)
 771 V   0.39294 0.60706 0.00000 0.00000 ( 2)
 772 S   0.98842 0.01158 0.00000 0.00000 ( 1)
 773 W   0.95390 0.04610 0.00000 0.00000 ( 1)
 774 I   0.99416 0.00584 0.00000 0.00000 ( 1)
 775 A   0.54927 0.45073 0.00000 0.00000 ( 1)
 776 F   0.93112 0.06888 0.00000 0.00000 ( 1)
 777 F   0.99244 0.00756 0.00000 0.00000 ( 1)
 778 T   0.99078 0.00922 0.00000 0.00000 ( 1)
 779 V   0.04183 0.95817 0.00000 0.00000 ( 2)
 780 A   0.99148 0.00852 0.00000 0.00000 ( 1)
 781 S   0.89925 0.10075 0.00000 0.00000 ( 1)
 782 V   0.93041 0.06959 0.00000 0.00000 ( 1)
 783 Y   0.86312 0.13688 0.00000 0.00000 ( 1)
 784 Q   0.33645 0.66355 0.00000 0.00000 ( 2)
 785 G   0.89775 0.10225 0.00000 0.00000 ( 1)
 786 K   0.97967 0.02033 0.00000 0.00000 ( 1)
 787 Y   0.98287 0.01713 0.00000 0.00000 ( 1)
 788 L   0.67046 0.32954 0.00000 0.00000 ( 1)
 789 P   0.90088 0.09912 0.00000 0.00000 ( 1)
 790 A   0.81374 0.18626 0.00000 0.00000 ( 1)
 791 V   0.90778 0.09222 0.00000 0.00000 ( 1)
 792 N   0.98166 0.01834 0.00000 0.00000 ( 1)
 793 V   0.42171 0.57829 0.00000 0.00000 ( 2)
 794 L   0.71475 0.28525 0.00000 0.00000 ( 1)
 795 A   0.98000 0.02000 0.00000 0.00000 ( 1)
 796 V   0.00277 0.99723 0.00000 0.00000 ( 2)
 797 L   0.71011 0.28989 0.00000 0.00000 ( 1)
 798 S   0.98974 0.01026 0.00000 0.00000 ( 1)
 799 S   0.98974 0.01026 0.00000 0.00000 ( 1)
 800 L   0.95137 0.04863 0.00000 0.00000 ( 1)
 801 S   0.90866 0.09134 0.00000 0.00000 ( 1)
 802 S   0.98729 0.01271 0.00000 0.00000 ( 1)
 803 G   0.98887 0.01113 0.00000 0.00000 ( 1)
 804 F   0.99288 0.00712 0.00000 0.00000 ( 1)
 805 S   0.82293 0.17707 0.00000 0.00000 ( 1)
 806 G   0.98114 0.01886 0.00000 0.00000 ( 1)
 807 Y   0.92494 0.07506 0.00000 0.00000 ( 1)
 808 F   0.98235 0.01765 0.00000 0.00000 ( 1)
 809 L   0.97946 0.02054 0.00000 0.00000 ( 1)
 810 P   0.98881 0.01119 0.00000 0.00000 ( 1)
 811 K   0.97761 0.02239 0.00000 0.00000 ( 1)
 812 C   0.98626 0.01374 0.00000 0.00000 ( 1)
 813 Y   0.95053 0.04947 0.00000 0.00000 ( 1)
 814 V   0.97836 0.02164 0.00000 0.00000 ( 1)
 815 I   0.99416 0.00584 0.00000 0.00000 ( 1)
 816 V   0.89619 0.10381 0.00000 0.00000 ( 1)
 817 C   0.88152 0.11848 0.00000 0.00000 ( 1)
 818 R   0.98269 0.01731 0.00000 0.00000 ( 1)
 819 P   0.45849 0.54151 0.00000 0.00000 ( 2)
 820 D   0.97946 0.02054 0.00000 0.00000 ( 1)
 821 L   0.98447 0.01553 0.00000 0.00000 ( 1)
 822 N   0.98952 0.01048 0.00000 0.00000 ( 1)
 823 S   0.90838 0.09162 0.00000 0.00000 ( 1)
 824 T   0.88859 0.11141 0.00000 0.00000 ( 1)
 825 E   0.98257 0.01743 0.00000 0.00000 ( 1)
 826 H   0.98936 0.01064 0.00000 0.00000 ( 1)
 827 F   0.99174 0.00826 0.00000 0.00000 ( 1)
 828 Q   0.96327 0.03673 0.00000 0.00000 ( 1)
 829 A   0.99223 0.00777 0.00000 0.00000 ( 1)
 830 S   0.98842 0.01158 0.00000 0.00000 ( 1)
 831 I   0.98455 0.01545 0.00000 0.00000 ( 1)
 832 Q   0.96327 0.03673 0.00000 0.00000 ( 1)
 833 D   0.92365 0.07635 0.00000 0.00000 ( 1)
 834 Y   0.98507 0.01493 0.00000 0.00000 ( 1)
 835 T   0.97827 0.02173 0.00000 0.00000 ( 1)
 836 R   0.97745 0.02255 0.00000 0.00000 ( 1)
 837 R   0.87952 0.12048 0.00000 0.00000 ( 1)
 838 W   0.01817 0.98183 0.00000 0.00000 ( 2)
 839 G   0.05525 0.94475 0.00000 0.00000 ( 2)
 840 S   0.86121 0.13879 0.00000 0.00000 ( 1)
 841 T   0.98648 0.01352 0.00000 0.00000 ( 1)


lnL = -10657.020582

Bayes Empirical Bayes (BEB) probabilities for 4 classes (class)
(amino acids refer to 1st sequence: 1.Tarsier)

   1 M   0.84353 0.00635 0.14897 0.00115 ( 1)
   2 F   0.66433 0.18465 0.11755 0.03347 ( 1)
   3 H   0.58008 0.26961 0.10174 0.04858 ( 1)
   4 H   0.00279 0.84642 0.00048 0.15031 ( 2)
   5 V   0.00011 0.84833 0.00002 0.15154 ( 2)
   6 A   0.63717 0.21174 0.11273 0.03837 ( 1)
   7 H   0.02871 0.82051 0.00495 0.14583 ( 2)
   8 L   0.81544 0.03359 0.14487 0.00611 ( 1)
   9 V   0.54774 0.30204 0.09588 0.05434 ( 1)
  10 G   0.79435 0.05536 0.14026 0.01002 ( 1)
  11 L   0.81082 0.03821 0.14403 0.00694 ( 1)
  12 Q   0.81334 0.03581 0.14435 0.00650 ( 1)
  13 L   0.80652 0.04239 0.14338 0.00771 ( 1)
  14 S   0.14482 0.70462 0.02505 0.12552 ( 2)
  15 I   0.61736 0.23165 0.10906 0.04193 ( 1)
  16 S   0.79325 0.05644 0.14010 0.01022 ( 1)
  17 C   0.78107 0.06853 0.13799 0.01241 ( 1)
  18 C   0.83865 0.01098 0.14839 0.00199 ( 1)
  19 W   0.66995 0.17904 0.11855 0.03245 ( 1)
  20 A   0.83557 0.01435 0.14748 0.00260 ( 1)
  21 F   0.73642 0.11259 0.13056 0.02043 ( 1)
  22 S   0.57827 0.27149 0.10135 0.04889 ( 1)
  23 C   0.83887 0.01076 0.14843 0.00195 ( 1)
  24 H   0.83604 0.01291 0.14870 0.00235 ( 1)
  25 N   0.20502 0.64439 0.03555 0.11503 ( 2)
  26 T   0.05078 0.79793 0.00882 0.14246 ( 2)
  27 E   0.75755 0.09181 0.13401 0.01664 ( 1)
  28 F   0.10550 0.74322 0.01837 0.13292 ( 2)
  29 S   0.80109 0.04776 0.14246 0.00869 ( 1)
  30 P   0.81699 0.03190 0.14530 0.00580 ( 1)
  31 D   0.80765 0.04222 0.14250 0.00764 ( 1)
  32 F   0.84327 0.00577 0.14991 0.00105 ( 1)
  33 S   0.79591 0.05390 0.14044 0.00975 ( 1)
  34 L   0.84137 0.00847 0.14863 0.00153 ( 1)
  35 P   0.73359 0.11614 0.12927 0.02100 ( 1)
  36 G   0.82816 0.02123 0.14676 0.00385 ( 1)
  37 N   0.67743 0.17154 0.11993 0.03110 ( 1)
  38 Y   0.83819 0.01140 0.14834 0.00207 ( 1)
  39 L   0.84120 0.00864 0.14860 0.00156 ( 1)
  40 L   0.81405 0.03498 0.14461 0.00636 ( 1)
  41 A   0.48209 0.36643 0.08518 0.06631 ( 1)
  42 G   0.84024 0.00950 0.14854 0.00172 ( 1)
  43 F   0.32235 0.52653 0.05645 0.09466 ( 2)
  44 F   0.84413 0.00582 0.14900 0.00105 ( 1)
  45 P   0.61901 0.22983 0.10951 0.04164 ( 1)
  46 L   0.84209 0.00774 0.14876 0.00140 ( 1)
  47 H   0.81300 0.03595 0.14452 0.00654 ( 1)
  48 G   0.24062 0.60810 0.04209 0.10919 ( 2)
  49 D   0.42363 0.42588 0.07400 0.07648 ( 2)
  50 C   0.23991 0.60881 0.04196 0.10931 ( 2)
  51 L   0.66036 0.18862 0.11683 0.03418 ( 1)
  52 Q   0.82239 0.02676 0.14598 0.00486 ( 1)
  53 V   0.83744 0.01212 0.14825 0.00220 ( 1)
  54 R   0.81673 0.03265 0.14469 0.00592 ( 1)
  55 H   0.57018 0.27942 0.10004 0.05035 ( 1)
  56 R   0.77116 0.07744 0.13730 0.01410 ( 1)
  57 P   0.83644 0.01335 0.14779 0.00242 ( 1)
  58 E   0.83566 0.01386 0.14797 0.00251 ( 1)
  59 V   0.83680 0.01275 0.14813 0.00231 ( 1)
  60 T   0.75632 0.09347 0.13331 0.01690 ( 1)
  61 L   0.82081 0.02822 0.14584 0.00513 ( 1)
  62 C   0.79591 0.05294 0.14152 0.00963 ( 1)
  63 D   0.84131 0.00858 0.14856 0.00155 ( 1)
  64 R   0.82559 0.02380 0.14630 0.00432 ( 1)
  65 T   0.00286 0.84584 0.00050 0.15081 ( 2)
  66 C   0.11353 0.73518 0.01977 0.13153 ( 2)
  67 G   0.17185 0.67755 0.02977 0.12084 ( 2)
  68 F   0.84238 0.00757 0.14868 0.00137 ( 1)
  69 N   0.81718 0.03178 0.14526 0.00578 ( 1)
  70 G   0.42275 0.42657 0.07398 0.07669 ( 2)
  71 H   0.83349 0.01546 0.14824 0.00281 ( 1)
  72 G   0.76473 0.08413 0.13585 0.01529 ( 1)
  73 Y   0.52381 0.32562 0.09190 0.05867 ( 1)
  74 H   0.49894 0.35063 0.08735 0.06308 ( 1)
  75 L   0.78941 0.06039 0.13927 0.01093 ( 1)
  76 F   0.81005 0.03987 0.14286 0.00721 ( 1)
  77 Q   0.34702 0.50198 0.06076 0.09025 ( 2)
  78 A   0.46673 0.38213 0.08216 0.06898 ( 1)
  79 M   0.53233 0.31737 0.09320 0.05710 ( 1)
  80 R   0.70666 0.14251 0.12500 0.02583 ( 1)
  81 L   0.67001 0.17886 0.11868 0.03244 ( 1)
  82 S   0.00348 0.84556 0.00060 0.15036 ( 2)
  83 I   0.30873 0.54010 0.05407 0.09710 ( 2)
  84 E   0.32025 0.52903 0.05586 0.09486 ( 2)
  85 A   0.72250 0.12697 0.12755 0.02298 ( 1)
  86 I   0.81321 0.03583 0.14444 0.00651 ( 1)
  87 N   0.84014 0.00967 0.14844 0.00175 ( 1)
  88 N   0.84014 0.00967 0.14844 0.00175 ( 1)
  89 S   0.83818 0.01152 0.14820 0.00209 ( 1)
  90 T   0.82877 0.02069 0.14679 0.00375 ( 1)
  91 V   0.58169 0.26807 0.10196 0.04828 ( 1)
  92 L   0.80907 0.03996 0.14371 0.00726 ( 1)
  93 L   0.80890 0.04013 0.14368 0.00729 ( 1)
  94 P   0.84116 0.00864 0.14864 0.00156 ( 1)
  95 N   0.73357 0.11618 0.12925 0.02100 ( 1)
  96 V   0.24303 0.60656 0.04213 0.10828 ( 2)
  97 T   0.80137 0.04844 0.14142 0.00877 ( 1)
  98 L   0.57423 0.27472 0.10135 0.04970 ( 1)
  99 G   0.83341 0.01598 0.14771 0.00290 ( 1)
 100 Y   0.31905 0.53028 0.05562 0.09505 ( 2)
 101 E   0.01645 0.83243 0.00285 0.14827 ( 2)
 102 L   0.81409 0.03494 0.14462 0.00635 ( 1)
 103 Y   0.17184 0.67683 0.03000 0.12133 ( 2)
 104 D   0.81937 0.02964 0.14560 0.00539 ( 1)
 105 V   0.83365 0.01591 0.14756 0.00288 ( 1)
 106 C   0.83442 0.01520 0.14762 0.00276 ( 1)
 107 S   0.81220 0.03665 0.14448 0.00667 ( 1)
 108 E   0.77089 0.07895 0.13588 0.01428 ( 1)
 109 S   0.79893 0.04992 0.14207 0.00908 ( 1)
 110 A   0.84183 0.00810 0.14861 0.00147 ( 1)
 111 N   0.81358 0.03538 0.14461 0.00643 ( 1)
 112 V   0.83365 0.01591 0.14756 0.00288 ( 1)
 113 Y   0.79791 0.05166 0.14107 0.00936 ( 1)
 114 A   0.84094 0.00898 0.14845 0.00163 ( 1)
 115 T   0.82890 0.02056 0.14681 0.00373 ( 1)
 116 L   0.80907 0.03996 0.14371 0.00726 ( 1)
 117 S   0.17708 0.67144 0.03097 0.12051 ( 2)
 118 V   0.75385 0.09566 0.13316 0.01732 ( 1)
 119 L   0.84011 0.00973 0.14840 0.00176 ( 1)
 120 S   0.83755 0.01216 0.14809 0.00220 ( 1)
 121 L   0.25485 0.59353 0.04476 0.10686 ( 2)
 122 P   0.49100 0.35750 0.08679 0.06471 ( 1)
 123 G   0.83159 0.01780 0.14738 0.00323 ( 1)
 124 T   0.15656 0.69190 0.02738 0.12416 ( 2)
 125 R   0.00010 0.84910 0.00002 0.15078 ( 2)
 126 H   0.83905 0.01071 0.14830 0.00194 ( 1)
 127 I   0.81138 0.03766 0.14411 0.00685 ( 1)
 128 D   0.44883 0.40051 0.07861 0.07205 ( 1)
 129 I   0.79413 0.05568 0.14012 0.01008 ( 1)
 130 Q   0.78918 0.05940 0.14060 0.01082 ( 1)
 131 G   0.51026 0.33821 0.09027 0.06126 ( 1)
 132 D   0.77072 0.07912 0.13585 0.01431 ( 1)
 133 F   0.23205 0.61672 0.04056 0.11068 ( 2)
 134 L   0.84011 0.00973 0.14840 0.00176 ( 1)
 135 H   0.02330 0.82600 0.00402 0.14668 ( 2)
 136 Y   0.79648 0.05232 0.14168 0.00952 ( 1)
 137 S   0.10532 0.74400 0.01821 0.13247 ( 2)
 138 P   0.82868 0.02021 0.14743 0.00368 ( 1)
 139 K   0.73495 0.11445 0.12988 0.02073 ( 1)
 140 I   0.68692 0.16256 0.12112 0.02940 ( 1)
 141 V   0.70385 0.14514 0.12469 0.02633 ( 1)
 142 A   0.82467 0.02389 0.14708 0.00435 ( 1)
 143 V   0.83416 0.01579 0.14719 0.00286 ( 1)
 144 I   0.57709 0.27190 0.10183 0.04918 ( 1)
 145 G   0.74781 0.10154 0.13225 0.01840 ( 1)
 146 P   0.64496 0.20389 0.11419 0.03696 ( 1)
 147 D   0.56589 0.28383 0.09917 0.05111 ( 1)
 148 S   0.00214 0.84722 0.00037 0.15028 ( 2)
 149 T   0.79470 0.05510 0.14022 0.00997 ( 1)
 150 D   0.22496 0.62450 0.03902 0.11152 ( 2)
 151 H   0.00096 0.84768 0.00017 0.15119 ( 2)
 152 A   0.63907 0.20984 0.11307 0.03803 ( 1)
 153 A   0.71854 0.13130 0.12644 0.02372 ( 1)
 154 T   0.66043 0.18930 0.11610 0.03417 ( 1)
 155 T   0.16726 0.68121 0.02926 0.12228 ( 2)
 156 A   0.82766 0.02226 0.14606 0.00403 ( 1)
 157 A   0.78740 0.06249 0.13881 0.01130 ( 1)
 158 L   0.80630 0.04272 0.14321 0.00776 ( 1)
 159 L   0.81203 0.03700 0.14425 0.00672 ( 1)
 160 S   0.78379 0.06594 0.13833 0.01193 ( 1)
 161 P   0.79892 0.04997 0.14202 0.00909 ( 1)
 162 F   0.52058 0.32917 0.09106 0.05919 ( 1)
 163 L   0.80732 0.04171 0.14339 0.00758 ( 1)
 164 V   0.48972 0.35996 0.08563 0.06470 ( 1)
 165 P   0.84093 0.00886 0.14860 0.00161 ( 1)
 166 L   0.29121 0.55766 0.05095 0.10018 ( 2)
 167 I   0.84447 0.00559 0.14893 0.00101 ( 1)
 168 S   0.84177 0.00799 0.14879 0.00145 ( 1)
 169 Y   0.81752 0.03128 0.14550 0.00569 ( 1)
 170 E   0.01681 0.83224 0.00290 0.14805 ( 2)
 171 A   0.84385 0.00608 0.14897 0.00110 ( 1)
 172 S   0.84177 0.00799 0.14879 0.00145 ( 1)
 173 S   0.84126 0.00850 0.14869 0.00154 ( 1)
 174 T   0.00242 0.84671 0.00042 0.15045 ( 2)
 175 T   0.07398 0.77515 0.01280 0.13807 ( 2)
 176 L   0.83861 0.01122 0.14813 0.00203 ( 1)
 177 S   0.57163 0.27798 0.10029 0.05009 ( 1)
 178 V   0.00367 0.84549 0.00063 0.15021 ( 2)
 179 K   0.83418 0.01526 0.14779 0.00277 ( 1)
 180 R   0.36452 0.48453 0.06383 0.08712 ( 2)
 181 Q   0.66383 0.18527 0.11734 0.03356 ( 1)
 182 Y   0.80185 0.04695 0.14266 0.00854 ( 1)
 183 P   0.84200 0.00779 0.14880 0.00141 ( 1)
 184 S   0.80689 0.04197 0.14351 0.00763 ( 1)
 185 F   0.83877 0.01117 0.14803 0.00202 ( 1)
 186 L   0.81409 0.03494 0.14462 0.00635 ( 1)
 187 R   0.83870 0.01092 0.14840 0.00198 ( 1)
 188 T   0.84278 0.00705 0.14889 0.00128 ( 1)
 189 I   0.81915 0.03089 0.14438 0.00559 ( 1)
 190 P   0.84200 0.00779 0.14880 0.00141 ( 1)
 191 S   0.45461 0.39497 0.07945 0.07096 ( 1)
 192 D   0.84306 0.00682 0.14888 0.00124 ( 1)
 193 R   0.46383 0.38544 0.08133 0.06940 ( 1)
 194 H   0.17460 0.67467 0.03029 0.12045 ( 2)
 195 Q   0.82239 0.02676 0.14598 0.00486 ( 1)
 196 V   0.83680 0.01275 0.14813 0.00231 ( 1)
 197 E   0.83632 0.01320 0.14809 0.00239 ( 1)
 198 V   0.61885 0.23086 0.10867 0.04163 ( 1)
 199 M   0.80576 0.04410 0.14216 0.00798 ( 1)
 200 V   0.83680 0.01275 0.14813 0.00231 ( 1)
 201 L   0.65513 0.19385 0.11589 0.03513 ( 1)
 202 L   0.81409 0.03494 0.14462 0.00635 ( 1)
 203 L   0.81395 0.03508 0.14459 0.00638 ( 1)
 204 Q   0.05500 0.79390 0.00954 0.14157 ( 2)
 205 R   0.42189 0.42732 0.07391 0.07688 ( 2)
 206 F   0.84429 0.00566 0.14902 0.00102 ( 1)
 207 R   0.00287 0.84617 0.00050 0.15046 ( 2)
 208 W   0.81583 0.03321 0.14492 0.00604 ( 1)
 209 V   0.56188 0.28780 0.09850 0.05183 ( 1)
 210 W   0.81583 0.03321 0.14492 0.00604 ( 1)
 211 I   0.84536 0.00469 0.14910 0.00085 ( 1)
 212 S   0.80725 0.04160 0.14358 0.00757 ( 1)
 213 L   0.81409 0.03494 0.14462 0.00635 ( 1)
 214 V   0.40565 0.44321 0.07127 0.07988 ( 2)
 215 G   0.84110 0.00864 0.14869 0.00157 ( 1)
 216 S   0.84133 0.00843 0.14871 0.00153 ( 1)
 217 Y   0.00634 0.84238 0.00110 0.15018 ( 2)
 218 G   0.73710 0.11259 0.12995 0.02036 ( 1)
 219 D   0.84339 0.00649 0.14894 0.00118 ( 1)
 220 Y   0.81752 0.03128 0.14550 0.00569 ( 1)
 221 G   0.83360 0.01579 0.14775 0.00287 ( 1)
 222 Q   0.71560 0.13352 0.12667 0.02421 ( 1)
 223 Q   0.21837 0.63001 0.03830 0.11332 ( 2)
 224 G   0.73357 0.11578 0.12968 0.02097 ( 1)
 225 V   0.83502 0.01454 0.14781 0.00264 ( 1)
 226 Q   0.69741 0.15170 0.12339 0.02749 ( 1)
 227 A   0.64687 0.20167 0.11483 0.03663 ( 1)
 228 L   0.81540 0.03363 0.14486 0.00611 ( 1)
 229 E   0.49822 0.35114 0.08739 0.06325 ( 1)
 230 N   0.03784 0.81125 0.00654 0.14437 ( 2)
 231 Q   0.69658 0.15254 0.12324 0.02765 ( 1)
 232 A   0.84385 0.00608 0.14897 0.00110 ( 1)
 233 T   0.83224 0.01668 0.14805 0.00303 ( 1)
 234 D   0.00703 0.84175 0.00122 0.15000 ( 2)
 235 Q   0.68434 0.16477 0.12104 0.02986 ( 1)
 236 G   0.48375 0.36549 0.08490 0.06585 ( 1)
 237 I   0.81864 0.03140 0.14428 0.00568 ( 1)
 238 C   0.83910 0.01052 0.14847 0.00191 ( 1)
 239 I   0.81769 0.03138 0.14523 0.00570 ( 1)
 240 A   0.81131 0.03764 0.14421 0.00684 ( 1)
 241 F   0.84429 0.00566 0.14902 0.00102 ( 1)
 242 K   0.83418 0.01526 0.14779 0.00277 ( 1)
 243 D   0.80539 0.04447 0.14209 0.00805 ( 1)
 244 I   0.53620 0.31365 0.09376 0.05639 ( 1)
 245 V   0.76585 0.08367 0.13532 0.01515 ( 1)
 246 P   0.84021 0.00959 0.14847 0.00174 ( 1)
 247 L   0.80713 0.04280 0.14233 0.00774 ( 1)
 248 S   0.61723 0.23198 0.10885 0.04195 ( 1)
 249 A   0.84385 0.00608 0.14897 0.00110 ( 1)
 250 R   0.00150 0.84738 0.00026 0.15086 ( 2)
 251 V   0.83203 0.01654 0.14842 0.00301 ( 1)
 252 G   0.82546 0.02427 0.14587 0.00440 ( 1)
 253 D   0.81657 0.03243 0.14509 0.00590 ( 1)
 254 E   0.49266 0.35670 0.08640 0.06424 ( 1)
 255 R   0.72864 0.12070 0.12879 0.02186 ( 1)
 256 M   0.84353 0.00635 0.14897 0.00115 ( 1)
 257 Q   0.69787 0.15124 0.12348 0.02741 ( 1)
 258 G   0.02029 0.82892 0.00350 0.14729 ( 2)
 259 M   0.19339 0.65545 0.03373 0.11743 ( 2)
 260 M   0.84353 0.00635 0.14897 0.00115 ( 1)
 261 N   0.00418 0.84503 0.00072 0.15007 ( 2)
 262 R   0.20586 0.64355 0.03570 0.11489 ( 2)
 263 L   0.81409 0.03494 0.14462 0.00635 ( 1)
 264 A   0.81071 0.03920 0.14300 0.00709 ( 1)
 265 R   0.07074 0.77816 0.01227 0.13883 ( 2)
 266 A   0.84273 0.00720 0.14877 0.00130 ( 1)
 267 G   0.02013 0.82897 0.00348 0.14742 ( 2)
 268 T   0.80290 0.04700 0.14160 0.00850 ( 1)
 269 T   0.75956 0.09023 0.13390 0.01632 ( 1)
 270 V   0.84110 0.00787 0.14960 0.00143 ( 1)
 271 V   0.83680 0.01275 0.14813 0.00231 ( 1)
 272 V   0.45852 0.39119 0.08005 0.07024 ( 1)
 273 V   0.81211 0.03685 0.14433 0.00670 ( 1)
 274 F   0.83567 0.01337 0.14853 0.00243 ( 1)
 275 S   0.84075 0.00896 0.14867 0.00162 ( 1)
 276 S   0.02550 0.82385 0.00439 0.14626 ( 2)
 277 R   0.21899 0.63001 0.03816 0.11284 ( 2)
 278 R   0.00193 0.84651 0.00034 0.15123 ( 2)
 279 L   0.17563 0.67321 0.03061 0.12056 ( 2)
 280 A   0.84385 0.00608 0.14897 0.00110 ( 1)
 281 R   0.74818 0.10117 0.13231 0.01833 ( 1)
 282 V   0.83680 0.01275 0.14813 0.00231 ( 1)
 283 F   0.83966 0.00938 0.14925 0.00171 ( 1)
 284 F   0.84188 0.00807 0.14859 0.00146 ( 1)
 285 E   0.83632 0.01320 0.14809 0.00239 ( 1)
 286 S   0.83701 0.01269 0.14800 0.00230 ( 1)
 287 V   0.83680 0.01275 0.14813 0.00231 ( 1)
 288 V   0.83680 0.01275 0.14813 0.00231 ( 1)
 289 L   0.81359 0.03544 0.14453 0.00644 ( 1)
 290 A   0.81030 0.03961 0.14293 0.00717 ( 1)
 291 N   0.80257 0.04722 0.14167 0.00855 ( 1)
 292 L   0.66060 0.18838 0.11688 0.03414 ( 1)
 293 T   0.80690 0.04201 0.14345 0.00764 ( 1)
 294 G   0.84110 0.00864 0.14869 0.00157 ( 1)
 295 K   0.83418 0.01526 0.14779 0.00277 ( 1)
 296 V   0.83680 0.01275 0.14813 0.00231 ( 1)
 297 W   0.81583 0.03321 0.14492 0.00604 ( 1)
 298 I   0.57510 0.27469 0.10076 0.04945 ( 1)
 299 A   0.84385 0.00608 0.14897 0.00110 ( 1)
 300 S   0.76136 0.08711 0.13567 0.01586 ( 1)
 301 E   0.79242 0.05708 0.14016 0.01034 ( 1)
 302 D   0.59614 0.25363 0.10453 0.04569 ( 1)
 303 W   0.81583 0.03321 0.14492 0.00604 ( 1)
 304 A   0.80447 0.04543 0.14188 0.00822 ( 1)
 305 I   0.80570 0.04412 0.14220 0.00798 ( 1)
 306 S   0.84075 0.00896 0.14867 0.00162 ( 1)
 307 R   0.10130 0.74779 0.01756 0.13336 ( 2)
 308 H   0.79103 0.05869 0.13965 0.01062 ( 1)
 309 I   0.84536 0.00469 0.14910 0.00085 ( 1)
 310 T   0.64598 0.20289 0.11435 0.03678 ( 1)
 311 G   0.42102 0.42820 0.07375 0.07703 ( 2)
 312 V   0.83482 0.01473 0.14777 0.00267 ( 1)
 313 P   0.83461 0.01518 0.14746 0.00275 ( 1)
 314 G   0.83227 0.01712 0.14751 0.00311 ( 1)
 315 I   0.84536 0.00469 0.14910 0.00085 ( 1)
 316 Q   0.32503 0.52395 0.05687 0.09414 ( 2)
 317 G   0.54320 0.30627 0.09533 0.05519 ( 1)
 318 I   0.82668 0.02239 0.14686 0.00407 ( 1)
 319 G   0.83183 0.01756 0.14743 0.00319 ( 1)
 320 T   0.00186 0.84750 0.00032 0.15032 ( 2)
 321 V   0.83726 0.01229 0.14821 0.00223 ( 1)
 322 L   0.81409 0.03494 0.14462 0.00635 ( 1)
 323 G   0.81979 0.02994 0.14485 0.00542 ( 1)
 324 V   0.83557 0.01300 0.14906 0.00237 ( 1)
 325 A   0.84385 0.00608 0.14897 0.00110 ( 1)
 326 I   0.84536 0.00469 0.14910 0.00085 ( 1)
 327 Q   0.82239 0.02676 0.14598 0.00486 ( 1)
 328 L   0.08071 0.76840 0.01398 0.13692 ( 2)
 329 R   0.44560 0.40363 0.07812 0.07266 ( 1)
 330 L   0.00082 0.84788 0.00014 0.15115 ( 2)
 331 V   0.80811 0.04143 0.14295 0.00751 ( 1)
 332 P   0.81212 0.03678 0.14442 0.00669 ( 1)
 333 G   0.79505 0.05467 0.14039 0.00990 ( 1)
 334 L   0.81387 0.03516 0.14458 0.00639 ( 1)
 335 K   0.75716 0.09225 0.13388 0.01671 ( 1)
 336 E   0.74180 0.10676 0.13202 0.01942 ( 1)
 337 F   0.66590 0.18309 0.11783 0.03318 ( 1)
 338 E   0.78404 0.06465 0.13954 0.01176 ( 1)
 339 E   0.82044 0.02826 0.14615 0.00515 ( 1)
 340 A   0.84385 0.00608 0.14897 0.00110 ( 1)
 341 Y   0.79587 0.05293 0.14157 0.00963 ( 1)
 342 A   0.81096 0.03895 0.14305 0.00705 ( 1)
 343 Q   0.00437 0.84456 0.00076 0.15032 ( 2)
 344 A   0.56564 0.28289 0.10018 0.05129 ( 1)
 345 D   0.84339 0.00649 0.14894 0.00118 ( 1)
 346 K   0.83418 0.01526 0.14779 0.00277 ( 1)
 347 G   0.01749 0.83093 0.00305 0.14854 ( 2)
 348 A   0.80537 0.04453 0.14204 0.00806 ( 1)
 349 P   0.10720 0.74152 0.01866 0.13262 ( 2)
 350 L   0.25777 0.59137 0.04492 0.10594 ( 2)
 351 P   0.52329 0.32553 0.09232 0.05886 ( 1)
 352 C   0.83775 0.01187 0.14822 0.00215 ( 1)
 353 P   0.03497 0.81434 0.00603 0.14465 ( 2)
 354 T   0.08911 0.76000 0.01543 0.13545 ( 2)
 355 G   0.79465 0.05509 0.14029 0.00997 ( 1)
 356 A   0.78537 0.06431 0.13868 0.01164 ( 1)
 357 W   0.68179 0.16775 0.12013 0.03032 ( 1)
 358 C   0.83910 0.01052 0.14847 0.00191 ( 1)
 359 S   0.84177 0.00799 0.14879 0.00145 ( 1)
 360 S   0.84177 0.00799 0.14879 0.00145 ( 1)
 361 N   0.81009 0.03887 0.14397 0.00707 ( 1)
 362 Q   0.82239 0.02676 0.14598 0.00486 ( 1)
 363 L   0.57651 0.27328 0.10101 0.04920 ( 1)
 364 C   0.83775 0.01187 0.14822 0.00215 ( 1)
 365 R   0.77876 0.06984 0.13868 0.01271 ( 1)
 366 E   0.17303 0.67555 0.03024 0.12118 ( 2)
 367 C   0.83691 0.01195 0.14896 0.00217 ( 1)
 368 C   0.00126 0.84730 0.00022 0.15123 ( 2)
 369 A   0.66255 0.18636 0.11730 0.03379 ( 1)
 370 F   0.84429 0.00566 0.14902 0.00102 ( 1)
 371 T   0.00039 0.84870 0.00007 0.15084 ( 2)
 372 A   0.13852 0.70995 0.02421 0.12732 ( 2)
 373 H   0.84129 0.00847 0.14871 0.00153 ( 1)
 374 T   0.00025 0.84884 0.00004 0.15087 ( 2)
 375 T   0.80590 0.04396 0.14218 0.00795 ( 1)
 376 P   0.84161 0.00818 0.14873 0.00148 ( 1)
 377 T   0.07371 0.77540 0.01276 0.13813 ( 2)
 378 L   0.83643 0.01340 0.14774 0.00243 ( 1)
 379 G   0.00056 0.84796 0.00010 0.15138 ( 2)
 380 P   0.60373 0.24588 0.10604 0.04434 ( 1)
 381 F   0.81064 0.03929 0.14296 0.00711 ( 1)
 382 S   0.84075 0.00896 0.14867 0.00162 ( 1)
 383 M   0.84353 0.00635 0.14897 0.00115 ( 1)
 384 S   0.80904 0.03989 0.14381 0.00725 ( 1)
 385 S   0.61538 0.23343 0.10889 0.04230 ( 1)
 386 A   0.84385 0.00608 0.14897 0.00110 ( 1)
 387 Y   0.83819 0.01140 0.14834 0.00207 ( 1)
 388 N   0.84223 0.00758 0.14882 0.00137 ( 1)
 389 V   0.36879 0.48052 0.06442 0.08627 ( 2)
 390 Y   0.83365 0.01593 0.14752 0.00289 ( 1)
 391 Q   0.05791 0.79098 0.01004 0.14107 ( 2)
 392 A   0.80264 0.04631 0.14263 0.00842 ( 1)
 393 V   0.83680 0.01275 0.14813 0.00231 ( 1)
 394 Y   0.81824 0.03056 0.14563 0.00556 ( 1)
 395 T   0.05359 0.79488 0.00934 0.14220 ( 2)
 396 V   0.83680 0.01275 0.14813 0.00231 ( 1)
 397 A   0.84364 0.00629 0.14894 0.00114 ( 1)
 398 H   0.81054 0.03840 0.14407 0.00698 ( 1)
 399 G   0.84110 0.00864 0.14869 0.00157 ( 1)
 400 L   0.84239 0.00745 0.14882 0.00135 ( 1)
 401 H   0.84146 0.00830 0.14874 0.00150 ( 1)
 402 Q   0.82239 0.02676 0.14598 0.00486 ( 1)
 403 L   0.84239 0.00745 0.14882 0.00135 ( 1)
 404 L   0.81409 0.03494 0.14462 0.00635 ( 1)
 405 G   0.84110 0.00864 0.14869 0.00157 ( 1)
 406 C   0.82095 0.02791 0.14606 0.00508 ( 1)
 407 A   0.80006 0.04984 0.14109 0.00902 ( 1)
 408 S   0.81081 0.03804 0.14422 0.00692 ( 1)
 409 G   0.76483 0.08367 0.13627 0.01524 ( 1)
 410 A   0.75734 0.09161 0.13441 0.01664 ( 1)
 411 C   0.80131 0.04755 0.14250 0.00865 ( 1)
 412 S   0.84075 0.00896 0.14867 0.00162 ( 1)
 413 R   0.83255 0.01684 0.14756 0.00306 ( 1)
 414 S   0.57684 0.27276 0.10124 0.04916 ( 1)
 415 Q   0.02259 0.82576 0.00394 0.14772 ( 2)
 416 V   0.84393 0.00603 0.14895 0.00109 ( 1)
 417 Y   0.48940 0.36002 0.08577 0.06481 ( 1)
 418 P   0.84155 0.00825 0.14871 0.00149 ( 1)
 419 W   0.81583 0.03321 0.14492 0.00604 ( 1)
 420 Q   0.82239 0.02676 0.14598 0.00486 ( 1)
 421 L   0.80568 0.04323 0.14323 0.00786 ( 1)
 422 L   0.81132 0.03770 0.14413 0.00685 ( 1)
 423 E   0.76679 0.08269 0.13553 0.01498 ( 1)
 424 Q   0.82239 0.02676 0.14598 0.00486 ( 1)
 425 I   0.84536 0.00469 0.14910 0.00085 ( 1)
 426 H   0.03044 0.81888 0.00525 0.14544 ( 2)
 427 K   0.83373 0.01571 0.14771 0.00285 ( 1)
 428 A   0.77436 0.07517 0.13686 0.01362 ( 1)
 429 N   0.64266 0.20626 0.11371 0.03738 ( 1)
 430 F   0.84413 0.00582 0.14900 0.00105 ( 1)
 431 L   0.80568 0.04323 0.14323 0.00786 ( 1)
 432 L   0.74787 0.10055 0.13327 0.01831 ( 1)
 433 H   0.83964 0.01011 0.14841 0.00183 ( 1)
 434 E   0.02000 0.82909 0.00346 0.14745 ( 2)
 435 D   0.84339 0.00649 0.14894 0.00118 ( 1)
 436 T   0.81227 0.03665 0.14442 0.00666 ( 1)
 437 V   0.83680 0.01275 0.14813 0.00231 ( 1)
 438 T   0.00729 0.84209 0.00126 0.14936 ( 2)
 439 F   0.66414 0.18485 0.11751 0.03350 ( 1)
 440 N   0.27092 0.57790 0.04739 0.10379 ( 2)
 441 D   0.84339 0.00649 0.14894 0.00118 ( 1)
 442 N   0.82250 0.02683 0.14580 0.00487 ( 1)
 443 G   0.25840 0.59004 0.04536 0.10620 ( 2)
 444 D   0.44910 0.40055 0.07842 0.07193 ( 1)
 445 P   0.79653 0.05323 0.14060 0.00964 ( 1)
 446 L   0.52527 0.32438 0.09198 0.05837 ( 1)
 447 S   0.80815 0.04078 0.14365 0.00741 ( 1)
 448 G   0.79025 0.05949 0.13950 0.01077 ( 1)
 449 Y   0.79587 0.05293 0.14157 0.00963 ( 1)
 450 N   0.20805 0.64140 0.03607 0.11448 ( 2)
 451 I   0.81759 0.03146 0.14524 0.00572 ( 1)
 452 I   0.81769 0.03138 0.14523 0.00570 ( 1)
 453 A   0.81024 0.03966 0.14292 0.00718 ( 1)
 454 W   0.81583 0.03321 0.14492 0.00604 ( 1)
 455 D   0.84339 0.00649 0.14894 0.00118 ( 1)
 456 W   0.81583 0.03321 0.14492 0.00604 ( 1)
 457 I   0.05139 0.79735 0.00893 0.14234 ( 2)
 458 G   0.83042 0.01896 0.14717 0.00344 ( 1)
 459 F   0.58772 0.26160 0.10344 0.04724 ( 1)
 460 K   0.76653 0.08287 0.13557 0.01502 ( 1)
 461 W   0.81583 0.03321 0.14492 0.00604 ( 1)
 462 T   0.84278 0.00705 0.14889 0.00128 ( 1)
 463 F   0.84344 0.00651 0.14887 0.00118 ( 1)
 464 T   0.82590 0.02264 0.14733 0.00413 ( 1)
 465 V   0.51470 0.33505 0.09001 0.06024 ( 1)
 466 I   0.07337 0.77536 0.01276 0.13852 ( 2)
 467 G   0.83417 0.01470 0.14845 0.00268 ( 1)
 468 S   0.84029 0.00942 0.14858 0.00171 ( 1)
 469 S   0.84075 0.00896 0.14867 0.00162 ( 1)
 470 T   0.77862 0.07081 0.13773 0.01284 ( 1)
 471 A   0.26774 0.58114 0.04680 0.10432 ( 2)
 472 S   0.60673 0.24203 0.10738 0.04387 ( 1)
 473 P   0.75914 0.08938 0.13520 0.01627 ( 1)
 474 V   0.63697 0.21194 0.11268 0.03840 ( 1)
 475 R   0.00484 0.84404 0.00084 0.15028 ( 2)
 476 L   0.77232 0.07610 0.13771 0.01386 ( 1)
 477 D   0.79533 0.05453 0.14028 0.00987 ( 1)
 478 I   0.81631 0.03273 0.14501 0.00595 ( 1)
 479 N   0.81009 0.03887 0.14397 0.00707 ( 1)
 480 E   0.76687 0.08262 0.13555 0.01497 ( 1)
 481 T   0.84277 0.00707 0.14888 0.00128 ( 1)
 482 K   0.77742 0.07123 0.13839 0.01296 ( 1)
 483 I   0.84505 0.00501 0.14904 0.00091 ( 1)
 484 Q   0.82239 0.02676 0.14598 0.00486 ( 1)
 485 W   0.81583 0.03321 0.14492 0.00604 ( 1)
 486 H   0.78071 0.06823 0.13867 0.01240 ( 1)
 487 R   0.13757 0.71086 0.02405 0.12752 ( 2)
 488 K   0.83418 0.01526 0.14779 0.00277 ( 1)
 489 D   0.80812 0.04174 0.14258 0.00755 ( 1)
 490 N   0.84241 0.00740 0.14885 0.00134 ( 1)
 491 Q   0.82239 0.02676 0.14598 0.00486 ( 1)
 492 V   0.83557 0.01300 0.14906 0.00237 ( 1)
 493 P   0.80946 0.03943 0.14394 0.00717 ( 1)
 494 Q   0.44700 0.40256 0.07811 0.07232 ( 1)
 495 S   0.80109 0.04776 0.14246 0.00869 ( 1)
 496 V   0.83680 0.01275 0.14813 0.00231 ( 1)
 497 C   0.82740 0.02146 0.14723 0.00391 ( 1)
 498 S   0.84075 0.00896 0.14867 0.00162 ( 1)
 499 S   0.83178 0.01716 0.14794 0.00312 ( 1)
 500 D   0.84301 0.00688 0.14887 0.00125 ( 1)
 501 C   0.80482 0.04403 0.14314 0.00801 ( 1)
 502 L   0.80568 0.04323 0.14323 0.00786 ( 1)
 503 E   0.54654 0.30212 0.09664 0.05471 ( 1)
 504 G   0.82982 0.01957 0.14706 0.00355 ( 1)
 505 H   0.79509 0.05385 0.14127 0.00979 ( 1)
 506 Q   0.82239 0.02676 0.14598 0.00486 ( 1)
 507 R   0.11468 0.73366 0.02005 0.13160 ( 2)
 508 V   0.83680 0.01275 0.14813 0.00231 ( 1)
 509 V   0.81317 0.03580 0.14453 0.00651 ( 1)
 510 V   0.00201 0.84643 0.00035 0.15121 ( 2)
 511 G   0.61295 0.23587 0.10844 0.04274 ( 1)
 512 S   0.81154 0.03839 0.14312 0.00695 ( 1)
 513 H   0.30272 0.54609 0.05302 0.09817 ( 2)
 514 H   0.79715 0.05258 0.14075 0.00952 ( 1)
 515 C   0.80314 0.04571 0.14283 0.00831 ( 1)
 516 C   0.83910 0.01052 0.14847 0.00191 ( 1)
 517 F   0.82240 0.02664 0.14612 0.00484 ( 1)
 518 E   0.76815 0.08134 0.13578 0.01474 ( 1)
 519 C   0.80131 0.04755 0.14250 0.00865 ( 1)
 520 V   0.82978 0.01977 0.14686 0.00358 ( 1)
 521 P   0.83965 0.01014 0.14837 0.00184 ( 1)
 522 C   0.80186 0.04699 0.14260 0.00855 ( 1)
 523 E   0.41353 0.43569 0.07242 0.07837 ( 2)
 524 S   0.62299 0.22591 0.11017 0.04093 ( 1)
 525 G   0.83157 0.01781 0.14738 0.00323 ( 1)
 526 T   0.46249 0.38712 0.08083 0.06955 ( 1)
 527 F   0.63733 0.21249 0.11187 0.03831 ( 1)
 528 L   0.55461 0.29423 0.09792 0.05323 ( 1)
 529 N   0.60305 0.24662 0.10587 0.04446 ( 1)
 530 K   0.46113 0.38814 0.08085 0.06988 ( 1)
 531 S   0.80291 0.04602 0.14270 0.00837 ( 1)
 532 D   0.84131 0.00858 0.14856 0.00155 ( 1)
 533 L   0.78372 0.06608 0.13824 0.01196 ( 1)
 534 Y   0.76214 0.08741 0.13462 0.01583 ( 1)
 535 R   0.20782 0.64070 0.03639 0.11509 ( 2)
 536 C   0.83570 0.01392 0.14785 0.00252 ( 1)
 537 Q   0.82239 0.02676 0.14598 0.00486 ( 1)
 538 P   0.61786 0.23098 0.10930 0.04185 ( 1)
 539 C   0.80131 0.04755 0.14250 0.00865 ( 1)
 540 G   0.83227 0.01712 0.14751 0.00311 ( 1)
 541 K   0.78449 0.06416 0.13968 0.01168 ( 1)
 542 E   0.78404 0.06465 0.13954 0.01176 ( 1)
 543 E   0.83579 0.01321 0.14860 0.00240 ( 1)
 544 W   0.81583 0.03321 0.14492 0.00604 ( 1)
 545 A   0.76374 0.08481 0.13601 0.01544 ( 1)
 546 P   0.81251 0.03639 0.14449 0.00662 ( 1)
 547 E   0.13657 0.71262 0.02368 0.12713 ( 2)
 548 G   0.45805 0.39042 0.08091 0.07063 ( 1)
 549 S   0.84177 0.00799 0.14879 0.00145 ( 1)
 550 Q   0.82239 0.02676 0.14598 0.00486 ( 1)
 551 T   0.79803 0.05178 0.14082 0.00937 ( 1)
 552 C   0.83910 0.01052 0.14847 0.00191 ( 1)
 553 F   0.84366 0.00629 0.14891 0.00114 ( 1)
 554 P   0.55415 0.29516 0.09744 0.05326 ( 1)
 555 R   0.83327 0.01635 0.14742 0.00296 ( 1)
 556 T   0.81316 0.03575 0.14459 0.00650 ( 1)
 557 V   0.83486 0.01469 0.14778 0.00266 ( 1)
 558 V   0.77114 0.07839 0.13628 0.01420 ( 1)
 559 F   0.27732 0.57155 0.04849 0.10263 ( 2)
 560 L   0.81358 0.03544 0.14454 0.00644 ( 1)
 561 A   0.24667 0.60213 0.04312 0.10808 ( 2)
 562 W   0.29177 0.55697 0.05112 0.10015 ( 2)
 563 H   0.27633 0.57219 0.04850 0.10299 ( 2)
 564 E   0.83632 0.01320 0.14809 0.00239 ( 1)
 565 C   0.03507 0.81425 0.00605 0.14464 ( 2)
 566 I   0.80722 0.04260 0.14248 0.00771 ( 1)
 567 S   0.80109 0.04776 0.14246 0.00869 ( 1)
 568 W   0.81583 0.03321 0.14492 0.00604 ( 1)
 569 V   0.83680 0.01275 0.14813 0.00231 ( 1)
 570 L   0.81164 0.03738 0.14418 0.00679 ( 1)
 571 L   0.81383 0.03520 0.14457 0.00640 ( 1)
 572 A   0.48047 0.36805 0.08488 0.06660 ( 1)
 573 A   0.65396 0.19494 0.11575 0.03534 ( 1)
 574 N   0.83152 0.01828 0.14689 0.00331 ( 1)
 575 T   0.72873 0.12068 0.12873 0.02185 ( 1)
 576 L   0.28722 0.56165 0.05024 0.10088 ( 2)
 577 L   0.81287 0.03616 0.14440 0.00657 ( 1)
 578 L   0.81401 0.03502 0.14461 0.00637 ( 1)
 579 V   0.66066 0.18832 0.11689 0.03413 ( 1)
 580 V   0.66006 0.18891 0.11679 0.03424 ( 1)
 581 V   0.66763 0.18136 0.11814 0.03287 ( 1)
 582 V   0.25138 0.59739 0.04397 0.10727 ( 2)
 583 G   0.83298 0.01640 0.14763 0.00298 ( 1)
 584 T   0.62638 0.22249 0.11082 0.04032 ( 1)
 585 V   0.63823 0.21067 0.11292 0.03818 ( 1)
 586 G   0.83928 0.01046 0.14837 0.00189 ( 1)
 587 L   0.81409 0.03494 0.14462 0.00635 ( 1)
 588 F   0.81530 0.03373 0.14484 0.00613 ( 1)
 589 A   0.84349 0.00644 0.14891 0.00117 ( 1)
 590 W   0.81583 0.03321 0.14492 0.00604 ( 1)
 591 H   0.84148 0.00827 0.14874 0.00150 ( 1)
 592 Q   0.42702 0.42137 0.07540 0.07620 ( 1)
 593 D   0.84339 0.00649 0.14894 0.00118 ( 1)
 594 T   0.84213 0.00771 0.14877 0.00140 ( 1)
 595 P   0.80425 0.04464 0.14299 0.00812 ( 1)
 596 V   0.83680 0.01275 0.14813 0.00231 ( 1)
 597 V   0.83636 0.01319 0.14805 0.00239 ( 1)
 598 R   0.83255 0.01684 0.14756 0.00306 ( 1)
 599 S   0.74916 0.09931 0.13345 0.01808 ( 1)
 600 A   0.79245 0.05610 0.14122 0.01022 ( 1)
 601 G   0.83227 0.01712 0.14751 0.00311 ( 1)
 602 G   0.84110 0.00864 0.14869 0.00157 ( 1)
 603 W   0.01553 0.83368 0.00268 0.14811 ( 2)
 604 L   0.81409 0.03494 0.14462 0.00635 ( 1)
 605 C   0.83898 0.01065 0.14845 0.00193 ( 1)
 606 F   0.83567 0.01337 0.14853 0.00243 ( 1)
 607 L   0.83254 0.01638 0.14810 0.00298 ( 1)
 608 M   0.84353 0.00635 0.14897 0.00115 ( 1)
 609 L   0.81203 0.03700 0.14425 0.00672 ( 1)
 610 G   0.84024 0.00950 0.14854 0.00172 ( 1)
 611 S   0.84017 0.00954 0.14856 0.00173 ( 1)
 612 L   0.81409 0.03494 0.14462 0.00635 ( 1)
 613 A   0.77421 0.07435 0.13791 0.01354 ( 1)
 614 G   0.03089 0.81757 0.00538 0.14616 ( 2)
 615 A   0.59818 0.25064 0.10578 0.04540 ( 1)
 616 S   0.83961 0.01015 0.14840 0.00184 ( 1)
 617 C   0.03199 0.81731 0.00552 0.14518 ( 2)
 618 S   0.84177 0.00799 0.14879 0.00145 ( 1)
 619 L   0.79971 0.05010 0.14112 0.00907 ( 1)
 620 Y   0.79587 0.05293 0.14157 0.00963 ( 1)
 621 G   0.84089 0.00885 0.14866 0.00160 ( 1)
 622 F   0.84399 0.00596 0.14897 0.00108 ( 1)
 623 F   0.81530 0.03373 0.14484 0.00613 ( 1)
 624 G   0.82982 0.01957 0.14706 0.00355 ( 1)
 625 E   0.82927 0.02025 0.14681 0.00367 ( 1)
 626 P   0.84089 0.00890 0.14860 0.00161 ( 1)
 627 T   0.56153 0.28781 0.09873 0.05193 ( 1)
 628 L   0.24932 0.59982 0.04343 0.10742 ( 2)
 629 P   0.69751 0.15135 0.12367 0.02747 ( 1)
 630 A   0.52996 0.31857 0.09377 0.05771 ( 1)
 631 C   0.83775 0.01187 0.14822 0.00215 ( 1)
 632 L   0.80561 0.04340 0.14310 0.00789 ( 1)
 633 L   0.81391 0.03512 0.14459 0.00638 ( 1)
 634 R   0.83880 0.01082 0.14842 0.00196 ( 1)
 635 Q   0.81991 0.02924 0.14554 0.00531 ( 1)
 636 A   0.79794 0.05196 0.14070 0.00940 ( 1)
 637 I   0.79479 0.05502 0.14024 0.00996 ( 1)
 638 F   0.81530 0.03373 0.14484 0.00613 ( 1)
 639 A   0.84292 0.00700 0.14881 0.00127 ( 1)
 640 L   0.81081 0.03810 0.14416 0.00693 ( 1)
 641 G   0.80354 0.04533 0.14289 0.00824 ( 1)
 642 F   0.83877 0.01117 0.14803 0.00202 ( 1)
 643 T   0.79186 0.05794 0.13971 0.01049 ( 1)
 644 I   0.81935 0.03068 0.14441 0.00555 ( 1)
 645 F   0.84410 0.00585 0.14899 0.00106 ( 1)
 646 L   0.81391 0.03512 0.14459 0.00638 ( 1)
 647 S   0.84064 0.00907 0.14865 0.00164 ( 1)
 648 C   0.83910 0.01052 0.14847 0.00191 ( 1)
 649 L   0.66060 0.18838 0.11688 0.03414 ( 1)
 650 T   0.76275 0.08578 0.13585 0.01562 ( 1)
 651 V   0.80989 0.03907 0.14393 0.00710 ( 1)
 652 R   0.83853 0.01110 0.14837 0.00201 ( 1)
 653 S   0.83695 0.01276 0.14798 0.00231 ( 1)
 654 F   0.84429 0.00566 0.14902 0.00102 ( 1)
 655 Q   0.77138 0.07720 0.13737 0.01405 ( 1)
 656 L   0.78790 0.06053 0.14055 0.01103 ( 1)
 657 V   0.80319 0.04684 0.14150 0.00847 ( 1)
 658 I   0.84536 0.00469 0.14910 0.00085 ( 1)
 659 I   0.84481 0.00525 0.14900 0.00095 ( 1)
 660 F   0.84429 0.00566 0.14902 0.00102 ( 1)
 661 K   0.83418 0.01526 0.14779 0.00277 ( 1)
 662 F   0.81530 0.03373 0.14484 0.00613 ( 1)
 663 S   0.84014 0.00957 0.14856 0.00173 ( 1)
 664 T   0.61992 0.22978 0.10886 0.04144 ( 1)
 665 K   0.83310 0.01634 0.14760 0.00296 ( 1)
 666 V   0.16689 0.68159 0.02919 0.12233 ( 2)
 667 P   0.83091 0.01798 0.14783 0.00327 ( 1)
 668 T   0.22529 0.62318 0.03949 0.11204 ( 2)
 669 F   0.84429 0.00566 0.14902 0.00102 ( 1)
 670 Y   0.52538 0.32405 0.09218 0.05839 ( 1)
 671 H   0.27964 0.56980 0.04862 0.10194 ( 2)
 672 T   0.63451 0.21528 0.11139 0.03882 ( 1)
 673 W   0.81583 0.03321 0.14492 0.00604 ( 1)
 674 V   0.84307 0.00689 0.14880 0.00125 ( 1)
 675 Q   0.76822 0.08036 0.13679 0.01463 ( 1)
 676 N   0.84241 0.00740 0.14885 0.00134 ( 1)
 677 H   0.83751 0.01144 0.14897 0.00208 ( 1)
 678 G   0.80222 0.04665 0.14265 0.00848 ( 1)
 679 A   0.81704 0.03191 0.14524 0.00580 ( 1)
 680 A   0.15659 0.69278 0.02712 0.12351 ( 2)
 681 L   0.81409 0.03494 0.14462 0.00635 ( 1)
 682 F   0.81530 0.03373 0.14484 0.00613 ( 1)
 683 I   0.65330 0.19617 0.11508 0.03545 ( 1)
 684 M   0.49858 0.35110 0.08720 0.06312 ( 1)
 685 I   0.84507 0.00498 0.14904 0.00090 ( 1)
 686 S   0.79900 0.05100 0.14078 0.00922 ( 1)
 687 S   0.74916 0.09931 0.13345 0.01808 ( 1)
 688 M   0.02573 0.82342 0.00444 0.14641 ( 2)
 689 A   0.17342 0.67529 0.03027 0.12103 ( 2)
 690 Q   0.82239 0.02676 0.14598 0.00486 ( 1)
 691 L   0.81169 0.03733 0.14419 0.00679 ( 1)
 692 L   0.80864 0.04027 0.14377 0.00732 ( 1)
 693 I   0.84536 0.00469 0.14910 0.00085 ( 1)
 694 C   0.80174 0.04711 0.14258 0.00857 ( 1)
 695 L   0.74787 0.10055 0.13327 0.01831 ( 1)
 696 T   0.81292 0.03599 0.14454 0.00654 ( 1)
 697 W   0.81583 0.03321 0.14492 0.00604 ( 1)
 698 L   0.80939 0.03964 0.14377 0.00720 ( 1)
 699 A   0.45507 0.39431 0.07969 0.07094 ( 1)
 700 V   0.77134 0.07819 0.13631 0.01416 ( 1)
 701 W   0.81583 0.03321 0.14492 0.00604 ( 1)
 702 T   0.84012 0.00880 0.14948 0.00160 ( 1)
 703 P   0.75914 0.08938 0.13520 0.01627 ( 1)
 704 L   0.81409 0.03494 0.14462 0.00635 ( 1)
 705 P   0.84082 0.00897 0.14858 0.00163 ( 1)
 706 T   0.75000 0.09890 0.13314 0.01797 ( 1)
 707 R   0.81685 0.03253 0.14472 0.00590 ( 1)
 708 E   0.78404 0.06465 0.13954 0.01176 ( 1)
 709 Y   0.83681 0.01278 0.14809 0.00232 ( 1)
 710 Q   0.33944 0.50955 0.05942 0.09159 ( 2)
 711 R   0.83883 0.01079 0.14842 0.00196 ( 1)
 712 F   0.84366 0.00629 0.14891 0.00114 ( 1)
 713 P   0.84089 0.00890 0.14860 0.00161 ( 1)
 714 Q   0.67999 0.16891 0.12045 0.03064 ( 1)
 715 L   0.81409 0.03494 0.14462 0.00635 ( 1)
 716 V   0.83486 0.01469 0.14778 0.00266 ( 1)
 717 V   0.60123 0.24851 0.10548 0.04478 ( 1)
 718 L   0.80568 0.04323 0.14323 0.00786 ( 1)
 719 E   0.75871 0.09078 0.13408 0.01644 ( 1)
 720 C   0.83910 0.01052 0.14847 0.00191 ( 1)
 721 T   0.76084 0.08769 0.13550 0.01596 ( 1)
 722 E   0.83632 0.01320 0.14809 0.00239 ( 1)
 723 T   0.00424 0.84518 0.00073 0.14985 ( 2)
 724 N   0.77750 0.07227 0.13715 0.01308 ( 1)
 725 S   0.82384 0.02586 0.14561 0.00468 ( 1)
 726 L   0.81409 0.03494 0.14462 0.00635 ( 1)
 727 G   0.84110 0.00864 0.14869 0.00157 ( 1)
 728 F   0.84429 0.00566 0.14902 0.00102 ( 1)
 729 M   0.41661 0.43231 0.07317 0.07791 ( 2)
 730 L   0.81391 0.03512 0.14459 0.00638 ( 1)
 731 A   0.84385 0.00608 0.14897 0.00110 ( 1)
 732 F   0.84057 0.00847 0.14942 0.00154 ( 1)
 733 G   0.00521 0.84337 0.00090 0.15052 ( 2)
 734 Y   0.83819 0.01140 0.14834 0.00207 ( 1)
 735 N   0.81009 0.03887 0.14397 0.00707 ( 1)
 736 G   0.78823 0.06149 0.13916 0.01113 ( 1)
 737 L   0.84023 0.00869 0.14950 0.00158 ( 1)
 738 L   0.84172 0.00812 0.14869 0.00147 ( 1)
 739 S   0.83555 0.01416 0.14773 0.00257 ( 1)
 740 V   0.21773 0.63191 0.03769 0.11267 ( 2)
 741 S   0.83393 0.01501 0.14833 0.00273 ( 1)
 742 A   0.84316 0.00677 0.14885 0.00122 ( 1)
 743 F   0.81530 0.03373 0.14484 0.00613 ( 1)
 744 A   0.84254 0.00739 0.14874 0.00134 ( 1)
 745 C   0.83814 0.01149 0.14829 0.00208 ( 1)
 746 S   0.79847 0.05127 0.14098 0.00928 ( 1)
 747 Y   0.83819 0.01140 0.14834 0.00207 ( 1)
 748 L   0.66071 0.18827 0.11690 0.03412 ( 1)
 749 G   0.84084 0.00890 0.14865 0.00161 ( 1)
 750 K   0.83310 0.01634 0.14760 0.00296 ( 1)
 751 D   0.84339 0.00649 0.14894 0.00118 ( 1)
 752 L   0.81316 0.03586 0.14446 0.00652 ( 1)
 753 P   0.75914 0.08938 0.13520 0.01627 ( 1)
 754 E   0.83632 0.01320 0.14809 0.00239 ( 1)
 755 N   0.84241 0.00740 0.14885 0.00134 ( 1)
 756 Y   0.82315 0.02643 0.14563 0.00479 ( 1)
 757 N   0.79737 0.05242 0.14073 0.00949 ( 1)
 758 E   0.83632 0.01320 0.14809 0.00239 ( 1)
 759 A   0.84349 0.00644 0.14891 0.00117 ( 1)
 760 K   0.77742 0.07123 0.13839 0.01296 ( 1)
 761 C   0.80131 0.04755 0.14250 0.00865 ( 1)
 762 V   0.84393 0.00603 0.14895 0.00109 ( 1)
 763 T   0.84100 0.00884 0.14856 0.00160 ( 1)
 764 F   0.84188 0.00807 0.14859 0.00146 ( 1)
 765 G   0.58063 0.26899 0.10190 0.04848 ( 1)
 766 L   0.81395 0.03507 0.14460 0.00638 ( 1)
 767 L   0.84239 0.00745 0.14882 0.00135 ( 1)
 768 L   0.80075 0.04917 0.14118 0.00889 ( 1)
 769 N   0.78869 0.06109 0.13917 0.01105 ( 1)
 770 F   0.84366 0.00629 0.14891 0.00114 ( 1)
 771 V   0.51267 0.33702 0.08970 0.06061 ( 1)
 772 S   0.84075 0.00896 0.14867 0.00162 ( 1)
 773 W   0.81583 0.03321 0.14492 0.00604 ( 1)
 774 I   0.84536 0.00469 0.14910 0.00085 ( 1)
 775 A   0.62386 0.22593 0.10948 0.04073 ( 1)
 776 F   0.81126 0.03867 0.14307 0.00700 ( 1)
 777 F   0.84396 0.00599 0.14897 0.00108 ( 1)
 778 T   0.84261 0.00723 0.14886 0.00131 ( 1)
 779 V   0.11266 0.73648 0.01952 0.13134 ( 2)
 780 A   0.84321 0.00671 0.14886 0.00122 ( 1)
 781 S   0.79378 0.05596 0.14013 0.01013 ( 1)
 782 V   0.81076 0.03918 0.14297 0.00709 ( 1)
 783 Y   0.77379 0.07577 0.13672 0.01372 ( 1)
 784 Q   0.46544 0.38422 0.08132 0.06902 ( 1)
 785 G   0.79287 0.05684 0.13999 0.01029 ( 1)
 786 K   0.83418 0.01526 0.14779 0.00277 ( 1)
 787 Y   0.83584 0.01297 0.14883 0.00236 ( 1)
 788 L   0.66058 0.18840 0.11687 0.03414 ( 1)
 789 P   0.79462 0.05515 0.14025 0.00998 ( 1)
 790 A   0.74606 0.10343 0.13178 0.01873 ( 1)
 791 V   0.79835 0.05157 0.14074 0.00933 ( 1)
 792 N   0.83595 0.01386 0.14769 0.00251 ( 1)
 793 V   0.53540 0.31430 0.09374 0.05656 ( 1)
 794 L   0.68782 0.16117 0.12178 0.02922 ( 1)
 795 A   0.83390 0.01506 0.14830 0.00274 ( 1)
 796 V   0.01223 0.83681 0.00211 0.14884 ( 2)
 797 L   0.68503 0.16397 0.12128 0.02973 ( 1)
 798 S   0.84177 0.00799 0.14879 0.00145 ( 1)
 799 S   0.84177 0.00799 0.14879 0.00145 ( 1)
 800 L   0.81404 0.03499 0.14461 0.00636 ( 1)
 801 S   0.79892 0.05082 0.14106 0.00920 ( 1)
 802 S   0.83997 0.00979 0.14846 0.00177 ( 1)
 803 G   0.84110 0.00864 0.14869 0.00157 ( 1)
 804 F   0.84429 0.00566 0.14902 0.00102 ( 1)
 805 S   0.75149 0.09820 0.13254 0.01777 ( 1)
 806 G   0.83516 0.01423 0.14803 0.00258 ( 1)
 807 Y   0.79587 0.05293 0.14157 0.00963 ( 1)
 808 F   0.83567 0.01337 0.14853 0.00243 ( 1)
 809 L   0.83358 0.01546 0.14815 0.00281 ( 1)
 810 P   0.84111 0.00869 0.14863 0.00157 ( 1)
 811 K   0.83271 0.01673 0.14753 0.00304 ( 1)
 812 C   0.83910 0.01052 0.14847 0.00191 ( 1)
 813 Y   0.81403 0.03555 0.14398 0.00644 ( 1)
 814 V   0.83331 0.01624 0.14750 0.00295 ( 1)
 815 I   0.84536 0.00469 0.14910 0.00085 ( 1)
 816 V   0.79204 0.05777 0.13974 0.01045 ( 1)
 817 C   0.78398 0.06562 0.13852 0.01188 ( 1)
 818 R   0.83650 0.01312 0.14800 0.00238 ( 1)
 819 P   0.51354 0.33496 0.09084 0.06067 ( 1)
 820 D   0.83445 0.01543 0.14733 0.00279 ( 1)
 821 L   0.83796 0.01187 0.14802 0.00215 ( 1)
 822 N   0.84166 0.00815 0.14872 0.00148 ( 1)
 823 S   0.79876 0.05098 0.14103 0.00923 ( 1)
 824 T   0.77110 0.07744 0.13736 0.01410 ( 1)
 825 E   0.83632 0.01320 0.14809 0.00239 ( 1)
 826 H   0.84148 0.00827 0.14874 0.00150 ( 1)
 827 F   0.84344 0.00651 0.14887 0.00118 ( 1)
 828 Q   0.82239 0.02676 0.14598 0.00486 ( 1)
 829 A   0.84377 0.00615 0.14896 0.00111 ( 1)
 830 S   0.84075 0.00896 0.14867 0.00162 ( 1)
 831 I   0.83728 0.01180 0.14878 0.00214 ( 1)
 832 Q   0.82239 0.02676 0.14598 0.00486 ( 1)
 833 D   0.80712 0.04274 0.14240 0.00773 ( 1)
 834 Y   0.83819 0.01140 0.14834 0.00207 ( 1)
 835 T   0.83320 0.01626 0.14759 0.00295 ( 1)
 836 R   0.83255 0.01684 0.14756 0.00306 ( 1)
 837 R   0.78293 0.06679 0.13819 0.01209 ( 1)
 838 W   0.05425 0.79498 0.00937 0.14140 ( 2)
 839 G   0.14244 0.70692 0.02465 0.12598 ( 2)
 840 S   0.77282 0.07685 0.13642 0.01391 ( 1)
 841 T   0.83945 0.01039 0.14829 0.00188 ( 1)

