

TREE # 1

  0  0.0000  10760.098442  x:  0.26385   0.11577   0.08596   0.00000   0.06063   0.05075   0.04950   0.04981   0.05520   0.02619   0.00368   0.00258   0.00477   0.02271   0.00778   0.00197   0.00852   0.00766   0.00524   0.00418   0.00162   0.00718   0.00615   0.00626   0.01824   0.14125   0.01212   0.02718   0.01864   0.01586   0.00123   0.00887   0.00574   0.00380   0.00237   0.05365   0.19416   0.06079   0.10998   0.00040   0.10813   0.08203   3.00000   1.16374   0.04304   0.25098   2.82902  
  1 99.0000  10749.420164  x:  0.26399   0.11620   0.08621   0.00460   0.06083   0.05082   0.04975   0.05018   0.05553   0.02612   0.00376   0.00243   0.00570   0.02287   0.00845   0.00034   0.00895   0.00761   0.00573   0.00392   0.00000   0.00685   0.00670   0.00676   0.01864   0.14143   0.01210   0.02712   0.01885   0.01595   0.00158   0.00875   0.00652   0.00438   0.00152   0.05445   0.19428   0.06125   0.11023   0.00825   0.10824   0.08257   3.00012   1.16386   0.04291   0.24912   2.82902  
  2 3118.8925  10748.192676  x:  0.26406   0.11639   0.08631   0.00539   0.06090   0.05084   0.04983   0.05034   0.05567   0.02608   0.00378   0.00240   0.00600   0.02294   0.00869   0.00145   0.00910   0.00759   0.00588   0.00384   0.00114   0.00673   0.00689   0.00693   0.01880   0.14152   0.01209   0.02710   0.01894   0.01599   0.00157   0.00871   0.00677   0.00454   0.00134   0.05479   0.19434   0.06142   0.11032   0.00999   0.10826   0.08278   3.00018   1.16391   0.04286   0.24830   2.82901  
  3 3304.0629  10742.287069  x:  0.26474   0.11815   0.08718   0.00244   0.06146   0.05086   0.05039   0.05188   0.05703   0.02572   0.00389   0.00251   0.00747   0.02354   0.01032   0.00134   0.01022   0.00749   0.00664   0.00358   0.00115   0.00596   0.00794   0.00792   0.02024   0.14235   0.01199   0.02692   0.01972   0.01630   0.00000   0.00853   0.00805   0.00517   0.00224   0.05802   0.19486   0.06280   0.11096   0.01172   0.10834   0.08452   3.00072   1.16443   0.04235   0.24039   2.82901  
  4 955.4423  10738.184340  x:  0.26530   0.11962   0.08790   0.00000   0.06193   0.05088   0.05086   0.05315   0.05816   0.02543   0.00397   0.00258   0.00863   0.02403   0.01161   0.00125   0.01110   0.00742   0.00722   0.00340   0.00115   0.00536   0.00876   0.00869   0.02142   0.14305   0.01190   0.02677   0.02037   0.01657   0.00054   0.00839   0.00906   0.00565   0.00284   0.06070   0.19530   0.06395   0.11150   0.01298   0.10841   0.08596   3.00116   1.16486   0.04193   0.23379   2.82901  
  5 18615.2120  10704.853976  x:  0.27239   0.13714   0.09681   0.00680   0.06789   0.05176   0.05708   0.06782   0.07121   0.02195   0.00379   0.00239   0.01442   0.02880   0.02088   0.00043   0.01713   0.00722   0.00911   0.00479   0.00140   0.00413   0.01277   0.01255   0.03329   0.15163   0.01063   0.02532   0.02677   0.01919   0.00148   0.00802   0.01379   0.00579   0.00044   0.09184   0.20068   0.07691   0.11760   0.00445   0.10901   0.10263   3.00672   1.17016   0.03672   0.15198   2.82896  
  6 3415.5025  10700.953254  x:  0.27425   0.14127   0.09885   0.00850   0.06920   0.05201   0.05836   0.07088   0.07395   0.02149   0.00382   0.00237   0.01399   0.02932   0.02124   0.00041   0.01703   0.00742   0.00838   0.00457   0.00161   0.00590   0.01217   0.01198   0.03505   0.15380   0.01031   0.02522   0.02753   0.01939   0.00194   0.00836   0.01317   0.00522   0.00614   0.09878   0.20208   0.07980   0.11912   0.00393   0.10924   0.10648   3.00817   1.17146   0.03544   0.13143   2.82895  
  7 5692.6025  10689.894173  x:  0.27726   0.14667   0.10127   0.00517   0.07050   0.05230   0.05924   0.07368   0.07652   0.02210   0.00408   0.00268   0.00922   0.02831   0.01718   0.00041   0.01313   0.00801   0.00521   0.00293   0.00179   0.00844   0.00789   0.00790   0.03452   0.15704   0.00993   0.02577   0.02639   0.01847   0.00130   0.00862   0.00838   0.00285   0.00346   0.10682   0.20430   0.08310   0.12134   0.00719   0.10982   0.11122   3.01052   1.17326   0.03368   0.10186   2.82893  
  8 2529.1384  10688.396032  x:  0.27805   0.14767   0.10160   0.00477   0.07055   0.05232   0.05915   0.07372   0.07658   0.02253   0.00380   0.00214   0.00794   0.02765   0.01529   0.00044   0.01188   0.00782   0.00614   0.00457   0.00178   0.00782   0.00750   0.00754   0.03343   0.15777   0.00991   0.02596   0.02554   0.01806   0.00122   0.00860   0.00769   0.00578   0.00323   0.10797   0.20484   0.08344   0.12174   0.00750   0.10994   0.11192   3.01117   1.17362   0.03334   0.09630   2.82892  
  9 1119.1080  10687.556375  x:  0.27895   0.14837   0.10162   0.00498   0.07028   0.05225   0.05871   0.07301   0.07598   0.02316   0.00382   0.00317   0.00772   0.02672   0.01307   0.00051   0.01115   0.00739   0.00743   0.00393   0.00171   0.00610   0.00859   0.00859   0.03135   0.15845   0.01001   0.02611   0.02424   0.01761   0.00127   0.00874   0.00858   0.00542   0.00343   0.10830   0.20538   0.08326   0.12195   0.00732   0.10999   0.11211   3.01199   1.17387   0.03310   0.09306   2.82892  
 10 452.5031  10687.274592  x:  0.27947   0.14871   0.10157   0.00498   0.07007   0.05218   0.05842   0.07252   0.07557   0.02339   0.00380   0.00205   0.00813   0.02635   0.01248   0.00055   0.01128   0.00735   0.00744   0.00390   0.00166   0.00593   0.00900   0.00897   0.03022   0.15881   0.01011   0.02613   0.02366   0.01749   0.00128   0.00870   0.00906   0.00501   0.00344   0.10836   0.20567   0.08308   0.12203   0.00726   0.11000   0.11212   3.01250   1.17398   0.03300   0.09200   2.82891  
 11 378.9607  10686.985034  x:  0.28060   0.14939   0.10143   0.00496   0.06958   0.05200   0.05779   0.07142   0.07465   0.02360   0.00385   0.00248   0.00926   0.02592   0.01250   0.00063   0.01217   0.00755   0.00675   0.00457   0.00157   0.00674   0.00925   0.00920   0.02808   0.15952   0.01032   0.02607   0.02287   0.01748   0.00128   0.00846   0.00961   0.00505   0.00331   0.10844   0.20628   0.08261   0.12214   0.00720   0.10997   0.11207   3.01366   1.17419   0.03281   0.09073   2.82890  
 12 276.4397  10686.787276  x:  0.28192   0.15021   0.10129   0.00511   0.06907   0.05180   0.05721   0.07029   0.07375   0.02338   0.00374   0.00244   0.00958   0.02593   0.01354   0.00068   0.01279   0.00753   0.00682   0.00366   0.00150   0.00650   0.00890   0.00886   0.02646   0.16029   0.01052   0.02593   0.02273   0.01767   0.00130   0.00847   0.00936   0.00559   0.00331   0.10861   0.20699   0.08208   0.12222   0.00703   0.10989   0.11201   3.01513   1.17443   0.03260   0.09007   2.82889  
 13 204.3505  10686.636445  x:  0.28345   0.15117   0.10119   0.00512   0.06859   0.05160   0.05670   0.06919   0.07294   0.02293   0.00395   0.00243   0.00927   0.02619   0.01457   0.00073   0.01285   0.00739   0.00724   0.00429   0.00146   0.00599   0.00872   0.00870   0.02552   0.16113   0.01065   0.02579   0.02305   0.01787   0.00130   0.00866   0.00903   0.00504   0.00341   0.10890   0.20778   0.08152   0.12231   0.00711   0.10978   0.11198   3.01693   1.17471   0.03235   0.08979   2.82887  
 14 222.3294  10686.433763  x:  0.28627   0.15295   0.10110   0.00508   0.06796   0.05136   0.05614   0.06760   0.07197   0.02234   0.00335   0.00241   0.00849   0.02670   0.01492   0.00077   0.01203   0.00742   0.00729   0.00423   0.00142   0.00669   0.00930   0.00927   0.02553   0.16255   0.01069   0.02564   0.02398   0.01795   0.00128   0.00854   0.00929   0.00503   0.00331   0.10954   0.20921   0.08062   0.12243   0.00718   0.10955   0.11197   3.02052   1.17525   0.03187   0.08996   2.82884  
 15 188.8062  10686.278842  x:  0.28884   0.15454   0.10108   0.00512   0.06754   0.05123   0.05582   0.06638   0.07135   0.02218   0.00436   0.00236   0.00837   0.02701   0.01463   0.00078   0.01159   0.00753   0.00694   0.00405   0.00141   0.00678   0.00947   0.00943   0.02609   0.16377   0.01063   0.02559   0.02461   0.01791   0.00128   0.00844   0.00949   0.00531   0.00329   0.11013   0.21049   0.07987   0.12253   0.00715   0.10936   0.11198   3.02397   1.17576   0.03143   0.09031   2.82881  
 16 399.0250  10685.947429  x:  0.29428   0.15783   0.10118   0.00517   0.06699   0.05115   0.05558   0.06431   0.07055   0.02265   0.00378   0.00246   0.00930   0.02724   0.01328   0.00079   0.01174   0.00763   0.00635   0.00418   0.00141   0.00594   0.00889   0.00883   0.02799   0.16620   0.01039   0.02566   0.02523   0.01769   0.00128   0.00854   0.00945   0.00532   0.00343   0.11134   0.21317   0.07842   0.12272   0.00720   0.10900   0.11201   3.03176   1.17690   0.03043   0.09135   2.82874  
 17 446.1717  10685.777873  x:  0.29729   0.15948   0.10136   0.00513   0.06703   0.05129   0.05579   0.06368   0.07053   0.02323   0.00391   0.00244   0.00946   0.02697   0.01284   0.00077   0.01238   0.00740   0.00751   0.00409   0.00144   0.00668   0.00865   0.00862   0.02892   0.16736   0.01025   0.02580   0.02472   0.01763   0.00128   0.00864   0.00910   0.00515   0.00334   0.11183   0.21459   0.07778   0.12282   0.00722   0.10889   0.11202   3.03668   1.17760   0.02982   0.09205   2.82870  
 18 341.2335  10685.488049  x:  0.30212   0.16161   0.10195   0.00511   0.06794   0.05196   0.05688   0.06405   0.07145   0.02408   0.00390   0.00242   0.00816   0.02595   0.01371   0.00069   0.01297   0.00760   0.00692   0.00415   0.00152   0.00642   0.00915   0.00918   0.02947   0.16871   0.01018   0.02619   0.02243   0.01784   0.00130   0.00860   0.00868   0.00520   0.00341   0.11202   0.21673   0.07721   0.12296   0.00728   0.10901   0.11199   3.04651   1.17893   0.02868   0.09334   2.82861  
 19 248.1670  10685.137523  x:  0.30741   0.16305   0.10283   0.00505   0.06954   0.05281   0.05837   0.06590   0.07320   0.02365   0.00389   0.00243   0.00882   0.02547   0.01440   0.00057   0.01118   0.00727   0.00707   0.00419   0.00163   0.00658   0.00850   0.00839   0.02823   0.16943   0.01050   0.02645   0.02152   0.01791   0.00131   0.00865   0.01000   0.00518   0.00339   0.11116   0.21883   0.07719   0.12311   0.00722   0.10958   0.11184   3.06064   1.18073   0.02714   0.09465   2.82848  
 20 270.4352  10684.574508  x:  0.31483   0.16393   0.10402   0.00490   0.07173   0.05360   0.05997   0.06937   0.07577   0.02237   0.00391   0.00245   0.00958   0.02603   0.01320   0.00053   0.01148   0.00835   0.00725   0.00414   0.00168   0.00651   0.00896   0.00909   0.02530   0.16957   0.01070   0.02644   0.02337   0.01763   0.00128   0.00871   0.00847   0.00522   0.00338   0.10860   0.22143   0.07777   0.12336   0.00731   0.11080   0.11150   3.08534   1.18374   0.02458   0.09603   2.82825  
 21 471.0920  10684.227420  x:  0.31835   0.16360   0.10433   0.00486   0.07221   0.05345   0.05995   0.07096   0.07660   0.02267   0.00394   0.00244   0.00870   0.02666   0.01261   0.00058   0.01271   0.00660   0.00677   0.00415   0.00164   0.00654   0.00896   0.00888   0.02448   0.16910   0.01071   0.02623   0.02461   0.01765   0.00126   0.00864   0.00903   0.00531   0.00338   0.10659   0.22239   0.07834   0.12351   0.00738   0.11153   0.11130   3.10122   1.18557   0.02305   0.09619   2.82811  
 22 541.9473  10683.491685  x:  0.32453   0.16137   0.10422   0.00495   0.07163   0.05212   0.05819   0.07319   0.07694   0.02504   0.00393   0.00243   0.00734   0.02778   0.01293   0.00076   0.01367   0.00865   0.00728   0.00418   0.00146   0.00641   0.00852   0.00812   0.02509   0.16716   0.01075   0.02565   0.02576   0.01803   0.00124   0.00863   0.01100   0.00523   0.00337   0.10144   0.22345   0.07990   0.12383   0.00732   0.11300   0.11090   3.13956   1.18980   0.01955   0.09537   2.82775  
 23 730.3883  10682.095288  x:  0.33361   0.15650   0.10329   0.00519   0.06948   0.04969   0.05451   0.07560   0.07626   0.02724   0.00392   0.00241   0.00946   0.02844   0.01486   0.00102   0.01170   0.00742   0.00711   0.00417   0.00118   0.00648   0.00901   0.00962   0.02831   0.16322   0.01066   0.02526   0.02522   0.01844   0.00127   0.00881   0.00904   0.00524   0.00333   0.09281   0.22416   0.08281   0.12435   0.00705   0.11505   0.11047   3.21066   1.19742   0.01327   0.09331   2.82710  
 24 1489.7992  10680.674973  x:  0.33826   0.15195   0.10173   0.00523   0.06735   0.04965   0.05337   0.07529   0.07419   0.02069   0.00387   0.00243   0.00947   0.02653   0.01455   0.00096   0.01295   0.00755   0.00733   0.00414   0.00123   0.00623   0.00989   0.00817   0.03148   0.15969   0.00963   0.02624   0.02296   0.01750   0.00131   0.00770   0.00945   0.00515   0.00335   0.08876   0.22269   0.08540   0.12454   0.00699   0.11521   0.11104   3.28166   1.20464   0.00739   0.09209   2.82644  
 25 999.4255  10679.523879  x:  0.33875   0.14880   0.10027   0.00507   0.06652   0.05128   0.05496   0.07339   0.07213   0.01901   0.00387   0.00243   0.00916   0.02519   0.01419   0.00069   0.01356   0.00768   0.00700   0.00410   0.00148   0.00648   0.00758   0.01038   0.03198   0.15741   0.01034   0.02640   0.02292   0.01756   0.00125   0.01123   0.01028   0.00547   0.00311   0.08960   0.21969   0.08705   0.12425   0.00705   0.11374   0.11209   3.34617   1.21094   0.00233   0.09215   2.82583  
 26 1196.9520  10675.631449  x:  0.33641   0.14298   0.09739   0.00491   0.06601   0.05536   0.06000   0.06824   0.06804   0.02150   0.00385   0.00242   0.00912   0.02407   0.01418   0.00000   0.01282   0.00754   0.00704   0.00410   0.00216   0.00636   0.00843   0.00948   0.03042   0.15342   0.01122   0.02593   0.02453   0.01817   0.00123   0.00960   0.00970   0.00530   0.00318   0.09551   0.21168   0.08981   0.12317   0.00707   0.10927   0.11467   3.49206   1.22493  -0.00885   0.09349   2.82446  
 27 2912.5102  10675.037258  x:  0.33563   0.14285   0.09743   0.00490   0.06617   0.05499   0.05984   0.06806   0.06822   0.02149   0.00385   0.00242   0.00909   0.02465   0.01410   0.00000   0.01274   0.00754   0.00704   0.00409   0.00083   0.00636   0.00825   0.00958   0.03014   0.15344   0.01072   0.02587   0.02413   0.01793   0.00123   0.00953   0.00970   0.00529   0.00318   0.09636   0.21098   0.08968   0.12301   0.00709   0.10899   0.11470   3.50497   1.22611  -0.00979   0.09378   2.82434  
 28 1599.8738  10672.952787  x:  0.32861   0.14173   0.09784   0.00490   0.06728   0.05103   0.05748   0.06641   0.06978   0.02163   0.00382   0.00241   0.00882   0.02972   0.01329   0.00000   0.01223   0.00754   0.00701   0.00407   0.00144   0.00632   0.00706   0.01032   0.02755   0.15375   0.00686   0.02524   0.02078   0.01593   0.00127   0.00906   0.00961   0.00524   0.00321   0.10346   0.20493   0.08826   0.12158   0.00728   0.10667   0.11465   3.62107   1.23672  -0.01814   0.09622   2.82323  
 29 2992.3504  10671.381642  x:  0.32097   0.14218   0.09918   0.00493   0.06826   0.04634   0.05342   0.06611   0.07246   0.02102   0.00382   0.00242   0.00857   0.03167   0.01211   0.00000   0.01219   0.00754   0.00684   0.00402   0.00148   0.00643   0.00833   0.00906   0.02648   0.15553   0.01133   0.02547   0.01864   0.01581   0.00126   0.01027   0.00916   0.00535   0.00315   0.10893   0.20074   0.08543   0.12029   0.00751   0.10574   0.11342   3.71263   1.24488  -0.02449   0.09817   2.82235  
 30 3044.7455  10669.893347  x:  0.31095   0.14457   0.10144   0.00505   0.06850   0.04378   0.04856   0.06712   0.07518   0.02084   0.00380   0.00242   0.00842   0.02580   0.01208   0.00000   0.01201   0.00749   0.00693   0.00401   0.00144   0.00626   0.00701   0.00990   0.02595   0.15917   0.01052   0.02696   0.02097   0.01847   0.00122   0.00874   0.00920   0.00521   0.00325   0.11170   0.19894   0.08017   0.11916   0.00767   0.10688   0.11007   3.79272   1.25157  -0.02958   0.09915   2.82157  
 31 1360.8190  10669.328588  x:  0.30560   0.14627   0.10241   0.00503   0.06801   0.04471   0.04771   0.06766   0.07567   0.02118   0.00381   0.00241   0.00855   0.02414   0.01275   0.00000   0.01191   0.00749   0.00675   0.00400   0.00140   0.00643   0.00854   0.00872   0.02603   0.16130   0.00906   0.02647   0.02191   0.01715   0.00121   0.01071   0.00919   0.00537   0.00312   0.11134   0.19942   0.07727   0.11886   0.00771   0.10812   0.10794   3.82436   1.25398  -0.03133   0.09900   2.82125  
 32 1020.0011  10668.530402  x:  0.29636   0.14964   0.10362   0.00500   0.06656   0.04806   0.04870   0.06832   0.07535   0.02107   0.00379   0.00240   0.00852   0.02495   0.01331   0.00000   0.01217   0.00744   0.00690   0.00402   0.00142   0.00628   0.00768   0.00951   0.02702   0.16501   0.01016   0.02480   0.02182   0.01466   0.00126   0.00942   0.00930   0.00525   0.00318   0.10866   0.20200   0.07268   0.11878   0.00776   0.11074   0.10424   3.86849   1.25696  -0.03337   0.09808   2.82079  
 33 886.6693  10668.148237  x:  0.29088   0.15197   0.10389   0.00491   0.06586   0.04928   0.05036   0.06844   0.07464   0.02071   0.00379   0.00241   0.00869   0.02678   0.01274   0.00000   0.01220   0.00746   0.00689   0.00401   0.00143   0.00629   0.00798   0.00933   0.02740   0.16695   0.00976   0.02495   0.02109   0.01744   0.00122   0.00969   0.00930   0.00529   0.00314   0.10646   0.20446   0.07097   0.11903   0.00782   0.11206   0.10268   3.89066   1.25817  -0.03409   0.09755   2.82055  
 34 643.5705  10667.882367  x:  0.28582   0.15507   0.10318   0.00491   0.06638   0.04712   0.05245   0.06807   0.07350   0.02100   0.00380   0.00240   0.00870   0.02692   0.01306   0.00000   0.01225   0.00746   0.00690   0.00401   0.00143   0.00629   0.00800   0.00938   0.02733   0.16797   0.00981   0.02741   0.02144   0.01670   0.00123   0.00972   0.00938   0.00530   0.00313   0.10408   0.20864   0.07253   0.11989   0.00772   0.11219   0.10356   3.90596   1.25821  -0.03372   0.09772   2.82035  
 35 179.0106  10667.733349  x:  0.28272   0.15746   0.10249   0.00490   0.06716   0.04628   0.05244   0.06787   0.07314   0.02085   0.00380   0.00241   0.00867   0.02620   0.01287   0.00000   0.01218   0.00746   0.00690   0.00401   0.00143   0.00629   0.00796   0.00935   0.02727   0.16810   0.00981   0.02527   0.02132   0.01687   0.00122   0.00969   0.00932   0.00530   0.00313   0.10278   0.21188   0.07455   0.12054   0.00768   0.11166   0.10511   3.91439   1.25763  -0.03287   0.09821   2.82022  
 36 149.6138  10667.675496  x:  0.28157   0.15867   0.10213   0.00492   0.06736   0.04776   0.05085   0.06776   0.07360   0.02096   0.00380   0.00241   0.00866   0.02647   0.01284   0.00000   0.01217   0.00747   0.00690   0.00401   0.00143   0.00630   0.00796   0.00935   0.02712   0.16752   0.00986   0.02582   0.02127   0.01689   0.00122   0.00971   0.00932   0.00530   0.00314   0.10235   0.21349   0.07545   0.12063   0.00765   0.11090   0.10619   3.91787   1.25660  -0.03168   0.09842   2.82014  
 37 55.1449  10667.589808  x:  0.28151   0.16021   0.10245   0.00492   0.06550   0.04746   0.05146   0.06770   0.07527   0.02097   0.00380   0.00241   0.00865   0.02637   0.01285   0.00000   0.01217   0.00748   0.00690   0.00401   0.00143   0.00631   0.00796   0.00935   0.02683   0.16436   0.00990   0.02574   0.02134   0.01688   0.00122   0.00971   0.00932   0.00530   0.00314   0.10215   0.21529   0.07385   0.11953   0.00770   0.10919   0.10697   3.92351   1.25062  -0.02508   0.09775   2.81984  
 38 22.0097  10667.366408  x:  0.28299   0.16204   0.10331   0.00490   0.06982   0.04741   0.05132   0.06750   0.07332   0.02097   0.00381   0.00241   0.00871   0.02660   0.01297   0.00000   0.01227   0.00750   0.00692   0.00403   0.00144   0.00633   0.00800   0.00939   0.02741   0.16025   0.01001   0.02582   0.02148   0.01695   0.00123   0.00974   0.00937   0.00531   0.00315   0.10278   0.21727   0.07173   0.11888   0.00772   0.10990   0.10607   3.93907   1.23057  -0.00303   0.09557   2.81887  
 39 60.1248  10666.820264  x:  0.28746   0.16343   0.10464   0.00499   0.06710   0.04829   0.05177   0.06968   0.07323   0.02149   0.00386   0.00243   0.00861   0.02672   0.01271   0.00000   0.01217   0.00761   0.00693   0.00407   0.00147   0.00648   0.00798   0.00938   0.02698   0.16323   0.01021   0.02629   0.02139   0.01710   0.00125   0.00988   0.00928   0.00533   0.00322   0.10616   0.21853   0.07623   0.12269   0.00754   0.11551   0.10549   3.97694   1.17935   0.05339   0.09332   2.81636  
 40 163.0107  10666.650353  x:  0.28893   0.16156   0.10386   0.00499   0.06866   0.04845   0.05237   0.06828   0.07594   0.02147   0.00387   0.00243   0.00867   0.02687   0.01294   0.00000   0.01230   0.00764   0.00696   0.00409   0.00147   0.00649   0.00803   0.00943   0.02736   0.16835   0.01012   0.02624   0.02173   0.01719   0.00125   0.00990   0.00937   0.00534   0.00321   0.10376   0.21793   0.07577   0.12313   0.00751   0.11364   0.10743   3.98881   1.16316   0.07138   0.09154   2.81550  
 41 120.4844  10666.638284  x:  0.28903   0.16140   0.10445   0.00498   0.06854   0.04847   0.05230   0.06922   0.07508   0.02149   0.00387   0.00243   0.00867   0.02688   0.01291   0.00000   0.01229   0.00764   0.00696   0.00409   0.00147   0.00649   0.00803   0.00943   0.02738   0.16906   0.01013   0.02627   0.02169   0.01718   0.00125   0.00990   0.00936   0.00534   0.00321   0.10355   0.21786   0.07567   0.12254   0.00753   0.11278   0.10799   3.98955   1.16227   0.07252   0.09153   2.81537  
 42 13.4210  10666.574951  x:  0.28907   0.16106   0.10482   0.00495   0.06853   0.04852   0.05237   0.06821   0.07535   0.02149   0.00387   0.00243   0.00865   0.02685   0.01290   0.00000   0.01227   0.00763   0.00695   0.00409   0.00147   0.00649   0.00802   0.00941   0.02738   0.16961   0.01010   0.02625   0.02169   0.01718   0.00125   0.00988   0.00934   0.00533   0.00320   0.10335   0.21831   0.07732   0.11831   0.00759   0.11352   0.10717   3.99110   1.16466   0.07469   0.09140   2.81314  
 43  1.3295  10659.046796  x:  0.29065   0.13500   0.10275   0.00288   0.06530   0.05015   0.05241   0.05594   0.06536   0.02401   0.00376   0.00243   0.00675   0.02363   0.00933   0.00000   0.00952   0.00736   0.00623   0.00374   0.00121   0.00640   0.00741   0.00764   0.01960   0.16249   0.01074   0.02641   0.02005   0.01638   0.00094   0.00869   0.00732   0.00503   0.00171   0.08128   0.22236   0.06839   0.11864   0.01001   0.11250   0.10200   4.15757   1.46738   0.29796   0.09984   2.55590  
 44 22.1837  10658.953035  x:  0.29087   0.13610   0.10118   0.00285   0.06524   0.05016   0.05242   0.05634   0.06510   0.02405   0.00375   0.00242   0.00671   0.02356   0.00926   0.00063   0.00947   0.00735   0.00622   0.00373   0.00121   0.00639   0.00740   0.00760   0.01946   0.16236   0.01075   0.02640   0.02001   0.01636   0.00093   0.00866   0.00728   0.00502   0.00167   0.08030   0.22107   0.06866   0.11843   0.01008   0.11167   0.10080   4.16095   1.47353   0.30255   0.09986   2.55065  
 45 214.5577  10658.556335  x:  0.29177   0.14165   0.09452   0.00276   0.06506   0.05012   0.05248   0.05844   0.06430   0.02412   0.00374   0.00242   0.00662   0.02336   0.00909   0.00000   0.00933   0.00732   0.00617   0.00371   0.00119   0.00636   0.00736   0.00749   0.01911   0.16205   0.01080   0.02636   0.01991   0.01629   0.00091   0.00857   0.00717   0.00500   0.00158   0.07680   0.21538   0.07010   0.11754   0.01033   0.10816   0.09587   4.17022   1.49041   0.31524   0.09968   2.53619  
 46 2491.9486  10658.556335  x:  0.29177   0.14165   0.09452   0.00276   0.06506   0.05012   0.05248   0.05844   0.06430   0.02412   0.00374   0.00242   0.00662   0.02336   0.00909   0.00000   0.00933   0.00732   0.00617   0.00371   0.00119   0.00636   0.00736   0.00749   0.01911   0.16205   0.01080   0.02636   0.01991   0.01629   0.00091   0.00857   0.00717   0.00500   0.00158   0.07680   0.21538   0.07010   0.11754   0.01033   0.10816   0.09587   4.17022   1.49041   0.31524   0.09968   2.53619  
 47 28.8046  10658.484608  x:  0.29179   0.14167   0.09455   0.00275   0.06504   0.05014   0.05249   0.05843   0.06430   0.02417   0.00375   0.00241   0.00666   0.02339   0.00927   0.00007   0.00945   0.00734   0.00617   0.00370   0.00119   0.00630   0.00737   0.00748   0.01927   0.16201   0.01085   0.02636   0.01993   0.01629   0.00133   0.00856   0.00724   0.00490   0.00134   0.07683   0.21534   0.07012   0.11755   0.01041   0.10818   0.09592   4.17023   1.49041   0.31524   0.09979   2.53619  
 48 247.4740  10658.399497  x:  0.29188   0.14171   0.09462   0.00271   0.06498   0.05022   0.05252   0.05841   0.06429   0.02434   0.00378   0.00239   0.00677   0.02352   0.00986   0.00002   0.00981   0.00741   0.00616   0.00368   0.00092   0.00612   0.00740   0.00742   0.01984   0.16187   0.01102   0.02635   0.02002   0.01630   0.00131   0.00849   0.00745   0.00462   0.00139   0.07692   0.21521   0.07018   0.11757   0.01071   0.10825   0.09608   4.17025   1.49040   0.31526   0.10020   2.53618  
 49 186.9470  10658.337104  x:  0.29196   0.14176   0.09469   0.00268   0.06492   0.05029   0.05255   0.05838   0.06427   0.02448   0.00380   0.00238   0.00686   0.02363   0.01035   0.00028   0.01010   0.00746   0.00615   0.00367   0.00096   0.00598   0.00743   0.00738   0.02035   0.16173   0.01115   0.02634   0.02009   0.01630   0.00122   0.00844   0.00762   0.00442   0.00147   0.07700   0.21509   0.07023   0.11760   0.01097   0.10831   0.09623   4.17028   1.49039   0.31527   0.10058   2.53618  
 50 844.1501  10658.269884  x:  0.29218   0.14188   0.09488   0.00275   0.06479   0.05047   0.05263   0.05832   0.06423   0.02472   0.00372   0.00251   0.00679   0.02379   0.01052   0.00049   0.01014   0.00743   0.00618   0.00375   0.00074   0.00622   0.00742   0.00743   0.02125   0.16139   0.01123   0.02633   0.02022   0.01631   0.00111   0.00842   0.00750   0.00502   0.00130   0.07722   0.21478   0.07036   0.11765   0.01139   0.10847   0.09662   4.17035   1.49037   0.31531   0.10151   2.53617  
 51 124.4056  10658.239416  x:  0.29235   0.14197   0.09501   0.00276   0.06472   0.05058   0.05269   0.05828   0.06420   0.02482   0.00375   0.00238   0.00672   0.02385   0.01037   0.00061   0.01002   0.00741   0.00619   0.00372   0.00061   0.00630   0.00742   0.00747   0.02166   0.16116   0.01118   0.02633   0.02028   0.01633   0.00127   0.00848   0.00740   0.00506   0.00155   0.07737   0.21456   0.07045   0.11769   0.01154   0.10858   0.09687   4.17039   1.49035   0.31533   0.10212   2.53617  
 52 165.0747  10658.196611  x:  0.29265   0.14213   0.09524   0.00275   0.06460   0.05077   0.05279   0.05821   0.06415   0.02493   0.00383   0.00229   0.00663   0.02391   0.00997   0.00077   0.00976   0.00738   0.00619   0.00366   0.00044   0.00630   0.00741   0.00750   0.02212   0.16076   0.01102   0.02635   0.02033   0.01635   0.00118   0.00857   0.00729   0.00472   0.00139   0.07764   0.21417   0.07061   0.11775   0.01166   0.10878   0.09731   4.17048   1.49033   0.31538   0.10310   2.53616  
 53 196.0508  10658.181958  x:  0.29282   0.14222   0.09537   0.00272   0.06456   0.05085   0.05283   0.05817   0.06412   0.02494   0.00378   0.00255   0.00667   0.02391   0.00984   0.00081   0.00974   0.00740   0.00619   0.00371   0.00039   0.00620   0.00742   0.00748   0.02212   0.16055   0.01092   0.02636   0.02032   0.01637   0.00122   0.00856   0.00737   0.00466   0.00145   0.07778   0.21396   0.07069   0.11779   0.01158   0.10888   0.09753   4.17053   1.49032   0.31540   0.10354   2.53615  
 54 100.9719  10658.156422  x:  0.29324   0.14242   0.09564   0.00269   0.06450   0.05100   0.05293   0.05808   0.06405   0.02489   0.00368   0.00238   0.00683   0.02387   0.00979   0.00084   0.00985   0.00747   0.00617   0.00379   0.00037   0.00603   0.00744   0.00741   0.02183   0.16008   0.01075   0.02640   0.02026   0.01638   0.00120   0.00849   0.00760   0.00481   0.00142   0.07808   0.21347   0.07087   0.11786   0.01128   0.10909   0.09800   4.17066   1.49030   0.31544   0.10437   2.53614  
 55 108.4706  10658.139672  x:  0.29362   0.14258   0.09586   0.00273   0.06448   0.05109   0.05299   0.05802   0.06401   0.02482   0.00388   0.00242   0.00683   0.02383   0.00996   0.00081   0.00996   0.00745   0.00619   0.00363   0.00040   0.00620   0.00744   0.00743   0.02148   0.15970   0.01078   0.02643   0.02021   0.01638   0.00120   0.00848   0.00754   0.00482   0.00143   0.07832   0.21305   0.07102   0.11793   0.01104   0.10927   0.09837   4.17078   1.49029   0.31547   0.10488   2.53613  
 56 94.6359  10658.131658  x:  0.29388   0.14269   0.09599   0.00274   0.06449   0.05112   0.05302   0.05800   0.06401   0.02477   0.00376   0.00242   0.00675   0.02381   0.01010   0.00076   0.00996   0.00742   0.00620   0.00375   0.00045   0.00628   0.00743   0.00748   0.02128   0.15947   0.01093   0.02645   0.02020   0.01638   0.00121   0.00852   0.00741   0.00474   0.00143   0.07846   0.21278   0.07110   0.11798   0.01099   0.10937   0.09857   4.17087   1.49030   0.31548   0.10504   2.53612  
 57 66.0695  10658.124281  x:  0.29429   0.14283   0.09615   0.00269   0.06455   0.05109   0.05303   0.05799   0.06405   0.02474   0.00375   0.00242   0.00670   0.02381   0.01011   0.00067   0.00984   0.00742   0.00618   0.00367   0.00055   0.00611   0.00743   0.00748   0.02116   0.15918   0.01120   0.02645   0.02024   0.01637   0.00120   0.00856   0.00740   0.00480   0.00143   0.07861   0.21239   0.07121   0.11806   0.01111   0.10950   0.09879   4.17102   1.49032   0.31550   0.10497   2.53610  
 58 36.7227  10658.117754  x:  0.29477   0.14298   0.09631   0.00273   0.06463   0.05103   0.05302   0.05799   0.06412   0.02474   0.00386   0.00241   0.00677   0.02383   0.01002   0.00058   0.00983   0.00744   0.00619   0.00378   0.00064   0.00619   0.00744   0.00745   0.02113   0.15886   0.01130   0.02644   0.02028   0.01637   0.00120   0.00853   0.00751   0.00479   0.00143   0.07876   0.21194   0.07132   0.11815   0.01126   0.10962   0.09897   4.17121   1.49034   0.31551   0.10473   2.53608  
 59 47.8728  10658.112449  x:  0.29522   0.14310   0.09643   0.00274   0.06470   0.05098   0.05300   0.05800   0.06418   0.02477   0.00374   0.00242   0.00681   0.02384   0.00996   0.00053   0.00990   0.00745   0.00620   0.00368   0.00069   0.00627   0.00744   0.00744   0.02116   0.15860   0.01121   0.02643   0.02029   0.01637   0.00120   0.00850   0.00752   0.00476   0.00143   0.07886   0.21154   0.07140   0.11822   0.01133   0.10970   0.09910   4.17139   1.49037   0.31552   0.10448   2.53606  
 60 62.9819  10658.107219  x:  0.29575   0.14323   0.09653   0.00269   0.06476   0.05092   0.05298   0.05801   0.06423   0.02481   0.00379   0.00242   0.00676   0.02386   0.01000   0.00052   0.00997   0.00742   0.00619   0.00372   0.00070   0.00619   0.00743   0.00748   0.02127   0.15833   0.01098   0.02642   0.02028   0.01638   0.00120   0.00850   0.00741   0.00478   0.00143   0.07893   0.21110   0.07146   0.11828   0.01129   0.10977   0.09918   4.17163   1.49040   0.31553   0.10418   2.53604  
 61 51.8136  10658.104720  x:  0.29609   0.14327   0.09653   0.00276   0.06476   0.05091   0.05297   0.05800   0.06424   0.02481   0.00378   0.00242   0.00672   0.02385   0.01007   0.00058   0.00985   0.00744   0.00619   0.00372   0.00063   0.00619   0.00743   0.00745   0.02137   0.15823   0.01096   0.02642   0.02025   0.01638   0.00120   0.00855   0.00748   0.00478   0.00143   0.07891   0.21085   0.07146   0.11829   0.01113   0.10976   0.09913   4.17181   1.49042   0.31555   0.10405   2.53602  
 62 22.4601  10658.102770  x:  0.29644   0.14328   0.09649   0.00266   0.06474   0.05092   0.05295   0.05798   0.06423   0.02480   0.00378   0.00242   0.00677   0.02383   0.01005   0.00067   0.00985   0.00743   0.00619   0.00372   0.00055   0.00622   0.00743   0.00746   0.02143   0.15818   0.01105   0.02642   0.02022   0.01637   0.00120   0.00852   0.00746   0.00478   0.00143   0.07883   0.21064   0.07143   0.11828   0.01102   0.10971   0.09903   4.17203   1.49043   0.31558   0.10399   2.53600  
 63 20.8491  10658.100870  x:  0.29683   0.14327   0.09641   0.00276   0.06469   0.05095   0.05294   0.05796   0.06418   0.02478   0.00378   0.00242   0.00678   0.02381   0.00999   0.00075   0.00993   0.00742   0.00619   0.00372   0.00046   0.00618   0.00743   0.00747   0.02142   0.15817   0.01112   0.02643   0.02022   0.01636   0.00120   0.00849   0.00742   0.00477   0.00143   0.07871   0.21042   0.07139   0.11826   0.01102   0.10964   0.09887   4.17231   1.49045   0.31563   0.10399   2.53597  
 64 26.0905  10658.098040  x:  0.29747   0.14323   0.09625   0.00271   0.06461   0.05099   0.05293   0.05792   0.06409   0.02475   0.00378   0.00242   0.00670   0.02380   0.01001   0.00080   0.00994   0.00744   0.00619   0.00372   0.00041   0.00621   0.00743   0.00745   0.02131   0.15820   0.01106   0.02643   0.02025   0.01637   0.00120   0.00854   0.00747   0.00478   0.00143   0.07848   0.21012   0.07133   0.11822   0.01119   0.10952   0.09861   4.17282   1.49048   0.31570   0.10407   2.53591  
 65 28.7577  10658.097073  x:  0.29769   0.14320   0.09620   0.00273   0.06459   0.05099   0.05293   0.05792   0.06407   0.02476   0.00378   0.00242   0.00678   0.02382   0.01005   0.00076   0.00987   0.00742   0.00619   0.00372   0.00045   0.00620   0.00743   0.00747   0.02128   0.15823   0.01103   0.02643   0.02025   0.01637   0.00120   0.00852   0.00744   0.00477   0.00143   0.07840   0.21003   0.07132   0.11820   0.01124   0.10947   0.09853   4.17306   1.49049   0.31574   0.10411   2.53589  
 66 20.2398  10658.095480  x:  0.29807   0.14312   0.09612   0.00272   0.06460   0.05097   0.05296   0.05797   0.06408   0.02482   0.00378   0.00242   0.00674   0.02386   0.01002   0.00056   0.00989   0.00743   0.00618   0.00372   0.00066   0.00620   0.00743   0.00746   0.02135   0.15836   0.01105   0.02641   0.02025   0.01637   0.00120   0.00849   0.00745   0.00477   0.00143   0.07829   0.21000   0.07133   0.11814   0.01117   0.10943   0.09847   4.17362   1.49052   0.31582   0.10422   2.53583  
 67 11.9576  10658.094749  x:  0.29822   0.14308   0.09611   0.00272   0.06463   0.05095   0.05297   0.05800   0.06410   0.02482   0.00378   0.00242   0.00677   0.02385   0.01002   0.00053   0.00991   0.00742   0.00623   0.00372   0.00068   0.00619   0.00744   0.00747   0.02138   0.15845   0.01105   0.02642   0.02024   0.01637   0.00120   0.00858   0.00746   0.00478   0.00143   0.07827   0.21003   0.07136   0.11812   0.01116   0.10943   0.09850   4.17399   1.49055   0.31587   0.10425   2.53579  
 68 12.3066  10658.090942  x:  0.29892   0.14286   0.09612   0.00272   0.06480   0.05089   0.05302   0.05819   0.06424   0.02472   0.00378   0.00242   0.00680   0.02373   0.01003   0.00058   0.00992   0.00744   0.00608   0.00372   0.00063   0.00621   0.00743   0.00747   0.02140   0.15890   0.01104   0.02648   0.02024   0.01637   0.00120   0.00861   0.00745   0.00478   0.00142   0.07825   0.21034   0.07155   0.11805   0.01118   0.10951   0.09877   4.17608   1.49069   0.31616   0.10430   2.53556  
 69 28.7461  10658.087973  x:  0.29945   0.14270   0.09613   0.00272   0.06491   0.05086   0.05306   0.05831   0.06433   0.02467   0.00378   0.00242   0.00675   0.02370   0.01005   0.00065   0.00990   0.00744   0.00621   0.00372   0.00057   0.00620   0.00743   0.00746   0.02140   0.15924   0.01103   0.02651   0.02025   0.01637   0.00120   0.00850   0.00745   0.00477   0.00143   0.07826   0.21060   0.07169   0.11800   0.01120   0.10957   0.09898   4.17777   1.49081   0.31639   0.10432   2.53538  
 70 110.6449  10658.083779  x:  0.29996   0.14258   0.09620   0.00272   0.06488   0.05095   0.05302   0.05830   0.06432   0.02490   0.00378   0.00242   0.00674   0.02401   0.01002   0.00075   0.00991   0.00739   0.00619   0.00372   0.00047   0.00621   0.00746   0.00751   0.02128   0.15953   0.01106   0.02639   0.02027   0.01641   0.00120   0.00852   0.00749   0.00478   0.00143   0.07837   0.21097   0.07176   0.11803   0.01116   0.10967   0.09915   4.18038   1.49098   0.31676   0.10426   2.53510  
 71 34.6321  10658.081010  x:  0.30019   0.14257   0.09626   0.00272   0.06480   0.05104   0.05299   0.05822   0.06427   0.02497   0.00378   0.00242   0.00676   0.02406   0.01001   0.00075   0.00992   0.00753   0.00620   0.00372   0.00046   0.00621   0.00741   0.00739   0.02127   0.15962   0.01107   0.02637   0.02028   0.01639   0.00120   0.00855   0.00741   0.00478   0.00143   0.07846   0.21118   0.07175   0.11808   0.01115   0.10972   0.09918   4.18219   1.49109   0.31702   0.10422   2.53491  
 72 56.8066  10658.063637  x:  0.30122   0.14268   0.09666   0.00272   0.06420   0.05152   0.05277   0.05762   0.06387   0.02495   0.00378   0.00242   0.00673   0.02369   0.01002   0.00059   0.00992   0.00743   0.00619   0.00372   0.00063   0.00621   0.00744   0.00747   0.02142   0.15977   0.01105   0.02643   0.02027   0.01624   0.00121   0.00852   0.00746   0.00478   0.00143   0.07907   0.21240   0.07144   0.11853   0.01116   0.10996   0.09912   4.19382   1.49179   0.31873   0.10398   2.53365  
 73 120.3984  10658.045806  x:  0.30166   0.14295   0.09691   0.00272   0.06420   0.05127   0.05289   0.05742   0.06387   0.02451   0.00378   0.00242   0.00675   0.02394   0.01002   0.00054   0.00994   0.00746   0.00620   0.00372   0.00068   0.00621   0.00742   0.00749   0.02153   0.15950   0.01106   0.02655   0.02024   0.01688   0.00120   0.00853   0.00747   0.00478   0.00143   0.07935   0.21318   0.07106   0.11885   0.01115   0.11000   0.09879   4.20632   1.49250   0.32062   0.10402   2.53230  
 74 115.1139  10658.004885  x:  0.30206   0.14362   0.09725   0.00270   0.06477   0.05042   0.05332   0.05752   0.06423   0.02442   0.00378   0.00242   0.00673   0.02428   0.00999   0.00062   0.00997   0.00737   0.00619   0.00372   0.00060   0.00622   0.00759   0.00733   0.02147   0.15864   0.01108   0.02656   0.02029   0.01620   0.00121   0.00852   0.00743   0.00477   0.00143   0.07952   0.21433   0.07036   0.11933   0.01115   0.10993   0.09806   4.23444   1.49405   0.32491   0.10430   2.52926  
 75 303.8998  10657.987505  x:  0.30206   0.14387   0.09727   0.00269   0.06502   0.05028   0.05342   0.05767   0.06439   0.02471   0.00378   0.00242   0.00669   0.02411   0.00998   0.00066   0.00999   0.00755   0.00620   0.00372   0.00056   0.00622   0.00727   0.00764   0.02139   0.15830   0.01111   0.02649   0.02030   0.01616   0.00121   0.00851   0.00752   0.00477   0.00143   0.07946   0.21461   0.07021   0.11941   0.01116   0.10988   0.09788   4.24647   1.49471   0.32675   0.10437   2.52795  
 76 487.5821  10657.955065  x:  0.30177   0.14426   0.09712   0.00268   0.06537   0.05050   0.05340   0.05810   0.06463   0.02544   0.00378   0.00242   0.00664   0.02351   0.00998   0.00069   0.01002   0.00745   0.00619   0.00372   0.00053   0.00623   0.00749   0.00743   0.02125   0.15777   0.01120   0.02633   0.02028   0.01662   0.00120   0.00851   0.00746   0.00477   0.00143   0.07911   0.21472   0.07024   0.11937   0.01119   0.10979   0.09780   4.26901   1.49596   0.33022   0.10437   2.52550  
 77 537.1740  10657.886950  x:  0.30041   0.14467   0.09628   0.00266   0.06531   0.05201   0.05279   0.05892   0.06467   0.02480   0.00377   0.00242   0.00663   0.02397   0.00994   0.00055   0.01006   0.00736   0.00619   0.00371   0.00067   0.00623   0.00733   0.00737   0.02137   0.15727   0.01120   0.02650   0.02030   0.01641   0.00121   0.00850   0.00748   0.00476   0.00143   0.07793   0.21378   0.07122   0.11868   0.01111   0.10965   0.09855   4.31646   1.49859   0.33753   0.10391   2.52032  
 78 374.7482  10657.878961  x:  0.30018   0.14464   0.09619   0.00266   0.06517   0.05192   0.05279   0.05887   0.06458   0.02477   0.00377   0.00242   0.00662   0.02400   0.00993   0.00055   0.01006   0.00757   0.00619   0.00371   0.00067   0.00624   0.00758   0.00754   0.02138   0.15735   0.01120   0.02649   0.02028   0.01639   0.00121   0.00849   0.00746   0.00476   0.00144   0.07785   0.21352   0.07137   0.11857   0.01109   0.10966   0.09869   4.32212   1.49891   0.33841   0.10385   2.51970  
 79 278.7289  10657.852241  x:  0.29928   0.14431   0.09595   0.00267   0.06438   0.05088   0.05300   0.05825   0.06404   0.02487   0.00377   0.00242   0.00660   0.02392   0.00991   0.00057   0.01008   0.00746   0.00618   0.00371   0.00064   0.00623   0.00744   0.00744   0.02141   0.15808   0.01121   0.02641   0.02020   0.01640   0.00121   0.00849   0.00747   0.00475   0.00143   0.07778   0.21225   0.07192   0.11818   0.01106   0.10975   0.09925   4.34071   1.49999   0.34130   0.10361   2.51764  
 80 280.5772  10657.844929  x:  0.29888   0.14384   0.09629   0.00265   0.06472   0.05107   0.05310   0.05794   0.06416   0.02488   0.00377   0.00242   0.00659   0.02392   0.00991   0.00057   0.01008   0.00746   0.00618   0.00371   0.00065   0.00624   0.00744   0.00744   0.02141   0.15881   0.01120   0.02651   0.02051   0.01642   0.00120   0.00849   0.00747   0.00475   0.00143   0.07829   0.21139   0.07172   0.11820   0.01101   0.10976   0.09903   4.34584   1.50038   0.34208   0.10362   2.51703  
 81 36.2867  10657.842850  x:  0.29876   0.14366   0.09642   0.00265   0.06481   0.05114   0.05309   0.05792   0.06422   0.02487   0.00377   0.00242   0.00659   0.02393   0.00991   0.00056   0.01008   0.00746   0.00618   0.00371   0.00065   0.00624   0.00744   0.00744   0.02141   0.15905   0.01119   0.02644   0.02024   0.01640   0.00121   0.00848   0.00747   0.00475   0.00144   0.07848   0.21111   0.07163   0.11824   0.01107   0.10976   0.09893   4.34728   1.50052   0.34229   0.10364   2.51684  
 82 40.6223  10657.842392  x:  0.29873   0.14356   0.09647   0.00265   0.06470   0.05110   0.05298   0.05811   0.06424   0.02485   0.00377   0.00242   0.00659   0.02392   0.00991   0.00056   0.01008   0.00746   0.00618   0.00371   0.00065   0.00624   0.00744   0.00744   0.02141   0.15909   0.01119   0.02641   0.02027   0.01640   0.00121   0.00848   0.00747   0.00475   0.00144   0.07858   0.21103   0.07160   0.11832   0.01106   0.10976   0.09888   4.34759   1.50062   0.34233   0.10367   2.51677  
 83  4.3659  10657.842307  x:  0.29872   0.14351   0.09645   0.00265   0.06468   0.05110   0.05300   0.05814   0.06423   0.02488   0.00377   0.00242   0.00659   0.02393   0.00991   0.00056   0.01008   0.00746   0.00618   0.00371   0.00065   0.00624   0.00744   0.00744   0.02140   0.15907   0.01120   0.02647   0.02025   0.01640   0.00121   0.00848   0.00747   0.00475   0.00144   0.07860   0.21102   0.07160   0.11835   0.01106   0.10976   0.09887   4.34765   1.50070   0.34233   0.10367   2.51673  
 84  1.7223  10657.842097  x:  0.29870   0.14333   0.09636   0.00265   0.06469   0.05112   0.05308   0.05817   0.06419   0.02486   0.00377   0.00242   0.00659   0.02393   0.00991   0.00056   0.01008   0.00746   0.00618   0.00371   0.00065   0.00624   0.00744   0.00744   0.02140   0.15899   0.01120   0.02643   0.02026   0.01640   0.00121   0.00848   0.00747   0.00475   0.00143   0.07865   0.21101   0.07160   0.11845   0.01106   0.10976   0.09887   4.34777   1.50103   0.34230   0.10367   2.51657  
 85  2.3130  10657.841698  x:  0.29868   0.14311   0.09627   0.00266   0.06474   0.05107   0.05292   0.05807   0.06422   0.02486   0.00377   0.00242   0.00659   0.02392   0.00991   0.00056   0.01008   0.00746   0.00618   0.00371   0.00065   0.00623   0.00744   0.00743   0.02140   0.15886   0.01119   0.02643   0.02026   0.01640   0.00121   0.00848   0.00747   0.00475   0.00143   0.07866   0.21101   0.07160   0.11845   0.01106   0.10976   0.09888   4.34799   1.50188   0.34222   0.10372   2.51617  
 86  3.0056  10657.839718  x:  0.29854   0.14280   0.09651   0.00265   0.06456   0.05108   0.05300   0.05803   0.06428   0.02484   0.00377   0.00242   0.00658   0.02391   0.00990   0.00056   0.01008   0.00745   0.00618   0.00371   0.00065   0.00623   0.00744   0.00743   0.02138   0.15858   0.01118   0.02641   0.02025   0.01639   0.00121   0.00848   0.00746   0.00475   0.00143   0.07859   0.21095   0.07152   0.11797   0.01107   0.10964   0.09881   4.34901   1.50661   0.34175   0.10388   2.51393  
 87  6.8229  10657.837712  x:  0.29838   0.14313   0.09641   0.00265   0.06470   0.05103   0.05291   0.05810   0.06394   0.02484   0.00376   0.00242   0.00658   0.02390   0.00989   0.00056   0.01007   0.00745   0.00617   0.00371   0.00065   0.00623   0.00743   0.00743   0.02139   0.15872   0.01118   0.02641   0.02024   0.01638   0.00121   0.00847   0.00746   0.00474   0.00143   0.07857   0.21081   0.07154   0.11804   0.01106   0.10958   0.09874   4.35002   1.51152   0.34136   0.10411   2.51156  
 88 16.1667  10657.837103  x:  0.29833   0.14329   0.09627   0.00265   0.06460   0.05104   0.05293   0.05803   0.06416   0.02483   0.00376   0.00242   0.00658   0.02390   0.00990   0.00056   0.01007   0.00745   0.00617   0.00371   0.00065   0.00623   0.00743   0.00743   0.02138   0.15882   0.01118   0.02641   0.02024   0.01638   0.00120   0.00847   0.00746   0.00474   0.00143   0.07853   0.21074   0.07153   0.11820   0.01105   0.10960   0.09875   4.35031   1.51301   0.34132   0.10418   2.51080  
 89 11.8611  10657.836660  x:  0.29832   0.14325   0.09638   0.00265   0.06461   0.05103   0.05292   0.05803   0.06413   0.02483   0.00376   0.00242   0.00658   0.02390   0.00990   0.00056   0.01007   0.00745   0.00617   0.00371   0.00065   0.00623   0.00743   0.00743   0.02138   0.15884   0.01118   0.02641   0.02024   0.01638   0.00120   0.00847   0.00746   0.00474   0.00143   0.07830   0.21072   0.07136   0.11832   0.01104   0.10973   0.09885   4.35035   1.51399   0.34217   0.10419   2.50984  
 90  1.2100  10657.802685  x:  0.29824   0.14288   0.09770   0.00266   0.06467   0.05106   0.05298   0.05763   0.06424   0.02486   0.00376   0.00242   0.00662   0.02390   0.00994   0.00059   0.01004   0.00744   0.00618   0.00371   0.00062   0.00622   0.00743   0.00744   0.02139   0.15878   0.01114   0.02649   0.02021   0.01639   0.00120   0.00849   0.00746   0.00475   0.00143   0.07724   0.21090   0.07351   0.11946   0.01100   0.11019   0.09765   4.35187   1.58841   0.41686   0.10427   2.43157  
 91  9.8379  10657.237421  x:  0.29964   0.14339   0.09565   0.00297   0.06510   0.05094   0.05375   0.05786   0.06478   0.02511   0.00376   0.00243   0.00743   0.02385   0.01063   0.00109   0.00939   0.00735   0.00622   0.00374   0.00006   0.00608   0.00741   0.00765   0.02114   0.15870   0.01054   0.02779   0.01960   0.01641   0.00112   0.00871   0.00744   0.00482   0.00136   0.07921   0.21178   0.07162   0.11916   0.01188   0.10951   0.09944   4.37929   2.94802   1.78419   0.10344   1.00000  
 92 736.7716  10657.237033  x:  0.29964   0.14340   0.09557   0.00297   0.06510   0.05094   0.05375   0.05789   0.06478   0.02511   0.00376   0.00243   0.00743   0.02385   0.01063   0.00109   0.00939   0.00735   0.00623   0.00374   0.00006   0.00608   0.00741   0.00765   0.02114   0.15870   0.01054   0.02779   0.01960   0.01641   0.00112   0.00871   0.00744   0.00482   0.00136   0.07924   0.21178   0.07161   0.11906   0.01188   0.10983   0.09933   4.37932   2.94924   1.78542   0.10344   1.00000  
 93  9.7952  10657.098544  x:  0.29892   0.14353   0.09651   0.00273   0.06475   0.05105   0.05305   0.05815   0.06419   0.02478   0.00376   0.00245   0.00679   0.02385   0.01008   0.00060   0.00997   0.00744   0.00619   0.00371   0.00060   0.00621   0.00744   0.00747   0.02139   0.15895   0.01110   0.02642   0.02032   0.01639   0.00120   0.00851   0.00746   0.00476   0.00143   0.07862   0.21109   0.07146   0.11832   0.01121   0.10968   0.09892   4.35370   3.03298   1.87014   0.10384   1.00000  
 94  0.0922  10657.057107  x:  0.29833   0.14306   0.09627   0.00267   0.06471   0.05092   0.05283   0.05799   0.06442   0.02487   0.00374   0.00246   0.00652   0.02388   0.00996   0.00081   0.00974   0.00741   0.00620   0.00371   0.00040   0.00616   0.00742   0.00745   0.02135   0.15880   0.01093   0.02643   0.02010   0.01638   0.00117   0.00854   0.00746   0.00474   0.00139   0.07860   0.21100   0.07197   0.11852   0.01104   0.10999   0.09864   4.33293   4.20416   3.03478   0.10368   1.00000  
 95  0.2781  10657.033797  x:  0.29891   0.14352   0.09641   0.00276   0.06475   0.05102   0.05301   0.05816   0.06426   0.02479   0.00376   0.00245   0.00686   0.02385   0.01011   0.00062   0.00995   0.00744   0.00619   0.00372   0.00059   0.00621   0.00744   0.00747   0.02136   0.15895   0.01107   0.02651   0.02034   0.01639   0.00119   0.00853   0.00746   0.00478   0.00144   0.07868   0.21111   0.07145   0.11828   0.01125   0.10978   0.09890   4.35306   4.94530   3.78252   0.10381   1.00000  
 96  0.5452  10657.025616  x:  0.29880   0.14342   0.09656   0.00269   0.06476   0.05105   0.05308   0.05808   0.06417   0.02481   0.00375   0.00246   0.00666   0.02386   0.01002   0.00066   0.00992   0.00744   0.00619   0.00371   0.00055   0.00619   0.00744   0.00746   0.02142   0.15889   0.01106   0.02634   0.02021   0.01639   0.00120   0.00851   0.00747   0.00474   0.00141   0.07854   0.21107   0.07163   0.11845   0.01113   0.10962   0.09889   4.34814   6.10735   4.94227   0.10382   1.00000  
 97  0.5149  10657.022673  x:  0.29881   0.14342   0.09639   0.00274   0.06475   0.05100   0.05298   0.05812   0.06430   0.02481   0.00375   0.00245   0.00679   0.02386   0.01008   0.00066   0.00991   0.00743   0.00620   0.00371   0.00055   0.00620   0.00744   0.00747   0.02136   0.15892   0.01104   0.02651   0.02029   0.01639   0.00119   0.00853   0.00746   0.00477   0.00143   0.07867   0.21110   0.07157   0.11834   0.01121   0.10982   0.09885   4.35169   6.82890   5.66488   0.10379   1.00000  
 98  0.5064  10657.021434  x:  0.29883   0.14346   0.09649   0.00271   0.06475   0.05104   0.05305   0.05811   0.06421   0.02480   0.00376   0.00246   0.00674   0.02386   0.01005   0.00065   0.00993   0.00744   0.00619   0.00371   0.00056   0.00620   0.00744   0.00746   0.02139   0.15891   0.01106   0.02641   0.02026   0.01639   0.00119   0.00852   0.00746   0.00476   0.00142   0.07860   0.21108   0.07154   0.11838   0.01118   0.10968   0.09889   4.34740   7.81309   6.64884   0.10381   1.00000  
 99  0.4751  10657.020927  x:  0.29880   0.14342   0.09642   0.00273   0.06475   0.05101   0.05299   0.05811   0.06428   0.02481   0.00375   0.00246   0.00676   0.02386   0.01007   0.00066   0.00991   0.00743   0.00619   0.00371   0.00055   0.00620   0.00744   0.00747   0.02137   0.15891   0.01105   0.02647   0.02028   0.01639   0.00119   0.00853   0.00746   0.00476   0.00142   0.07865   0.21109   0.07159   0.11836   0.01119   0.10980   0.09884   4.35133   8.68889   7.52459   0.10380   1.00000  
100  0.5323  10657.020729  x:  0.29882   0.14345   0.09646   0.00272   0.06475   0.05103   0.05304   0.05811   0.06423   0.02480   0.00376   0.00245   0.00676   0.02386   0.01006   0.00065   0.00992   0.00744   0.00619   0.00371   0.00055   0.00620   0.00744   0.00747   0.02138   0.15892   0.01106   0.02644   0.02026   0.01639   0.00119   0.00852   0.00746   0.00476   0.00142   0.07861   0.21109   0.07155   0.11837   0.01119   0.10971   0.09889   4.34878   9.54393   8.37977   0.10380   1.00000  
101  0.4787  10657.020643  x:  0.29881   0.14343   0.09643   0.00272   0.06475   0.05102   0.05300   0.05811   0.06426   0.02481   0.00375   0.00246   0.00675   0.02386   0.01006   0.00065   0.00991   0.00744   0.00619   0.00371   0.00055   0.00620   0.00744   0.00747   0.02138   0.15891   0.01105   0.02645   0.02027   0.01639   0.00119   0.00853   0.00746   0.00476   0.00142   0.07864   0.21108   0.07158   0.11836   0.01118   0.10978   0.09885   4.35046  10.44319   9.27890   0.10380   1.00000  
102  0.5044  10657.020608  x:  0.29882   0.14344   0.09645   0.00272   0.06475   0.05102   0.05302   0.05811   0.06425   0.02481   0.00376   0.00245   0.00676   0.02386   0.01006   0.00065   0.00992   0.00744   0.00619   0.00371   0.00055   0.00620   0.00744   0.00747   0.02138   0.15891   0.01105   0.02645   0.02027   0.01639   0.00119   0.00853   0.00746   0.00476   0.00142   0.07862   0.21109   0.07156   0.11837   0.01119   0.10974   0.09888   4.34941  11.28868  10.12447   0.10379   1.00000  
103  0.4947  10657.020592  x:  0.29881   0.14343   0.09644   0.00272   0.06475   0.05102   0.05301   0.05811   0.06425   0.02480   0.00376   0.00246   0.00675   0.02386   0.01006   0.00065   0.00992   0.00744   0.00619   0.00371   0.00055   0.00620   0.00744   0.00747   0.02138   0.15891   0.01105   0.02645   0.02027   0.01639   0.00119   0.00852   0.00746   0.00476   0.00142   0.07863   0.21108   0.07157   0.11836   0.01119   0.10976   0.09886   4.35003  12.23747  11.07321   0.10380   1.00000  
104  0.5087  10657.020587  x:  0.29881   0.14344   0.09644   0.00272   0.06475   0.05102   0.05302   0.05811   0.06425   0.02481   0.00376   0.00246   0.00676   0.02386   0.01006   0.00065   0.00992   0.00744   0.00619   0.00371   0.00055   0.00620   0.00744   0.00747   0.02138   0.15891   0.01105   0.02645   0.02027   0.01639   0.00119   0.00853   0.00746   0.00476   0.00142   0.07863   0.21109   0.07157   0.11837   0.01119   0.10975   0.09887   4.34969  12.94562  11.78139   0.10380   1.00000  
105  0.4514  10657.020583  x:  0.29881   0.14343   0.09644   0.00272   0.06475   0.05102   0.05301   0.05811   0.06425   0.02480   0.00376   0.00246   0.00675   0.02386   0.01006   0.00065   0.00992   0.00744   0.00619   0.00371   0.00055   0.00620   0.00744   0.00747   0.02138   0.15891   0.01105   0.02645   0.02027   0.01639   0.00119   0.00852   0.00746   0.00476   0.00142   0.07863   0.21108   0.07157   0.11837   0.01119   0.10975   0.09886   4.34985  14.51397  13.34973   0.10380   1.00000  
106  0.6001  10657.020583  x:  0.29881   0.14343   0.09644   0.00272   0.06475   0.05102   0.05301   0.05811   0.06425   0.02481   0.00376   0.00246   0.00675   0.02386   0.01006   0.00065   0.00992   0.00744   0.00619   0.00371   0.00055   0.00620   0.00744   0.00747   0.02138   0.15891   0.01105   0.02645   0.02027   0.01639   0.00119   0.00853   0.00746   0.00476   0.00142   0.07863   0.21109   0.07157   0.11837   0.01119   0.10975   0.09887   4.34978  15.35593  14.19169   0.10380   1.00000  
107  0.6557  10657.020582  x:  0.29881   0.14343   0.09644   0.00272   0.06475   0.05102   0.05301   0.05811   0.06425   0.02481   0.00376   0.00246   0.00675   0.02386   0.01006   0.00065   0.00992   0.00744   0.00619   0.00371   0.00055   0.00620   0.00744   0.00747   0.02138   0.15891   0.01105   0.02645   0.02027   0.01639   0.00119   0.00853   0.00746   0.00476   0.00142   0.07863   0.21109   0.07157   0.11837   0.01119   0.10975   0.09887   4.34980  16.29859  15.13435   0.10380   1.00000  
108  0.4524  10657.020582  x:  0.29881   0.14343   0.09644   0.00272   0.06475   0.05102   0.05301   0.05811   0.06425   0.02481   0.00376   0.00246   0.00675   0.02386   0.01006   0.00065   0.00992   0.00744   0.00619   0.00371   0.00055   0.00620   0.00744   0.00747   0.02138   0.15891   0.01105   0.02645   0.02027   0.01639   0.00119   0.00853   0.00746   0.00476   0.00142   0.07863   0.21109   0.07157   0.11837   0.01119   0.10975   0.09887   4.34980  18.01533  16.85109   0.10380   1.00000  
109  0.7599  10657.020582  x:  0.29881   0.14343   0.09644   0.00272   0.06475   0.05102   0.05301   0.05811   0.06425   0.02481   0.00376   0.00246   0.00675   0.02386   0.01006   0.00065   0.00992   0.00744   0.00619   0.00371   0.00055   0.00620   0.00744   0.00747   0.02138   0.15891   0.01105   0.02645   0.02027   0.01639   0.00119   0.00853   0.00746   0.00476   0.00142   0.07863   0.21109   0.07157   0.11837   0.01119   0.10975   0.09887   4.34980  17.80235  16.63810   0.10380   1.00000  
110  0.5046  10657.020582  x:  0.29881   0.14343   0.09644   0.00272   0.06475   0.05102   0.05301   0.05811   0.06425   0.02481   0.00376   0.00246   0.00675   0.02386   0.01006   0.00065   0.00992   0.00744   0.00619   0.00371   0.00055   0.00620   0.00744   0.00747   0.02138   0.15891   0.01105   0.02645   0.02027   0.01639   0.00119   0.00853   0.00746   0.00476   0.00142   0.07863   0.21109   0.07157   0.11837   0.01119   0.10975   0.09887   4.34979  17.92109  16.75685   0.10380   1.00000  
111  0.2952  10657.020582  x:  0.29881   0.14343   0.09644   0.00272   0.06475   0.05102   0.05301   0.05811   0.06425   0.02481   0.00376   0.00246   0.00675   0.02386   0.01006   0.00065   0.00992   0.00744   0.00619   0.00371   0.00055   0.00620   0.00744   0.00747   0.02138   0.15891   0.01105   0.02645   0.02027   0.01639   0.00119   0.00853   0.00746   0.00476   0.00142   0.07863   0.21109   0.07157   0.11837   0.01119   0.10975   0.09887   4.34980  18.31610  17.15186   0.10380   1.00000  
112  0.2640  10657.020582  x:  0.29881   0.14343   0.09644   0.00272   0.06475   0.05102   0.05301   0.05811   0.06425   0.02481   0.00376   0.00246   0.00675   0.02386   0.01006   0.00065   0.00992   0.00744   0.00619   0.00371   0.00055   0.00620   0.00744   0.00747   0.02138   0.15891   0.01105   0.02645   0.02027   0.01639   0.00119   0.00853   0.00746   0.00476   0.00142   0.07863   0.21109   0.07157   0.11837   0.01119   0.10975   0.09887   4.34979  18.26971  17.10547   0.10380   1.00000  
113  0.0817  10657.020582  x:  0.29881   0.14343   0.09644   0.00272   0.06475   0.05102   0.05301   0.05811   0.06425   0.02481   0.00376   0.00246   0.00675   0.02386   0.01006   0.00065   0.00992   0.00744   0.00619   0.00371   0.00055   0.00620   0.00744   0.00747   0.02138   0.15891   0.01105   0.02645   0.02027   0.01639   0.00119   0.00853   0.00746   0.00476   0.00142   0.07863   0.21109   0.07157   0.11837   0.01119   0.10975   0.09887   4.34979  18.27261  17.10837   0.10380   1.00000  
114  0.0853  10657.020582  x:  0.29881   0.14343   0.09644   0.00272   0.06475   0.05102   0.05301   0.05811   0.06425   0.02481   0.00376   0.00246   0.00675   0.02386   0.01006   0.00065   0.00992   0.00744   0.00619   0.00371   0.00055   0.00620   0.00744   0.00747   0.02138   0.15891   0.01105   0.02645   0.02027   0.01639   0.00119   0.00853   0.00746   0.00476   0.00142   0.07863   0.21109   0.07157   0.11837   0.01119   0.10975   0.09887   4.34979  18.27209  17.10785   0.10380   1.00000  
115  0.0018  10657.020582  x:  0.29881   0.14343   0.09644   0.00272   0.06475   0.05102   0.05301   0.05811   0.06425   0.02481   0.00376   0.00246   0.00675   0.02386   0.01006   0.00065   0.00992   0.00744   0.00619   0.00371   0.00055   0.00620   0.00744   0.00747   0.02138   0.15891   0.01105   0.02645   0.02027   0.01639   0.00119   0.00853   0.00746   0.00476   0.00142   0.07863   0.21109   0.07157   0.11837   0.01119   0.10975   0.09887   4.34979  18.27222  17.10798   0.10380   1.00000  
116  0.0007  10657.020582  x:  0.29881   0.14343   0.09644   0.00272   0.06475   0.05102   0.05301   0.05811   0.06425   0.02481   0.00376   0.00246   0.00675   0.02386   0.01006   0.00065   0.00992   0.00744   0.00619   0.00371   0.00055   0.00620   0.00744   0.00747   0.02138   0.15891   0.01105   0.02645   0.02027   0.01639   0.00119   0.00853   0.00746   0.00476   0.00142   0.07863   0.21109   0.07157   0.11837   0.01119   0.10975   0.09887   4.34979  18.27222  17.10798   0.10380   1.00000  
117  0.0026  10657.020582  x:  0.29881   0.14343   0.09644   0.00272   0.06475   0.05102   0.05301   0.05811   0.06425   0.02481   0.00376   0.00246   0.00675   0.02386   0.01006   0.00065   0.00992   0.00744   0.00619   0.00371   0.00055   0.00620   0.00744   0.00747   0.02138   0.15891   0.01105   0.02645   0.02027   0.01639   0.00119   0.00853   0.00746   0.00476   0.00142   0.07863   0.21109   0.07157   0.11837   0.01119   0.10975   0.09887   4.34979  18.27222  17.10798   0.10380   1.00000  
118  4.1975  10657.020582  x:  0.29881   0.14343   0.09644   0.00272   0.06475   0.05102   0.05301   0.05811   0.06425   0.02481   0.00376   0.00246   0.00675   0.02386   0.01006   0.00065   0.00992   0.00744   0.00619   0.00371   0.00055   0.00620   0.00744   0.00747   0.02138   0.15891   0.01105   0.02645   0.02027   0.01639   0.00119   0.00853   0.00746   0.00476   0.00142   0.07863   0.21109   0.07157   0.11837   0.01119   0.10975   0.09887   4.34979  18.27222  17.10798   0.10380   1.00000  
119  0.0001  10657.020582  x:  0.29881   0.14343   0.09644   0.00272   0.06475   0.05102   0.05301   0.05811   0.06425   0.02481   0.00376   0.00246   0.00675   0.02386   0.01006   0.00065   0.00992   0.00744   0.00619   0.00371   0.00055   0.00620   0.00744   0.00747   0.02138   0.15891   0.01105   0.02645   0.02027   0.01639   0.00119   0.00853   0.00746   0.00476   0.00142   0.07863   0.21109   0.07157   0.11837   0.01119   0.10975   0.09887   4.34979  18.27222  17.10798   0.10380   1.00000  
check convergence!
