

TREE # 1

  0  0.0000  13454.695969  x:  0.36826   0.07062   0.00720   0.13921   0.12976   0.10564   0.17512   0.07302   0.07041   0.01860   0.03711   0.00956   0.01947   0.01673   0.00903   0.01422   0.02413   0.01472   0.01167   0.01334   0.06697   0.30034   0.00000   0.03920   0.06707   0.03865   0.03363   0.00938   0.02524   0.01451   0.00507   0.01040   0.12469   0.00873   0.10201   0.08664   0.06768   3.00000   1.39835   0.16116   0.29812  
  1 99.0000  13422.303595  x:  0.36977   0.07645   0.01351   0.14189   0.12999   0.10643   0.17856   0.07616   0.07061   0.02360   0.03583   0.01131   0.02066   0.01781   0.00489   0.00669   0.02112   0.01383   0.00611   0.00998   0.06665   0.30214   0.00607   0.04137   0.06827   0.03816   0.03223   0.00893   0.02088   0.01578   0.00000   0.00886   0.12728   0.01365   0.10248   0.08804   0.06961   3.00106   1.39920   0.16034   0.28515  
  2 1980.6312  13403.314162  x:  0.37098   0.08114   0.01856   0.14406   0.13017   0.10708   0.18134   0.07869   0.07077   0.02760   0.03479   0.01270   0.02161   0.01867   0.00161   0.00063   0.01870   0.01312   0.00168   0.00729   0.06638   0.30359   0.01083   0.04312   0.06924   0.03777   0.03111   0.00858   0.01737   0.01681   0.00050   0.00767   0.12936   0.01758   0.10286   0.08917   0.07116   3.00192   1.39988   0.15968   0.27467  
  3 33961.5471  13395.171608  x:  0.37154   0.08316   0.02029   0.14502   0.13023   0.10732   0.18259   0.07980   0.07082   0.02899   0.03433   0.01311   0.02201   0.01897   0.00298   0.00000   0.01783   0.01298   0.00274   0.00672   0.06617   0.30426   0.01170   0.04383   0.06966   0.03761   0.03066   0.00854   0.01602   0.01713   0.00057   0.00750   0.13028   0.01881   0.10302   0.08966   0.07178   3.00232   1.40020   0.15937   0.26977  
  4 4387.6019  13355.332266  x:  0.37624   0.10015   0.03504   0.15303   0.13075   0.10939   0.19303   0.08904   0.07128   0.04082   0.03047   0.01669   0.02539   0.02148   0.01212   0.00198   0.01043   0.01168   0.00925   0.00169   0.06448   0.30980   0.01966   0.04982   0.07319   0.03632   0.02691   0.00812   0.00461   0.01989   0.00124   0.00593   0.13800   0.02938   0.10437   0.09377   0.07706   3.00568   1.40288   0.15677   0.22883  
  5 83927.8031  13322.287082  x:  0.38191   0.11948   0.04994   0.16234   0.13130   0.11158   0.20529   0.09956   0.07171   0.05247   0.02635   0.01958   0.02858   0.02358   0.01786   0.00310   0.00562   0.01131   0.01289   0.01672   0.06227   0.31648   0.02533   0.05633   0.07721   0.03509   0.02319   0.00848   0.00132   0.02233   0.00171   0.00663   0.14697   0.03938   0.10592   0.09850   0.08282   3.00977   1.40611   0.15365   0.17943  
  6 10479.6006  13294.445369  x:  0.38745   0.13804   0.06398   0.17133   0.13184   0.11365   0.21714   0.10965   0.07212   0.06335   0.02259   0.02214   0.03149   0.02543   0.02328   0.00412   0.00379   0.01119   0.01629   0.02399   0.06013   0.32300   0.03034   0.06251   0.08105   0.03399   0.01996   0.00900   0.01079   0.02455   0.00213   0.00727   0.15562   0.04868   0.10741   0.10305   0.08827   3.01377   1.40925   0.15061   0.13156  
  7 25397.9433  13280.470483  x:  0.39055   0.14697   0.06912   0.17585   0.13211   0.11445   0.22327   0.11442   0.07224   0.06686   0.02178   0.02223   0.03209   0.02543   0.02439   0.00429   0.01509   0.01240   0.01684   0.02505   0.05895   0.32661   0.02983   0.06506   0.08281   0.03381   0.02004   0.00967   0.01064   0.02460   0.00220   0.00848   0.15996   0.05129   0.10814   0.10523   0.09052   3.01605   1.41089   0.14903   0.10772  
  8 5929.4199  13261.689704  x:  0.39741   0.15926   0.06701   0.18316   0.13248   0.11435   0.23415   0.12033   0.07184   0.06192   0.02645   0.01628   0.02823   0.02059   0.01959   0.00345   0.00981   0.01503   0.01318   0.01994   0.05685   0.33436   0.01224   0.06621   0.08450   0.03536   0.02807   0.01163   0.00829   0.01931   0.00167   0.01148   0.16683   0.04430   0.10900   0.10805   0.09137   3.02134   1.41363   0.14644   0.08076  
  9 1311.0879  13253.834073  x:  0.40358   0.17115   0.06719   0.18959   0.13239   0.11414   0.24416   0.12567   0.07123   0.05975   0.02510   0.01553   0.02747   0.02088   0.01727   0.00318   0.00996   0.01182   0.01246   0.01920   0.05589   0.34124   0.00143   0.06736   0.08554   0.03470   0.02364   0.00759   0.00804   0.01970   0.00148   0.00537   0.17289   0.04025   0.10923   0.11005   0.09237   3.02656   1.41574   0.14449   0.07959  
 10 759.6130  13250.992927  x:  0.40588   0.17551   0.06722   0.19190   0.13232   0.11402   0.24785   0.12754   0.07099   0.05902   0.02472   0.01558   0.02734   0.02108   0.01665   0.00312   0.00995   0.01156   0.01247   0.01890   0.05593   0.34382   0.00000   0.06773   0.08586   0.03444   0.02248   0.00783   0.00798   0.01992   0.00143   0.00712   0.17506   0.03878   0.10926   0.11071   0.09270   3.02861   1.41652   0.14377   0.08063  
 11 1326.3211  13231.608571  x:  0.43628   0.22917   0.05972   0.22104   0.13129   0.11159   0.29519   0.14970   0.06774   0.04277   0.02554   0.01200   0.02319   0.01958   0.01164   0.00298   0.01049   0.01481   0.01648   0.01840   0.05844   0.37822   0.00763   0.07056   0.08916   0.03322   0.01943   0.01399   0.00810   0.01820   0.00144   0.00771   0.20224   0.01239   0.10964   0.11853   0.09525   3.05598   1.42684   0.13429   0.09254  
 12 2805.8565  13227.171112  x:  0.44548   0.24231   0.05430   0.22768   0.13146   0.11098   0.30804   0.15303   0.06786   0.04008   0.02916   0.01872   0.02711   0.02174   0.01367   0.00305   0.01103   0.01420   0.01497   0.01912   0.06070   0.38870   0.00803   0.07026   0.08915   0.03512   0.02990   0.00873   0.00853   0.02033   0.00144   0.00867   0.20840   0.01227   0.11032   0.11963   0.09697   3.06648   1.43033   0.13113   0.09667  
 13 776.2654  13224.356191  x:  0.45416   0.24921   0.04432   0.23030   0.13280   0.11125   0.31760   0.15045   0.06956   0.04186   0.02879   0.01640   0.03010   0.02239   0.01684   0.00310   0.01128   0.01500   0.01182   0.01946   0.06478   0.39868   0.00636   0.06797   0.08798   0.03848   0.03198   0.01429   0.00866   0.02064   0.00142   0.00668   0.21064   0.02185   0.11187   0.11882   0.09936   3.08038   1.43407   0.12782   0.09939  
 14 393.4146  13221.651320  x:  0.46303   0.25276   0.03235   0.23097   0.13506   0.11257   0.32579   0.14456   0.07200   0.04398   0.02808   0.01318   0.02962   0.02117   0.01773   0.00312   0.01118   0.01475   0.01094   0.01924   0.06860   0.40892   0.00839   0.06502   0.08629   0.04071   0.02865   0.00869   0.00861   0.01946   0.00142   0.00894   0.21075   0.02761   0.11356   0.11715   0.10047   3.09734   1.43818   0.12425   0.09881  
 15 565.4541  13219.077198  x:  0.47363   0.25344   0.02198   0.22963   0.13891   0.11649   0.33391   0.13427   0.07515   0.04701   0.02842   0.02136   0.02711   0.02170   0.01472   0.00299   0.01091   0.01352   0.01337   0.01875   0.06994   0.42095   0.00886   0.06194   0.08451   0.03978   0.02432   0.01061   0.00834   0.02102   0.00140   0.00891   0.20843   0.02814   0.11505   0.11464   0.09966   3.12229   1.44367   0.11954   0.09633  
 16 493.0476  13214.523262  x:  0.49288   0.25086   0.02500   0.22505   0.14734   0.12842   0.34676   0.11348   0.07968   0.05418   0.02188   0.01863   0.02944   0.02568   0.01237   0.00296   0.01061   0.01769   0.01565   0.01880   0.06555   0.44202   0.00816   0.06043   0.08381   0.03367   0.02858   0.01007   0.00835   0.02350   0.00141   0.00844   0.20185   0.02423   0.11612   0.11114   0.09670   3.17879   1.45512   0.10987   0.09692  
 17 467.3639  13211.181309  x:  0.50627   0.24703   0.03257   0.22110   0.15206   0.13592   0.35480   0.10084   0.08149   0.05693   0.02854   0.01645   0.03096   0.02330   0.01520   0.00313   0.01129   0.01141   0.01401   0.01952   0.06170   0.45598   0.00880   0.06131   0.08524   0.03391   0.02817   0.01127   0.00864   0.02101   0.00146   0.00888   0.19750   0.02239   0.11618   0.11023   0.09543   3.22542   1.46407   0.10238   0.09829  
 18 855.6255  13208.852950  x:  0.51521   0.24155   0.03926   0.21749   0.15292   0.13821   0.35894   0.09644   0.08090   0.05502   0.03181   0.01926   0.02978   0.02038   0.01798   0.00320   0.01112   0.01815   0.01179   0.01982   0.06012   0.46429   0.00805   0.06355   0.08745   0.03831   0.02477   0.01004   0.00877   0.01991   0.00148   0.00831   0.19559   0.02352   0.11555   0.11150   0.09597   3.26704   1.47147   0.09631   0.09952  
 19 692.5212  13200.777608  x:  0.53851   0.21675   0.05125   0.20534   0.14785   0.13391   0.36522   0.09861   0.07439   0.03872   0.02211   0.02117   0.02168   0.02294   0.01885   0.00328   0.01115   0.01304   0.01172   0.01974   0.06275   0.48265   0.00935   0.07045   0.09289   0.04980   0.02511   0.01017   0.00858   0.02378   0.00151   0.00935   0.19407   0.02764   0.11247   0.11903   0.09992   3.41026   1.49527   0.07711   0.09800  
 20 876.1866  13190.120914  x:  0.56595   0.18027   0.05837   0.19222   0.13564   0.11836   0.36832   0.11637   0.06400   0.03434   0.02780   0.01918   0.03784   0.02648   0.00994   0.00309   0.01064   0.01416   0.02008   0.01923   0.07178   0.49973   0.00882   0.07621   0.09269   0.04104   0.02073   0.00982   0.00834   0.02203   0.00155   0.00914   0.19713   0.02947   0.10831   0.12790   0.10448   3.62775   1.52958   0.04984   0.09579  
 21 1506.1356  13181.409871  x:  0.58100   0.15859   0.06017   0.19010   0.12723   0.10493   0.36657   0.13585   0.06129   0.05127   0.02582   0.02108   0.02882   0.01745   0.01498   0.00326   0.01103   0.01375   0.01595   0.01991   0.07326   0.50410   0.00785   0.07791   0.08845   0.02799   0.02486   0.00978   0.00864   0.01976   0.00157   0.00849   0.20227   0.02678   0.10665   0.13006   0.10502   3.80173   1.55528   0.02984   0.09820  
 22 1643.0736  13174.770256  x:  0.58499   0.15046   0.05696   0.19796   0.12560   0.09863   0.35890   0.15121   0.06634   0.06406   0.03057   0.01801   0.02438   0.03245   0.01986   0.00331   0.01085   0.01513   0.01072   0.01985   0.06491   0.49582   0.00841   0.07382   0.08358   0.03626   0.02305   0.01006   0.00857   0.02131   0.00153   0.00850   0.20624   0.01827   0.10753   0.12383   0.10030   3.95661   1.57599   0.01431   0.09806  
 23 1218.0860  13163.213270  x:  0.57961   0.15604   0.05255   0.21956   0.13140   0.10184   0.34066   0.16873   0.07782   0.06646   0.02308   0.01945   0.03551   0.01979   0.01525   0.00316   0.01069   0.01301   0.01457   0.01937   0.04656   0.46813   0.01028   0.06167   0.07903   0.05145   0.02337   0.01062   0.00839   0.02253   0.00152   0.00892   0.21046   0.01628   0.11213   0.10822   0.09289   4.20631   1.60638  -0.00754   0.09918  
 24 1487.2878  13148.414766  x:  0.55869   0.18690   0.05305   0.24845   0.14392   0.12061   0.31333   0.17531   0.08744   0.04851   0.03055   0.01803   0.02342   0.02357   0.01178   0.00323   0.01087   0.01459   0.01882   0.01976   0.05382   0.41861   0.01002   0.04711   0.08000   0.03578   0.02496   0.00900   0.00864   0.01790   0.00157   0.00854   0.21058   0.03045   0.11782   0.09484   0.09032   4.53574   1.64276  -0.03240   0.10139  
 25 1624.8754  13142.246595  x:  0.54199   0.20794   0.04514   0.25466   0.14518   0.12496   0.30185   0.16650   0.08587   0.04319   0.02883   0.01765   0.02939   0.02118   0.01987   0.00316   0.01048   0.01440   0.00914   0.01895   0.06478   0.39495   0.00993   0.05095   0.08346   0.03041   0.02197   0.00975   0.00821   0.02623   0.00142   0.00851   0.20681   0.02167   0.11692   0.10086   0.08978   4.67699   1.65592  -0.04040   0.09874  
 26 1207.0830  13136.374436  x:  0.51948   0.23555   0.03719   0.25457   0.14163   0.12412   0.29379   0.15124   0.07805   0.05036   0.02531   0.01918   0.03059   0.02277   0.01713   0.00305   0.01060   0.01375   0.01097   0.01876   0.07049   0.37346   0.00892   0.06282   0.08737   0.03574   0.02430   0.01001   0.00827   0.01577   0.00141   0.00780   0.20243   0.01625   0.11288   0.11381   0.09428   4.80815   1.66581  -0.04527   0.10005  
 27 1160.3189  13134.091649  x:  0.50627   0.24945   0.03366   0.25136   0.13799   0.12064   0.29222   0.14312   0.07172   0.05329   0.02922   0.01590   0.02757   0.02104   0.01350   0.00302   0.01067   0.01426   0.01456   0.01877   0.06610   0.36636   0.00885   0.06714   0.08640   0.03714   0.02582   0.00973   0.00828   0.02262   0.00140   0.00764   0.20137   0.01721   0.10986   0.11855   0.09768   4.86445   1.66871  -0.04589   0.10082  
 28 878.0389  13132.104871  x:  0.48964   0.26204   0.03077   0.24370   0.13316   0.11399   0.29388   0.13582   0.06510   0.04914   0.02850   0.01640   0.02790   0.02256   0.01558   0.00300   0.01053   0.01430   0.01206   0.01851   0.05482   0.36509   0.00988   0.06619   0.08081   0.03280   0.02502   0.00970   0.00819   0.02031   0.00137   0.00796   0.20229   0.01880   0.10636   0.11765   0.09963   4.91073   1.66883  -0.04386   0.09979  
 29 430.1637  13130.137876  x:  0.46000   0.27578   0.03621   0.22730   0.12857   0.10512   0.30121   0.13170   0.06918   0.04834   0.02816   0.01630   0.02764   0.02129   0.01519   0.00301   0.01055   0.01426   0.01252   0.01859   0.06118   0.37260   0.00891   0.06117   0.07561   0.03540   0.02542   0.00977   0.00822   0.02012   0.00138   0.00754   0.20678   0.01667   0.10384   0.10665   0.09560   4.95942   1.66467  -0.03679   0.09857  
 30 214.2212  13129.369316  x:  0.44164   0.27712   0.03363   0.22041   0.13127   0.10595   0.30673   0.13478   0.07386   0.04842   0.02862   0.01601   0.02772   0.02166   0.01511   0.00300   0.01057   0.01442   0.01247   0.01857   0.05882   0.38016   0.00908   0.06077   0.08414   0.03402   0.02571   0.00975   0.00823   0.02016   0.00137   0.00762   0.20919   0.01704   0.10960   0.10906   0.09386   4.98018   1.65974  -0.02999   0.09907  
 31 117.4080  13128.872403  x:  0.42751   0.27376   0.03222   0.22142   0.13683   0.11361   0.31260   0.13901   0.07074   0.04908   0.02869   0.01612   0.02778   0.02161   0.01535   0.00300   0.01062   0.01442   0.01223   0.01860   0.05968   0.38732   0.00904   0.06071   0.07954   0.03520   0.02578   0.00982   0.00825   0.02029   0.00137   0.00765   0.20942   0.01655   0.11012   0.11317   0.09567   4.99435   1.65251  -0.02069   0.09910  
 32 78.6275  13128.594993  x:  0.42204   0.26980   0.03078   0.22764   0.13642   0.11545   0.31776   0.13929   0.07133   0.04886   0.02876   0.01611   0.02792   0.02171   0.01534   0.00300   0.01063   0.01443   0.01220   0.01858   0.05976   0.39083   0.00904   0.06504   0.08134   0.03461   0.02583   0.00983   0.00825   0.02031   0.00136   0.00768   0.20752   0.01707   0.10547   0.11015   0.09711   5.00326   1.64386  -0.00985   0.09873  
 33 50.7912  13128.209689  x:  0.42094   0.26501   0.03248   0.23712   0.13242   0.11371   0.32557   0.13638   0.06909   0.04941   0.02858   0.01637   0.02807   0.02178   0.01533   0.00302   0.01067   0.01447   0.01244   0.01869   0.06104   0.39272   0.00896   0.06138   0.08371   0.03501   0.02591   0.00981   0.00829   0.02038   0.00138   0.00770   0.20407   0.01729   0.10911   0.11112   0.09654   5.01685   1.62605   0.01245   0.09778  
 34 60.3280  13127.825257  x:  0.42589   0.26273   0.03345   0.23950   0.13212   0.11234   0.33116   0.13542   0.07525   0.04811   0.02889   0.01641   0.02811   0.02182   0.01519   0.00304   0.01075   0.01462   0.01279   0.01883   0.06096   0.39198   0.00900   0.06404   0.07990   0.03479   0.02605   0.00993   0.00836   0.02037   0.00139   0.00776   0.20373   0.01806   0.11257   0.11499   0.09638   5.03120   1.60483   0.03929   0.09708  
 35 89.7620  13126.883810  x:  0.44647   0.26199   0.03250   0.23248   0.14033   0.11569   0.33814   0.13892   0.07537   0.04958   0.02921   0.01656   0.02857   0.02209   0.01558   0.00308   0.01094   0.01490   0.01272   0.01911   0.06154   0.38888   0.00905   0.06165   0.08379   0.03579   0.02668   0.01011   0.00851   0.02066   0.00140   0.00789   0.20968   0.01775   0.10937   0.11564   0.09903   5.06664   1.54979   0.10969   0.09494  
 36 143.6530  13126.723516  x:  0.45024   0.26361   0.03187   0.23205   0.13854   0.11827   0.33295   0.13985   0.07280   0.04965   0.02932   0.01653   0.02859   0.02215   0.01568   0.00308   0.01098   0.01493   0.01265   0.01916   0.06191   0.39319   0.00896   0.06524   0.08363   0.03596   0.02682   0.01016   0.00854   0.02070   0.00140   0.00789   0.21104   0.01776   0.11356   0.11269   0.09818   5.07264   1.54113   0.12222   0.09465  
 37 42.4295  13126.588335  x:  0.45263   0.26600   0.03224   0.23437   0.13783   0.11794   0.32292   0.13976   0.07433   0.04961   0.02938   0.01655   0.02862   0.02216   0.01565   0.00309   0.01101   0.01497   0.01277   0.01921   0.06200   0.40159   0.00886   0.06383   0.08396   0.03598   0.02689   0.01018   0.00856   0.02071   0.00141   0.00789   0.21174   0.01789   0.11159   0.11518   0.09831   5.07742   1.53575   0.13272   0.09440  
 38 27.9193  13126.545118  x:  0.45281   0.26620   0.03262   0.23508   0.14061   0.11550   0.32148   0.13949   0.07404   0.04945   0.02937   0.01656   0.02864   0.02215   0.01563   0.00309   0.01102   0.01498   0.01278   0.01921   0.06221   0.40284   0.00882   0.06425   0.08401   0.03593   0.02690   0.01021   0.00856   0.02072   0.00141   0.00788   0.21111   0.01733   0.11268   0.11444   0.10051   5.07850   1.53699   0.13535   0.09441  
 39  7.1807  13125.695321  x:  0.45496   0.26696   0.03154   0.23514   0.14889   0.10936   0.32165   0.14212   0.06947   0.04814   0.02962   0.01619   0.02813   0.02184   0.01534   0.00307   0.01103   0.01495   0.01291   0.01908   0.06253   0.40533   0.00854   0.06727   0.08344   0.03571   0.02720   0.01008   0.00853   0.02037   0.00141   0.00775   0.20217   0.02017   0.11072   0.11531   0.08710   5.09518   1.58731   0.17942   0.09429  
 40  9.6297  13115.640841  x:  0.47456   0.25935   0.01863   0.21748   0.13796   0.11727   0.32936   0.15796   0.07408   0.03831   0.03130   0.01220   0.02567   0.01866   0.01331   0.00257   0.01063   0.01510   0.01014   0.01615   0.06059   0.41678   0.00574   0.05757   0.08128   0.03575   0.03028   0.01030   0.00770   0.01813   0.00124   0.00615   0.14236   0.01144   0.10923   0.11177   0.09682   5.28072   2.16377   0.67058   0.09547  
 41 275.0176  13103.555205  x:  0.48812   0.21553   0.00567   0.22080   0.14039   0.12132   0.33360   0.11812   0.06993   0.02637   0.03223   0.00860   0.02313   0.01561   0.01033   0.00201   0.01019   0.01483   0.00811   0.01278   0.06260   0.42259   0.00286   0.05739   0.08039   0.03516   0.03302   0.01028   0.00667   0.01582   0.00109   0.00461   0.19156   0.00606   0.10755   0.11257   0.09192   5.50813   2.87463   1.27176   0.09684  
 42 1023.0958  13092.283777  x:  0.51064   0.16831   0.02542   0.21181   0.13842   0.11888   0.33132   0.09750   0.06955   0.02680   0.03170   0.01208   0.02137   0.01699   0.00447   0.00142   0.01216   0.01373   0.00764   0.01026   0.06422   0.43394   0.00148   0.05512   0.07956   0.03648   0.03207   0.00991   0.00682   0.01574   0.00079   0.00797   0.20605   0.01305   0.10653   0.10986   0.08919   5.86644   3.92348   2.26760   0.10143  
 43  2.4135  13089.761528  x:  0.51307   0.16577   0.02259   0.20910   0.13871   0.11916   0.32824   0.10334   0.07122   0.03287   0.03115   0.01294   0.02246   0.01873   0.00721   0.00139   0.01339   0.01350   0.00388   0.01011   0.06350   0.43469   0.00182   0.05432   0.07908   0.03735   0.03044   0.00942   0.00740   0.01704   0.00074   0.00899   0.20475   0.01221   0.10689   0.10892   0.08907   6.00142   4.20453   2.56175   0.10269  
 44  1.0692  13088.210052  x:  0.51110   0.17037   0.01786   0.20636   0.13929   0.11933   0.32277   0.11252   0.07282   0.03707   0.03109   0.01296   0.02403   0.02002   0.00474   0.00134   0.01467   0.01345   0.00599   0.01009   0.06261   0.43227   0.00198   0.05350   0.07852   0.03750   0.02884   0.00900   0.00818   0.01787   0.00079   0.00952   0.19951   0.01169   0.10725   0.10766   0.08940   6.13867   4.46541   2.83836   0.10345  
 45  1.0601  13087.057790  x:  0.50452   0.17844   0.01907   0.20651   0.13909   0.11638   0.31491   0.11700   0.07309   0.03115   0.03108   0.01256   0.02376   0.01879   0.00583   0.00142   0.01640   0.01379   0.00540   0.01022   0.06170   0.42534   0.00137   0.05324   0.07822   0.03702   0.02759   0.00925   0.00956   0.01754   0.00093   0.00956   0.19238   0.01233   0.10699   0.10633   0.08946   6.32522   4.86703   3.23648   0.10338  
 46  0.6094  13086.445001  x:  0.50491   0.17446   0.01862   0.21143   0.13885   0.11583   0.32146   0.10880   0.07176   0.03286   0.03095   0.01203   0.02281   0.01856   0.00500   0.00133   0.01732   0.01378   0.00504   0.00945   0.06149   0.42493   0.00164   0.05461   0.07875   0.03630   0.02738   0.00954   0.01070   0.01714   0.00101   0.00954   0.19474   0.00993   0.10621   0.10853   0.09004   6.43408   5.26641   3.60998   0.10194  
 47  0.4302  13086.104934  x:  0.51005   0.17317   0.01752   0.21143   0.13950   0.11836   0.32830   0.11070   0.07143   0.03240   0.03084   0.01214   0.02334   0.01870   0.00530   0.00141   0.01772   0.01374   0.00529   0.00940   0.06201   0.42991   0.00208   0.05439   0.07913   0.03652   0.02835   0.00953   0.01192   0.01680   0.00117   0.00916   0.19961   0.01285   0.10666   0.10912   0.08996   6.43906   5.56334   3.90735   0.10082  
 48  0.3047  13085.868612  x:  0.51230   0.17644   0.01920   0.20909   0.13960   0.11861   0.32691   0.11363   0.07231   0.03238   0.03099   0.01269   0.02353   0.01892   0.00498   0.00139   0.01766   0.01395   0.00513   0.00891   0.06266   0.43220   0.00144   0.05381   0.07893   0.03672   0.02913   0.00941   0.01288   0.01706   0.00128   0.00844   0.20096   0.01120   0.10719   0.10822   0.08996   6.40752   5.83557   4.18896   0.10033  
 49  0.3190  13085.668666  x:  0.51048   0.17921   0.01897   0.21000   0.13971   0.11739   0.32251   0.11243   0.07289   0.03245   0.03099   0.01235   0.02337   0.01872   0.00518   0.00143   0.01730   0.01368   0.00511   0.00853   0.06216   0.43077   0.00225   0.05430   0.07878   0.03699   0.02877   0.00916   0.01391   0.01726   0.00147   0.00873   0.19866   0.01074   0.10731   0.10785   0.09012   6.33766   6.13615   4.50526   0.10107  
 50  0.2803  13085.589894  x:  0.50814   0.17543   0.01802   0.21041   0.13952   0.11739   0.32138   0.11144   0.07250   0.03288   0.03107   0.01217   0.02328   0.01876   0.00506   0.00143   0.01700   0.01381   0.00502   0.00830   0.06224   0.42878   0.00175   0.05431   0.07875   0.03687   0.02867   0.00936   0.01430   0.01699   0.00156   0.00870   0.19653   0.01166   0.10694   0.10802   0.08987   6.30591   6.30112   4.66654   0.10164  
 51  0.2493  13085.558002  x:  0.50659   0.17380   0.01877   0.20944   0.13913   0.11783   0.32303   0.11153   0.07202   0.03246   0.03103   0.01245   0.02341   0.01888   0.00514   0.00146   0.01677   0.01381   0.00516   0.00852   0.06223   0.42766   0.00171   0.05402   0.07878   0.03649   0.02854   0.00946   0.01449   0.01692   0.00164   0.00882   0.19701   0.01133   0.10676   0.10829   0.08992   6.28858   6.40522   4.76258   0.10187  
 52  0.0970  13085.530119  x:  0.50604   0.17554   0.01876   0.20845   0.13894   0.11773   0.32280   0.11196   0.07189   0.03229   0.03091   0.01248   0.02330   0.01864   0.00481   0.00143   0.01654   0.01371   0.00493   0.00859   0.06206   0.42719   0.00172   0.05403   0.07870   0.03646   0.02839   0.00935   0.01456   0.01696   0.00171   0.00905   0.19745   0.01157   0.10678   0.10815   0.08981   6.29485   6.56374   4.91521   0.10174  
 53  0.1216  13085.497922  x:  0.50773   0.17638   0.01887   0.21002   0.13929   0.11735   0.32231   0.11147   0.07231   0.03278   0.03096   0.01215   0.02325   0.01883   0.00496   0.00147   0.01633   0.01378   0.00495   0.00902   0.06222   0.42838   0.00160   0.05432   0.07875   0.03666   0.02840   0.00927   0.01453   0.01709   0.00184   0.00915   0.19820   0.01155   0.10705   0.10809   0.08980   6.30662   6.75700   5.11540   0.10142  
 54  0.1666  13085.463151  x:  0.50954   0.17472   0.01813   0.21138   0.13962   0.11766   0.32353   0.11221   0.07264   0.03245   0.03090   0.01260   0.02345   0.01891   0.00489   0.00146   0.01621   0.01382   0.00484   0.00903   0.06208   0.42975   0.00176   0.05411   0.07888   0.03682   0.02841   0.00944   0.01425   0.01698   0.00199   0.00912   0.19738   0.01124   0.10696   0.10820   0.09007   6.32716   6.99834   5.36408   0.10132  
 55  0.1663  13085.418469  x:  0.50906   0.17529   0.01849   0.20889   0.13936   0.11796   0.32424   0.11164   0.07207   0.03257   0.03104   0.01222   0.02320   0.01873   0.00488   0.00148   0.01622   0.01378   0.00494   0.00889   0.06219   0.42952   0.00175   0.05395   0.07883   0.03674   0.02852   0.00945   0.01375   0.01685   0.00222   0.00870   0.19702   0.01139   0.10665   0.10832   0.09005   6.33366   7.33868   5.69939   0.10169  
 56  0.2100  13085.403612  x:  0.50753   0.17544   0.01860   0.20986   0.13926   0.11762   0.32223   0.11171   0.07218   0.03251   0.03099   0.01236   0.02342   0.01876   0.00491   0.00149   0.01631   0.01381   0.00492   0.00871   0.06222   0.42819   0.00174   0.05430   0.07876   0.03661   0.02848   0.00935   0.01357   0.01709   0.00232   0.00866   0.19742   0.01148   0.10699   0.10810   0.08979   6.32360   7.51286   5.86915   0.10165  
 57  0.1573  13085.398628  x:  0.50725   0.17575   0.01862   0.20982   0.13925   0.11748   0.32282   0.11198   0.07231   0.03266   0.03097   0.01237   0.02326   0.01884   0.00493   0.00149   0.01649   0.01378   0.00492   0.00867   0.06215   0.42820   0.00175   0.05410   0.07879   0.03664   0.02846   0.00939   0.01353   0.01697   0.00238   0.00882   0.19745   0.01145   0.10684   0.10820   0.09003   6.31703   7.61598   5.97457   0.10157  
 58  0.0778  13085.397391  x:  0.50778   0.17559   0.01864   0.20982   0.13929   0.11762   0.32317   0.11179   0.07223   0.03260   0.03097   0.01235   0.02338   0.01879   0.00491   0.00149   0.01660   0.01378   0.00493   0.00868   0.06218   0.42858   0.00172   0.05419   0.07882   0.03669   0.02846   0.00938   0.01353   0.01701   0.00238   0.00886   0.19747   0.01146   0.10687   0.10823   0.08995   6.31484   7.64817   6.00784   0.10159  
 59  0.0362  13085.397013  x:  0.50798   0.17558   0.01861   0.20987   0.13932   0.11770   0.32294   0.11180   0.07220   0.03257   0.03098   0.01238   0.02330   0.01880   0.00491   0.00148   0.01665   0.01378   0.00493   0.00871   0.06220   0.42863   0.00171   0.05422   0.07882   0.03667   0.02846   0.00938   0.01353   0.01702   0.00238   0.00883   0.19750   0.01147   0.10693   0.10820   0.08990   6.31295   7.66328   6.02299   0.10160  
 60  0.0120  13085.396549  x:  0.50779   0.17556   0.01862   0.20980   0.13931   0.11764   0.32276   0.11180   0.07227   0.03257   0.03100   0.01233   0.02335   0.01882   0.00490   0.00147   0.01669   0.01379   0.00490   0.00874   0.06219   0.42846   0.00173   0.05412   0.07879   0.03666   0.02847   0.00939   0.01353   0.01699   0.00238   0.00881   0.19746   0.01145   0.10691   0.10817   0.08994   6.31040   7.69968   6.05904   0.10160  
 61  0.0196  13085.395903  x:  0.50734   0.17542   0.01858   0.20969   0.13926   0.11756   0.32293   0.11176   0.07224   0.03263   0.03098   0.01238   0.02334   0.01874   0.00491   0.00146   0.01669   0.01379   0.00491   0.00878   0.06219   0.42826   0.00173   0.05421   0.07880   0.03671   0.02848   0.00938   0.01353   0.01701   0.00238   0.00880   0.19735   0.01145   0.10682   0.10821   0.08996   6.30914   7.77576   6.13498   0.10160  
 62  0.0370  13085.393762  x:  0.50710   0.17519   0.01860   0.20966   0.13915   0.11758   0.32308   0.11177   0.07209   0.03254   0.03094   0.01233   0.02330   0.01889   0.00489   0.00141   0.01664   0.01375   0.00493   0.00876   0.06223   0.42830   0.00173   0.05431   0.07881   0.03668   0.02852   0.00936   0.01352   0.01705   0.00238   0.00882   0.19718   0.01146   0.10679   0.10823   0.08983   6.31162   8.07273   6.43137   0.10159  
 63  0.0995  13085.391842  x:  0.50769   0.17559   0.01865   0.20984   0.13924   0.11765   0.32278   0.11177   0.07219   0.03261   0.03094   0.01237   0.02335   0.01879   0.00494   0.00137   0.01662   0.01378   0.00495   0.00873   0.06219   0.42857   0.00172   0.05413   0.07881   0.03668   0.02850   0.00938   0.01354   0.01699   0.00237   0.00883   0.19744   0.01147   0.10692   0.10820   0.08989   6.31331   8.34059   6.69982   0.10160  
 64  0.2293  13085.391549  x:  0.50784   0.17559   0.01863   0.20980   0.13936   0.11763   0.32304   0.11185   0.07228   0.03260   0.03098   0.01236   0.02334   0.01880   0.00494   0.00137   0.01663   0.01378   0.00494   0.00872   0.06218   0.42854   0.00173   0.05422   0.07880   0.03667   0.02846   0.00938   0.01355   0.01702   0.00236   0.00883   0.19747   0.01146   0.10689   0.10820   0.08998   6.31294   8.40440   6.76403   0.10160  
 65  0.0509  13085.390280  x:  0.50781   0.17567   0.01852   0.20987   0.13925   0.11767   0.32316   0.11172   0.07221   0.03260   0.03103   0.01236   0.02336   0.01882   0.00493   0.00138   0.01662   0.01376   0.00496   0.00872   0.06222   0.42820   0.00172   0.05416   0.07883   0.03667   0.02837   0.00938   0.01353   0.01700   0.00235   0.00882   0.19754   0.01145   0.10684   0.10822   0.08985   6.31231   8.62847   6.98778   0.10157  
 66  0.0396  13085.387146  x:  0.50782   0.17543   0.01849   0.21001   0.13911   0.11771   0.32300   0.11186   0.07206   0.03255   0.03105   0.01230   0.02332   0.01876   0.00491   0.00145   0.01659   0.01376   0.00495   0.00871   0.06222   0.42803   0.00171   0.05412   0.07884   0.03672   0.02832   0.00941   0.01348   0.01698   0.00231   0.00882   0.19769   0.01140   0.10690   0.10821   0.08983   6.31017   9.65222   8.01093   0.10153  
 67  0.4076  13085.385302  x:  0.50773   0.17576   0.01857   0.20972   0.13930   0.11760   0.32294   0.11164   0.07223   0.03257   0.03095   0.01239   0.02335   0.01883   0.00493   0.00145   0.01662   0.01379   0.00493   0.00872   0.06220   0.42856   0.00172   0.05421   0.07879   0.03666   0.02846   0.00937   0.01351   0.01700   0.00231   0.00883   0.19750   0.01146   0.10687   0.10823   0.08995   6.31127  10.15613   8.51548   0.10160  
 68  0.4187  13085.384828  x:  0.50770   0.17547   0.01866   0.20982   0.13932   0.11764   0.32291   0.11188   0.07227   0.03260   0.03095   0.01235   0.02333   0.01878   0.00492   0.00145   0.01663   0.01378   0.00493   0.00872   0.06217   0.42858   0.00173   0.05417   0.07880   0.03667   0.02850   0.00938   0.01352   0.01702   0.00232   0.00883   0.19739   0.01147   0.10689   0.10818   0.08993   6.31244  10.59308   8.95251   0.10161  
 69  0.4327  13085.384402  x:  0.50774   0.17560   0.01860   0.20979   0.13926   0.11765   0.32289   0.11175   0.07216   0.03258   0.03100   0.01236   0.02335   0.01881   0.00492   0.00145   0.01663   0.01378   0.00493   0.00872   0.06220   0.42838   0.00172   0.05421   0.07881   0.03668   0.02846   0.00939   0.01353   0.01700   0.00232   0.00883   0.19744   0.01146   0.10690   0.10820   0.08994   6.31323  11.65319  10.01234   0.10159  
 70  0.4452  13085.384235  x:  0.50775   0.17554   0.01862   0.20982   0.13930   0.11762   0.32295   0.11181   0.07227   0.03259   0.03097   0.01236   0.02334   0.01880   0.00492   0.00144   0.01662   0.01378   0.00493   0.00872   0.06219   0.42851   0.00173   0.05414   0.07880   0.03667   0.02847   0.00937   0.01353   0.01701   0.00233   0.00883   0.19744   0.01146   0.10687   0.10821   0.08992   6.31255  12.35315  10.71254   0.10160  
 71  0.4939  13085.384166  x:  0.50772   0.17557   0.01861   0.20980   0.13929   0.11764   0.32291   0.11181   0.07221   0.03259   0.03097   0.01236   0.02334   0.01880   0.00492   0.00144   0.01662   0.01378   0.00493   0.00872   0.06219   0.42850   0.00172   0.05421   0.07881   0.03667   0.02847   0.00939   0.01353   0.01701   0.00232   0.00883   0.19745   0.01146   0.10690   0.10819   0.08993   6.31224  13.19972  11.55906   0.10160  
 72  0.4955  13085.384134  x:  0.50773   0.17556   0.01861   0.20981   0.13928   0.11763   0.32293   0.11178   0.07223   0.03258   0.03097   0.01236   0.02334   0.01880   0.00492   0.00145   0.01662   0.01378   0.00493   0.00872   0.06219   0.42848   0.00172   0.05416   0.07880   0.03667   0.02846   0.00937   0.01353   0.01701   0.00232   0.00883   0.19745   0.01146   0.10688   0.10821   0.08993   6.31244  13.90143  12.26069   0.10160  
 73  0.4829  13085.384118  x:  0.50773   0.17557   0.01862   0.20980   0.13930   0.11763   0.32293   0.11181   0.07224   0.03259   0.03097   0.01236   0.02334   0.01880   0.00492   0.00145   0.01662   0.01378   0.00493   0.00872   0.06219   0.42850   0.00173   0.05418   0.07880   0.03667   0.02847   0.00938   0.01353   0.01701   0.00232   0.00883   0.19744   0.01146   0.10689   0.10820   0.08992   6.31246  14.82061  13.17998   0.10160  
 74  0.4925  13085.384112  x:  0.50773   0.17556   0.01861   0.20981   0.13929   0.11764   0.32292   0.11179   0.07222   0.03259   0.03097   0.01236   0.02334   0.01880   0.00492   0.00145   0.01662   0.01378   0.00493   0.00872   0.06219   0.42848   0.00172   0.05418   0.07880   0.03667   0.02847   0.00938   0.01353   0.01701   0.00232   0.00883   0.19744   0.01146   0.10689   0.10820   0.08993   6.31247  15.53193  13.89123   0.10160  
 75  0.4723  13085.384109  x:  0.50773   0.17557   0.01861   0.20981   0.13929   0.11763   0.32293   0.11180   0.07223   0.03259   0.03097   0.01236   0.02334   0.01880   0.00492   0.00145   0.01662   0.01378   0.00493   0.00872   0.06219   0.42849   0.00172   0.05418   0.07880   0.03667   0.02847   0.00938   0.01353   0.01701   0.00232   0.00883   0.19745   0.01146   0.10688   0.10820   0.08992   6.31241  16.08688  14.44620   0.10160  
 76  0.3591  13085.384107  x:  0.50773   0.17556   0.01861   0.20981   0.13929   0.11764   0.32293   0.11180   0.07223   0.03259   0.03097   0.01236   0.02334   0.01880   0.00492   0.00145   0.01662   0.01378   0.00493   0.00872   0.06219   0.42849   0.00172   0.05418   0.07880   0.03667   0.02847   0.00938   0.01353   0.01701   0.00232   0.00883   0.19744   0.01146   0.10689   0.10820   0.08993   6.31247  17.08908  15.44839   0.10160  
 77  0.4496  13085.384107  x:  0.50773   0.17556   0.01861   0.20981   0.13929   0.11764   0.32293   0.11180   0.07222   0.03259   0.03097   0.01236   0.02334   0.01880   0.00492   0.00145   0.01662   0.01378   0.00493   0.00872   0.06219   0.42849   0.00172   0.05418   0.07880   0.03667   0.02847   0.00938   0.01353   0.01701   0.00232   0.00883   0.19744   0.01146   0.10689   0.10820   0.08993   6.31249  18.09127  16.45058   0.10160  
 78  2.6915  13085.384107  x:  0.50773   0.17556   0.01861   0.20981   0.13929   0.11764   0.32293   0.11180   0.07223   0.03259   0.03097   0.01236   0.02334   0.01880   0.00492   0.00145   0.01662   0.01378   0.00493   0.00872   0.06219   0.42849   0.00172   0.05418   0.07880   0.03667   0.02847   0.00938   0.01353   0.01701   0.00232   0.00883   0.19744   0.01146   0.10689   0.10820   0.08993   6.31246  17.67852  16.03784   0.10160  
 79  1.3806  13085.384107  x:  0.50773   0.17556   0.01861   0.20981   0.13929   0.11764   0.32293   0.11180   0.07223   0.03259   0.03097   0.01236   0.02334   0.01880   0.00492   0.00145   0.01662   0.01378   0.00493   0.00872   0.06219   0.42849   0.00172   0.05418   0.07880   0.03667   0.02847   0.00938   0.01353   0.01701   0.00232   0.00883   0.19744   0.01146   0.10689   0.10820   0.08993   6.31242  17.70432  16.06363   0.10160  
 80  0.6777  13085.384107  x:  0.50773   0.17556   0.01861   0.20981   0.13929   0.11764   0.32293   0.11180   0.07223   0.03259   0.03097   0.01236   0.02334   0.01880   0.00492   0.00145   0.01662   0.01378   0.00493   0.00872   0.06219   0.42849   0.00172   0.05418   0.07880   0.03667   0.02847   0.00938   0.01353   0.01701   0.00232   0.00883   0.19744   0.01146   0.10689   0.10820   0.08993   6.31247  17.69593  16.05524   0.10160  
 81  0.0091  13085.384107  x:  0.50773   0.17556   0.01861   0.20981   0.13929   0.11764   0.32293   0.11180   0.07223   0.03259   0.03097   0.01236   0.02334   0.01880   0.00492   0.00145   0.01662   0.01378   0.00493   0.00872   0.06219   0.42849   0.00172   0.05418   0.07880   0.03667   0.02847   0.00938   0.01353   0.01701   0.00232   0.00883   0.19744   0.01146   0.10689   0.10820   0.08993   6.31244  17.70086  16.06017   0.10160  
 82  0.0044  13085.384107  x:  0.50773   0.17556   0.01861   0.20981   0.13929   0.11764   0.32293   0.11180   0.07223   0.03259   0.03097   0.01236   0.02334   0.01880   0.00492   0.00145   0.01662   0.01378   0.00493   0.00872   0.06219   0.42849   0.00172   0.05418   0.07880   0.03667   0.02847   0.00938   0.01353   0.01701   0.00232   0.00883   0.19744   0.01146   0.10689   0.10820   0.08993   6.31244  17.70086  16.06017   0.10160  
 83  0.0013  13085.384107  x:  0.50773   0.17556   0.01861   0.20981   0.13929   0.11764   0.32293   0.11180   0.07223   0.03259   0.03097   0.01236   0.02334   0.01880   0.00492   0.00145   0.01662   0.01378   0.00493   0.00872   0.06219   0.42849   0.00172   0.05418   0.07880   0.03667   0.02847   0.00938   0.01353   0.01701   0.00232   0.00883   0.19744   0.01146   0.10689   0.10820   0.08993   6.31244  17.70086  16.06017   0.10160  
 84  0.0060  13085.384107  x:  0.50773   0.17556   0.01861   0.20981   0.13929   0.11764   0.32293   0.11180   0.07223   0.03259   0.03097   0.01236   0.02334   0.01880   0.00492   0.00145   0.01662   0.01378   0.00493   0.00872   0.06219   0.42849   0.00172   0.05418   0.07880   0.03667   0.02847   0.00938   0.01353   0.01701   0.00232   0.00883   0.19744   0.01146   0.10689   0.10820   0.08993   6.31244  17.70086  16.06017   0.10160  
 85  0.3755  13085.384107  x:  0.50773   0.17556   0.01861   0.20981   0.13929   0.11764   0.32293   0.11180   0.07223   0.03259   0.03097   0.01236   0.02334   0.01880   0.00492   0.00145   0.01662   0.01378   0.00493   0.00872   0.06219   0.42849   0.00172   0.05418   0.07880   0.03667   0.02847   0.00938   0.01353   0.01701   0.00232   0.00883   0.19744   0.01146   0.10689   0.10820   0.08993   6.31244  17.70086  16.06017   0.10160  
check convergence!
