

TREE # 1

  0  0.0000  10795.445728  x:  0.26385   0.11577   0.08596   0.00000   0.06063   0.05075   0.04950   0.04981   0.05520   0.02619   0.00368   0.00258   0.00477   0.02271   0.00778   0.00197   0.00852   0.00766   0.00524   0.00418   0.00162   0.00718   0.00615   0.00626   0.01824   0.14125   0.01212   0.02718   0.01864   0.01586   0.00123   0.00887   0.00574   0.00380   0.00237   0.05365   0.19416   0.06079   0.10998   0.00040   0.10813   0.08203   3.00000   1.16374   0.04304   0.25098   2.82902  
  1 99.0000  10785.079586  x:  0.26410   0.11625   0.08622   0.00444   0.06082   0.05082   0.04975   0.05016   0.05553   0.02611   0.00374   0.00248   0.00569   0.02287   0.00844   0.00034   0.00894   0.00760   0.00572   0.00391   0.00000   0.00684   0.00670   0.00675   0.01862   0.14143   0.01209   0.02712   0.01885   0.01595   0.00157   0.00874   0.00651   0.00437   0.00151   0.05452   0.19429   0.06122   0.11022   0.00801   0.10823   0.08257   3.00013   1.16393   0.04294   0.24922   2.82898  
  2 3039.2367  10783.836599  x:  0.26421   0.11646   0.08632   0.00527   0.06089   0.05083   0.04984   0.05032   0.05568   0.02607   0.00376   0.00247   0.00600   0.02294   0.00869   0.00146   0.00911   0.00758   0.00588   0.00383   0.00114   0.00672   0.00689   0.00693   0.01878   0.14152   0.01207   0.02709   0.01894   0.01598   0.00156   0.00870   0.00677   0.00454   0.00133   0.05491   0.19435   0.06139   0.11031   0.00981   0.10826   0.08279   3.00019   1.16402   0.04290   0.24843   2.82897  
  3 3310.3295  10778.308689  x:  0.26530   0.11842   0.08721   0.00241   0.06141   0.05086   0.05040   0.05176   0.05703   0.02570   0.00384   0.00256   0.00742   0.02352   0.01028   0.00135   0.01019   0.00748   0.00661   0.00359   0.00115   0.00596   0.00791   0.00789   0.02013   0.14233   0.01194   0.02690   0.01969   0.01628   0.00000   0.00852   0.00802   0.00515   0.00231   0.05841   0.19492   0.06266   0.11092   0.01150   0.10832   0.08449   3.00073   1.16483   0.04250   0.24104   2.82883  
  4 938.2517  10774.379547  x:  0.26622   0.12006   0.08797   0.00000   0.06186   0.05088   0.05087   0.05296   0.05817   0.02539   0.00390   0.00263   0.00856   0.02399   0.01157   0.00126   0.01106   0.00740   0.00718   0.00341   0.00116   0.00536   0.00871   0.00866   0.02125   0.14301   0.01182   0.02675   0.02033   0.01654   0.00054   0.00838   0.00900   0.00562   0.00297   0.06135   0.19540   0.06373   0.11144   0.01273   0.10838   0.08593   3.00119   1.16551   0.04217   0.23480   2.82871  
  5 17538.0045  10741.165443  x:  0.27828   0.14101   0.09782   0.00715   0.06789   0.05181   0.05758   0.06769   0.07213   0.02152   0.00377   0.00244   0.01442   0.02893   0.02120   0.00037   0.01731   0.00719   0.00904   0.00493   0.00144   0.00415   0.01280   0.01259   0.03322   0.15200   0.01023   0.02513   0.02697   0.01922   0.00146   0.00797   0.01379   0.00560   0.00051   0.09753   0.20169   0.07651   0.11768   0.00371   0.10885   0.10353   3.00728   1.17449   0.03783   0.15259   2.82716  
  6 3279.6856  10735.444431  x:  0.28231   0.14745   0.10073   0.00913   0.06957   0.05216   0.05930   0.07151   0.07583   0.02103   0.00385   0.00256   0.01329   0.02945   0.02116   0.00036   0.01673   0.00756   0.00774   0.00443   0.00174   0.00709   0.01154   0.01139   0.03520   0.15497   0.00984   0.02508   0.02777   0.01938   0.00203   0.00857   0.01243   0.00473   0.00791   0.10784   0.20383   0.08014   0.11973   0.00342   0.10916   0.10876   3.00938   1.17748   0.03647   0.12532   2.82662  
  7 4829.5375  10724.323371  x:  0.28696   0.15391   0.10333   0.00550   0.07081   0.05250   0.06012   0.07403   0.07840   0.02198   0.00398   0.00260   0.00826   0.02829   0.01668   0.00034   0.01259   0.00806   0.00495   0.00305   0.00190   0.00812   0.00722   0.00728   0.03434   0.15831   0.00975   0.02579   0.02643   0.01840   0.00133   0.00856   0.00751   0.00283   0.00410   0.11686   0.20637   0.08317   0.12197   0.00671   0.10977   0.11355   3.01192   1.18084   0.03514   0.09571   2.82596  
  8 2536.8214  10722.918959  x:  0.28810   0.15508   0.10364   0.00520   0.07081   0.05253   0.05997   0.07390   0.07835   0.02251   0.00380   0.00246   0.00720   0.02758   0.01467   0.00037   0.01137   0.00787   0.00621   0.00449   0.00188   0.00801   0.00723   0.00729   0.03307   0.15903   0.00978   0.02602   0.02549   0.01798   0.00126   0.00865   0.00727   0.00585   0.00377   0.11801   0.20696   0.08338   0.12234   0.00687   0.10989   0.11415   3.01261   1.18160   0.03494   0.09040   2.82578  
  9 1027.6650  10721.863409  x:  0.28971   0.15624   0.10366   0.00537   0.07041   0.05246   0.05931   0.07280   0.07745   0.02337   0.00384   0.00275   0.00764   0.02638   0.01194   0.00047   0.01073   0.00742   0.00740   0.00364   0.00176   0.00730   0.00894   0.00891   0.03025   0.15987   0.00990   0.02624   0.02378   0.01744   0.00131   0.00910   0.00897   0.00499   0.00384   0.11837   0.20773   0.08300   0.12261   0.00659   0.11000   0.11426   3.01371   1.18260   0.03488   0.08638   2.82549  
 10 462.1124  10721.538574  x:  0.29086   0.15695   0.10357   0.00538   0.07005   0.05235   0.05881   0.07190   0.07672   0.02355   0.00379   0.00193   0.00850   0.02601   0.01195   0.00054   0.01148   0.00755   0.00676   0.00446   0.00168   0.00706   0.00900   0.00897   0.02855   0.16037   0.01002   0.02621   0.02310   0.01740   0.00132   0.00887   0.00922   0.00470   0.00392   0.11844   0.20824   0.08259   0.12269   0.00657   0.11001   0.11417   3.01456   1.18329   0.03491   0.08521   2.82527  
 11 273.4999  10721.271028  x:  0.29227   0.15779   0.10346   0.00546   0.06962   0.05220   0.05824   0.07084   0.07587   0.02358   0.00380   0.00285   0.00929   0.02574   0.01245   0.00062   0.01236   0.00769   0.00620   0.00477   0.00160   0.00695   0.00885   0.00882   0.02675   0.16095   0.01017   0.02613   0.02255   0.01745   0.00134   0.00857   0.00924   0.00485   0.00392   0.11852   0.20884   0.08209   0.12278   0.00650   0.11001   0.11405   3.01561   1.18413   0.03496   0.08423   2.82499  
 12 541.2762  10720.972982  x:  0.29432   0.15900   0.10334   0.00559   0.06905   0.05200   0.05754   0.06948   0.07481   0.02326   0.00382   0.00250   0.00952   0.02574   0.01359   0.00068   0.01301   0.00765   0.00664   0.00358   0.00151   0.00713   0.00856   0.00855   0.02499   0.16172   0.01036   0.02595   0.02240   0.01765   0.00135   0.00845   0.00897   0.00539   0.00384   0.11872   0.20968   0.08139   0.12286   0.00630   0.10997   0.11387   3.01719   1.18537   0.03507   0.08354   2.82457  
 13 352.1384  10720.626907  x:  0.29796   0.16112   0.10320   0.00553   0.06827   0.05168   0.05668   0.06752   0.07346   0.02236   0.00382   0.00261   0.00859   0.02622   0.01497   0.00076   0.01258   0.00731   0.00770   0.00433   0.00145   0.00738   0.00870   0.00869   0.02384   0.16294   0.01060   0.02566   0.02312   0.01794   0.00133   0.00901   0.00878   0.00459   0.00381   0.11925   0.21109   0.08029   0.12296   0.00647   0.10983   0.11364   3.02014   1.18765   0.03529   0.08338   2.82381  
 14 277.3972  10720.100565  x:  0.30462   0.16485   0.10313   0.00562   0.06726   0.05130   0.05575   0.06470   0.07183   0.02158   0.00371   0.00251   0.00779   0.02698   0.01500   0.00082   0.01115   0.00773   0.00603   0.00408   0.00140   0.00680   0.00932   0.00927   0.02434   0.16491   0.01068   0.02540   0.02460   0.01801   0.00132   0.00898   0.00938   0.00514   0.00390   0.12034   0.21356   0.07850   0.12308   0.00651   0.10954   0.11330   3.02580   1.19199   0.03575   0.08411   2.82234  
 15 350.0003  10719.323021  x:  0.31591   0.17075   0.10324   0.00561   0.06630   0.05106   0.05514   0.06115   0.07030   0.02241   0.00434   0.00257   0.00945   0.02738   0.01261   0.00083   0.01126   0.00769   0.00691   0.00414   0.00139   0.00738   0.00846   0.00844   0.02730   0.16784   0.01026   0.02551   0.02567   0.01759   0.00132   0.00808   0.00911   0.00497   0.00388   0.12202   0.21755   0.07585   0.12321   0.00658   0.10910   0.11278   3.03599   1.19980   0.03662   0.08613   2.81971  
 16 490.3617  10719.086872  x:  0.31927   0.17220   0.10337   0.00559   0.06637   0.05118   0.05535   0.06070   0.07029   0.02295   0.00316   0.00262   0.00925   0.02712   0.01233   0.00081   0.01193   0.00751   0.00693   0.00407   0.00142   0.00728   0.00845   0.00844   0.02807   0.16850   0.01009   0.02569   0.02515   0.01753   0.00132   0.00867   0.00879   0.00497   0.00388   0.12227   0.21862   0.07526   0.12322   0.00664   0.10903   0.11262   3.03942   1.20241   0.03693   0.08683   2.81883  
 17 437.3730  10718.726947  x:  0.32504   0.17426   0.10370   0.00558   0.06691   0.05162   0.05614   0.06068   0.07077   0.02393   0.00412   0.00257   0.00814   0.02629   0.01258   0.00074   0.01311   0.00733   0.00664   0.00404   0.00149   0.00699   0.00872   0.00873   0.02900   0.16935   0.00986   0.02609   0.02340   0.01756   0.00132   0.00981   0.00834   0.00513   0.00389   0.12232   0.22029   0.07453   0.12321   0.00671   0.10902   0.11236   3.04585   1.20729   0.03753   0.08809   2.81720  
 18 603.2764  10718.222555  x:  0.33281   0.17594   0.10429   0.00547   0.06832   0.05248   0.05776   0.06215   0.07227   0.02437   0.00384   0.00257   0.00744   0.02520   0.01380   0.00060   0.01218   0.00820   0.00691   0.00415   0.00163   0.00774   0.00875   0.00872   0.02884   0.16985   0.01011   0.02654   0.02095   0.01777   0.00135   0.00826   0.00929   0.00489   0.00383   0.12138   0.22216   0.07417   0.12315   0.00674   0.10925   0.11197   3.05598   1.21494   0.03856   0.08966   2.81466  
 19 414.6111  10717.551527  x:  0.34264   0.17655   0.10504   0.00545   0.07038   0.05346   0.05975   0.06526   0.07462   0.02348   0.00386   0.00258   0.00916   0.02493   0.01412   0.00046   0.01027   0.00662   0.00671   0.00416   0.00177   0.00682   0.00837   0.00838   0.02692   0.16967   0.01054   0.02669   0.02074   0.01785   0.00136   0.00877   0.00875   0.00499   0.00402   0.11881   0.22397   0.07448   0.12306   0.00669   0.10987   0.11147   3.07101   1.22622   0.04019   0.09117   2.81093  
 20 505.7165  10716.715697  x:  0.35476   0.17583   0.10570   0.00516   0.07251   0.05413   0.06142   0.06945   0.07730   0.02199   0.00393   0.00260   0.00950   0.02569   0.01257   0.00042   0.01132   0.00882   0.00698   0.00412   0.00181   0.00729   0.00872   0.00873   0.02398   0.16874   0.01061   0.02644   0.02319   0.01758   0.00129   0.00963   0.00824   0.00509   0.00375   0.11441   0.22562   0.07544   0.12296   0.00686   0.11083   0.11087   3.09199   1.24189   0.04258   0.09233   2.80574  
 21 839.4998  10716.108990  x:  0.36209   0.17404   0.10567   0.00510   0.07290   0.05377   0.06123   0.07160   0.07826   0.02235   0.00391   0.00258   0.00808   0.02662   0.01191   0.00050   0.01295   0.00692   0.00661   0.00413   0.00173   0.00766   0.00866   0.00862   0.02325   0.16760   0.01051   0.02604   0.02494   0.01749   0.00126   0.00830   0.00935   0.00512   0.00374   0.11085   0.22601   0.07648   0.12295   0.00694   0.11147   0.11063   3.10750   1.25340   0.04450   0.09226   2.80195  
 22 699.4105  10714.647830  x:  0.37708   0.16674   0.10433   0.00560   0.07099   0.05117   0.05763   0.07418   0.07804   0.02621   0.00388   0.00259   0.00810   0.02818   0.01389   0.00082   0.01245   0.00798   0.00732   0.00412   0.00142   0.00547   0.00837   0.00836   0.02606   0.16387   0.01055   0.02520   0.02590   0.01784   0.00132   0.00826   0.00948   0.00480   0.00423   0.10178   0.22491   0.07965   0.12305   0.00661   0.11266   0.11066   3.14809   1.28329   0.04988   0.09009   2.79211  
 23 718.6643  10713.900175  x:  0.38434   0.16241   0.10339   0.00538   0.06959   0.04992   0.05565   0.07490   0.07743   0.02634   0.00388   0.00256   0.00922   0.02825   0.01479   0.00092   0.01190   0.00754   0.00665   0.00411   0.00128   0.00805   0.00925   0.00923   0.02813   0.16179   0.01030   0.02509   0.02534   0.01802   0.00126   0.00915   0.00919   0.00515   0.00347   0.09771   0.22372   0.08149   0.12312   0.00660   0.11301   0.11099   3.17116   1.30022   0.05307   0.08898   2.78654  
 24 1518.1696  10712.575614  x:  0.39251   0.15549   0.10172   0.00550   0.06728   0.04954   0.05406   0.07423   0.07544   0.01984   0.00382   0.00257   0.00930   0.02629   0.01423   0.00087   0.01282   0.00737   0.00694   0.00404   0.00133   0.00702   0.00919   0.00911   0.03134   0.15886   0.00921   0.02591   0.02279   0.01788   0.00130   0.00842   0.00884   0.00502   0.00368   0.09526   0.22018   0.08441   0.12316   0.00654   0.11246   0.11244   3.20924   1.32796   0.05871   0.08822   2.77745  
 25 848.5874  10710.057623  x:  0.39946   0.14359   0.09898   0.00526   0.06557   0.05334   0.05765   0.06950   0.07077   0.02038   0.00395   0.00256   0.00907   0.02355   0.01405   0.00014   0.01273   0.00769   0.00678   0.00403   0.00204   0.00745   0.00699   0.00727   0.03036   0.15504   0.01243   0.02570   0.02401   0.01681   0.00124   0.01097   0.01236   0.00528   0.00333   0.10262   0.20892   0.08874   0.12239   0.00649   0.10821   0.11652   3.29170   1.38768   0.07187   0.09060   2.75800  
 26 679.0425  10708.984472  x:  0.40053   0.14110   0.09848   0.00525   0.06541   0.05402   0.05846   0.06842   0.06987   0.02101   0.00391   0.00255   0.00900   0.02352   0.01398   0.00000   0.01257   0.00759   0.00677   0.00403   0.00217   0.00736   0.00756   0.00766   0.02974   0.15432   0.01218   0.02559   0.02421   0.01683   0.00124   0.01028   0.01136   0.00520   0.00340   0.10469   0.20623   0.08950   0.12215   0.00650   0.10721   0.11733   3.31139   1.40191   0.07508   0.09130   2.75336  
 27 3133.8397  10708.436473  x:  0.40031   0.14068   0.09851   0.00523   0.06556   0.05375   0.05838   0.06829   0.06997   0.02104   0.00391   0.00255   0.00898   0.02402   0.01387   0.00000   0.01245   0.00762   0.00676   0.00403   0.00087   0.00737   0.00725   0.00777   0.02947   0.15427   0.01165   0.02555   0.02388   0.01700   0.00124   0.01039   0.01149   0.00521   0.00338   0.10547   0.20542   0.08940   0.12200   0.00653   0.10702   0.11729   3.31854   1.40706   0.07632   0.09162   2.75169  
 28 1194.6716  10707.952363  x:  0.39997   0.14013   0.09856   0.00521   0.06576   0.05329   0.05818   0.06811   0.07011   0.02109   0.00391   0.00254   0.00896   0.02473   0.01370   0.00098   0.01231   0.00765   0.00675   0.00403   0.00000   0.00739   0.00687   0.00788   0.02909   0.15423   0.01093   0.02550   0.02343   0.01723   0.00124   0.01052   0.01167   0.00522   0.00336   0.10648   0.20434   0.08922   0.12179   0.00656   0.10679   0.11720   3.32838   1.41414   0.07803   0.09204   2.74939  
 29 3869.1645  10707.952363  x:  0.39997   0.14013   0.09856   0.00521   0.06576   0.05329   0.05818   0.06811   0.07011   0.02109   0.00391   0.00254   0.00896   0.02473   0.01370   0.00098   0.01231   0.00765   0.00675   0.00403   0.00000   0.00739   0.00687   0.00788   0.02909   0.15423   0.01093   0.02550   0.02343   0.01723   0.00124   0.01052   0.01167   0.00522   0.00336   0.10648   0.20434   0.08922   0.12179   0.00656   0.10679   0.11720   3.32838   1.41414   0.07803   0.09204   2.74939  
 30 1577.9375  10705.670640  x:  0.39957   0.14012   0.09842   0.00381   0.06567   0.05309   0.05777   0.06756   0.06975   0.02172   0.00374   0.00241   0.00807   0.02451   0.01265   0.00187   0.01144   0.00753   0.00638   0.00368   0.00101   0.00666   0.00726   0.00767   0.02812   0.15433   0.01073   0.02566   0.02286   0.01703   0.00132   0.00962   0.01004   0.00471   0.00090   0.10577   0.20440   0.08862   0.12168   0.00755   0.10687   0.11664   3.32852   1.41416   0.07818   0.09306   2.74936  
 31 845.8711  10703.674722  x:  0.39891   0.14009   0.09821   0.00191   0.06553   0.05279   0.05714   0.06668   0.06916   0.02267   0.00360   0.00236   0.00685   0.02419   0.01110   0.00073   0.01020   0.00739   0.00596   0.00340   0.00000   0.00577   0.00770   0.00738   0.02659   0.15449   0.01045   0.02590   0.02199   0.01672   0.00090   0.00845   0.00771   0.00434   0.00046   0.10461   0.20449   0.08764   0.12150   0.00891   0.10700   0.11574   3.32875   1.41419   0.07842   0.09466   2.74931  
 32 1379.5969  10702.912325  x:  0.39850   0.14007   0.09808   0.00098   0.06544   0.05261   0.05676   0.06615   0.06881   0.02323   0.00355   0.00235   0.00619   0.02400   0.01023   0.00078   0.00952   0.00731   0.00575   0.00329   0.00015   0.00534   0.00792   0.00724   0.02568   0.15459   0.01030   0.02604   0.02148   0.01655   0.00081   0.00784   0.00645   0.00420   0.00122   0.10391   0.20454   0.08704   0.12139   0.00967   0.10708   0.11519   3.32889   1.41421   0.07856   0.09560   2.74928  
 33 3026.7091  10701.894785  x:  0.39738   0.14002   0.09777   0.00234   0.06526   0.05221   0.05592   0.06476   0.06791   0.02438   0.00382   0.00264   0.00575   0.02366   0.00894   0.00053   0.00879   0.00730   0.00591   0.00392   0.00014   0.00568   0.00784   0.00721   0.02354   0.15483   0.01017   0.02632   0.02043   0.01625   0.00228   0.00750   0.00559   0.00487   0.00139   0.10200   0.20467   0.08541   0.12104   0.01086   0.10724   0.11368   3.32928   1.41431   0.07893   0.09779   2.74921  
 34 704.6193  10700.408801  x:  0.39559   0.13994   0.09729   0.00347   0.06497   0.05161   0.05466   0.06265   0.06657   0.02584   0.00399   0.00260   0.00598   0.02331   0.00808   0.00052   0.00860   0.00737   0.00630   0.00424   0.00044   0.00642   0.00747   0.00734   0.02062   0.15520   0.01024   0.02667   0.01910   0.01589   0.00063   0.00769   0.00628   0.00531   0.00130   0.09901   0.20487   0.08285   0.12048   0.01207   0.10746   0.11132   3.32991   1.41448   0.07950   0.10093   2.74908  
 35 1039.4099  10699.113082  x:  0.39306   0.13985   0.09667   0.00245   0.06457   0.05086   0.05306   0.05997   0.06492   0.02715   0.00360   0.00204   0.00683   0.02315   0.00874   0.00025   0.00941   0.00747   0.00643   0.00333   0.00046   0.00659   0.00712   0.00752   0.01770   0.15567   0.01071   0.02700   0.01813   0.01574   0.00151   0.00856   0.00810   0.00481   0.00142   0.09496   0.20515   0.07942   0.11969   0.01285   0.10773   0.10815   3.33078   1.41477   0.08026   0.10460   2.74890  
 36 1074.1938  10698.425689  x:  0.39081   0.13983   0.09625   0.00211   0.06431   0.05043   0.05212   0.05814   0.06389   0.02716   0.00386   0.00380   0.00698   0.02336   0.01020   0.00032   0.01021   0.00745   0.00608   0.00402   0.00046   0.00597   0.00733   0.00749   0.01734   0.15601   0.01138   0.02702   0.01853   0.01598   0.00148   0.00890   0.00781   0.00465   0.00136   0.09168   0.20539   0.07669   0.11903   0.01242   0.10790   0.10561   3.33158   1.41511   0.08086   0.10665   2.74873  
 37 611.5058  10697.376402  x:  0.38696   0.13987   0.09571   0.00292   0.06399   0.04997   0.05108   0.05566   0.06260   0.02625   0.00382   0.00226   0.00658   0.02385   0.01171   0.00048   0.01075   0.00736   0.00576   0.00408   0.00034   0.00544   0.00776   0.00735   0.01860   0.15650   0.01225   0.02684   0.01993   0.01650   0.00119   0.00875   0.00637   0.00491   0.00135   0.08650   0.20581   0.07250   0.11799   0.01110   0.10813   0.10168   3.33293   1.41576   0.08183   0.10893   2.74845  
 38 746.1532  10696.727972  x:  0.38341   0.14004   0.09540   0.00268   0.06381   0.04984   0.05075   0.05428   0.06201   0.02497   0.00365   0.00286   0.00617   0.02405   0.01074   0.00061   0.00981   0.00735   0.00635   0.00313   0.00021   0.00659   0.00752   0.00735   0.02065   0.15684   0.01202   0.02650   0.02093   0.01667   0.00128   0.00810   0.00679   0.00490   0.00134   0.08242   0.20619   0.06945   0.11724   0.01023   0.10831   0.09874   3.33421   1.41648   0.08264   0.10957   2.74818  
 39 506.6832  10696.442889  x:  0.38116   0.14021   0.09529   0.00223   0.06375   0.04988   0.05084   0.05388   0.06191   0.02434   0.00377   0.00257   0.00646   0.02402   0.00982   0.00064   0.00939   0.00738   0.00628   0.00423   0.00018   0.00639   0.00732   0.00740   0.02166   0.15697   0.01145   0.02628   0.02109   0.01656   0.00141   0.00814   0.00740   0.00465   0.00133   0.08032   0.20644   0.06807   0.11689   0.01020   0.10841   0.09732   3.33504   1.41699   0.08312   0.10929   2.74800  
 40 455.2253  10696.129726  x:  0.37774   0.14060   0.09527   0.00264   0.06375   0.05011   0.05136   0.05395   0.06208   0.02396   0.00382   0.00277   0.00708   0.02379   0.00917   0.00058   0.00962   0.00740   0.00576   0.00364   0.00022   0.00533   0.00732   0.00742   0.02235   0.15708   0.01038   0.02603   0.02057   0.01619   0.00136   0.00868   0.00744   0.00468   0.00136   0.07792   0.20680   0.06684   0.11656   0.01092   0.10852   0.09589   3.33634   1.41787   0.08379   0.10797   2.74771  
 41 312.1797  10695.684310  x:  0.37121   0.14143   0.09532   0.00225   0.06377   0.05053   0.05242   0.05465   0.06261   0.02402   0.00359   0.00269   0.00702   0.02335   0.01002   0.00045   0.01038   0.00733   0.00612   0.00385   0.00037   0.00639   0.00752   0.00733   0.02241   0.15717   0.00945   0.02581   0.01929   0.01568   0.00134   0.00895   0.00671   0.00494   0.00131   0.07438   0.20746   0.06551   0.11612   0.01235   0.10866   0.09399   3.33886   1.41964   0.08505   0.10494   2.74714  
 42 375.0612  10695.316899  x:  0.36463   0.14231   0.09538   0.00253   0.06377   0.05079   0.05316   0.05549   0.06311   0.02456   0.00426   0.00260   0.00610   0.02313   0.01066   0.00037   0.00985   0.00732   0.00622   0.00377   0.00039   0.00598   0.00733   0.00735   0.02153   0.15717   0.01061   0.02594   0.01884   0.01585   0.00137   0.00807   0.00733   0.00442   0.00137   0.07193   0.20808   0.06500   0.11579   0.01279   0.10870   0.09284   3.34150   1.42151   0.08637   0.10231   2.74654  
 43 376.5100  10695.049502  x:  0.35927   0.14304   0.09537   0.00244   0.06372   0.05080   0.05339   0.05607   0.06339   0.02502   0.00322   0.00270   0.00634   0.02315   0.01039   0.00043   0.00937   0.00734   0.00597   0.00388   0.00037   0.00577   0.00723   0.00738   0.02052   0.15711   0.01166   0.02616   0.01920   0.01620   0.00134   0.00798   0.00734   0.00500   0.00134   0.07074   0.20854   0.06506   0.11559   0.01234   0.10866   0.09237   3.34373   1.42307   0.08751   0.10085   2.74602  
 44 430.8367  10694.743176  x:  0.35208   0.14402   0.09529   0.00211   0.06361   0.05061   0.05326   0.05665   0.06356   0.02542   0.00407   0.00263   0.00704   0.02335   0.00951   0.00056   0.00936   0.00733   0.00589   0.00369   0.00029   0.00616   0.00737   0.00734   0.01922   0.15694   0.01226   0.02642   0.02004   0.01653   0.00134   0.00862   0.00673   0.00505   0.00128   0.06997   0.20910   0.06554   0.11538   0.01126   0.10854   0.09221   3.34684   1.42523   0.08913   0.09980   2.74528  
 45 523.5671  10694.347484  x:  0.34247   0.14525   0.09508   0.00255   0.06343   0.05016   0.05259   0.05702   0.06348   0.02543   0.00349   0.00271   0.00650   0.02369   0.00900   0.00061   0.01002   0.00725   0.00632   0.00381   0.00020   0.00611   0.00762   0.00721   0.01835   0.15661   0.01139   0.02652   0.02074   0.01637   0.00133   0.00874   0.00660   0.00384   0.00133   0.07008   0.20975   0.06660   0.11523   0.01025   0.10833   0.09261   3.35120   1.42821   0.09147   0.09991   2.74422  
 46 480.6294  10693.755519  x:  0.32691   0.14716   0.09469   0.00229   0.06313   0.04936   0.05126   0.05725   0.06317   0.02512   0.00381   0.00263   0.00560   0.02411   0.00933   0.00069   0.01046   0.00724   0.00629   0.00380   0.00017   0.00568   0.00754   0.00720   0.01810   0.15602   0.00974   0.02644   0.02114   0.01584   0.00135   0.00811   0.00723   0.00513   0.00128   0.07104   0.21070   0.06847   0.11510   0.00953   0.10798   0.09363   3.35849   1.43316   0.09541   0.10111   2.74243  
 47 1022.2845  10693.128963  x:  0.31029   0.14897   0.09425   0.00257   0.06288   0.04873   0.05000   0.05704   0.06280   0.02472   0.00379   0.00264   0.00691   0.02408   0.01034   0.00061   0.00930   0.00736   0.00555   0.00376   0.00020   0.00616   0.00711   0.00742   0.01963   0.15537   0.00994   0.02612   0.02037   0.01555   0.00135   0.00773   0.00697   0.00457   0.00134   0.07284   0.21156   0.07033   0.11510   0.01046   0.10762   0.09504   3.36669   1.43872   0.09988   0.10325   2.74038  
 48 900.6052  10692.929981  x:  0.30500   0.14934   0.09416   0.00247   0.06290   0.04883   0.05001   0.05671   0.06270   0.02453   0.00378   0.00265   0.00666   0.02374   0.01003   0.00054   0.00945   0.00731   0.00644   0.00377   0.00028   0.00583   0.00743   0.00731   0.02055   0.15519   0.01092   0.02601   0.01981   0.01589   0.00134   0.00854   0.00698   0.00475   0.00132   0.07377   0.21170   0.07061   0.11515   0.01110   0.10752   0.09553   3.36970   1.44078   0.10152   0.10410   2.73960  
 49 460.8862  10692.844151  x:  0.30310   0.14921   0.09421   0.00244   0.06304   0.04926   0.05058   0.05634   0.06268   0.02453   0.00375   0.00266   0.00629   0.02342   0.00966   0.00049   0.01004   0.00730   0.00578   0.00379   0.00032   0.00612   0.00745   0.00729   0.02078   0.15516   0.01127   0.02605   0.01966   0.01625   0.00134   0.00856   0.00711   0.00475   0.00133   0.07449   0.21157   0.07025   0.11522   0.01122   0.10750   0.09570   3.37142   1.44198   0.10246   0.10443   2.73911  
 50 170.8086  10692.649523  x:  0.29944   0.14823   0.09453   0.00232   0.06360   0.05088   0.05290   0.05508   0.06271   0.02481   0.00379   0.00266   0.00681   0.02286   0.00969   0.00047   0.01031   0.00737   0.00627   0.00379   0.00035   0.00591   0.00714   0.00742   0.02054   0.15521   0.01094   0.02629   0.01982   0.01674   0.00136   0.00785   0.00694   0.00475   0.00132   0.07675   0.21088   0.06839   0.11545   0.01088   0.10750   0.09595   3.37652   1.44557   0.10525   0.10498   2.73761  
 51 186.1399  10692.522597  x:  0.29748   0.14738   0.09484   0.00231   0.06391   0.05167   0.05413   0.05440   0.06278   0.02490   0.00377   0.00265   0.00648   0.02301   0.01007   0.00050   0.00944   0.00728   0.00605   0.00378   0.00031   0.00599   0.00756   0.00727   0.02021   0.15530   0.01062   0.02636   0.02005   0.01638   0.00134   0.00854   0.00707   0.00472   0.00132   0.07823   0.21031   0.06703   0.11563   0.01070   0.10754   0.09603   3.38033   1.44827   0.10733   0.10511   2.73646  
 52 288.7615  10692.304183  x:  0.29575   0.14547   0.09556   0.00225   0.06396   0.05124   0.05398   0.05418   0.06313   0.02460   0.00376   0.00265   0.00632   0.02457   0.00978   0.00065   0.00978   0.00741   0.00608   0.00378   0.00019   0.00596   0.00686   0.00748   0.01990   0.15562   0.01129   0.02602   0.02021   0.01479   0.00136   0.00857   0.00688   0.00473   0.00130   0.08021   0.20913   0.06492   0.11601   0.01109   0.10771   0.09583   3.38847   1.45410   0.11178   0.10450   2.73392  
 53 164.1101  10691.983653  x:  0.29401   0.14253   0.09659   0.00239   0.06371   0.04984   0.05259   0.05444   0.06358   0.02440   0.00378   0.00265   0.00689   0.02559   0.00952   0.00067   0.01001   0.00713   0.00610   0.00379   0.00012   0.00604   0.00836   0.00704   0.01961   0.15611   0.01132   0.02562   0.02000   0.01523   0.00137   0.00774   0.00723   0.00479   0.00134   0.08252   0.20734   0.06240   0.11651   0.01159   0.10796   0.09534   3.40187   1.46370   0.11912   0.10338   2.72971  
 54 475.8769  10691.439404  x:  0.29203   0.13800   0.09793   0.00243   0.06312   0.04760   0.04995   0.05525   0.06403   0.02446   0.00375   0.00263   0.00636   0.02491   0.00977   0.00059   0.00958   0.00740   0.00607   0.00376   0.00024   0.00594   0.00715   0.00748   0.01945   0.15684   0.01039   0.02549   0.01953   0.01760   0.00131   0.00842   0.00691   0.00468   0.00131   0.08528   0.20463   0.05952   0.11714   0.01159   0.10828   0.09441   3.42474   1.48010   0.13169   0.10177   2.72249  
 55 892.9400  10690.544864  x:  0.29098   0.13279   0.09847   0.00247   0.06223   0.04685   0.04783   0.05646   0.06370   0.02523   0.00373   0.00263   0.00647   0.02035   0.00988   0.00029   0.00968   0.00672   0.00600   0.00375   0.00054   0.00589   0.00702   0.00647   0.02015   0.15752   0.01072   0.02660   0.01984   0.01523   0.00135   0.00829   0.00692   0.00467   0.00130   0.08620   0.20153   0.05945   0.11734   0.01029   0.10833   0.09294   3.46185   1.50669   0.15223   0.10116   2.71069  
 56 664.9563  10689.440984  x:  0.29074   0.12729   0.09798   0.00244   0.06136   0.04789   0.04738   0.05755   0.06260   0.02536   0.00371   0.00262   0.00629   0.01916   0.00977   0.00024   0.00972   0.00887   0.00600   0.00375   0.00056   0.00590   0.00876   0.00986   0.02047   0.15799   0.01085   0.02731   0.02000   0.01421   0.00136   0.00812   0.00691   0.00465   0.00130   0.08522   0.19810   0.06215   0.11709   0.00996   0.10810   0.09127   3.51617   1.54565   0.18239   0.10164   2.69335  
 57 1596.5776  10684.010742  x:  0.29170   0.10714   0.09398   0.00234   0.05873   0.05457   0.04966   0.06096   0.05753   0.02440   0.00371   0.00259   0.00643   0.02449   0.00959   0.00066   0.00961   0.00659   0.00601   0.00371   0.00016   0.00590   0.00737   0.00781   0.02048   0.15920   0.01036   0.02800   0.01974   0.01620   0.00132   0.00823   0.00695   0.00464   0.00130   0.07780   0.18485   0.07716   0.11521   0.01146   0.10672   0.08536   3.76160   1.72169   0.31890   0.10586   2.61491  
 58 4680.2044  10682.169212  x:  0.29372   0.10872   0.09258   0.00232   0.06023   0.05273   0.05114   0.05978   0.05876   0.02405   0.00370   0.00258   0.00643   0.02415   0.00960   0.00063   0.00950   0.01076   0.00598   0.00370   0.00022   0.00587   0.00722   0.00483   0.01986   0.15865   0.01052   0.02499   0.01926   0.01621   0.00133   0.00815   0.00687   0.00463   0.00129   0.07576   0.18355   0.07821   0.11421   0.01081   0.10640   0.08666   3.84547   1.78198   0.36589   0.10688   2.58796  
 59 2169.9295  10676.488743  x:  0.30097   0.11979   0.08872   0.00222   0.06582   0.04496   0.05538   0.05484   0.06416   0.02347   0.00366   0.00256   0.00631   0.02205   0.00959   0.00043   0.00923   0.00713   0.00588   0.00365   0.00043   0.00580   0.00733   0.00728   0.01829   0.15630   0.01098   0.01704   0.01849   0.01586   0.00134   0.00805   0.00660   0.00461   0.00125   0.07037   0.18241   0.07799   0.11117   0.00912   0.10563   0.09274   4.09688   1.96277   0.50703   0.10942   2.50707  
 60 8201.1996  10672.277286  x:  0.30799   0.13427   0.08701   0.00235   0.06887   0.04077   0.05587   0.05108   0.06795   0.02353   0.00369   0.00255   0.00631   0.02323   0.00974   0.00050   0.00954   0.00700   0.00600   0.00368   0.00033   0.00590   0.00733   0.00743   0.01978   0.15378   0.01038   0.02805   0.02041   0.01610   0.00130   0.00818   0.00690   0.00464   0.00129   0.06746   0.18502   0.07440   0.10931   0.01186   0.10524   0.09831   4.31043   2.11641   0.62747   0.11039   2.43821  
 61 6212.9208  10669.331088  x:  0.31418   0.15043   0.09143   0.00237   0.06360   0.05306   0.04802   0.05451   0.06369   0.02589   0.00368   0.00256   0.00630   0.02470   0.00948   0.00086   0.00955   0.00691   0.00594   0.00367   0.00000   0.00583   0.00733   0.00735   0.02084   0.15206   0.01040   0.02710   0.01815   0.01611   0.00133   0.00820   0.00683   0.00461   0.00128   0.06995   0.19526   0.06736   0.11063   0.01005   0.10552   0.09884   4.46177   2.22500   0.71482   0.11048   2.38899  
 62 1879.3193  10668.896864  x:  0.31509   0.15229   0.09303   0.00243   0.06182   0.05300   0.04880   0.05568   0.06165   0.02417   0.00370   0.00255   0.00636   0.02360   0.00966   0.00060   0.00958   0.00695   0.00602   0.00368   0.00023   0.00592   0.00725   0.00731   0.01981   0.15225   0.01051   0.02627   0.02075   0.01636   0.00128   0.00823   0.00695   0.00465   0.00130   0.07117   0.19917   0.06696   0.11201   0.01226   0.10587   0.09732   4.48173   2.23905   0.72748   0.11081   2.38229  
 63 554.3667  10668.552678  x:  0.31585   0.15270   0.09487   0.00237   0.06054   0.05065   0.05137   0.05660   0.05995   0.02361   0.00370   0.00256   0.00643   0.02396   0.00961   0.00054   0.00950   0.00693   0.00598   0.00368   0.00031   0.00588   0.00730   0.00733   0.01992   0.15298   0.01068   0.02691   0.01906   0.01625   0.00131   0.00820   0.00684   0.00465   0.00129   0.07280   0.20517   0.06739   0.11411   0.01093   0.10638   0.09440   4.49680   2.24918   0.73885   0.11133   2.37692  
 64 290.3553  10668.406146  x:  0.31611   0.15164   0.09526   0.00238   0.06155   0.05029   0.05149   0.05623   0.06074   0.02578   0.00371   0.00256   0.00636   0.02431   0.00960   0.00077   0.00963   0.00700   0.00602   0.00369   0.00007   0.00591   0.00731   0.00733   0.02079   0.15369   0.01046   0.02652   0.01983   0.01630   0.00131   0.00829   0.00697   0.00465   0.00130   0.07335   0.20944   0.06796   0.11530   0.01122   0.10684   0.09322   4.50296   2.25282   0.74548   0.11136   2.37439  
 65 133.8771  10668.237140  x:  0.31635   0.14938   0.09505   0.00239   0.06359   0.05131   0.05034   0.05522   0.06278   0.02434   0.00371   0.00257   0.00641   0.02405   0.00967   0.00071   0.00958   0.00697   0.00601   0.00369   0.00013   0.00592   0.00731   0.00735   0.02012   0.15480   0.01055   0.02675   0.01957   0.01635   0.00130   0.00826   0.00691   0.00467   0.00130   0.07353   0.21512   0.06848   0.11631   0.01113   0.10749   0.09319   4.50941   2.25588   0.75519   0.11107   2.37125  
 66 129.9163  10667.973024  x:  0.31655   0.14553   0.09354   0.00242   0.06121   0.05111   0.05108   0.05612   0.06242   0.02477   0.00372   0.00258   0.00642   0.02425   0.00966   0.00000   0.00961   0.00702   0.00603   0.00371   0.00083   0.00593   0.00735   0.00738   0.02036   0.15622   0.01054   0.02675   0.01970   0.01632   0.00130   0.00828   0.00694   0.00468   0.00130   0.07213   0.22129   0.06668   0.11453   0.01099   0.10781   0.09898   4.51815   2.25695   0.77979   0.11014   2.36504  
 67 68.5082  10667.825918  x:  0.31662   0.14539   0.09348   0.00243   0.06149   0.05107   0.05117   0.05650   0.06213   0.02472   0.00372   0.00257   0.00642   0.02411   0.00968   0.00085   0.00964   0.00702   0.00604   0.00370   0.00000   0.00594   0.00735   0.00738   0.02035   0.15629   0.01056   0.02678   0.01964   0.01634   0.00131   0.00829   0.00695   0.00468   0.00131   0.07221   0.22176   0.06656   0.11411   0.01108   0.10764   0.09934   4.52046   2.25670   0.78841   0.10979   2.36303  
 68 144.2858  10666.966600  x:  0.31704   0.14627   0.09376   0.00241   0.06362   0.05121   0.05134   0.05790   0.06150   0.02483   0.00374   0.00259   0.00647   0.02439   0.00971   0.00000   0.00967   0.00706   0.00606   0.00373   0.00083   0.00597   0.00738   0.00743   0.02049   0.15625   0.01065   0.02691   0.01979   0.01640   0.00131   0.00834   0.00699   0.00471   0.00132   0.07335   0.22225   0.06686   0.11270   0.01117   0.10668   0.09892   4.53347   2.25457   0.84030   0.10761   2.35107  
 69 610.9795  10665.644734  x:  0.31797   0.15038   0.09535   0.00253   0.05669   0.05254   0.05231   0.05412   0.06838   0.02501   0.00379   0.00262   0.00651   0.02450   0.00995   0.00072   0.00983   0.00714   0.00615   0.00378   0.00013   0.00606   0.00744   0.00748   0.02047   0.15696   0.01065   0.02704   0.02005   0.01665   0.00132   0.00847   0.00711   0.00478   0.00135   0.07460   0.22012   0.07036   0.11804   0.01112   0.10990   0.09776   4.56662   2.24908   0.97798   0.10160   2.31931  
 70 851.7088  10665.394961  x:  0.31788   0.15138   0.09735   0.00250   0.05876   0.05271   0.05243   0.05447   0.06645   0.02514   0.00381   0.00264   0.00657   0.02465   0.00997   0.00069   0.00989   0.00718   0.00618   0.00380   0.00016   0.00608   0.00747   0.00753   0.02075   0.15898   0.01070   0.02720   0.02011   0.01670   0.00133   0.00851   0.00715   0.00480   0.00135   0.07253   0.21839   0.07069   0.12407   0.01070   0.11434   0.10042   4.57193   2.24917   1.00489   0.10078   2.31282  
 71 169.7628  10665.361030  x:  0.31777   0.15187   0.09716   0.00251   0.05881   0.05286   0.05272   0.05597   0.06755   0.02511   0.00381   0.00264   0.00659   0.02469   0.01001   0.00070   0.00991   0.00719   0.00619   0.00380   0.00015   0.00609   0.00748   0.00755   0.02074   0.16145   0.01069   0.02728   0.02018   0.01673   0.00133   0.00853   0.00717   0.00481   0.00136   0.07244   0.21800   0.07040   0.12437   0.01070   0.11412   0.10038   4.57009   2.25205   1.00913   0.10177   2.31112  
 72 16.0728  10665.252884  x:  0.31739   0.15289   0.09599   0.00252   0.05864   0.05283   0.05244   0.05437   0.06622   0.02516   0.00381   0.00264   0.00658   0.02468   0.00998   0.00070   0.00990   0.00718   0.00618   0.00380   0.00016   0.00609   0.00748   0.00753   0.02085   0.16714   0.01061   0.02721   0.02012   0.01672   0.00133   0.00852   0.00716   0.00480   0.00135   0.07318   0.21753   0.07108   0.12391   0.01076   0.11328   0.10026   4.56027   2.26577   1.02345   0.10034   2.30441  
 73 37.5559  10662.942915  x:  0.30806   0.14972   0.11298   0.00244   0.05885   0.05271   0.05251   0.05170   0.06808   0.02517   0.00381   0.00263   0.00658   0.02459   0.01002   0.00073   0.00993   0.00725   0.00620   0.00380   0.00018   0.00610   0.00750   0.00755   0.02082   0.16884   0.01047   0.02721   0.02021   0.01670   0.00135   0.00852   0.00721   0.00479   0.00135   0.07035   0.21579   0.07450   0.11307   0.01098   0.11650   0.10134   4.31630   2.59674   1.34386   0.10162   2.14856  
 74 108.3252  10660.432571  x:  0.29856   0.14606   0.09588   0.00262   0.05892   0.05216   0.05217   0.05657   0.06659   0.02511   0.00379   0.00261   0.00655   0.02436   0.00993   0.00073   0.00988   0.00732   0.00616   0.00378   0.00025   0.00606   0.00752   0.00755   0.02049   0.15837   0.01069   0.02706   0.02012   0.01648   0.00138   0.00842   0.00716   0.00475   0.00134   0.07082   0.21464   0.07021   0.12333   0.01078   0.11228   0.09828   4.05823   2.94648   1.68181   0.10057   1.98407  
 75 1380.6793  10660.430325  x:  0.29856   0.14611   0.09556   0.00263   0.05893   0.05217   0.05219   0.05668   0.06658   0.02511   0.00379   0.00261   0.00655   0.02436   0.00993   0.00073   0.00988   0.00732   0.00616   0.00378   0.00025   0.00606   0.00752   0.00755   0.02049   0.15837   0.01070   0.02706   0.02012   0.01648   0.00138   0.00842   0.00716   0.00475   0.00134   0.07100   0.21464   0.07022   0.12301   0.01078   0.11300   0.09813   4.05809   2.94681   1.68215   0.10056   1.98398  
 76  4.6099  10658.074481  x:  0.30821   0.14557   0.09544   0.00284   0.06651   0.05119   0.05329   0.05897   0.06417   0.02502   0.00375   0.00232   0.00675   0.02387   0.01003   0.00051   0.00988   0.00742   0.00618   0.00366   0.00099   0.00622   0.00751   0.00749   0.02166   0.15799   0.01118   0.02685   0.02032   0.01641   0.00142   0.00845   0.00752   0.00462   0.00133   0.08178   0.21440   0.07066   0.11894   0.01166   0.10914   0.09934   4.31429   3.30073   2.18395   0.09888   2.18741  
 77  0.7302  10657.449779  x:  0.30432   0.14445   0.09631   0.00271   0.06652   0.05082   0.05331   0.05879   0.06365   0.02457   0.00377   0.00253   0.00699   0.02373   0.01031   0.00061   0.01012   0.00754   0.00628   0.00377   0.00021   0.00633   0.00723   0.00748   0.02160   0.15846   0.01126   0.02648   0.02040   0.01643   0.00081   0.00886   0.00768   0.00503   0.00148   0.08166   0.21159   0.07138   0.11832   0.01072   0.10918   0.09931   4.36030   3.64428   2.48463   0.10083   2.35871  
 78  0.4459  10656.931469  x:  0.30137   0.14287   0.09735   0.00274   0.06522   0.05073   0.05311   0.05819   0.06381   0.02467   0.00374   0.00253   0.00677   0.02368   0.01007   0.00064   0.00988   0.00745   0.00618   0.00371   0.00081   0.00619   0.00746   0.00742   0.02155   0.15952   0.01103   0.02611   0.02028   0.01632   0.00129   0.00847   0.00750   0.00475   0.00142   0.07975   0.20891   0.07225   0.11832   0.01111   0.11006   0.09930   4.38877   4.12811   2.91403   0.10377   2.70341  
 79  0.7967  10656.656396  x:  0.30364   0.14250   0.09626   0.00262   0.06410   0.05124   0.05294   0.05774   0.06465   0.02487   0.00375   0.00238   0.00670   0.02391   0.01002   0.00071   0.00987   0.00738   0.00619   0.00369   0.00055   0.00617   0.00747   0.00747   0.02128   0.15946   0.01101   0.02631   0.02021   0.01642   0.00118   0.00849   0.00739   0.00476   0.00146   0.07767   0.21148   0.07160   0.11844   0.01117   0.10995   0.09854   4.36232   4.58516   3.42652   0.10208   3.17503  
 80  0.4845  10656.583793  x:  0.29961   0.14406   0.09664   0.00272   0.06480   0.05100   0.05308   0.05820   0.06426   0.02477   0.00376   0.00252   0.00676   0.02390   0.01008   0.00068   0.00993   0.00749   0.00619   0.00374   0.00049   0.00620   0.00742   0.00747   0.02138   0.15874   0.01103   0.02647   0.02026   0.01641   0.00119   0.00854   0.00746   0.00475   0.00148   0.07922   0.21131   0.07160   0.11833   0.01115   0.10955   0.09911   4.35080   4.84147   3.66974   0.10225   3.48995  
 81  0.2643  10656.567241  x:  0.30308   0.14388   0.09661   0.00273   0.06491   0.05099   0.05308   0.05814   0.06419   0.02479   0.00376   0.00247   0.00677   0.02384   0.01008   0.00065   0.00993   0.00744   0.00619   0.00372   0.00053   0.00620   0.00742   0.00747   0.02142   0.15886   0.01106   0.02649   0.02027   0.01639   0.00118   0.00854   0.00747   0.00476   0.00146   0.07928   0.21111   0.07150   0.11846   0.01117   0.10974   0.09911   4.34896   4.95179   3.77549   0.10279   3.73437  
 82  0.2720  10656.538769  x:  0.30059   0.14406   0.09650   0.00272   0.06486   0.05108   0.05298   0.05790   0.06423   0.02489   0.00374   0.00234   0.00674   0.02381   0.01004   0.00059   0.00990   0.00734   0.00620   0.00367   0.00064   0.00619   0.00746   0.00746   0.02135   0.15944   0.01107   0.02652   0.02031   0.01636   0.00118   0.00850   0.00747   0.00477   0.00139   0.07838   0.21182   0.07141   0.11849   0.01119   0.11023   0.09874   4.35259   5.09844   3.92783   0.10326   4.11035  
 83  0.2468  10656.467742  x:  0.30236   0.14319   0.09648   0.00273   0.06458   0.05111   0.05304   0.05820   0.06479   0.02475   0.00378   0.00270   0.00673   0.02390   0.01010   0.00062   0.00991   0.00774   0.00620   0.00378   0.00065   0.00620   0.00747   0.00753   0.02139   0.15889   0.01100   0.02645   0.02022   0.01644   0.00125   0.00854   0.00747   0.00479   0.00126   0.07855   0.21140   0.07190   0.11848   0.01114   0.10950   0.09908   4.36006   5.19518   4.03421   0.10183   5.18633  
 84  0.2473  10656.253094  x:  0.30418   0.14286   0.09660   0.00283   0.06453   0.05083   0.05311   0.05829   0.06410   0.02463   0.00376   0.00245   0.00682   0.02389   0.01015   0.00076   0.00998   0.00704   0.00619   0.00375   0.00041   0.00625   0.00732   0.00737   0.02148   0.15807   0.01100   0.02612   0.02023   0.01638   0.00118   0.00865   0.00756   0.00478   0.00116   0.07972   0.20982   0.07165   0.11808   0.01103   0.10881   0.09912   4.36336   4.80276   3.61896   0.10172   7.47873  
 85  0.5955  10656.110757  x:  0.31455   0.14395   0.09660   0.00283   0.06481   0.05107   0.05284   0.05783   0.06387   0.02483   0.00373   0.00230   0.00677   0.02388   0.01004   0.00069   0.00991   0.00795   0.00620   0.00364   0.00041   0.00622   0.00751   0.00755   0.02128   0.15972   0.01111   0.02641   0.02026   0.01641   0.00111   0.00853   0.00752   0.00476   0.00122   0.07892   0.21161   0.07095   0.11842   0.01122   0.11054   0.09842   4.36241   4.82026   3.64002   0.10394  10.53289  
 86  1.3665  10655.995287  x:  0.32419   0.14439   0.09648   0.00280   0.06492   0.05121   0.05299   0.05797   0.06438   0.02495   0.00375   0.00249   0.00673   0.02379   0.01002   0.00057   0.00988   0.00746   0.00620   0.00368   0.00055   0.00618   0.00749   0.00748   0.02127   0.15977   0.01108   0.02664   0.02032   0.01636   0.00118   0.00848   0.00748   0.00476   0.00129   0.07850   0.21255   0.07130   0.11865   0.01123   0.11056   0.09869   4.36458   5.14850   3.97818   0.10397  14.18334  
 87  2.4904  10655.786978  x:  0.33976   0.14418   0.09639   0.00273   0.06476   0.05116   0.05330   0.05839   0.06517   0.02488   0.00379   0.00274   0.00671   0.02377   0.01008   0.00052   0.00992   0.00673   0.00619   0.00381   0.00073   0.00615   0.00738   0.00736   0.02139   0.15857   0.01095   0.02671   0.02034   0.01633   0.00131   0.00850   0.00743   0.00476   0.00143   0.07859   0.21236   0.07218   0.11865   0.01110   0.10919   0.09952   4.37603   5.05050   3.88634   0.10208  23.46756  
 88  5.3148  10655.661820  x:  0.35263   0.14406   0.09643   0.00270   0.06472   0.05097   0.05317   0.05828   0.06481   0.02477   0.00378   0.00259   0.00673   0.02382   0.01010   0.00054   0.00994   0.00716   0.00619   0.00378   0.00074   0.00617   0.00739   0.00742   0.02144   0.15822   0.01096   0.02665   0.02031   0.01637   0.00130   0.00852   0.00743   0.00476   0.00150   0.07882   0.21160   0.07199   0.11840   0.01107   0.10891   0.09946   4.37584   5.28652   4.11560   0.10246  31.35352  
 89  8.7614  10655.557015  x:  0.36122   0.14374   0.09657   0.00267   0.06471   0.05084   0.05292   0.05797   0.06403   0.02473   0.00375   0.00238   0.00677   0.02389   0.01007   0.00064   0.00993   0.00778   0.00618   0.00370   0.00062   0.00621   0.00744   0.00751   0.02139   0.15866   0.01104   0.02643   0.02025   0.01641   0.00121   0.00853   0.00746   0.00475   0.00153   0.07915   0.21077   0.07135   0.11816   0.01113   0.10948   0.09893   4.36956   5.18922   4.00917   0.10333  37.63689  
 90  6.8396  10655.497001  x:  0.37729   0.14353   0.09653   0.00266   0.06475   0.05104   0.05295   0.05792   0.06402   0.02485   0.00374   0.00244   0.00674   0.02384   0.01003   0.00070   0.00987   0.00748   0.00619   0.00368   0.00051   0.00620   0.00746   0.00747   0.02128   0.15945   0.01109   0.02635   0.02023   0.01638   0.00114   0.00850   0.00744   0.00475   0.00153   0.07898   0.21126   0.07116   0.11836   0.01123   0.11029   0.09859   4.36662   5.31920   4.14527   0.10402  48.95877  
 91  6.6913  10655.452375  x:  0.39301   0.14343   0.09641   0.00270   0.06472   0.05117   0.05308   0.05816   0.06444   0.02482   0.00376   0.00250   0.00673   0.02383   0.01005   0.00071   0.00989   0.00728   0.00620   0.00372   0.00048   0.00618   0.00743   0.00744   0.02132   0.15917   0.01104   0.02639   0.02027   0.01637   0.00117   0.00850   0.00744   0.00476   0.00148   0.07891   0.21168   0.07148   0.11855   0.01114   0.10991   0.09874   4.36737   5.28010   4.11108   0.10336  60.23882  
 92  6.4661  10655.419711  x:  0.41080   0.14350   0.09641   0.00274   0.06470   0.05109   0.05308   0.05823   0.06448   0.02476   0.00376   0.00246   0.00675   0.02386   0.01008   0.00068   0.00993   0.00736   0.00619   0.00373   0.00052   0.00618   0.00742   0.00745   0.02139   0.15872   0.01101   0.02643   0.02028   0.01639   0.00120   0.00852   0.00745   0.00476   0.00142   0.07895   0.21147   0.07164   0.11848   0.01108   0.10945   0.09892   4.36524   5.38937   4.21987   0.10301  74.33928  
 93 12.3161  10655.383442  x:  0.45324   0.14395   0.09664   0.00274   0.06475   0.05081   0.05287   0.05787   0.06386   0.02483   0.00375   0.00243   0.00677   0.02386   0.01006   0.00060   0.00992   0.00763   0.00618   0.00369   0.00061   0.00622   0.00745   0.00749   0.02135   0.15882   0.01107   0.02647   0.02023   0.01639   0.00119   0.00855   0.00749   0.00475   0.00131   0.07903   0.21071   0.07131   0.11807   0.01124   0.10972   0.09894   4.35763   5.45061   4.27354   0.10378  106.59280  
 94 11.2599  10655.363361  x:  0.47238   0.14392   0.09659   0.00274   0.06475   0.05086   0.05290   0.05788   0.06397   0.02482   0.00375   0.00243   0.00677   0.02385   0.01006   0.00060   0.00992   0.00759   0.00619   0.00369   0.00060   0.00622   0.00745   0.00749   0.02135   0.15897   0.01107   0.02648   0.02025   0.01639   0.00118   0.00855   0.00749   0.00476   0.00132   0.07899   0.21091   0.07128   0.11814   0.01123   0.10985   0.09890   4.35891   5.41520   4.23924   0.10381  119.99255  
 95 13.2667  10655.329271  x:  0.52775   0.14368   0.09639   0.00275   0.06475   0.05108   0.05305   0.05809   0.06447   0.02478   0.00375   0.00246   0.00676   0.02384   0.01008   0.00062   0.00992   0.00738   0.00620   0.00371   0.00054   0.00620   0.00744   0.00746   0.02136   0.15913   0.01104   0.02650   0.02030   0.01638   0.00118   0.00854   0.00748   0.00477   0.00135   0.07884   0.21162   0.07143   0.11845   0.01114   0.10989   0.09886   4.35941   5.46340   4.29438   0.10351  160.61425  
 96 37.5251  10655.311455  x:  0.61934   0.14350   0.09644   0.00273   0.06471   0.05106   0.05303   0.05816   0.06434   0.02480   0.00376   0.00246   0.00675   0.02385   0.01006   0.00067   0.00991   0.00737   0.00619   0.00372   0.00053   0.00618   0.00743   0.00745   0.02136   0.15881   0.01103   0.02643   0.02027   0.01638   0.00119   0.00851   0.00745   0.00476   0.00143   0.07892   0.21141   0.07155   0.11844   0.01113   0.10957   0.09885   4.35824   5.49133   4.32191   0.10327  227.04400  
 97 32.7761  10655.305914  x:  0.63682   0.14351   0.09646   0.00271   0.06471   0.05104   0.05302   0.05814   0.06428   0.02480   0.00376   0.00246   0.00674   0.02385   0.01006   0.00067   0.00991   0.00739   0.00619   0.00372   0.00053   0.00618   0.00743   0.00746   0.02136   0.15880   0.01103   0.02641   0.02026   0.01638   0.00119   0.00851   0.00745   0.00476   0.00146   0.07896   0.21130   0.07153   0.11840   0.01113   0.10958   0.09885   4.35920   5.47603   4.30564   0.10331  239.14882  
 98 19.7660  10655.302864  x:  0.68629   0.14373   0.09650   0.00270   0.06474   0.05099   0.05299   0.05800   0.06421   0.02479   0.00375   0.00245   0.00675   0.02385   0.01006   0.00065   0.00991   0.00748   0.00619   0.00370   0.00057   0.00620   0.00744   0.00747   0.02135   0.15904   0.01105   0.02645   0.02026   0.01638   0.00119   0.00853   0.00746   0.00476   0.00145   0.07896   0.21117   0.07136   0.11830   0.01117   0.10988   0.09885   4.35970   5.48585   4.31343   0.10365  275.04965  
 99 18.3565  10655.300783  x:  0.74517   0.14364   0.09644   0.00272   0.06473   0.05101   0.05301   0.05809   0.06429   0.02480   0.00375   0.00246   0.00675   0.02385   0.01006   0.00065   0.00991   0.00740   0.00619   0.00372   0.00055   0.00619   0.00743   0.00746   0.02136   0.15883   0.01103   0.02645   0.02027   0.01638   0.00119   0.00852   0.00746   0.00476   0.00143   0.07890   0.21140   0.07149   0.11840   0.01115   0.10960   0.09888   4.35980   5.49098   4.32062   0.10338  317.61304  
100 13.9984  10655.299820  x:  0.84032   0.14365   0.09649   0.00273   0.06473   0.05102   0.05301   0.05807   0.06428   0.02480   0.00375   0.00246   0.00675   0.02385   0.01006   0.00065   0.00992   0.00743   0.00619   0.00371   0.00055   0.00619   0.00744   0.00746   0.02136   0.15894   0.01104   0.02645   0.02027   0.01638   0.00119   0.00852   0.00746   0.00476   0.00141   0.07894   0.21126   0.07146   0.11835   0.01115   0.10974   0.09887   4.35857   5.49906   4.32818   0.10347  386.38993  
101 28.8139  10655.299626  x:  0.84446   0.14364   0.09648   0.00272   0.06473   0.05102   0.05301   0.05807   0.06426   0.02480   0.00375   0.00245   0.00675   0.02385   0.01006   0.00065   0.00991   0.00743   0.00619   0.00371   0.00055   0.00620   0.00744   0.00746   0.02135   0.15894   0.01104   0.02644   0.02027   0.01638   0.00119   0.00852   0.00746   0.00476   0.00142   0.07895   0.21125   0.07145   0.11835   0.01115   0.10975   0.09886   4.35882   5.49670   4.32557   0.10349  389.27742  
102  3.9481  10655.299463  x:  0.89880   0.14364   0.09644   0.00271   0.06472   0.05101   0.05300   0.05806   0.06424   0.02480   0.00375   0.00245   0.00675   0.02385   0.01006   0.00066   0.00991   0.00744   0.00619   0.00371   0.00055   0.00620   0.00744   0.00746   0.02135   0.15891   0.01104   0.02644   0.02026   0.01638   0.00119   0.00852   0.00746   0.00476   0.00143   0.07893   0.21130   0.07142   0.11836   0.01116   0.10970   0.09885   4.36063   5.49928   4.32786   0.10351  428.48160  
103 15.4674  10655.299403  x:  0.89957   0.14365   0.09648   0.00272   0.06473   0.05101   0.05301   0.05807   0.06426   0.02480   0.00375   0.00245   0.00675   0.02385   0.01006   0.00065   0.00991   0.00743   0.00619   0.00371   0.00055   0.00619   0.00744   0.00746   0.02135   0.15893   0.01104   0.02644   0.02026   0.01638   0.00119   0.00852   0.00746   0.00476   0.00143   0.07894   0.21127   0.07145   0.11835   0.01115   0.10973   0.09886   4.35965   5.50001   4.32898   0.10348  429.08693  
104  0.4406  10655.299356  x:  0.93354   0.14365   0.09650   0.00272   0.06473   0.05102   0.05301   0.05807   0.06428   0.02480   0.00375   0.00246   0.00675   0.02385   0.01006   0.00065   0.00991   0.00743   0.00619   0.00371   0.00055   0.00619   0.00744   0.00746   0.02136   0.15894   0.01104   0.02645   0.02027   0.01638   0.00119   0.00852   0.00746   0.00476   0.00142   0.07894   0.21126   0.07146   0.11835   0.01115   0.10975   0.09887   4.35855   5.50211   4.33126   0.10347  453.66130  
105 17.7703  10655.299277  x:  0.96693   0.14364   0.09645   0.00272   0.06473   0.05101   0.05300   0.05807   0.06425   0.02480   0.00375   0.00245   0.00675   0.02385   0.01006   0.00065   0.00991   0.00744   0.00619   0.00371   0.00055   0.00620   0.00744   0.00746   0.02135   0.15892   0.01104   0.02644   0.02026   0.01638   0.00119   0.00852   0.00746   0.00476   0.00142   0.07893   0.21129   0.07143   0.11836   0.01116   0.10972   0.09885   4.35888   5.50238   4.33109   0.10350  477.76903  
106  8.4674  10655.299178  x:  1.10035   0.14365   0.09643   0.00271   0.06472   0.05100   0.05299   0.05806   0.06423   0.02480   0.00375   0.00245   0.00675   0.02385   0.01006   0.00065   0.00991   0.00744   0.00619   0.00371   0.00056   0.00620   0.00744   0.00746   0.02135   0.15890   0.01104   0.02644   0.02026   0.01638   0.00119   0.00852   0.00746   0.00476   0.00143   0.07893   0.21131   0.07141   0.11837   0.01116   0.10969   0.09885   4.35974   5.50761   4.33606   0.10352  574.19995  
107 47.7873  10655.299175  x:  1.12014   0.14365   0.09643   0.00271   0.06472   0.05100   0.05299   0.05806   0.06423   0.02480   0.00375   0.00245   0.00675   0.02385   0.01006   0.00065   0.00991   0.00744   0.00619   0.00371   0.00056   0.00620   0.00744   0.00746   0.02135   0.15890   0.01104   0.02644   0.02026   0.01638   0.00119   0.00852   0.00746   0.00476   0.00143   0.07893   0.21132   0.07141   0.11837   0.01116   0.10969   0.09885   4.35979   5.50831   4.33675   0.10352  588.50120  
108 597.4807  10655.299123  x:  1.15368   0.14366   0.09648   0.00272   0.06473   0.05101   0.05301   0.05807   0.06426   0.02480   0.00375   0.00245   0.00675   0.02385   0.01006   0.00065   0.00991   0.00743   0.00619   0.00371   0.00055   0.00620   0.00744   0.00746   0.02135   0.15893   0.01104   0.02644   0.02026   0.01638   0.00119   0.00852   0.00746   0.00476   0.00143   0.07894   0.21128   0.07144   0.11836   0.01115   0.10973   0.09886   4.36102   5.50876   4.33770   0.10349  612.71428  
109 16.0839  10655.299087  x:  1.18269   0.14364   0.09648   0.00272   0.06473   0.05102   0.05301   0.05807   0.06427   0.02480   0.00375   0.00246   0.00675   0.02385   0.01006   0.00065   0.00991   0.00743   0.00619   0.00371   0.00055   0.00619   0.00744   0.00746   0.02136   0.15894   0.01104   0.02645   0.02027   0.01638   0.00119   0.00852   0.00746   0.00476   0.00142   0.07894   0.21126   0.07146   0.11835   0.01115   0.10973   0.09886   4.36001   5.50889   4.33793   0.10349  633.68522  
110  9.2832  10655.299022  x:  1.31441   0.14364   0.09646   0.00272   0.06473   0.05101   0.05300   0.05807   0.06425   0.02480   0.00375   0.00245   0.00675   0.02385   0.01006   0.00065   0.00991   0.00744   0.00619   0.00371   0.00055   0.00620   0.00744   0.00746   0.02135   0.15891   0.01104   0.02644   0.02026   0.01638   0.00119   0.00852   0.00746   0.00476   0.00142   0.07893   0.21128   0.07144   0.11835   0.01116   0.10973   0.09886   4.35896   5.51202   4.34082   0.10349  728.90677  
111 17.8714  10655.299022  x:  1.31441   0.14364   0.09646   0.00272   0.06473   0.05101   0.05300   0.05807   0.06425   0.02480   0.00375   0.00245   0.00675   0.02385   0.01006   0.00065   0.00991   0.00744   0.00619   0.00371   0.00055   0.00620   0.00744   0.00746   0.02135   0.15891   0.01104   0.02644   0.02026   0.01638   0.00119   0.00852   0.00746   0.00476   0.00142   0.07893   0.21128   0.07144   0.11835   0.01116   0.10973   0.09886   4.35896   5.51202   4.34082   0.10349  728.90676  
112 52.0209  10655.299012  x:  1.31508   0.14364   0.09647   0.00272   0.06473   0.05101   0.05301   0.05807   0.06426   0.02480   0.00375   0.00245   0.00675   0.02385   0.01006   0.00065   0.00991   0.00743   0.00619   0.00371   0.00055   0.00620   0.00744   0.00746   0.02135   0.15893   0.01104   0.02644   0.02026   0.01638   0.00119   0.00852   0.00746   0.00476   0.00142   0.07894   0.21127   0.07145   0.11835   0.01116   0.10973   0.09886   4.35916   5.51168   4.34060   0.10349  729.38264  
113  0.5594  10655.299011  x:  1.31580   0.14365   0.09647   0.00272   0.06473   0.05101   0.05301   0.05807   0.06426   0.02480   0.00375   0.00245   0.00675   0.02385   0.01006   0.00065   0.00991   0.00743   0.00619   0.00371   0.00055   0.00620   0.00744   0.00746   0.02135   0.15892   0.01104   0.02644   0.02026   0.01638   0.00119   0.00852   0.00746   0.00476   0.00142   0.07894   0.21128   0.07145   0.11835   0.01115   0.10973   0.09886   4.35935   5.51169   4.34060   0.10349  729.90908  
114  0.3337  10655.299008  x:  1.31553   0.14365   0.09647   0.00272   0.06473   0.05101   0.05301   0.05807   0.06426   0.02480   0.00375   0.00245   0.00675   0.02385   0.01006   0.00065   0.00991   0.00743   0.00619   0.00371   0.00055   0.00619   0.00744   0.00746   0.02135   0.15892   0.01104   0.02644   0.02026   0.01638   0.00119   0.00852   0.00746   0.00476   0.00142   0.07893   0.21128   0.07144   0.11835   0.01115   0.10973   0.09886   4.35928   5.51183   4.34076   0.10348  729.82585  
115  0.0104  10655.298981  x:  1.31285   0.14367   0.09646   0.00272   0.06474   0.05100   0.05300   0.05806   0.06425   0.02480   0.00375   0.00245   0.00675   0.02385   0.01006   0.00065   0.00991   0.00744   0.00619   0.00371   0.00055   0.00619   0.00744   0.00747   0.02135   0.15890   0.01104   0.02643   0.02026   0.01638   0.00118   0.00852   0.00746   0.00476   0.00142   0.07891   0.21129   0.07144   0.11835   0.01115   0.10972   0.09887   4.35880   5.51440   4.34343   0.10344  729.78065  
116  0.0199  10655.298812  x:  1.30764   0.14367   0.09647   0.00272   0.06474   0.05100   0.05301   0.05806   0.06426   0.02480   0.00375   0.00245   0.00675   0.02385   0.01006   0.00065   0.00991   0.00743   0.00619   0.00371   0.00055   0.00619   0.00744   0.00747   0.02135   0.15892   0.01104   0.02643   0.02026   0.01638   0.00119   0.00852   0.00746   0.00476   0.00142   0.07892   0.21128   0.07145   0.11835   0.01115   0.10972   0.09887   4.35877   5.52414   4.35309   0.10348  733.07706  
117  0.4121  10655.298743  x:  1.30302   0.14365   0.09647   0.00272   0.06473   0.05101   0.05301   0.05807   0.06426   0.02480   0.00375   0.00245   0.00675   0.02385   0.01006   0.00065   0.00991   0.00743   0.00619   0.00371   0.00055   0.00620   0.00744   0.00746   0.02135   0.15893   0.01104   0.02644   0.02026   0.01638   0.00119   0.00852   0.00746   0.00476   0.00142   0.07894   0.21127   0.07145   0.11835   0.01115   0.10973   0.09886   4.35907   5.53539   4.36434   0.10351  737.88154  
118  4.5818  10655.298743  x:  1.30263   0.14365   0.09647   0.00272   0.06473   0.05101   0.05301   0.05807   0.06426   0.02480   0.00375   0.00245   0.00675   0.02385   0.01006   0.00065   0.00991   0.00743   0.00619   0.00371   0.00055   0.00620   0.00744   0.00746   0.02135   0.15893   0.01104   0.02644   0.02026   0.01638   0.00119   0.00852   0.00746   0.00476   0.00142   0.07894   0.21127   0.07145   0.11835   0.01115   0.10973   0.09886   4.35896   5.53535   4.36430   0.10350  737.59436  
119  0.6159  10655.298743  x:  1.30303   0.14364   0.09647   0.00272   0.06473   0.05101   0.05301   0.05807   0.06426   0.02480   0.00375   0.00245   0.00675   0.02385   0.01006   0.00065   0.00991   0.00743   0.00619   0.00371   0.00055   0.00620   0.00744   0.00746   0.02135   0.15892   0.01104   0.02644   0.02026   0.01638   0.00119   0.00852   0.00746   0.00476   0.00142   0.07894   0.21127   0.07145   0.11835   0.01115   0.10973   0.09886   4.35903   5.53517   4.36413   0.10350  737.76874  
120  0.1792  10655.298743  x:  1.30334   0.14364   0.09647   0.00272   0.06473   0.05101   0.05301   0.05807   0.06426   0.02480   0.00375   0.00245   0.00675   0.02385   0.01006   0.00065   0.00991   0.00743   0.00619   0.00371   0.00055   0.00620   0.00744   0.00746   0.02135   0.15892   0.01104   0.02644   0.02026   0.01638   0.00119   0.00852   0.00746   0.00476   0.00142   0.07894   0.21127   0.07145   0.11835   0.01115   0.10973   0.09886   4.35913   5.53529   4.36425   0.10350  738.07417  
121  0.1161  10655.298743  x:  1.30341   0.14364   0.09647   0.00272   0.06473   0.05101   0.05301   0.05807   0.06426   0.02480   0.00375   0.00245   0.00675   0.02385   0.01006   0.00065   0.00991   0.00743   0.00619   0.00371   0.00055   0.00620   0.00744   0.00746   0.02135   0.15892   0.01104   0.02644   0.02026   0.01638   0.00119   0.00852   0.00746   0.00476   0.00142   0.07894   0.21127   0.07145   0.11835   0.01115   0.10973   0.09886   4.35915   5.53525   4.36421   0.10350  738.09649  
122  0.0204  10655.298743  x:  1.30340   0.14364   0.09647   0.00272   0.06473   0.05101   0.05301   0.05807   0.06426   0.02480   0.00375   0.00245   0.00675   0.02385   0.01006   0.00065   0.00991   0.00743   0.00619   0.00371   0.00055   0.00620   0.00744   0.00746   0.02135   0.15892   0.01104   0.02644   0.02026   0.01638   0.00119   0.00852   0.00746   0.00476   0.00142   0.07894   0.21127   0.07145   0.11835   0.01115   0.10973   0.09886   4.35914   5.53523   4.36419   0.10350  738.07417  
123  0.0302  10655.298743  x:  1.30340   0.14364   0.09647   0.00272   0.06473   0.05101   0.05301   0.05807   0.06426   0.02480   0.00375   0.00245   0.00675   0.02385   0.01006   0.00065   0.00991   0.00743   0.00619   0.00371   0.00055   0.00620   0.00744   0.00746   0.02135   0.15892   0.01104   0.02644   0.02026   0.01638   0.00119   0.00852   0.00746   0.00476   0.00142   0.07894   0.21127   0.07145   0.11835   0.01115   0.10973   0.09886   4.35914   5.53523   4.36419   0.10350  738.07417  