

TREE # 1

  0  0.0000  13049.346028  x:  0.36826   0.07062   0.00720   0.13921   0.12976   0.10564   0.17512   0.07302   0.07041   0.01860   0.03711   0.00956   0.01947   0.01673   0.00903   0.01422   0.02413   0.01472   0.01167   0.01334   0.06697   0.30034   0.00000   0.03920   0.06707   0.03865   0.03363   0.00938   0.02524   0.01451   0.00507   0.01040   0.12469   0.00873   0.10201   0.08664   0.06768   3.00000   0.54528   0.99520   0.43983   1.00000  
  1 99.0000  13027.051084  x:  0.36876   0.07516   0.01187   0.14122   0.12974   0.10619   0.17786   0.07582   0.07040   0.02285   0.03583   0.01013   0.02003   0.01727   0.00485   0.00721   0.02095   0.01371   0.00642   0.00998   0.06612   0.30114   0.00506   0.04064   0.06788   0.03759   0.03184   0.00863   0.02094   0.01545   0.00040   0.00863   0.12665   0.01285   0.10216   0.08748   0.06874   3.00090   0.54394   0.99541   0.44098   0.99438  
  2 1753.8459  13016.086235  x:  0.36917   0.07891   0.01548   0.14288   0.12972   0.10663   0.18014   0.07814   0.07039   0.02615   0.03478   0.01055   0.02049   0.01769   0.00187   0.00145   0.01839   0.01295   0.00242   0.00741   0.06536   0.30180   0.00818   0.04181   0.06855   0.03673   0.03039   0.00808   0.01744   0.01618   0.00259   0.00737   0.12827   0.01599   0.10228   0.08816   0.06958   3.00166   0.54281   0.99559   0.44195   0.98965  
  3 9602.6901  13012.908350  x:  0.36933   0.08026   0.01645   0.14350   0.12969   0.10675   0.18100   0.07898   0.07037   0.02702   0.03441   0.01065   0.02067   0.01782   0.00310   0.00023   0.01764   0.01282   0.00290   0.00703   0.06500   0.30205   0.00819   0.04220   0.06880   0.03643   0.02991   0.00804   0.01631   0.01635   0.00273   0.00728   0.12886   0.01675   0.10231   0.08841   0.06983   3.00197   0.54236   0.99566   0.44234   0.98776  
  4 2447.9458  12998.799610  x:  0.37060   0.09128   0.02435   0.14854   0.12944   0.10773   0.18795   0.08585   0.07022   0.03414   0.03142   0.01150   0.02213   0.01877   0.00931   0.00265   0.01156   0.01179   0.00515   0.00402   0.06204   0.30407   0.00858   0.04542   0.07080   0.03402   0.02601   0.00767   0.00716   0.01773   0.00402   0.00648   0.13369   0.02296   0.10257   0.09040   0.07193   3.00445   0.53869   0.99625   0.44548   0.97228  
  5 6979.6363  12975.151103  x:  0.37317   0.11243   0.03473   0.15859   0.12858   0.10887   0.20194   0.09898   0.06954   0.04274   0.02660   0.01171   0.02372   0.01921   0.00776   0.00262   0.00881   0.01263   0.00628   0.01844   0.05558   0.30832   0.00000   0.05093   0.07459   0.03007   0.02039   0.00956   0.00582   0.01877   0.00376   0.01030   0.14318   0.02965   0.10287   0.09417   0.07509   3.00995   0.53061   0.99755   0.45237   0.93778  
  6 2604.8578  12938.353465  x:  0.37996   0.16645   0.04996   0.18538   0.12517   0.10950   0.23964   0.13157   0.06663   0.05305   0.02075   0.01048   0.02455   0.01781   0.01159   0.00455   0.02953   0.01646   0.01432   0.01862   0.04148   0.32085   0.00840   0.06286   0.08357   0.02350   0.01715   0.01244   0.03623   0.01722   0.00635   0.01035   0.16776   0.03440   0.10297   0.10337   0.08060   3.02685   0.50614   1.00147   0.47316   0.83124  
  7 3198.5755  12900.427650  x:  0.38226   0.18542   0.04894   0.19511   0.12321   0.10807   0.25394   0.14178   0.06492   0.04999   0.02558   0.01069   0.02300   0.01702   0.01016   0.00415   0.03092   0.01528   0.01276   0.01206   0.03922   0.32607   0.00000   0.06523   0.08571   0.02507   0.02372   0.01084   0.03885   0.01529   0.00523   0.00873   0.17614   0.02921   0.10250   0.10593   0.08083   3.03509   0.49457   1.00333   0.48291   0.77842  
  8 3514.7093  12783.510753  x:  0.38914   0.24591   0.03272   0.22631   0.11580   0.10075   0.30140   0.17161   0.05848   0.02833   0.04101   0.00934   0.01757   0.01574   0.00918   0.00375   0.02244   0.01186   0.01136   0.01421   0.04218   0.34439   0.00990   0.06933   0.09022   0.03339   0.04004   0.00721   0.03292   0.01092   0.00513   0.01539   0.20205   0.00000   0.10024   0.11265   0.07900   3.06624   0.45166   1.01013   0.51910   0.57698  
  9 9772.1169  12666.967447  x:  0.39241   0.29201   0.00000   0.24949   0.10993   0.09277   0.34124   0.18761   0.05305   0.00519   0.04105   0.00725   0.02265   0.01912   0.00787   0.00320   0.02119   0.02060   0.00879   0.01167   0.05475   0.36097   0.00944   0.06520   0.08778   0.03757   0.03783   0.01526   0.02915   0.02526   0.00423   0.00830   0.22037   0.00263   0.09918   0.11510   0.08107   3.10152   0.40582   1.01698   0.55852   0.34336  
 10 8889.2108  12666.967447  x:  0.39241   0.29201   0.00000   0.24949   0.10993   0.09277   0.34124   0.18761   0.05305   0.00519   0.04105   0.00725   0.02265   0.01912   0.00787   0.00320   0.02119   0.02060   0.00879   0.01167   0.05475   0.36097   0.00944   0.06520   0.08778   0.03757   0.03783   0.01526   0.02915   0.02526   0.00423   0.00830   0.22037   0.00263   0.09918   0.11510   0.08107   3.10152   0.40582   1.01698   0.55852   0.34336  
 11 12662.4609  12632.867363  x:  0.39172   0.28992   0.00510   0.24817   0.11127   0.09476   0.34001   0.18522   0.05427   0.03087   0.03943   0.01034   0.02215   0.01859   0.00446   0.00032   0.01891   0.01763   0.00494   0.00920   0.05578   0.36056   0.00606   0.06485   0.08677   0.03671   0.03546   0.01188   0.02467   0.02235   0.00055   0.00839   0.21901   0.00635   0.09943   0.11441   0.08155   3.10237   0.40557   1.01677   0.55933   0.33807  
 12 2984.0301  12627.761417  x:  0.39136   0.28882   0.00713   0.24747   0.11192   0.09568   0.33937   0.18397   0.05478   0.03796   0.03858   0.01117   0.02200   0.01839   0.00354   0.00479   0.01790   0.01630   0.00380   0.00831   0.05605   0.36035   0.00434   0.06458   0.08625   0.03631   0.03432   0.01040   0.02245   0.02104   0.00481   0.00852   0.21829   0.00776   0.09954   0.11405   0.08175   3.10281   0.40545   1.01666   0.55976   0.33531  
 13 4467.7585  12616.033680  x:  0.39025   0.28526   0.01063   0.24521   0.11369   0.09799   0.33731   0.18006   0.05582   0.03737   0.03604   0.01028   0.02187   0.01815   0.00623   0.00409   0.01586   0.01351   0.00640   0.00796   0.05596   0.35970   0.00000   0.06342   0.08464   0.03538   0.03130   0.00766   0.01638   0.01796   0.00540   0.00847   0.21597   0.00969   0.09978   0.11287   0.08206   3.10423   0.40507   1.01629   0.56116   0.32663  
 14 1216.6625  12603.248748  x:  0.38793   0.27775   0.01655   0.24047   0.11717   0.10240   0.33299   0.17185   0.05792   0.03487   0.03137   0.00917   0.02165   0.01771   0.00562   0.00304   0.01306   0.00984   0.00574   0.00785   0.05635   0.35844   0.00573   0.06103   0.08145   0.03376   0.02596   0.00521   0.00610   0.01328   0.00589   0.00840   0.21112   0.01277   0.10024   0.11047   0.08253   3.10724   0.40428   1.01546   0.56417   0.30853  
 15 2979.2437  12581.934462  x:  0.38318   0.26183   0.02594   0.23052   0.12386   0.11048   0.32394   0.15465   0.06219   0.03098   0.02436   0.01000   0.02145   0.01730   0.00125   0.00282   0.01243   0.01084   0.00167   0.00828   0.05655   0.35576   0.00405   0.05626   0.07550   0.03147   0.01878   0.01153   0.01007   0.01130   0.00508   0.00847   0.20106   0.01719   0.10112   0.10570   0.08310   3.11372   0.40267   1.01359   0.57075   0.27110  
 16 2232.6534  12571.869648  x:  0.37965   0.24967   0.03183   0.22300   0.12862   0.11604   0.31711   0.14168   0.06541   0.03154   0.02099   0.01191   0.02151   0.01737   0.00584   0.00389   0.01361   0.01319   0.00498   0.00844   0.05711   0.35379   0.00755   0.05294   0.07142   0.03029   0.01590   0.01579   0.01420   0.01264   0.00452   0.00858   0.19354   0.01978   0.10176   0.10228   0.08336   3.11875   0.40147   1.01206   0.57594   0.24339  
 17 6368.2334  12562.011868  x:  0.37628   0.23591   0.03249   0.21501   0.13249   0.11962   0.30987   0.12807   0.06854   0.03103   0.02787   0.01316   0.02201   0.01821   0.00356   0.00358   0.01753   0.01475   0.00546   0.00795   0.05739   0.35184   0.00675   0.05075   0.06937   0.03195   0.02681   0.01055   0.01219   0.02006   0.00465   0.00846   0.18610   0.01853   0.10235   0.09974   0.08295   3.12491   0.40030   1.00973   0.58281   0.21894  
 18 1457.2300  12560.447437  x:  0.37570   0.23209   0.03051   0.21310   0.13301   0.11966   0.30814   0.12499   0.06910   0.03131   0.02937   0.01211   0.02210   0.01829   0.00568   0.00364   0.01676   0.01428   0.00290   0.00840   0.05745   0.35148   0.00671   0.05081   0.07001   0.03307   0.02735   0.00940   0.01296   0.01914   0.00457   0.00855   0.18467   0.01709   0.10250   0.09971   0.08276   3.12694   0.40007   1.00872   0.58533   0.21703  
 19 568.6706  12556.358047  x:  0.37394   0.21866   0.02233   0.20670   0.13447   0.11919   0.30230   0.11482   0.07080   0.03309   0.03327   0.00826   0.02216   0.01811   0.00448   0.00404   0.01333   0.01253   0.00481   0.00949   0.05762   0.35033   0.00725   0.05147   0.07296   0.03692   0.02673   0.00756   0.01592   0.01400   0.00446   0.00878   0.18025   0.01187   0.10305   0.10015   0.08220   3.13433   0.39932   1.00487   0.59472   0.21458  
 20 1149.5213  12551.813154  x:  0.37203   0.19965   0.01187   0.19837   0.13635   0.11878   0.29447   0.10225   0.07254   0.03408   0.03390   0.01081   0.02192   0.01781   0.00465   0.00353   0.01532   0.01341   0.00456   0.00607   0.05730   0.34890   0.00590   0.05249   0.07659   0.03922   0.02344   0.01184   0.01161   0.01380   0.00511   0.00807   0.17539   0.00906   0.10392   0.10140   0.08257   3.14562   0.39835   0.99879   0.60917   0.21804  
 21 825.8768  12549.332304  x:  0.37098   0.18582   0.00776   0.19289   0.13782   0.11928   0.28900   0.09459   0.07331   0.03462   0.03175   0.01167   0.02179   0.01785   0.00433   0.00381   0.01627   0.01381   0.00450   0.01144   0.05706   0.34793   0.00537   0.05300   0.07820   0.03872   0.02193   0.01122   0.01031   0.01676   0.00492   0.00881   0.17279   0.01100   0.10451   0.10243   0.08353   3.15456   0.39767   0.99393   0.62053   0.22299  
 22 1043.8447  12545.747275  x:  0.37008   0.16653   0.00892   0.18622   0.13996   0.12118   0.28163   0.08660   0.07353   0.03363   0.02780   0.01055   0.02188   0.01821   0.00421   0.00393   0.01565   0.01325   0.00448   0.00780   0.05682   0.34665   0.00630   0.05332   0.07900   0.03575   0.02392   0.00707   0.01341   0.01907   0.00456   0.00852   0.17058   0.01572   0.10505   0.10383   0.08512   3.16851   0.39677   0.98637   0.63797   0.23199  
 23 936.8576  12543.517906  x:  0.37022   0.15277   0.01508   0.18260   0.14123   0.12316   0.27657   0.08477   0.07279   0.03333   0.02972   0.01035   0.02218   0.01826   0.00480   0.00361   0.01452   0.01321   0.00461   0.00909   0.05689   0.34571   0.00652   0.05313   0.07841   0.03337   0.02906   0.01104   0.01298   0.01615   0.00494   0.00866   0.17055   0.01650   0.10478   0.10442   0.08530   3.18098   0.39620   0.97980   0.65298   0.23797  
 24 661.3140  12541.367821  x:  0.37178   0.14125   0.02090   0.18114   0.14135   0.12442   0.27243   0.08970   0.07115   0.03271   0.03347   0.01209   0.02197   0.01767   0.00451   0.00477   0.01757   0.01568   0.00457   0.00959   0.05717   0.34481   0.00650   0.05259   0.07648   0.03287   0.02554   0.00844   0.01323   0.01483   0.00365   0.00863   0.17285   0.01251   0.10357   0.10405   0.08377   3.19696   0.39587   0.97179   0.67112   0.23993  
 25 454.4955  12539.214213  x:  0.37443   0.13179   0.02330   0.18101   0.14050   0.12448   0.26893   0.09781   0.06946   0.03328   0.03456   0.01009   0.02167   0.01804   0.00447   0.00227   0.01643   0.01374   0.00460   0.00928   0.05756   0.34394   0.00661   0.05211   0.07452   0.03429   0.02259   0.00919   0.01335   0.01931   0.00627   0.00895   0.17633   0.00953   0.10227   0.10325   0.08216   3.21612   0.39581   0.96249   0.69205   0.23868  
 26 723.1201  12536.764559  x:  0.37836   0.12427   0.02157   0.18198   0.13882   0.12329   0.26587   0.10781   0.06813   0.03333   0.03288   0.00912   0.02185   0.01852   0.00442   0.00581   0.01437   0.01222   0.00455   0.00871   0.05766   0.34310   0.00625   0.05191   0.07306   0.03679   0.02321   0.01060   0.01225   0.02101   0.00265   0.00805   0.18065   0.01062   0.10129   0.10232   0.08121   3.24006   0.39610   0.95116   0.71745   0.23477  
 27 965.8602  12532.898524  x:  0.38584   0.11628   0.01556   0.18467   0.13579   0.12059   0.26196   0.12294   0.06703   0.03341   0.02805   0.01155   0.02226   0.01834   0.00448   0.00357   0.01473   0.01497   0.00457   0.00887   0.05754   0.34195   0.00622   0.05203   0.07188   0.03990   0.02684   0.00943   0.01258   0.01612   0.00494   0.00948   0.18739   0.01642   0.10060   0.10103   0.08086   3.28260   0.39714   0.93136   0.76162   0.22675  
 28 1499.4375  12530.343275  x:  0.39130   0.12089   0.01451   0.18745   0.13540   0.12022   0.26197   0.12415   0.06869   0.03349   0.02911   0.01107   0.02195   0.01745   0.00457   0.00306   0.01806   0.01166   0.00463   0.00960   0.05719   0.34193   0.00644   0.05256   0.07393   0.03642   0.02662   0.00963   0.01353   0.01503   0.00558   0.00531   0.18833   0.01810   0.10214   0.10127   0.08161   3.31204   0.39902   0.91837   0.79038   0.22321  
 29 602.2393  12525.668708  x:  0.40325   0.13419   0.01376   0.19375   0.13519   0.12000   0.26299   0.12362   0.07286   0.03326   0.03224   0.00937   0.02139   0.01646   0.00463   0.00372   0.02132   0.00799   0.00468   0.00873   0.05640   0.34221   0.00656   0.05369   0.07904   0.02830   0.02531   0.01054   0.01397   0.01476   0.00476   0.01074   0.18908   0.01986   0.10589   0.10211   0.08323   3.37699   0.40367   0.89005   0.85308   0.21643  
 30 3306.4092  12520.234960  x:  0.41723   0.15251   0.01516   0.20131   0.13564   0.12044   0.26525   0.12020   0.07774   0.03341   0.03421   0.00632   0.02132   0.01764   0.00448   0.00378   0.01645   0.01559   0.00454   0.00831   0.05579   0.34291   0.00627   0.05461   0.08484   0.02203   0.02351   0.01048   0.01222   0.01659   0.00476   0.00952   0.18879   0.01967   0.11015   0.10317   0.08480   3.45545   0.40993   0.85634   0.92783   0.20962  
 31 4020.3364  12516.887692  x:  0.42506   0.16538   0.01853   0.20564   0.13668   0.12153   0.26779   0.11569   0.07987   0.03203   0.03283   0.01339   0.02203   0.01891   0.00431   0.00353   0.01164   0.01459   0.00464   0.00876   0.05594   0.34383   0.00642   0.05421   0.08670   0.02629   0.02354   0.00946   0.01296   0.01785   0.00480   0.00905   0.18757   0.01725   0.11178   0.10355   0.08517   3.50478   0.41473   0.83598   0.97345   0.20716  
 32 2261.9069  12514.100863  x:  0.42976   0.17628   0.02237   0.20831   0.13803   0.12274   0.27116   0.11043   0.07965   0.03249   0.02709   0.01101   0.02268   0.01925   0.00428   0.00380   0.01542   0.01495   0.00457   0.00912   0.05694   0.34519   0.00622   0.05233   0.08487   0.03525   0.02523   0.00958   0.01234   0.01770   0.00460   0.00953   0.18581   0.01380   0.11132   0.10331   0.08486   3.54420   0.41975   0.82103   1.00798   0.20672  
 33 1427.3041  12512.460445  x:  0.42819   0.18272   0.02014   0.20740   0.13886   0.12223   0.27653   0.10621   0.07430   0.03266   0.02914   0.01065   0.02094   0.01540   0.00442   0.00380   0.01459   0.01522   0.00456   0.00886   0.05841   0.34763   0.00613   0.04780   0.07413   0.03680   0.02490   0.00975   0.01238   0.01773   0.00461   0.00951   0.18422   0.01567   0.10662   0.10195   0.08493   3.57085   0.42640   0.81511   1.02582   0.20761  
 34 339.7038  12511.842301  x:  0.42614   0.18503   0.01892   0.20638   0.13918   0.12187   0.27964   0.10485   0.07196   0.03285   0.02984   0.01067   0.02179   0.01950   0.00432   0.00377   0.01488   0.01492   0.00458   0.00884   0.05877   0.34906   0.00609   0.04687   0.06967   0.03616   0.02454   0.00978   0.01244   0.01717   0.00466   0.00949   0.18365   0.01607   0.10410   0.10138   0.08480   3.58319   0.43033   0.81367   1.03252   0.20782  
 35 468.1294  12510.320047  x:  0.41287   0.18746   0.01845   0.20076   0.13990   0.12126   0.29163   0.10555   0.06954   0.03315   0.02686   0.01135   0.02626   0.01768   0.00429   0.00379   0.01450   0.01469   0.00452   0.00907   0.05749   0.35452   0.00599   0.05386   0.06837   0.03240   0.02577   0.00954   0.01236   0.01728   0.00466   0.00939   0.18343   0.01290   0.09747   0.10108   0.08343   3.62025   0.44645   0.81674   1.04386   0.20648  
 36 213.9615  12508.276047  x:  0.39310   0.18925   0.02021   0.19376   0.14089   0.12148   0.30783   0.10782   0.06764   0.03269   0.02795   0.01115   0.01943   0.01891   0.00436   0.00381   0.01479   0.01490   0.00456   0.00899   0.05648   0.36167   0.00611   0.06088   0.07230   0.03424   0.02528   0.00976   0.01243   0.01728   0.00462   0.00946   0.18395   0.01547   0.09315   0.10203   0.08370   3.67153   0.46954   0.82371   1.05647   0.20483  
 37 643.2805  12507.106889  x:  0.38050   0.18930   0.02108   0.19170   0.14124   0.12239   0.31669   0.10979   0.06719   0.03240   0.03088   0.01040   0.02422   0.01839   0.00429   0.00366   0.01510   0.01512   0.00463   0.00870   0.05750   0.36512   0.00617   0.05863   0.07550   0.03708   0.02358   0.01006   0.01245   0.01755   0.00472   0.00955   0.18485   0.01907   0.09690   0.10368   0.08515   3.70565   0.48463   0.83064   1.06238   0.20446  
 38 480.3414  12505.455175  x:  0.36486   0.18793   0.01939   0.19349   0.14097   0.12410   0.32552   0.11269   0.06918   0.03275   0.02803   0.01119   0.02236   0.01862   0.00432   0.00380   0.01480   0.01490   0.00457   0.00896   0.05954   0.36749   0.00596   0.04836   0.07646   0.03411   0.02534   0.00965   0.01245   0.01733   0.00463   0.00946   0.18640   0.01461   0.10766   0.10572   0.08545   3.75558   0.50549   0.84419   1.06746   0.20474  
 39 426.5113  12503.708138  x:  0.35911   0.18507   0.01786   0.20661   0.13967   0.12739   0.32390   0.11217   0.08333   0.03276   0.02941   0.01063   0.02230   0.01852   0.00439   0.00377   0.01476   0.01502   0.00460   0.00888   0.05543   0.36256   0.00625   0.05031   0.06890   0.03572   0.02516   0.00983   0.01259   0.01726   0.00466   0.00949   0.18744   0.01477   0.11038   0.10040   0.08604   3.82047   0.52650   0.87005   1.06550   0.20824  
 40 195.0069  12500.372294  x:  0.36741   0.18205   0.01777   0.22784   0.13583   0.12893   0.30880   0.10684   0.07647   0.03268   0.02907   0.01095   0.02279   0.01863   0.00435   0.00380   0.01484   0.01494   0.00459   0.00888   0.05921   0.34759   0.00617   0.04619   0.07861   0.03430   0.02521   0.00967   0.01254   0.01744   0.00463   0.00946   0.18756   0.01564   0.09644   0.09666   0.08484   3.95365   0.55927   0.93086   1.05313   0.21061  
 41 309.6257  12497.711569  x:  0.38535   0.18388   0.01924   0.22591   0.13574   0.12551   0.29413   0.10616   0.06489   0.03279   0.02895   0.01097   0.02225   0.01853   0.00435   0.00382   0.01488   0.01500   0.00459   0.00891   0.05707   0.33986   0.00632   0.05616   0.07280   0.03540   0.02500   0.00974   0.01249   0.01749   0.00462   0.00947   0.18756   0.01496   0.10411   0.11213   0.08607   4.06827   0.57563   0.98588   1.03869   0.21103  
 42 375.9543  12494.788622  x:  0.41190   0.19104   0.01997   0.19639   0.14190   0.12062   0.28366   0.11342   0.07324   0.03253   0.02915   0.01098   0.02236   0.01859   0.00439   0.00380   0.01486   0.01516   0.00459   0.00894   0.06108   0.34637   0.00622   0.05185   0.07321   0.03542   0.02564   0.00966   0.01264   0.01756   0.00462   0.00950   0.18914   0.01452   0.10574   0.10263   0.08626   4.19855   0.57058   1.04952   1.01885   0.21749  
 43 269.5286  12493.692097  x:  0.41572   0.19036   0.01974   0.19484   0.14187   0.12177   0.28711   0.11347   0.07264   0.03315   0.02930   0.01083   0.02261   0.01855   0.00444   0.00375   0.01484   0.01516   0.00462   0.00895   0.04947   0.35466   0.00675   0.04755   0.07473   0.03579   0.02576   0.00958   0.01270   0.01757   0.00468   0.00950   0.18904   0.01449   0.10431   0.10303   0.08501   4.24907   0.55189   1.07341   1.01048   0.21888  
 44 171.5330  12488.416438  x:  0.42016   0.18122   0.01698   0.20669   0.13791   0.12978   0.31619   0.10949   0.07467   0.03275   0.02979   0.01090   0.02262   0.01862   0.00445   0.00370   0.01477   0.01522   0.00462   0.00888   0.05817   0.39829   0.00628   0.05038   0.07422   0.03565   0.02609   0.00958   0.01279   0.01758   0.00470   0.00951   0.18751   0.01446   0.10037   0.11225   0.08231   4.50455   0.42958   1.19202   0.96721   0.22445  
 45 470.8980  12487.079149  x:  0.41068   0.18304   0.01812   0.20749   0.13903   0.12312   0.32236   0.10832   0.06746   0.03293   0.02960   0.01101   0.02245   0.01864   0.00445   0.00372   0.01476   0.01524   0.00461   0.00896   0.05711   0.39190   0.00637   0.05450   0.07452   0.03568   0.02628   0.00947   0.01279   0.01767   0.00468   0.00951   0.18875   0.01244   0.10570   0.10168   0.09015   4.57158   0.39123   1.21981   0.95520   0.22705  
 46 234.2202  12486.339100  x:  0.39922   0.18827   0.01864   0.20345   0.13989   0.11950   0.32344   0.10949   0.07028   0.03283   0.02972   0.01097   0.02260   0.01863   0.00446   0.00366   0.01479   0.01526   0.00462   0.00893   0.05676   0.37696   0.00650   0.05289   0.07434   0.03574   0.02632   0.00949   0.01280   0.01769   0.00473   0.00952   0.19014   0.01378   0.10301   0.10623   0.08390   4.61041   0.36662   1.23235   0.94689   0.22932  
 47 137.6863  12486.262721  x:  0.39755   0.18956   0.01758   0.20214   0.13880   0.12396   0.32211   0.11078   0.07022   0.03291   0.02978   0.01095   0.02261   0.01863   0.00448   0.00367   0.01475   0.01528   0.00462   0.00893   0.05668   0.37529   0.00652   0.05286   0.07432   0.03579   0.02649   0.00948   0.01284   0.01764   0.00472   0.00952   0.18982   0.01316   0.10198   0.10707   0.08641   4.61551   0.36404   1.23094   0.94392   0.22976  
 48 25.1511  12486.138794  x:  0.39516   0.19059   0.01683   0.20205   0.13771   0.12684   0.31744   0.11179   0.06836   0.03293   0.02995   0.01092   0.02259   0.01864   0.00449   0.00366   0.01475   0.01526   0.00463   0.00889   0.05673   0.37693   0.00652   0.05421   0.07466   0.03566   0.02656   0.00950   0.01287   0.01761   0.00473   0.00951   0.18820   0.01396   0.10380   0.10503   0.08263   4.62718   0.36140   1.21881   0.93135   0.23066  
 49 16.6987  12485.605343  x:  0.38840   0.19005   0.01800   0.20423   0.13801   0.12083   0.30150   0.11422   0.06954   0.03290   0.03001   0.01091   0.02261   0.01862   0.00448   0.00367   0.01487   0.01513   0.00462   0.00893   0.05665   0.38508   0.00647   0.05380   0.07522   0.03523   0.02651   0.00947   0.01287   0.01762   0.00471   0.00947   0.18605   0.01340   0.10185   0.10733   0.08606   4.68017   0.35185   1.15824   0.87014   0.23191  
 50 79.7233  12484.859445  x:  0.39810   0.17853   0.01673   0.20353   0.13993   0.12403   0.30948   0.10969   0.06982   0.03294   0.03052   0.01076   0.02255   0.01862   0.00449   0.00368   0.01499   0.01490   0.00463   0.00889   0.05651   0.37820   0.00651   0.05440   0.07654   0.03453   0.02640   0.00949   0.01293   0.01752   0.00469   0.00941   0.19698   0.01300   0.10290   0.10736   0.08536   4.75559   0.34148   1.06840   0.77901   0.23208  
 51 96.3496  12484.787124  x:  0.40023   0.17651   0.01725   0.20323   0.13701   0.12316   0.31240   0.11113   0.07031   0.03292   0.03052   0.01077   0.02255   0.01862   0.00449   0.00368   0.01502   0.01487   0.00463   0.00890   0.05645   0.37608   0.00652   0.05414   0.07666   0.03440   0.02637   0.00948   0.01293   0.01753   0.00469   0.00940   0.19137   0.01312   0.10316   0.10726   0.08555   4.76295   0.34069   1.05973   0.77030   0.23240  
 52 33.1584  12484.779417  x:  0.40048   0.17628   0.01700   0.20356   0.13861   0.12335   0.31278   0.11182   0.07022   0.03293   0.03055   0.01076   0.02255   0.01862   0.00449   0.00367   0.01501   0.01487   0.00463   0.00890   0.05644   0.37576   0.00652   0.05417   0.07674   0.03438   0.02642   0.00948   0.01294   0.01752   0.00469   0.00940   0.19021   0.01314   0.10314   0.10734   0.08556   4.76367   0.34065   1.05903   0.76963   0.23251  
 53  6.5742  12479.659062  x:  0.38780   0.18724   0.01710   0.20489   0.13845   0.12030   0.30840   0.11312   0.06923   0.03084   0.03176   0.01073   0.02204   0.01827   0.00419   0.00236   0.01549   0.01402   0.00444   0.00789   0.05860   0.34455   0.00332   0.05520   0.07743   0.03570   0.02782   0.00826   0.01200   0.01676   0.00395   0.00866   0.19529   0.01162   0.10371   0.10700   0.08717   5.10070   0.41472   1.13315   0.94075   0.23471  
 54  0.4573  12477.988608  x:  0.40919   0.17745   0.01686   0.20870   0.13916   0.12250   0.30777   0.11231   0.07112   0.02967   0.03193   0.01062   0.02208   0.01813   0.00405   0.00164   0.01580   0.01334   0.00447   0.00800   0.05903   0.36433   0.00141   0.05428   0.07737   0.03580   0.02753   0.00821   0.01200   0.01670   0.00300   0.00838   0.19482   0.01199   0.10456   0.10692   0.08745   5.31203   0.38995   1.21077   1.00517   0.23181  
 55  0.2402  12477.734432  x:  0.40856   0.17542   0.01688   0.20786   0.13935   0.12252   0.30712   0.11371   0.07067   0.03017   0.03194   0.01038   0.02217   0.01818   0.00430   0.00181   0.01572   0.01328   0.00467   0.00830   0.05815   0.36502   0.00254   0.05447   0.07759   0.03546   0.02743   0.00854   0.01295   0.01688   0.00240   0.00850   0.19531   0.01223   0.10419   0.10738   0.08703   5.35321   0.38222   1.23380   1.01647   0.23224  
 56  0.0574  12477.679072  x:  0.40667   0.17491   0.01684   0.20716   0.13937   0.12238   0.30656   0.11439   0.07036   0.03051   0.03190   0.01030   0.02222   0.01821   0.00438   0.00139   0.01564   0.01330   0.00473   0.00836   0.05802   0.36378   0.00257   0.05460   0.07768   0.03525   0.02745   0.00866   0.01303   0.01699   0.00255   0.00853   0.19558   0.01228   0.10401   0.10758   0.08684   5.36580   0.38190   1.24358   1.02283   0.23262  
 57  0.0301  12477.643208  x:  0.40438   0.17448   0.01670   0.20642   0.13932   0.12221   0.30586   0.11494   0.07009   0.03108   0.03187   0.01031   0.02222   0.01824   0.00444   0.00144   0.01563   0.01341   0.00478   0.00835   0.05807   0.36210   0.00230   0.05471   0.07774   0.03503   0.02741   0.00874   0.01287   0.01712   0.00226   0.00858   0.19581   0.01218   0.10390   0.10773   0.08670   5.37196   0.38360   1.25245   1.03035   0.23304  
 58  0.0179  12477.623732  x:  0.40494   0.17401   0.01695   0.20661   0.13923   0.12233   0.30570   0.11445   0.07039   0.03206   0.03189   0.01042   0.02219   0.01823   0.00447   0.00140   0.01567   0.01352   0.00484   0.00825   0.05807   0.36249   0.00228   0.05460   0.07769   0.03510   0.02734   0.00859   0.01272   0.01712   0.00233   0.00859   0.19551   0.01220   0.10408   0.10758   0.08682   5.35004   0.38525   1.24983   1.03090   0.23316  
 59  0.0118  12477.620949  x:  0.40548   0.17418   0.01701   0.20671   0.13934   0.12233   0.30587   0.11441   0.07037   0.03227   0.03188   0.01037   0.02220   0.01822   0.00447   0.00141   0.01563   0.01343   0.00484   0.00831   0.05803   0.36272   0.00229   0.05456   0.07765   0.03521   0.02737   0.00860   0.01277   0.01706   0.00227   0.00856   0.19553   0.01230   0.10402   0.10754   0.08681   5.35124   0.38456   1.24697   1.02976   0.23288  
 60  0.0025  12477.620623  x:  0.40528   0.17444   0.01701   0.20670   0.13932   0.12232   0.30600   0.11448   0.07034   0.03231   0.03188   0.01039   0.02219   0.01822   0.00446   0.00140   0.01564   0.01340   0.00482   0.00829   0.05802   0.36269   0.00230   0.05459   0.07765   0.03518   0.02739   0.00860   0.01279   0.01705   0.00227   0.00856   0.19556   0.01228   0.10401   0.10758   0.08681   5.35185   0.38460   1.24591   1.02866   0.23285  
 61  0.0012  12477.620571  x:  0.40528   0.17446   0.01701   0.20672   0.13930   0.12232   0.30603   0.11447   0.07035   0.03232   0.03188   0.01038   0.02220   0.01822   0.00445   0.00140   0.01563   0.01341   0.00481   0.00829   0.05802   0.36268   0.00230   0.05459   0.07766   0.03518   0.02738   0.00861   0.01278   0.01706   0.00227   0.00857   0.19555   0.01227   0.10402   0.10757   0.08681   5.35242   0.38445   1.24577   1.02787   0.23287  
 62  0.0006  12477.620564  x:  0.40531   0.17444   0.01701   0.20672   0.13931   0.12232   0.30600   0.11447   0.07035   0.03232   0.03188   0.01039   0.02220   0.01822   0.00445   0.00140   0.01564   0.01342   0.00481   0.00829   0.05802   0.36269   0.00230   0.05459   0.07766   0.03518   0.02738   0.00861   0.01278   0.01705   0.00227   0.00857   0.19555   0.01228   0.10402   0.10757   0.08681   5.35270   0.38441   1.24591   1.02777   0.23288  
 63  0.0003  12477.620564  x:  0.40531   0.17443   0.01701   0.20671   0.13931   0.12232   0.30600   0.11447   0.07035   0.03232   0.03188   0.01039   0.02220   0.01822   0.00445   0.00140   0.01563   0.01341   0.00481   0.00829   0.05802   0.36269   0.00230   0.05459   0.07765   0.03518   0.02738   0.00861   0.01278   0.01705   0.00227   0.00856   0.19555   0.01228   0.10402   0.10757   0.08681   5.35268   0.38440   1.24594   1.02774   0.23288  
 64  0.0000  12477.620564  x:  0.40531   0.17443   0.01701   0.20671   0.13931   0.12232   0.30600   0.11447   0.07035   0.03232   0.03188   0.01039   0.02220   0.01822   0.00445   0.00140   0.01564   0.01341   0.00481   0.00829   0.05802   0.36269   0.00230   0.05459   0.07765   0.03518   0.02738   0.00861   0.01278   0.01705   0.00227   0.00856   0.19555   0.01228   0.10402   0.10757   0.08681   5.35269   0.38440   1.24595   1.02774   0.23288  
 65  0.0000  12477.620564  x:  0.40531   0.17443   0.01701   0.20671   0.13931   0.12232   0.30600   0.11447   0.07035   0.03232   0.03188   0.01039   0.02220   0.01822   0.00445   0.00140   0.01564   0.01341   0.00481   0.00829   0.05802   0.36269   0.00230   0.05459   0.07765   0.03518   0.02738   0.00861   0.01278   0.01705   0.00227   0.00856   0.19555   0.01228   0.10402   0.10757   0.08681   5.35269   0.38440   1.24595   1.02775   0.23288  
 66  0.0000  12477.620564  x:  0.40531   0.17443   0.01701   0.20671   0.13931   0.12232   0.30600   0.11447   0.07035   0.03232   0.03188   0.01039   0.02220   0.01822   0.00445   0.00140   0.01564   0.01341   0.00481   0.00829   0.05802   0.36269   0.00230   0.05459   0.07765   0.03518   0.02738   0.00861   0.01278   0.01705   0.00227   0.00856   0.19555   0.01228   0.10402   0.10757   0.08681   5.35269   0.38440   1.24595   1.02775   0.23288  
 67  0.0000  12477.620564  x:  0.40531   0.17443   0.01701   0.20671   0.13931   0.12232   0.30600   0.11447   0.07035   0.03232   0.03188   0.01039   0.02220   0.01822   0.00445   0.00140   0.01564   0.01341   0.00481   0.00829   0.05802   0.36269   0.00230   0.05459   0.07765   0.03518   0.02738   0.00861   0.01278   0.01705   0.00227   0.00856   0.19555   0.01228   0.10402   0.10757   0.08681   5.35269   0.38440   1.24595   1.02775   0.23288  