Supplemental results for CODEML (seqf: Human_TAS1R3_orthologues_DNA_aligned.txt  treef: TAS1R3_revised_tree_following_error_message.txt)


MLEs of dN/dS (w) for site classes (K=4)

site class             0        1       2a       2b
proportion       0.83763  0.16237  0.00000  0.00000
background w     0.10160  1.00000  0.10160  1.00000
foreground w     0.10160  1.00000  1.00000  1.00000

Naive Empirical Bayes (NEB) probabilities for 4 classes
(amino acids refer to 1st sequence: 1.Bushbaby)

   1 -   0.84909 0.15091 0.00000 0.00000 ( 1)
   2 -   0.84617 0.15383 0.00000 0.00000 ( 1)
   3 -   0.84936 0.15064 0.00000 0.00000 ( 1)
   4 -   0.84867 0.15133 0.00000 0.00000 ( 1)
   5 -   0.84639 0.15361 0.00000 0.00000 ( 1)
   6 -   0.83910 0.16090 0.00000 0.00000 ( 1)
   7 -   0.84956 0.15044 0.00000 0.00000 ( 1)
   8 -   0.84820 0.15180 0.00000 0.00000 ( 1)
   9 -   0.84236 0.15764 0.00000 0.00000 ( 1)
  10 -   0.35878 0.64122 0.00000 0.00000 ( 2)
  11 -   0.84763 0.15237 0.00000 0.00000 ( 1)
  12 -   0.84468 0.15532 0.00000 0.00000 ( 1)
  13 -   0.84468 0.15532 0.00000 0.00000 ( 1)
  14 -   0.83975 0.16025 0.00000 0.00000 ( 1)
  15 -   0.84819 0.15181 0.00000 0.00000 ( 1)
  16 -   0.84956 0.15044 0.00000 0.00000 ( 1)
  17 -   0.83933 0.16067 0.00000 0.00000 ( 1)
  18 -   0.84956 0.15044 0.00000 0.00000 ( 1)
  19 M   0.99982 0.00018 0.00000 0.00000 ( 1)
  20 P   0.89686 0.10314 0.00000 0.00000 ( 1)
  21 G   0.10269 0.89731 0.00000 0.00000 ( 2)
  22 P   0.26736 0.73264 0.00000 0.00000 ( 2)
  23 A   0.65067 0.34933 0.00000 0.00000 ( 1)
  24 V   0.99966 0.00034 0.00000 0.00000 ( 1)
  25 L   0.99623 0.00377 0.00000 0.00000 ( 1)
  26 G   0.99953 0.00047 0.00000 0.00000 ( 1)
  27 F   0.93953 0.06047 0.00000 0.00000 ( 1)
  28 S   0.99967 0.00033 0.00000 0.00000 ( 1)
  29 L   0.99962 0.00038 0.00000 0.00000 ( 1)
  30 A   0.70229 0.29771 0.00000 0.00000 ( 1)
  31 T   0.19618 0.80382 0.00000 0.00000 ( 2)
  32 L   0.68766 0.31234 0.00000 0.00000 ( 1)
  33 L   0.99453 0.00547 0.00000 0.00000 ( 1)
  34 G   0.08027 0.91973 0.00000 0.00000 ( 2)
  35 F   0.00213 0.99787 0.00000 0.00000 ( 2)
  36 G   0.88759 0.11241 0.00000 0.00000 ( 1)
  37 T   0.32703 0.67297 0.00000 0.00000 ( 2)
  38 G   0.99914 0.00086 0.00000 0.00000 ( 1)
  39 A   0.97302 0.02698 0.00000 0.00000 ( 1)
  40 P   0.96309 0.03691 0.00000 0.00000 ( 1)
  41 L   0.93854 0.06146 0.00000 0.00000 ( 1)
  42 C   0.99961 0.00039 0.00000 0.00000 ( 1)
  43 L   0.99653 0.00347 0.00000 0.00000 ( 1)
  44 S   0.92957 0.07043 0.00000 0.00000 ( 1)
  45 Q   0.63028 0.36972 0.00000 0.00000 ( 1)
  46 Q   0.98577 0.01423 0.00000 0.00000 ( 1)
  47 L   0.99178 0.00822 0.00000 0.00000 ( 1)
  48 R   0.87198 0.12802 0.00000 0.00000 ( 1)
  49 M   0.99982 0.00018 0.00000 0.00000 ( 1)
  50 P   0.02706 0.97294 0.00000 0.00000 ( 2)
  51 G   0.99914 0.00086 0.00000 0.00000 ( 1)
  52 N   0.99706 0.00294 0.00000 0.00000 ( 1)
  53 Y   0.99826 0.00174 0.00000 0.00000 ( 1)
  54 V   0.10034 0.89966 0.00000 0.00000 ( 2)
  55 L   0.99558 0.00442 0.00000 0.00000 ( 1)
  56 G   0.99769 0.00231 0.00000 0.00000 ( 1)
  57 G   0.99914 0.00086 0.00000 0.00000 ( 1)
  58 L   0.99828 0.00172 0.00000 0.00000 ( 1)
  59 F   0.99987 0.00013 0.00000 0.00000 ( 1)
  60 P   0.99977 0.00023 0.00000 0.00000 ( 1)
  61 L   0.97961 0.02039 0.00000 0.00000 ( 1)
  62 G   0.97049 0.02951 0.00000 0.00000 ( 1)
  63 A   0.69967 0.30033 0.00000 0.00000 ( 1)
  64 A   0.99970 0.00030 0.00000 0.00000 ( 1)
  65 E   0.92858 0.07142 0.00000 0.00000 ( 1)
  66 E   0.99386 0.00614 0.00000 0.00000 ( 1)
  67 A   0.93436 0.06564 0.00000 0.00000 ( 1)
  68 G   0.90831 0.09169 0.00000 0.00000 ( 1)
  69 L   0.96117 0.03883 0.00000 0.00000 ( 1)
  70 R   0.85836 0.14164 0.00000 0.00000 ( 1)
  71 T   0.92563 0.07437 0.00000 0.00000 ( 1)
  72 R   0.99857 0.00143 0.00000 0.00000 ( 1)
  73 T   0.67109 0.32891 0.00000 0.00000 ( 1)
  74 Q   0.85911 0.14089 0.00000 0.00000 ( 1)
  75 P   0.99978 0.00022 0.00000 0.00000 ( 1)
  76 S   0.94006 0.05994 0.00000 0.00000 ( 1)
  77 S   0.99671 0.00329 0.00000 0.00000 ( 1)
  78 P   0.95984 0.04016 0.00000 0.00000 ( 1)
  79 V   0.99313 0.00687 0.00000 0.00000 ( 1)
  80 C   0.99961 0.00039 0.00000 0.00000 ( 1)
  81 N   0.95635 0.04365 0.00000 0.00000 ( 1)
  82 -   0.83763 0.16237 0.00000 0.00000 ( 1)
  83 -   0.83763 0.16237 0.00000 0.00000 ( 1)
  84 -   0.83763 0.16237 0.00000 0.00000 ( 1)
  85 -   0.83763 0.16237 0.00000 0.00000 ( 1)
  86 -   0.83763 0.16237 0.00000 0.00000 ( 1)
  87 -   0.83763 0.16237 0.00000 0.00000 ( 1)
  88 -   0.83763 0.16237 0.00000 0.00000 ( 1)
  89 -   0.83763 0.16237 0.00000 0.00000 ( 1)
  90 -   0.83763 0.16237 0.00000 0.00000 ( 1)
  91 -   0.83763 0.16237 0.00000 0.00000 ( 1)
  92 R   0.99902 0.00098 0.00000 0.00000 ( 1)
  93 F   0.99979 0.00021 0.00000 0.00000 ( 1)
  94 S   0.99693 0.00307 0.00000 0.00000 ( 1)
  95 P   0.51252 0.48748 0.00000 0.00000 ( 1)
  96 L   0.18434 0.81566 0.00000 0.00000 ( 2)
  97 G   0.99952 0.00048 0.00000 0.00000 ( 1)
  98 L   0.99653 0.00347 0.00000 0.00000 ( 1)
  99 L   0.99956 0.00044 0.00000 0.00000 ( 1)
 100 W   0.99749 0.00251 0.00000 0.00000 ( 1)
 101 A   0.99277 0.00723 0.00000 0.00000 ( 1)
 102 L   0.99653 0.00347 0.00000 0.00000 ( 1)
 103 A   0.93669 0.06331 0.00000 0.00000 ( 1)
 104 M   0.99661 0.00339 0.00000 0.00000 ( 1)
 105 K   0.98609 0.01391 0.00000 0.00000 ( 1)
 106 M   0.99982 0.00018 0.00000 0.00000 ( 1)
 107 A   0.99944 0.00056 0.00000 0.00000 ( 1)
 108 V   0.99925 0.00075 0.00000 0.00000 ( 1)
 109 E   0.99945 0.00055 0.00000 0.00000 ( 1)
 110 E   0.99940 0.00060 0.00000 0.00000 ( 1)
 111 I   0.99988 0.00012 0.00000 0.00000 ( 1)
 112 N   0.99961 0.00039 0.00000 0.00000 ( 1)
 113 N   0.99941 0.00059 0.00000 0.00000 ( 1)
 114 G   0.04158 0.95842 0.00000 0.00000 ( 2)
 115 S   0.98495 0.01505 0.00000 0.00000 ( 1)
 116 T   0.59416 0.40584 0.00000 0.00000 ( 1)
 117 L   0.99653 0.00347 0.00000 0.00000 ( 1)
 118 L   0.99653 0.00347 0.00000 0.00000 ( 1)
 119 P   0.99936 0.00064 0.00000 0.00000 ( 1)
 120 G   0.99920 0.00080 0.00000 0.00000 ( 1)
 121 L   0.99653 0.00347 0.00000 0.00000 ( 1)
 122 Q   0.50173 0.49827 0.00000 0.00000 ( 1)
 123 L   0.99205 0.00795 0.00000 0.00000 ( 1)
 124 G   0.99953 0.00047 0.00000 0.00000 ( 1)
 125 Y   0.99132 0.00868 0.00000 0.00000 ( 1)
 126 D   0.99932 0.00068 0.00000 0.00000 ( 1)
 127 L   0.99962 0.00038 0.00000 0.00000 ( 1)
 128 F   0.99431 0.00569 0.00000 0.00000 ( 1)
 129 D   0.99805 0.00195 0.00000 0.00000 ( 1)
 130 T   0.99942 0.00058 0.00000 0.00000 ( 1)
 131 C   0.99961 0.00039 0.00000 0.00000 ( 1)
 132 S   0.99687 0.00313 0.00000 0.00000 ( 1)
 133 E   0.99945 0.00055 0.00000 0.00000 ( 1)
 134 P   0.65006 0.34994 0.00000 0.00000 ( 1)
 135 V   0.93687 0.06313 0.00000 0.00000 ( 1)
 136 V   0.99944 0.00056 0.00000 0.00000 ( 1)
 137 A   0.99733 0.00267 0.00000 0.00000 ( 1)
 138 M   0.99982 0.00018 0.00000 0.00000 ( 1)
 139 K   0.99904 0.00096 0.00000 0.00000 ( 1)
 140 P   0.99978 0.00022 0.00000 0.00000 ( 1)
 141 S   0.99894 0.00106 0.00000 0.00000 ( 1)
 142 L   0.99924 0.00076 0.00000 0.00000 ( 1)
 143 M   0.99825 0.00175 0.00000 0.00000 ( 1)
 144 F   0.99979 0.00021 0.00000 0.00000 ( 1)
 145 L   0.99653 0.00347 0.00000 0.00000 ( 1)
 146 A   0.99979 0.00021 0.00000 0.00000 ( 1)
 147 K   0.90991 0.09009 0.00000 0.00000 ( 1)
 148 A   0.00107 0.99893 0.00000 0.00000 ( 2)
 149 G   0.62123 0.37877 0.00000 0.00000 ( 1)
 150 S   0.99967 0.00033 0.00000 0.00000 ( 1)
 151 C   0.13785 0.86215 0.00000 0.00000 ( 2)
 152 S   0.26440 0.73560 0.00000 0.00000 ( 2)
 153 I   0.99613 0.00387 0.00000 0.00000 ( 1)
 154 A   0.99947 0.00053 0.00000 0.00000 ( 1)
 155 A   0.99980 0.00020 0.00000 0.00000 ( 1)
 156 Y   0.99938 0.00062 0.00000 0.00000 ( 1)
 157 C   0.99940 0.00060 0.00000 0.00000 ( 1)
 158 D   0.99575 0.00425 0.00000 0.00000 ( 1)
 159 Y   0.99913 0.00087 0.00000 0.00000 ( 1)
 160 A   0.98541 0.01459 0.00000 0.00000 ( 1)
 161 R   0.77702 0.22298 0.00000 0.00000 ( 1)
 162 Y   0.99943 0.00057 0.00000 0.00000 ( 1)
 163 Q   0.97770 0.02230 0.00000 0.00000 ( 1)
 164 P   0.99880 0.00120 0.00000 0.00000 ( 1)
 165 R   0.99241 0.00759 0.00000 0.00000 ( 1)
 166 V   0.99938 0.00062 0.00000 0.00000 ( 1)
 167 L   0.99597 0.00403 0.00000 0.00000 ( 1)
 168 A   0.99133 0.00867 0.00000 0.00000 ( 1)
 169 V   0.99966 0.00034 0.00000 0.00000 ( 1)
 170 I   0.99987 0.00013 0.00000 0.00000 ( 1)
 171 G   0.99906 0.00094 0.00000 0.00000 ( 1)
 172 P   0.99978 0.00022 0.00000 0.00000 ( 1)
 173 H   0.99972 0.00028 0.00000 0.00000 ( 1)
 174 S   0.99873 0.00127 0.00000 0.00000 ( 1)
 175 S   0.98696 0.01304 0.00000 0.00000 ( 1)
 176 E   0.99945 0.00055 0.00000 0.00000 ( 1)
 177 L   0.99947 0.00053 0.00000 0.00000 ( 1)
 178 A   0.99980 0.00020 0.00000 0.00000 ( 1)
 179 L   0.76885 0.23115 0.00000 0.00000 ( 1)
 180 I   0.99706 0.00294 0.00000 0.00000 ( 1)
 181 T   0.99950 0.00050 0.00000 0.00000 ( 1)
 182 G   0.99931 0.00069 0.00000 0.00000 ( 1)
 183 K   0.99904 0.00096 0.00000 0.00000 ( 1)
 184 F   0.99987 0.00013 0.00000 0.00000 ( 1)
 185 F   0.99975 0.00025 0.00000 0.00000 ( 1)
 186 G   0.87802 0.12198 0.00000 0.00000 ( 1)
 187 F   0.99987 0.00013 0.00000 0.00000 ( 1)
 188 F   0.99987 0.00013 0.00000 0.00000 ( 1)
 189 L   0.99962 0.00038 0.00000 0.00000 ( 1)
 190 M   0.99819 0.00181 0.00000 0.00000 ( 1)
 191 P   0.99958 0.00042 0.00000 0.00000 ( 1)
 192 Q   0.99843 0.00157 0.00000 0.00000 ( 1)
 193 V   0.99966 0.00034 0.00000 0.00000 ( 1)
 194 S   0.99967 0.00033 0.00000 0.00000 ( 1)
 195 Y   0.97967 0.02033 0.00000 0.00000 ( 1)
 196 G   0.99403 0.00597 0.00000 0.00000 ( 1)
 197 A   0.99355 0.00645 0.00000 0.00000 ( 1)
 198 S   0.99674 0.00326 0.00000 0.00000 ( 1)
 199 M   0.99982 0.00018 0.00000 0.00000 ( 1)
 200 D   0.99404 0.00596 0.00000 0.00000 ( 1)
 201 G   0.70892 0.29108 0.00000 0.00000 ( 1)
 202 L   0.99850 0.00150 0.00000 0.00000 ( 1)
 203 S   0.99933 0.00067 0.00000 0.00000 ( 1)
 204 I   0.96857 0.03143 0.00000 0.00000 ( 1)
 205 R   0.99873 0.00127 0.00000 0.00000 ( 1)
 206 E   0.99945 0.00055 0.00000 0.00000 ( 1)
 207 T   0.99972 0.00028 0.00000 0.00000 ( 1)
 208 F   0.99987 0.00013 0.00000 0.00000 ( 1)
 209 P   0.99978 0.00022 0.00000 0.00000 ( 1)
 210 S   0.99967 0.00033 0.00000 0.00000 ( 1)
 211 F   0.99987 0.00013 0.00000 0.00000 ( 1)
 212 F   0.99987 0.00013 0.00000 0.00000 ( 1)
 213 R   0.99949 0.00051 0.00000 0.00000 ( 1)
 214 T   0.99127 0.00873 0.00000 0.00000 ( 1)
 215 V   0.99936 0.00064 0.00000 0.00000 ( 1)
 216 P   0.99978 0.00022 0.00000 0.00000 ( 1)
 217 S   0.99784 0.00216 0.00000 0.00000 ( 1)
 218 D   0.99975 0.00025 0.00000 0.00000 ( 1)
 219 R   0.99380 0.00620 0.00000 0.00000 ( 1)
 220 T   0.91300 0.08700 0.00000 0.00000 ( 1)
 221 Q   0.99843 0.00157 0.00000 0.00000 ( 1)
 222 L   0.99653 0.00347 0.00000 0.00000 ( 1)
 223 L   0.00051 0.99949 0.00000 0.00000 ( 2)
 224 A   0.99934 0.00066 0.00000 0.00000 ( 1)
 225 V   0.04879 0.95121 0.00000 0.00000 ( 2)
 226 M   0.54247 0.45753 0.00000 0.00000 ( 1)
 227 K   0.98451 0.01549 0.00000 0.00000 ( 1)
 228 L   0.99653 0.00347 0.00000 0.00000 ( 1)
 229 L   0.99558 0.00442 0.00000 0.00000 ( 1)
 230 Q   0.97652 0.02348 0.00000 0.00000 ( 1)
 231 E   0.48865 0.51135 0.00000 0.00000 ( 2)
 232 F   0.99791 0.00209 0.00000 0.00000 ( 1)
 233 S   0.94670 0.05330 0.00000 0.00000 ( 1)
 234 W   0.99749 0.00251 0.00000 0.00000 ( 1)
 235 N   0.99961 0.00039 0.00000 0.00000 ( 1)
 236 W   0.99749 0.00251 0.00000 0.00000 ( 1)
 237 V   0.99938 0.00062 0.00000 0.00000 ( 1)
 238 A   0.99970 0.00030 0.00000 0.00000 ( 1)
 239 A   0.99976 0.00024 0.00000 0.00000 ( 1)
 240 L   0.99651 0.00349 0.00000 0.00000 ( 1)
 241 G   0.99953 0.00047 0.00000 0.00000 ( 1)
 242 S   0.99474 0.00526 0.00000 0.00000 ( 1)
 243 D   0.99935 0.00065 0.00000 0.00000 ( 1)
 244 D   0.99928 0.00072 0.00000 0.00000 ( 1)
 245 E   0.99940 0.00060 0.00000 0.00000 ( 1)
 246 Y   0.96979 0.03021 0.00000 0.00000 ( 1)
 247 G   0.99953 0.00047 0.00000 0.00000 ( 1)
 248 R   0.99832 0.00168 0.00000 0.00000 ( 1)
 249 Q   0.99819 0.00181 0.00000 0.00000 ( 1)
 250 G   0.99953 0.00047 0.00000 0.00000 ( 1)
 251 L   0.99425 0.00575 0.00000 0.00000 ( 1)
 252 S   0.99636 0.00364 0.00000 0.00000 ( 1)
 253 I   0.99880 0.00120 0.00000 0.00000 ( 1)
 254 F   0.99987 0.00013 0.00000 0.00000 ( 1)
 255 S   0.99766 0.00234 0.00000 0.00000 ( 1)
 256 S   0.14070 0.85930 0.00000 0.00000 ( 2)
 257 M   0.96701 0.03299 0.00000 0.00000 ( 1)
 258 A   0.99957 0.00043 0.00000 0.00000 ( 1)
 259 S   0.50389 0.49611 0.00000 0.00000 ( 1)
 260 T   0.40380 0.59620 0.00000 0.00000 ( 2)
 261 Q   0.82224 0.17776 0.00000 0.00000 ( 1)
 262 G   0.93546 0.06454 0.00000 0.00000 ( 1)
 263 I   0.99988 0.00012 0.00000 0.00000 ( 1)
 264 C   0.99921 0.00079 0.00000 0.00000 ( 1)
 265 I   0.99978 0.00022 0.00000 0.00000 ( 1)
 266 A   0.98085 0.01915 0.00000 0.00000 ( 1)
 267 H   0.99959 0.00041 0.00000 0.00000 ( 1)
 268 E   0.99945 0.00055 0.00000 0.00000 ( 1)
 269 G   0.99953 0.00047 0.00000 0.00000 ( 1)
 270 L   0.99633 0.00367 0.00000 0.00000 ( 1)
 271 V   0.99938 0.00062 0.00000 0.00000 ( 1)
 272 P   0.99853 0.00147 0.00000 0.00000 ( 1)
 273 L   0.99594 0.00406 0.00000 0.00000 ( 1)
 274 S   0.96075 0.03925 0.00000 0.00000 ( 1)
 275 S   0.04698 0.95302 0.00000 0.00000 ( 2)
 276 A   0.99795 0.00205 0.00000 0.00000 ( 1)
 277 N   0.49535 0.50465 0.00000 0.00000 ( 2)
 278 D   0.00097 0.99903 0.00000 0.00000 ( 2)
 279 L   0.00009 0.99991 0.00000 0.00000 ( 2)
 280 V   0.00316 0.99684 0.00000 0.00000 ( 2)
 281 M   0.22664 0.77336 0.00000 0.00000 ( 2)
 282 R   0.99251 0.00749 0.00000 0.00000 ( 1)
 283 K   0.99911 0.00089 0.00000 0.00000 ( 1)
 284 V   0.99938 0.00062 0.00000 0.00000 ( 1)
 285 Q   0.99843 0.00157 0.00000 0.00000 ( 1)
 286 A   0.66746 0.33254 0.00000 0.00000 ( 1)
 287 L   0.15630 0.84370 0.00000 0.00000 ( 2)
 288 L   0.99653 0.00347 0.00000 0.00000 ( 1)
 289 H   0.99560 0.00440 0.00000 0.00000 ( 1)
 290 Q   0.99843 0.00157 0.00000 0.00000 ( 1)
 291 I   0.95851 0.04149 0.00000 0.00000 ( 1)
 292 N   0.99961 0.00039 0.00000 0.00000 ( 1)
 293 Q   0.99831 0.00169 0.00000 0.00000 ( 1)
 294 S   0.99642 0.00358 0.00000 0.00000 ( 1)
 295 N   0.96017 0.03983 0.00000 0.00000 ( 1)
 296 V   0.95915 0.04085 0.00000 0.00000 ( 1)
 297 Q   0.99843 0.00157 0.00000 0.00000 ( 1)
 298 V   0.99938 0.00062 0.00000 0.00000 ( 1)
 299 V   0.99938 0.00062 0.00000 0.00000 ( 1)
 300 V   0.97886 0.02114 0.00000 0.00000 ( 1)
 301 L   0.99557 0.00443 0.00000 0.00000 ( 1)
 302 F   0.99974 0.00026 0.00000 0.00000 ( 1)
 303 A   0.99972 0.00028 0.00000 0.00000 ( 1)
 304 S   0.99926 0.00074 0.00000 0.00000 ( 1)
 305 A   0.95116 0.04884 0.00000 0.00000 ( 1)
 306 H   0.46143 0.53857 0.00000 0.00000 ( 2)
 307 A   0.99891 0.00109 0.00000 0.00000 ( 1)
 308 A   0.99981 0.00019 0.00000 0.00000 ( 1)
 309 H   0.47967 0.52033 0.00000 0.00000 ( 2)
 310 L   0.00020 0.99980 0.00000 0.00000 ( 2)
 311 L   0.99561 0.00439 0.00000 0.00000 ( 1)
 312 F   0.99987 0.00013 0.00000 0.00000 ( 1)
 313 S   0.12289 0.87711 0.00000 0.00000 ( 2)
 314 Y   0.98002 0.01998 0.00000 0.00000 ( 1)
 315 S   0.99661 0.00339 0.00000 0.00000 ( 1)
 316 I   0.99988 0.00012 0.00000 0.00000 ( 1)
 317 R   0.92897 0.07103 0.00000 0.00000 ( 1)
 318 F   0.01249 0.98751 0.00000 0.00000 ( 2)
 319 N   0.43093 0.56907 0.00000 0.00000 ( 2)
 320 L   0.99962 0.00038 0.00000 0.00000 ( 1)
 321 S   0.64196 0.35804 0.00000 0.00000 ( 1)
 322 P   0.97535 0.02465 0.00000 0.00000 ( 1)
 323 K   0.99911 0.00089 0.00000 0.00000 ( 1)
 324 V   0.99938 0.00062 0.00000 0.00000 ( 1)
 325 W   0.99749 0.00251 0.00000 0.00000 ( 1)
 326 V   0.99923 0.00077 0.00000 0.00000 ( 1)
 327 A   0.99981 0.00019 0.00000 0.00000 ( 1)
 328 S   0.99944 0.00056 0.00000 0.00000 ( 1)
 329 E   0.99945 0.00055 0.00000 0.00000 ( 1)
 330 A   0.99981 0.00019 0.00000 0.00000 ( 1)
 331 W   0.99749 0.00251 0.00000 0.00000 ( 1)
 332 L   0.99623 0.00377 0.00000 0.00000 ( 1)
 333 T   0.99971 0.00029 0.00000 0.00000 ( 1)
 334 S   0.94646 0.05354 0.00000 0.00000 ( 1)
 335 D   0.95979 0.04021 0.00000 0.00000 ( 1)
 336 L   0.62318 0.37682 0.00000 0.00000 ( 1)
 337 V   0.99607 0.00393 0.00000 0.00000 ( 1)
 338 M   0.99982 0.00018 0.00000 0.00000 ( 1)
 339 E   0.90428 0.09572 0.00000 0.00000 ( 1)
 340 L   0.99651 0.00349 0.00000 0.00000 ( 1)
 341 P   0.99763 0.00237 0.00000 0.00000 ( 1)
 342 G   0.99953 0.00047 0.00000 0.00000 ( 1)
 343 M   0.99827 0.00173 0.00000 0.00000 ( 1)
 344 T   0.99800 0.00200 0.00000 0.00000 ( 1)
 345 Q   0.98602 0.01398 0.00000 0.00000 ( 1)
 346 M   0.94026 0.05974 0.00000 0.00000 ( 1)
 347 G   0.99937 0.00063 0.00000 0.00000 ( 1)
 348 T   0.99944 0.00056 0.00000 0.00000 ( 1)
 349 V   0.99938 0.00062 0.00000 0.00000 ( 1)
 350 L   0.97790 0.02210 0.00000 0.00000 ( 1)
 351 G   0.99953 0.00047 0.00000 0.00000 ( 1)
 352 F   0.99917 0.00083 0.00000 0.00000 ( 1)
 353 L   0.98483 0.01517 0.00000 0.00000 ( 1)
 354 H   0.98595 0.01405 0.00000 0.00000 ( 1)
 355 Q   0.85009 0.14991 0.00000 0.00000 ( 1)
 356 G   0.82669 0.17331 0.00000 0.00000 ( 1)
 357 D   0.03886 0.96114 0.00000 0.00000 ( 2)
 358 L   0.03765 0.96235 0.00000 0.00000 ( 2)
 359 L   0.99635 0.00365 0.00000 0.00000 ( 1)
 360 P   0.96264 0.03736 0.00000 0.00000 ( 1)
 361 N   0.00857 0.99143 0.00000 0.00000 ( 2)
 362 F   0.99987 0.00013 0.00000 0.00000 ( 1)
 363 S   0.62983 0.37017 0.00000 0.00000 ( 1)
 364 Q   0.35668 0.64332 0.00000 0.00000 ( 2)
 365 Y   0.99828 0.00172 0.00000 0.00000 ( 1)
 366 V   0.99938 0.00062 0.00000 0.00000 ( 1)
 367 K   0.99075 0.00925 0.00000 0.00000 ( 1)
 368 N   0.99273 0.00727 0.00000 0.00000 ( 1)
 369 R   0.61885 0.38115 0.00000 0.00000 ( 1)
 370 L   0.96719 0.03281 0.00000 0.00000 ( 1)
 371 H   0.14721 0.85279 0.00000 0.00000 ( 2)
 372 L   0.99653 0.00347 0.00000 0.00000 ( 1)
 373 A   0.99970 0.00030 0.00000 0.00000 ( 1)
 374 A   0.99512 0.00488 0.00000 0.00000 ( 1)
 375 N   0.97130 0.02870 0.00000 0.00000 ( 1)
 376 P   0.98982 0.01018 0.00000 0.00000 ( 1)
 377 A   0.32013 0.67987 0.00000 0.00000 ( 2)
 378 F   0.99987 0.00013 0.00000 0.00000 ( 1)
 379 C   0.99741 0.00259 0.00000 0.00000 ( 1)
 380 A   0.97819 0.02181 0.00000 0.00000 ( 1)
 381 S   0.10373 0.89627 0.00000 0.00000 ( 2)
 382 L   0.99653 0.00347 0.00000 0.00000 ( 1)
 383 K   0.14889 0.85111 0.00000 0.00000 ( 2)
 384 A   0.01086 0.98914 0.00000 0.00000 ( 2)
 385 E   0.47246 0.52754 0.00000 0.00000 ( 2)
 386 Q   0.98986 0.01014 0.00000 0.00000 ( 1)
 387 P   0.93383 0.06617 0.00000 0.00000 ( 1)
 388 G   0.96341 0.03659 0.00000 0.00000 ( 1)
 389 L   0.99594 0.00406 0.00000 0.00000 ( 1)
 390 E   0.99945 0.00055 0.00000 0.00000 ( 1)
 391 E   0.99941 0.00059 0.00000 0.00000 ( 1)
 392 H   0.99519 0.00481 0.00000 0.00000 ( 1)
 393 V   0.99938 0.00062 0.00000 0.00000 ( 1)
 394 V   0.99923 0.00077 0.00000 0.00000 ( 1)
 395 G   0.99943 0.00057 0.00000 0.00000 ( 1)
 396 P   0.90670 0.09330 0.00000 0.00000 ( 1)
 397 R   0.99949 0.00051 0.00000 0.00000 ( 1)
 398 C   0.99961 0.00039 0.00000 0.00000 ( 1)
 399 P   0.99839 0.00161 0.00000 0.00000 ( 1)
 400 Q   0.99843 0.00157 0.00000 0.00000 ( 1)
 401 C   0.96296 0.03704 0.00000 0.00000 ( 1)
 402 D   0.99975 0.00025 0.00000 0.00000 ( 1)
 403 H   0.00044 0.99956 0.00000 0.00000 ( 2)
 404 I   0.98666 0.01334 0.00000 0.00000 ( 1)
 405 T   0.98037 0.01963 0.00000 0.00000 ( 1)
 406 L   0.99633 0.00367 0.00000 0.00000 ( 1)
 407 Q   0.99739 0.00261 0.00000 0.00000 ( 1)
 408 N   0.99941 0.00059 0.00000 0.00000 ( 1)
 409 V   0.99128 0.00872 0.00000 0.00000 ( 1)
 410 S   0.40423 0.59577 0.00000 0.00000 ( 2)
 411 A   0.94800 0.05200 0.00000 0.00000 ( 1)
 412 G   0.54006 0.45994 0.00000 0.00000 ( 1)
 413 L   0.97481 0.02519 0.00000 0.00000 ( 1)
 414 L   0.00000 1.00000 0.00000 0.00000 ( 2)
 415 H   0.93823 0.06177 0.00000 0.00000 ( 1)
 416 H   0.99703 0.00297 0.00000 0.00000 ( 1)
 417 R   0.84446 0.15554 0.00000 0.00000 ( 1)
 418 P   0.51688 0.48312 0.00000 0.00000 ( 1)
 419 F   0.99979 0.00021 0.00000 0.00000 ( 1)
 420 A   0.29389 0.70611 0.00000 0.00000 ( 2)
 421 A   0.99698 0.00302 0.00000 0.00000 ( 1)
 422 Y   0.99913 0.00087 0.00000 0.00000 ( 1)
 423 A   0.75362 0.24638 0.00000 0.00000 ( 1)
 424 A   0.99081 0.00919 0.00000 0.00000 ( 1)
 425 V   0.99938 0.00062 0.00000 0.00000 ( 1)
 426 Y   0.99822 0.00178 0.00000 0.00000 ( 1)
 427 S   0.99447 0.00553 0.00000 0.00000 ( 1)
 428 V   0.99938 0.00062 0.00000 0.00000 ( 1)
 429 A   0.99976 0.00024 0.00000 0.00000 ( 1)
 430 Q   0.99823 0.00177 0.00000 0.00000 ( 1)
 431 A   0.99981 0.00019 0.00000 0.00000 ( 1)
 432 L   0.99582 0.00418 0.00000 0.00000 ( 1)
 433 H   0.99972 0.00028 0.00000 0.00000 ( 1)
 434 N   0.99959 0.00041 0.00000 0.00000 ( 1)
 435 T   0.97225 0.02775 0.00000 0.00000 ( 1)
 436 L   0.99557 0.00443 0.00000 0.00000 ( 1)
 437 Q   0.03462 0.96538 0.00000 0.00000 ( 2)
 438 C   0.99961 0.00039 0.00000 0.00000 ( 1)
 439 S   0.71497 0.28503 0.00000 0.00000 ( 1)
 440 S   0.96334 0.03666 0.00000 0.00000 ( 1)
 441 S   0.99463 0.00537 0.00000 0.00000 ( 1)
 442 G   0.99953 0.00047 0.00000 0.00000 ( 1)
 443 C   0.99961 0.00039 0.00000 0.00000 ( 1)
 444 P   0.99963 0.00037 0.00000 0.00000 ( 1)
 445 A   0.00140 0.99860 0.00000 0.00000 ( 2)
 446 R   0.10919 0.89081 0.00000 0.00000 ( 2)
 447 E   0.96601 0.03399 0.00000 0.00000 ( 1)
 448 P   0.99975 0.00025 0.00000 0.00000 ( 1)
 449 V   0.99938 0.00062 0.00000 0.00000 ( 1)
 450 R   0.37625 0.62375 0.00000 0.00000 ( 2)
 451 -   0.83763 0.16237 0.00000 0.00000 ( 1)
 452 -   0.83763 0.16237 0.00000 0.00000 ( 1)
 453 -   0.83763 0.16237 0.00000 0.00000 ( 1)
 454 -   0.83763 0.16237 0.00000 0.00000 ( 1)
 455 -   0.83763 0.16237 0.00000 0.00000 ( 1)
 456 -   0.83763 0.16237 0.00000 0.00000 ( 1)
 457 P   0.99555 0.00445 0.00000 0.00000 ( 1)
 458 W   0.99749 0.00251 0.00000 0.00000 ( 1)
 459 Q   0.83371 0.16629 0.00000 0.00000 ( 1)
 460 L   0.52882 0.47118 0.00000 0.00000 ( 1)
 461 L   0.96638 0.03362 0.00000 0.00000 ( 1)
 462 E   0.07893 0.92107 0.00000 0.00000 ( 2)
 463 N   0.99102 0.00898 0.00000 0.00000 ( 1)
 464 M   0.77414 0.22586 0.00000 0.00000 ( 1)
 465 Y   0.88904 0.11096 0.00000 0.00000 ( 1)
 466 N   0.99517 0.00483 0.00000 0.00000 ( 1)
 467 M   0.99374 0.00626 0.00000 0.00000 ( 1)
 468 S   0.99605 0.00395 0.00000 0.00000 ( 1)
 469 F   0.99987 0.00013 0.00000 0.00000 ( 1)
 470 -   0.83763 0.16237 0.00000 0.00000 ( 1)
 471 R   0.06229 0.93771 0.00000 0.00000 ( 2)
 472 A   0.00021 0.99979 0.00000 0.00000 ( 2)
 473 G   0.05307 0.94693 0.00000 0.00000 ( 2)
 474 G   0.99177 0.00823 0.00000 0.00000 ( 1)
 475 L   0.95413 0.04587 0.00000 0.00000 ( 1)
 476 E   0.00072 0.99928 0.00000 0.00000 ( 2)
 477 L   0.92677 0.07323 0.00000 0.00000 ( 1)
 478 R   0.96994 0.03006 0.00000 0.00000 ( 1)
 479 F   0.99240 0.00760 0.00000 0.00000 ( 1)
 480 D   0.95861 0.04139 0.00000 0.00000 ( 1)
 481 A   0.01797 0.98203 0.00000 0.00000 ( 2)
 482 G   0.51909 0.48091 0.00000 0.00000 ( 1)
 483 G   0.99861 0.00139 0.00000 0.00000 ( 1)
 484 N   0.99941 0.00059 0.00000 0.00000 ( 1)
 485 V   0.99932 0.00068 0.00000 0.00000 ( 1)
 486 N   0.99737 0.00263 0.00000 0.00000 ( 1)
 487 L   0.71604 0.28396 0.00000 0.00000 ( 1)
 488 K   0.99255 0.00745 0.00000 0.00000 ( 1)
 489 Y   0.06510 0.93490 0.00000 0.00000 ( 2)
 490 D   0.96019 0.03981 0.00000 0.00000 ( 1)
 491 L   0.96900 0.03100 0.00000 0.00000 ( 1)
 492 K   0.98990 0.01010 0.00000 0.00000 ( 1)
 493 L   0.70144 0.29856 0.00000 0.00000 ( 1)
 494 W   0.74175 0.25825 0.00000 0.00000 ( 1)
 495 V   0.99267 0.00733 0.00000 0.00000 ( 1)
 496 W   0.99749 0.00251 0.00000 0.00000 ( 1)
 497 R   0.01020 0.98980 0.00000 0.00000 ( 2)
 498 D   0.10615 0.89385 0.00000 0.00000 ( 2)
 499 P   0.00178 0.99822 0.00000 0.00000 ( 2)
 500 T   0.71472 0.28528 0.00000 0.00000 ( 1)
 501 P   0.99961 0.00039 0.00000 0.00000 ( 1)
 502 E   0.00338 0.99662 0.00000 0.00000 ( 2)
 503 L   0.99933 0.00067 0.00000 0.00000 ( 1)
 504 R   0.64396 0.35604 0.00000 0.00000 ( 1)
 505 T   0.00082 0.99918 0.00000 0.00000 ( 2)
 506 V   0.99938 0.00062 0.00000 0.00000 ( 1)
 507 G   0.99953 0.00047 0.00000 0.00000 ( 1)
 508 T   0.00457 0.99543 0.00000 0.00000 ( 2)
 509 F   0.99987 0.00013 0.00000 0.00000 ( 1)
 510 N   0.99290 0.00710 0.00000 0.00000 ( 1)
 511 G   0.90115 0.09885 0.00000 0.00000 ( 1)
 512 S   0.12704 0.87296 0.00000 0.00000 ( 2)
 513 L   0.99612 0.00388 0.00000 0.00000 ( 1)
 514 W   0.02696 0.97304 0.00000 0.00000 ( 2)
 515 -   0.83763 0.16237 0.00000 0.00000 ( 1)
 516 L   0.01043 0.98957 0.00000 0.00000 ( 2)
 517 Q   0.91739 0.08261 0.00000 0.00000 ( 1)
 518 R   0.92857 0.07143 0.00000 0.00000 ( 1)
 519 S   0.00095 0.99905 0.00000 0.00000 ( 2)
 520 K   0.99039 0.00961 0.00000 0.00000 ( 1)
 521 I   0.99868 0.00132 0.00000 0.00000 ( 1)
 522 C   0.00098 0.99902 0.00000 0.00000 ( 2)
 523 W   0.99749 0.00251 0.00000 0.00000 ( 1)
 524 H   0.99935 0.00065 0.00000 0.00000 ( 1)
 525 T   0.98024 0.01976 0.00000 0.00000 ( 1)
 526 H   0.02464 0.97536 0.00000 0.00000 ( 2)
 527 S   0.00641 0.99359 0.00000 0.00000 ( 2)
 528 N   0.99904 0.00096 0.00000 0.00000 ( 1)
 529 R   0.84071 0.15929 0.00000 0.00000 ( 1)
 530 V   0.00002 0.99998 0.00000 0.00000 ( 2)
 531 P   0.99828 0.00172 0.00000 0.00000 ( 1)
 532 V   0.93541 0.06459 0.00000 0.00000 ( 1)
 533 S   0.99546 0.00454 0.00000 0.00000 ( 1)
 534 Q   0.77429 0.22571 0.00000 0.00000 ( 1)
 535 C   0.99961 0.00039 0.00000 0.00000 ( 1)
 536 S   0.99006 0.00994 0.00000 0.00000 ( 1)
 537 Q   0.38357 0.61643 0.00000 0.00000 ( 2)
 538 Q   0.82802 0.17198 0.00000 0.00000 ( 1)
 539 C   0.99912 0.00088 0.00000 0.00000 ( 1)
 540 Q   0.39815 0.60185 0.00000 0.00000 ( 2)
 541 E   0.98270 0.01730 0.00000 0.00000 ( 1)
 542 G   0.99901 0.00099 0.00000 0.00000 ( 1)
 543 Q   0.99705 0.00295 0.00000 0.00000 ( 1)
 544 V   0.99873 0.00127 0.00000 0.00000 ( 1)
 545 R   0.99891 0.00109 0.00000 0.00000 ( 1)
 546 R   0.99123 0.00877 0.00000 0.00000 ( 1)
 547 V   0.99915 0.00085 0.00000 0.00000 ( 1)
 548 K   0.99126 0.00874 0.00000 0.00000 ( 1)
 549 G   0.99887 0.00113 0.00000 0.00000 ( 1)
 550 F   0.99867 0.00133 0.00000 0.00000 ( 1)
 551 H   0.94844 0.05156 0.00000 0.00000 ( 1)
 552 S   0.99607 0.00393 0.00000 0.00000 ( 1)
 553 C   0.93173 0.06827 0.00000 0.00000 ( 1)
 554 C   0.93173 0.06827 0.00000 0.00000 ( 1)
 555 Y   0.99239 0.00761 0.00000 0.00000 ( 1)
 556 D   0.99975 0.00025 0.00000 0.00000 ( 1)
 557 C   0.99691 0.00309 0.00000 0.00000 ( 1)
 558 V   0.99854 0.00146 0.00000 0.00000 ( 1)
 559 D   0.99975 0.00025 0.00000 0.00000 ( 1)
 560 C   0.99957 0.00043 0.00000 0.00000 ( 1)
 561 K   0.51142 0.48858 0.00000 0.00000 ( 1)
 562 P   0.89429 0.10571 0.00000 0.00000 ( 1)
 563 G   0.99953 0.00047 0.00000 0.00000 ( 1)
 564 S   0.99949 0.00051 0.00000 0.00000 ( 1)
 565 Y   0.99943 0.00057 0.00000 0.00000 ( 1)
 566 Q   0.75696 0.24304 0.00000 0.00000 ( 1)
 567 -   0.83763 0.16237 0.00000 0.00000 ( 1)
 568 H   0.00779 0.99221 0.00000 0.00000 ( 2)
 569 S   0.62384 0.37616 0.00000 0.00000 ( 1)
 570 P   0.11623 0.88377 0.00000 0.00000 ( 2)
 571 -   0.83763 0.16237 0.00000 0.00000 ( 1)
 572 -   0.83763 0.16237 0.00000 0.00000 ( 1)
 573 E   0.17669 0.82331 0.00000 0.00000 ( 2)
 574 D   0.99541 0.00459 0.00000 0.00000 ( 1)
 575 P   0.00018 0.99982 0.00000 0.00000 ( 2)
 576 T   0.00222 0.99778 0.00000 0.00000 ( 2)
 577 C   0.94830 0.05170 0.00000 0.00000 ( 1)
 578 T   0.71775 0.28225 0.00000 0.00000 ( 1)
 579 P   0.00000 1.00000 0.00000 0.00000 ( 2)
 580 C   0.80050 0.19950 0.00000 0.00000 ( 1)
 581 R   0.00000 1.00000 0.00000 0.00000 ( 2)
 582 K   0.00774 0.99226 0.00000 0.00000 ( 2)
 583 D   0.53747 0.46253 0.00000 0.00000 ( 1)
 584 Q   0.50181 0.49819 0.00000 0.00000 ( 1)
 585 W   0.93534 0.06466 0.00000 0.00000 ( 1)
 586 S   0.99965 0.00035 0.00000 0.00000 ( 1)
 587 P   0.99950 0.00050 0.00000 0.00000 ( 1)
 588 Q   0.55663 0.44337 0.00000 0.00000 ( 1)
 589 R   0.99866 0.00134 0.00000 0.00000 ( 1)
 590 S   0.99967 0.00033 0.00000 0.00000 ( 1)
 591 R   0.32638 0.67362 0.00000 0.00000 ( 2)
 592 K   0.53739 0.46261 0.00000 0.00000 ( 1)
 593 C   0.99961 0.00039 0.00000 0.00000 ( 1)
 594 F   0.99987 0.00013 0.00000 0.00000 ( 1)
 595 S   0.01350 0.98650 0.00000 0.00000 ( 2)
 596 R   0.99899 0.00101 0.00000 0.00000 ( 1)
 597 R   0.98504 0.01496 0.00000 0.00000 ( 1)
 598 H   0.00818 0.99182 0.00000 0.00000 ( 2)
 599 T   0.68458 0.31542 0.00000 0.00000 ( 1)
 600 F   0.99836 0.00164 0.00000 0.00000 ( 1)
 601 L   0.95290 0.04710 0.00000 0.00000 ( 1)
 602 A   0.17956 0.82044 0.00000 0.00000 ( 2)
 603 W   0.54047 0.45953 0.00000 0.00000 ( 1)
 604 G   0.99332 0.00668 0.00000 0.00000 ( 1)
 605 D   0.40923 0.59077 0.00000 0.00000 ( 2)
 606 P   0.92597 0.07403 0.00000 0.00000 ( 1)
 607 T   0.82201 0.17799 0.00000 0.00000 ( 1)
 608 V   0.99231 0.00769 0.00000 0.00000 ( 1)
 609 L   0.99613 0.00387 0.00000 0.00000 ( 1)
 610 V   0.00240 0.99760 0.00000 0.00000 ( 2)
 611 L   0.73195 0.26805 0.00000 0.00000 ( 1)
 612 L   0.95358 0.04642 0.00000 0.00000 ( 1)
 613 L   0.82872 0.17128 0.00000 0.00000 ( 1)
 614 L   0.91861 0.08139 0.00000 0.00000 ( 1)
 615 L   0.94943 0.05057 0.00000 0.00000 ( 1)
 616 G   0.34385 0.65615 0.00000 0.00000 ( 2)
 617 L   0.99427 0.00573 0.00000 0.00000 ( 1)
 618 V   0.97131 0.02869 0.00000 0.00000 ( 1)
 619 L   0.99653 0.00347 0.00000 0.00000 ( 1)
 620 A   0.99266 0.00734 0.00000 0.00000 ( 1)
 621 L   0.98806 0.01194 0.00000 0.00000 ( 1)
 622 V   0.99938 0.00062 0.00000 0.00000 ( 1)
 623 L   0.91861 0.08139 0.00000 0.00000 ( 1)
 624 A   0.97090 0.02910 0.00000 0.00000 ( 1)
 625 A   0.33279 0.66721 0.00000 0.00000 ( 2)
 626 L   0.94740 0.05260 0.00000 0.00000 ( 1)
 627 G   0.99896 0.00104 0.00000 0.00000 ( 1)
 628 L   0.66098 0.33902 0.00000 0.00000 ( 1)
 629 F   0.97759 0.02241 0.00000 0.00000 ( 1)
 630 V   0.00137 0.99863 0.00000 0.00000 ( 2)
 631 H   0.56062 0.43938 0.00000 0.00000 ( 1)
 632 H   0.99248 0.00752 0.00000 0.00000 ( 1)
 633 R   0.12907 0.87093 0.00000 0.00000 ( 2)
 634 N   0.67645 0.32355 0.00000 0.00000 ( 1)
 635 S   0.94841 0.05159 0.00000 0.00000 ( 1)
 636 P   0.97495 0.02505 0.00000 0.00000 ( 1)
 637 L   0.87682 0.12318 0.00000 0.00000 ( 1)
 638 V   0.49571 0.50429 0.00000 0.00000 ( 2)
 639 Q   0.81518 0.18482 0.00000 0.00000 ( 1)
 640 A   0.99981 0.00019 0.00000 0.00000 ( 1)
 641 S   0.94843 0.05157 0.00000 0.00000 ( 1)
 642 G   0.73750 0.26250 0.00000 0.00000 ( 1)
 643 G   0.86462 0.13538 0.00000 0.00000 ( 1)
 644 L   0.00623 0.99377 0.00000 0.00000 ( 2)
 645 L   0.91861 0.08139 0.00000 0.00000 ( 1)
 646 A   0.99089 0.00911 0.00000 0.00000 ( 1)
 647 C   0.92910 0.07090 0.00000 0.00000 ( 1)
 648 F   0.57187 0.42813 0.00000 0.00000 ( 1)
 649 G   0.53995 0.46005 0.00000 0.00000 ( 1)
 650 L   0.85994 0.14006 0.00000 0.00000 ( 1)
 651 A   0.56711 0.43289 0.00000 0.00000 ( 1)
 652 C   0.98942 0.01058 0.00000 0.00000 ( 1)
 653 L   0.93013 0.06987 0.00000 0.00000 ( 1)
 654 G   0.92138 0.07862 0.00000 0.00000 ( 1)
 655 L   0.97298 0.02702 0.00000 0.00000 ( 1)
 656 V   0.99503 0.00497 0.00000 0.00000 ( 1)
 657 C   0.99961 0.00039 0.00000 0.00000 ( 1)
 658 L   0.94093 0.05907 0.00000 0.00000 ( 1)
 659 S   0.89217 0.10783 0.00000 0.00000 ( 1)
 660 G   0.57975 0.42025 0.00000 0.00000 ( 1)
 661 L   0.94696 0.05304 0.00000 0.00000 ( 1)
 662 L   0.87254 0.12746 0.00000 0.00000 ( 1)
 663 F   0.98504 0.01496 0.00000 0.00000 ( 1)
 664 P   0.88861 0.11139 0.00000 0.00000 ( 1)
 665 G   0.99934 0.00066 0.00000 0.00000 ( 1)
 666 R   0.74215 0.25785 0.00000 0.00000 ( 1)
 667 P   0.99889 0.00111 0.00000 0.00000 ( 1)
 668 S   0.95078 0.04922 0.00000 0.00000 ( 1)
 669 P   0.99486 0.00514 0.00000 0.00000 ( 1)
 670 A   0.93769 0.06231 0.00000 0.00000 ( 1)
 671 S   0.47125 0.52875 0.00000 0.00000 ( 2)
 672 C   0.99946 0.00054 0.00000 0.00000 ( 1)
 673 L   0.67363 0.32637 0.00000 0.00000 ( 1)
 674 A   0.99821 0.00179 0.00000 0.00000 ( 1)
 675 Q   0.97792 0.02208 0.00000 0.00000 ( 1)
 676 Q   0.98186 0.01814 0.00000 0.00000 ( 1)
 677 P   0.99196 0.00804 0.00000 0.00000 ( 1)
 678 L   0.32312 0.67688 0.00000 0.00000 ( 2)
 679 C   0.86010 0.13990 0.00000 0.00000 ( 1)
 680 H   0.67039 0.32961 0.00000 0.00000 ( 1)
 681 L   0.99918 0.00082 0.00000 0.00000 ( 1)
 682 P   0.98862 0.01138 0.00000 0.00000 ( 1)
 683 L   0.99906 0.00094 0.00000 0.00000 ( 1)
 684 T   0.99752 0.00248 0.00000 0.00000 ( 1)
 685 G   0.99901 0.00099 0.00000 0.00000 ( 1)
 686 C   0.99912 0.00088 0.00000 0.00000 ( 1)
 687 L   0.99427 0.00573 0.00000 0.00000 ( 1)
 688 S   0.99924 0.00076 0.00000 0.00000 ( 1)
 689 T   0.92520 0.07480 0.00000 0.00000 ( 1)
 690 L   0.98504 0.01496 0.00000 0.00000 ( 1)
 691 F   0.96279 0.03721 0.00000 0.00000 ( 1)
 692 L   0.99427 0.00573 0.00000 0.00000 ( 1)
 693 Q   0.99707 0.00293 0.00000 0.00000 ( 1)
 694 A   0.99665 0.00335 0.00000 0.00000 ( 1)
 695 A   0.99945 0.00055 0.00000 0.00000 ( 1)
 696 E   0.98699 0.01301 0.00000 0.00000 ( 1)
 697 T   0.82742 0.17258 0.00000 0.00000 ( 1)
 698 F   0.99948 0.00052 0.00000 0.00000 ( 1)
 699 V   0.88676 0.11324 0.00000 0.00000 ( 1)
 700 E   0.99872 0.00128 0.00000 0.00000 ( 1)
 701 S   0.98234 0.01766 0.00000 0.00000 ( 1)
 702 E   0.99604 0.00396 0.00000 0.00000 ( 1)
 703 L   0.99169 0.00831 0.00000 0.00000 ( 1)
 704 P   0.99101 0.00899 0.00000 0.00000 ( 1)
 705 P   0.00956 0.99044 0.00000 0.00000 ( 2)
 706 S   0.95351 0.04649 0.00000 0.00000 ( 1)
 707 W   0.97123 0.02877 0.00000 0.00000 ( 1)
 708 A   0.30620 0.69380 0.00000 0.00000 ( 2)
 709 D   0.97074 0.02926 0.00000 0.00000 ( 1)
 710 R   0.95060 0.04940 0.00000 0.00000 ( 1)
 711 L   0.96675 0.03325 0.00000 0.00000 ( 1)
 712 H   0.11388 0.88612 0.00000 0.00000 ( 2)
 713 S   0.99555 0.00445 0.00000 0.00000 ( 1)
 714 R   0.94580 0.05420 0.00000 0.00000 ( 1)
 715 L   0.99653 0.00347 0.00000 0.00000 ( 1)
 716 R   0.97638 0.02362 0.00000 0.00000 ( 1)
 717 G   0.99887 0.00113 0.00000 0.00000 ( 1)
 718 P   0.99774 0.00226 0.00000 0.00000 ( 1)
 719 C   0.77729 0.22271 0.00000 0.00000 ( 1)
 720 A   0.99981 0.00019 0.00000 0.00000 ( 1)
 721 W   0.99749 0.00251 0.00000 0.00000 ( 1)
 722 M   0.96254 0.03746 0.00000 0.00000 ( 1)
 723 V   0.60577 0.39423 0.00000 0.00000 ( 1)
 724 V   0.99938 0.00062 0.00000 0.00000 ( 1)
 725 V   0.96540 0.03460 0.00000 0.00000 ( 1)
 726 L   0.99557 0.00443 0.00000 0.00000 ( 1)
 727 A   0.99789 0.00211 0.00000 0.00000 ( 1)
 728 L   0.24104 0.75896 0.00000 0.00000 ( 2)
 729 L   0.99653 0.00347 0.00000 0.00000 ( 1)
 730 V   0.99920 0.00080 0.00000 0.00000 ( 1)
 731 E   0.99945 0.00055 0.00000 0.00000 ( 1)
 732 A   0.99334 0.00666 0.00000 0.00000 ( 1)
 733 A   0.98817 0.01183 0.00000 0.00000 ( 1)
 734 L   0.99653 0.00347 0.00000 0.00000 ( 1)
 735 C   0.99888 0.00112 0.00000 0.00000 ( 1)
 736 A   0.59629 0.40371 0.00000 0.00000 ( 1)
 737 W   0.99749 0.00251 0.00000 0.00000 ( 1)
 738 Y   0.99943 0.00057 0.00000 0.00000 ( 1)
 739 L   0.99653 0.00347 0.00000 0.00000 ( 1)
 740 I   0.00573 0.99427 0.00000 0.00000 ( 2)
 741 A   0.99970 0.00030 0.00000 0.00000 ( 1)
 742 F   0.99985 0.00015 0.00000 0.00000 ( 1)
 743 R   0.98718 0.01282 0.00000 0.00000 ( 1)
 744 P   0.98784 0.01216 0.00000 0.00000 ( 1)
 745 E   0.99945 0.00055 0.00000 0.00000 ( 1)
 746 V   0.99914 0.00086 0.00000 0.00000 ( 1)
 747 V   0.99938 0.00062 0.00000 0.00000 ( 1)
 748 M   0.51203 0.48797 0.00000 0.00000 ( 1)
 749 D   0.99975 0.00025 0.00000 0.00000 ( 1)
 750 W   0.99749 0.00251 0.00000 0.00000 ( 1)
 751 H   0.55194 0.44806 0.00000 0.00000 ( 1)
 752 V   0.92483 0.07517 0.00000 0.00000 ( 1)
 753 L   0.99631 0.00369 0.00000 0.00000 ( 1)
 754 P   0.99978 0.00022 0.00000 0.00000 ( 1)
 755 T   0.95575 0.04425 0.00000 0.00000 ( 1)
 756 K   0.99429 0.00571 0.00000 0.00000 ( 1)
 757 A   0.99338 0.00662 0.00000 0.00000 ( 1)
 758 L   0.99633 0.00367 0.00000 0.00000 ( 1)
 759 V   0.98193 0.01807 0.00000 0.00000 ( 1)
 760 H   0.99972 0.00028 0.00000 0.00000 ( 1)
 761 C   0.99914 0.00086 0.00000 0.00000 ( 1)
 762 R   0.99472 0.00528 0.00000 0.00000 ( 1)
 763 V   0.00045 0.99955 0.00000 0.00000 ( 2)
 764 H   0.98986 0.01014 0.00000 0.00000 ( 1)
 765 S   0.99967 0.00033 0.00000 0.00000 ( 1)
 766 W   0.99749 0.00251 0.00000 0.00000 ( 1)
 767 A   0.99539 0.00461 0.00000 0.00000 ( 1)
 768 G   0.96668 0.03332 0.00000 0.00000 ( 1)
 769 L   0.98707 0.01293 0.00000 0.00000 ( 1)
 770 G   0.99953 0.00047 0.00000 0.00000 ( 1)
 771 L   0.99636 0.00364 0.00000 0.00000 ( 1)
 772 V   0.99086 0.00914 0.00000 0.00000 ( 1)
 773 H   0.99936 0.00064 0.00000 0.00000 ( 1)
 774 T   0.97940 0.02060 0.00000 0.00000 ( 1)
 775 L   0.71715 0.28285 0.00000 0.00000 ( 1)
 776 N   0.99537 0.00463 0.00000 0.00000 ( 1)
 777 A   0.99975 0.00025 0.00000 0.00000 ( 1)
 778 I   0.04902 0.95098 0.00000 0.00000 ( 2)
 779 L   0.99653 0.00347 0.00000 0.00000 ( 1)
 780 A   0.99913 0.00087 0.00000 0.00000 ( 1)
 781 S   0.99731 0.00269 0.00000 0.00000 ( 1)
 782 L   0.99867 0.00133 0.00000 0.00000 ( 1)
 783 C   0.99568 0.00432 0.00000 0.00000 ( 1)
 784 F   0.99984 0.00016 0.00000 0.00000 ( 1)
 785 L   0.99547 0.00453 0.00000 0.00000 ( 1)
 786 G   0.99933 0.00067 0.00000 0.00000 ( 1)
 787 T   0.99965 0.00035 0.00000 0.00000 ( 1)
 788 F   0.99987 0.00013 0.00000 0.00000 ( 1)
 789 L   0.99653 0.00347 0.00000 0.00000 ( 1)
 790 V   0.99914 0.00086 0.00000 0.00000 ( 1)
 791 R   0.77533 0.22467 0.00000 0.00000 ( 1)
 792 S   0.99967 0.00033 0.00000 0.00000 ( 1)
 793 Q   0.19953 0.80047 0.00000 0.00000 ( 2)
 794 P   0.99853 0.00147 0.00000 0.00000 ( 1)
 795 G   0.91756 0.08244 0.00000 0.00000 ( 1)
 796 R   0.99488 0.00512 0.00000 0.00000 ( 1)
 797 Y   0.99943 0.00057 0.00000 0.00000 ( 1)
 798 S   0.99571 0.00429 0.00000 0.00000 ( 1)
 799 R   0.79273 0.20727 0.00000 0.00000 ( 1)
 800 A   0.99981 0.00019 0.00000 0.00000 ( 1)
 801 R   0.97655 0.02345 0.00000 0.00000 ( 1)
 802 G   0.99953 0.00047 0.00000 0.00000 ( 1)
 803 L   0.99448 0.00552 0.00000 0.00000 ( 1)
 804 T   0.99972 0.00028 0.00000 0.00000 ( 1)
 805 F   0.98253 0.01747 0.00000 0.00000 ( 1)
 806 A   0.99980 0.00020 0.00000 0.00000 ( 1)
 807 T   0.59657 0.40343 0.00000 0.00000 ( 1)
 808 L   0.99653 0.00347 0.00000 0.00000 ( 1)
 809 A   0.99970 0.00030 0.00000 0.00000 ( 1)
 810 Y   0.99879 0.00121 0.00000 0.00000 ( 1)
 811 L   0.99729 0.00271 0.00000 0.00000 ( 1)
 812 I   0.99988 0.00012 0.00000 0.00000 ( 1)
 813 T   0.99693 0.00307 0.00000 0.00000 ( 1)
 814 W   0.99749 0.00251 0.00000 0.00000 ( 1)
 815 V   0.99966 0.00034 0.00000 0.00000 ( 1)
 816 S   0.99967 0.00033 0.00000 0.00000 ( 1)
 817 F   0.99977 0.00023 0.00000 0.00000 ( 1)
 818 V   0.99938 0.00062 0.00000 0.00000 ( 1)
 819 P   0.99953 0.00047 0.00000 0.00000 ( 1)
 820 L   0.99962 0.00038 0.00000 0.00000 ( 1)
 821 L   0.99653 0.00347 0.00000 0.00000 ( 1)
 822 A   0.99981 0.00019 0.00000 0.00000 ( 1)
 823 N   0.99367 0.00633 0.00000 0.00000 ( 1)
 824 V   0.98038 0.01962 0.00000 0.00000 ( 1)
 825 Q   0.98470 0.01530 0.00000 0.00000 ( 1)
 826 V   0.99938 0.00062 0.00000 0.00000 ( 1)
 827 A   0.99576 0.00424 0.00000 0.00000 ( 1)
 828 H   0.52985 0.47015 0.00000 0.00000 ( 1)
 829 Q   0.97395 0.02605 0.00000 0.00000 ( 1)
 830 P   0.99918 0.00082 0.00000 0.00000 ( 1)
 831 A   0.99974 0.00026 0.00000 0.00000 ( 1)
 832 V   0.93768 0.06232 0.00000 0.00000 ( 1)
 833 Q   0.99843 0.00157 0.00000 0.00000 ( 1)
 834 M   0.99982 0.00018 0.00000 0.00000 ( 1)
 835 G   0.99713 0.00287 0.00000 0.00000 ( 1)
 836 A   0.99979 0.00021 0.00000 0.00000 ( 1)
 837 V   0.93851 0.06149 0.00000 0.00000 ( 1)
 838 L   0.99786 0.00214 0.00000 0.00000 ( 1)
 839 F   0.99226 0.00774 0.00000 0.00000 ( 1)
 840 C   0.96031 0.03969 0.00000 0.00000 ( 1)
 841 A   0.95055 0.04945 0.00000 0.00000 ( 1)
 842 L   0.99653 0.00347 0.00000 0.00000 ( 1)
 843 G   0.99953 0.00047 0.00000 0.00000 ( 1)
 844 I   0.99957 0.00043 0.00000 0.00000 ( 1)
 845 L   0.99653 0.00347 0.00000 0.00000 ( 1)
 846 V   0.98038 0.01962 0.00000 0.00000 ( 1)
 847 A   0.99981 0.00019 0.00000 0.00000 ( 1)
 848 F   0.97561 0.02439 0.00000 0.00000 ( 1)
 849 H   0.99972 0.00028 0.00000 0.00000 ( 1)
 850 L   0.99620 0.00380 0.00000 0.00000 ( 1)
 851 P   0.99972 0.00028 0.00000 0.00000 ( 1)
 852 K   0.98382 0.01618 0.00000 0.00000 ( 1)
 853 C   0.99275 0.00725 0.00000 0.00000 ( 1)
 854 Y   0.99943 0.00057 0.00000 0.00000 ( 1)
 855 L   0.99623 0.00377 0.00000 0.00000 ( 1)
 856 L   0.99883 0.00117 0.00000 0.00000 ( 1)
 857 V   0.04138 0.95862 0.00000 0.00000 ( 2)
 858 R   0.28349 0.71651 0.00000 0.00000 ( 2)
 859 Q   0.99843 0.00157 0.00000 0.00000 ( 1)
 860 P   0.99359 0.00641 0.00000 0.00000 ( 1)
 861 E   0.93108 0.06892 0.00000 0.00000 ( 1)
 862 L   0.99960 0.00040 0.00000 0.00000 ( 1)
 863 N   0.99961 0.00039 0.00000 0.00000 ( 1)
 864 T   0.99972 0.00028 0.00000 0.00000 ( 1)
 865 P   0.99893 0.00107 0.00000 0.00000 ( 1)
 866 E   0.99945 0.00055 0.00000 0.00000 ( 1)
 867 F   0.99987 0.00013 0.00000 0.00000 ( 1)
 868 F   0.99986 0.00014 0.00000 0.00000 ( 1)
 869 L   0.99653 0.00347 0.00000 0.00000 ( 1)
 870 G   0.91962 0.08038 0.00000 0.00000 ( 1)
 871 G   0.98982 0.01018 0.00000 0.00000 ( 1)
 872 R   0.22377 0.77623 0.00000 0.00000 ( 2)
 873 S   0.12906 0.87094 0.00000 0.00000 ( 2)
 874 R   0.09406 0.90594 0.00000 0.00000 ( 2)
 875 D   0.08592 0.91408 0.00000 0.00000 ( 2)
 876 A   0.54006 0.45994 0.00000 0.00000 ( 1)
 877 T   0.00027 0.99973 0.00000 0.00000 ( 2)
 878 S   0.91175 0.08825 0.00000 0.00000 ( 1)
 879 R   0.89481 0.10519 0.00000 0.00000 ( 1)
 880 E   0.00613 0.99387 0.00000 0.00000 ( 2)
 881 S   0.11332 0.88668 0.00000 0.00000 ( 2)
 882 S   0.07976 0.92024 0.00000 0.00000 ( 2)
 883 G   0.18369 0.81631 0.00000 0.00000 ( 2)
 884 G   0.85324 0.14676 0.00000 0.00000 ( 1)
 885 E   0.00838 0.99162 0.00000 0.00000 ( 2)
 886 E   0.22433 0.77567 0.00000 0.00000 ( 2)
 887 G   0.55057 0.44943 0.00000 0.00000 ( 1)
 888 T   0.14508 0.85492 0.00000 0.00000 ( 2)
 889 R   0.98201 0.01799 0.00000 0.00000 ( 1)
 890 G   0.82635 0.17365 0.00000 0.00000 ( 1)
 891 K   0.98786 0.01214 0.00000 0.00000 ( 1)
 892 S   0.00104 0.99896 0.00000 0.00000 ( 2)
 893 E   0.99158 0.00842 0.00000 0.00000 ( 1)


lnL = -13085.384106

Bayes Empirical Bayes (BEB) probabilities for 4 classes (class)
(amino acids refer to 1st sequence: 1.Bushbaby)

   1 -   0.84249 0.12417 0.02906 0.00428 ( 1)
   2 -   0.84016 0.12650 0.02897 0.00436 ( 1)
   3 -   0.84270 0.12396 0.02906 0.00428 ( 1)
   4 -   0.84215 0.12451 0.02904 0.00429 ( 1)
   5 -   0.84033 0.12633 0.02898 0.00436 ( 1)
   6 -   0.83451 0.13215 0.02878 0.00456 ( 1)
   7 -   0.84286 0.12380 0.02907 0.00427 ( 1)
   8 -   0.84178 0.12489 0.02903 0.00431 ( 1)
   9 -   0.83712 0.12954 0.02887 0.00447 ( 1)
  10 -   0.48269 0.48397 0.01665 0.01669 ( 2)
  11 -   0.84132 0.12534 0.02902 0.00432 ( 1)
  12 -   0.83897 0.12770 0.02893 0.00440 ( 1)
  13 -   0.83897 0.12770 0.02893 0.00440 ( 1)
  14 -   0.83503 0.13163 0.02880 0.00454 ( 1)
  15 -   0.84177 0.12489 0.02903 0.00431 ( 1)
  16 -   0.84286 0.12380 0.02907 0.00427 ( 1)
  17 -   0.83470 0.13197 0.02879 0.00455 ( 1)
  18 -   0.84286 0.12380 0.02907 0.00427 ( 1)
  19 M   0.97527 0.00021 0.02451 0.00001 ( 1)
  20 P   0.90368 0.06837 0.02578 0.00217 ( 1)
  21 G   0.31768 0.65404 0.00826 0.02002 ( 2)
  22 P   0.44923 0.51866 0.01466 0.01745 ( 2)
  23 A   0.73245 0.23574 0.02388 0.00793 ( 1)
  24 V   0.97481 0.00041 0.02477 0.00001 ( 1)
  25 L   0.96841 0.00385 0.02762 0.00012 ( 1)
  26 G   0.97410 0.00054 0.02534 0.00002 ( 1)
  27 F   0.94262 0.03231 0.02409 0.00098 ( 1)
  28 S   0.97436 0.00038 0.02525 0.00001 ( 1)
  29 L   0.97462 0.00046 0.02491 0.00001 ( 1)
  30 A   0.80916 0.16267 0.02302 0.00516 ( 1)
  31 T   0.36002 0.60780 0.01174 0.02044 ( 2)
  32 L   0.83158 0.14283 0.02125 0.00435 ( 1)
  33 L   0.96685 0.00541 0.02758 0.00017 ( 1)
  34 G   0.26438 0.70741 0.00675 0.02146 ( 2)
  35 F   0.01060 0.93241 0.00394 0.05305 ( 2)
  36 G   0.91411 0.05952 0.02453 0.00184 ( 1)
  37 T   0.51660 0.45555 0.01379 0.01406 ( 1)
  38 G   0.97290 0.00095 0.02611 0.00003 ( 1)
  39 A   0.96053 0.01503 0.02399 0.00045 ( 1)
  40 P   0.93531 0.03261 0.03097 0.00110 ( 1)
  41 L   0.92905 0.04151 0.02810 0.00135 ( 1)
  42 C   0.97409 0.00045 0.02545 0.00001 ( 1)
  43 L   0.96871 0.00355 0.02763 0.00011 ( 1)
  44 S   0.90788 0.05979 0.03031 0.00203 ( 1)
  45 Q   0.77367 0.19864 0.02146 0.00624 ( 1)
  46 Q   0.95506 0.01323 0.03126 0.00045 ( 1)
  47 L   0.96029 0.00803 0.03141 0.00027 ( 1)
  48 R   0.90691 0.06634 0.02468 0.00206 ( 1)
  49 M   0.97527 0.00021 0.02451 0.00001 ( 1)
  50 P   0.08709 0.88030 0.00287 0.02975 ( 2)
  51 G   0.97290 0.00095 0.02611 0.00003 ( 1)
  52 N   0.97288 0.00235 0.02470 0.00007 ( 1)
  53 Y   0.96926 0.00184 0.02884 0.00006 ( 1)
  54 V   0.30579 0.66545 0.00807 0.02069 ( 2)
  55 L   0.96782 0.00444 0.02760 0.00014 ( 1)
  56 G   0.97143 0.00242 0.02607 0.00008 ( 1)
  57 G   0.97290 0.00095 0.02611 0.00003 ( 1)
  58 L   0.97040 0.00186 0.02768 0.00006 ( 1)
  59 F   0.97569 0.00016 0.02415 0.00000 ( 1)
  60 P   0.97523 0.00028 0.02448 0.00001 ( 1)
  61 L   0.95332 0.01876 0.02733 0.00060 ( 1)
  62 G   0.95360 0.02090 0.02485 0.00064 ( 1)
  63 A   0.80943 0.16419 0.02134 0.00505 ( 1)
  64 A   0.97528 0.00036 0.02435 0.00001 ( 1)
  65 E   0.93634 0.03780 0.02469 0.00116 ( 1)
  66 E   0.96960 0.00470 0.02556 0.00014 ( 1)
  67 A   0.92375 0.04463 0.03012 0.00150 ( 1)
  68 G   0.92650 0.04793 0.02410 0.00147 ( 1)
  69 L   0.95337 0.02158 0.02439 0.00066 ( 1)
  70 R   0.89941 0.07477 0.02352 0.00229 ( 1)
  71 T   0.93570 0.03887 0.02425 0.00118 ( 1)
  72 R   0.97190 0.00155 0.02650 0.00005 ( 1)
  73 T   0.78646 0.18124 0.02615 0.00615 ( 1)
  74 Q   0.89983 0.07334 0.02454 0.00229 ( 1)
  75 P   0.97525 0.00026 0.02448 0.00001 ( 1)
  76 S   0.94326 0.03134 0.02444 0.00096 ( 1)
  77 S   0.97214 0.00259 0.02519 0.00008 ( 1)
  78 P   0.94049 0.02789 0.03069 0.00094 ( 1)
  79 V   0.96905 0.00534 0.02544 0.00016 ( 1)
  80 C   0.97409 0.00045 0.02545 0.00001 ( 1)
  81 N   0.95158 0.02323 0.02448 0.00071 ( 1)
  82 -   0.83333 0.13333 0.02874 0.00460 ( 1)
  83 -   0.83333 0.13333 0.02874 0.00460 ( 1)
  84 -   0.83333 0.13333 0.02874 0.00460 ( 1)
  85 -   0.83333 0.13333 0.02874 0.00460 ( 1)
  86 -   0.83333 0.13333 0.02874 0.00460 ( 1)
  87 -   0.83333 0.13333 0.02874 0.00460 ( 1)
  88 -   0.83333 0.13333 0.02874 0.00460 ( 1)
  89 -   0.83333 0.13333 0.02874 0.00460 ( 1)
  90 -   0.83333 0.13333 0.02874 0.00460 ( 1)
  91 -   0.83333 0.13333 0.02874 0.00460 ( 1)
  92 R   0.97244 0.00106 0.02646 0.00003 ( 1)
  93 F   0.97560 0.00025 0.02415 0.00001 ( 1)
  94 S   0.97160 0.00312 0.02518 0.00010 ( 1)
  95 P   0.72892 0.24365 0.01985 0.00758 ( 1)
  96 L   0.40004 0.57202 0.01045 0.01749 ( 2)
  97 G   0.97409 0.00056 0.02534 0.00002 ( 1)
  98 L   0.96871 0.00355 0.02763 0.00011 ( 1)
  99 L   0.97455 0.00053 0.02491 0.00002 ( 1)
 100 W   0.96977 0.00257 0.02758 0.00008 ( 1)
 101 A   0.96082 0.00715 0.03179 0.00024 ( 1)
 102 L   0.96871 0.00355 0.02763 0.00011 ( 1)
 103 A   0.94171 0.03376 0.02352 0.00102 ( 1)
 104 M   0.97279 0.00268 0.02445 0.00008 ( 1)
 105 K   0.95811 0.00999 0.03156 0.00034 ( 1)
 106 M   0.97527 0.00021 0.02451 0.00001 ( 1)
 107 A   0.97498 0.00065 0.02435 0.00002 ( 1)
 108 V   0.97357 0.00085 0.02556 0.00003 ( 1)
 109 E   0.97369 0.00062 0.02567 0.00002 ( 1)
 110 E   0.97363 0.00068 0.02567 0.00002 ( 1)
 111 I   0.97580 0.00015 0.02405 0.00000 ( 1)
 112 N   0.97411 0.00044 0.02544 0.00001 ( 1)
 113 N   0.97388 0.00066 0.02543 0.00002 ( 1)
 114 G   0.15516 0.81477 0.00439 0.02568 ( 2)
 115 S   0.96273 0.01090 0.02603 0.00034 ( 1)
 116 T   0.77907 0.18958 0.02501 0.00633 ( 1)
 117 L   0.96871 0.00355 0.02763 0.00011 ( 1)
 118 L   0.96871 0.00355 0.02763 0.00011 ( 1)
 119 P   0.96786 0.00072 0.03140 0.00002 ( 1)
 120 G   0.97297 0.00089 0.02611 0.00003 ( 1)
 121 L   0.96871 0.00355 0.02763 0.00011 ( 1)
 122 Q   0.72387 0.24955 0.01893 0.00765 ( 1)
 123 L   0.96448 0.00773 0.02754 0.00025 ( 1)
 124 G   0.97410 0.00054 0.02534 0.00002 ( 1)
 125 Y   0.96765 0.00643 0.02573 0.00020 ( 1)
 126 D   0.97068 0.00076 0.02853 0.00002 ( 1)
 127 L   0.97462 0.00046 0.02491 0.00001 ( 1)
 128 F   0.96728 0.00560 0.02694 0.00018 ( 1)
 129 D   0.96680 0.00206 0.03107 0.00007 ( 1)
 130 T   0.97344 0.00065 0.02589 0.00002 ( 1)
 131 C   0.97409 0.00045 0.02545 0.00001 ( 1)
 132 S   0.96746 0.00319 0.02924 0.00010 ( 1)
 133 E   0.97369 0.00062 0.02567 0.00002 ( 1)
 134 P   0.77280 0.19541 0.02522 0.00657 ( 1)
 135 V   0.94010 0.03417 0.02468 0.00105 ( 1)
 136 V   0.97377 0.00065 0.02557 0.00002 ( 1)
 137 A   0.97345 0.00218 0.02431 0.00007 ( 1)
 138 M   0.97527 0.00021 0.02451 0.00001 ( 1)
 139 K   0.97254 0.00105 0.02638 0.00003 ( 1)
 140 P   0.97525 0.00026 0.02448 0.00001 ( 1)
 141 S   0.97358 0.00115 0.02524 0.00003 ( 1)
 142 L   0.97421 0.00087 0.02490 0.00003 ( 1)
 143 M   0.97404 0.00144 0.02448 0.00004 ( 1)
 144 F   0.97560 0.00025 0.02415 0.00001 ( 1)
 145 L   0.96871 0.00355 0.02763 0.00011 ( 1)
 146 A   0.97538 0.00025 0.02436 0.00001 ( 1)
 147 K   0.92660 0.04681 0.02514 0.00145 ( 1)
 148 A   0.00737 0.95989 0.00024 0.03250 ( 2)
 149 G   0.79391 0.17413 0.02609 0.00588 ( 1)
 150 S   0.97436 0.00038 0.02525 0.00001 ( 1)
 151 C   0.38711 0.58480 0.01013 0.01797 ( 2)
 152 S   0.57051 0.40281 0.01448 0.01219 ( 1)
 153 I   0.97187 0.00399 0.02402 0.00012 ( 1)
 154 A   0.97502 0.00061 0.02435 0.00002 ( 1)
 155 A   0.97540 0.00024 0.02436 0.00001 ( 1)
 156 Y   0.97340 0.00070 0.02588 0.00002 ( 1)
 157 C   0.97387 0.00067 0.02544 0.00002 ( 1)
 158 D   0.97123 0.00331 0.02536 0.00010 ( 1)
 159 Y   0.97315 0.00095 0.02587 0.00003 ( 1)
 160 A   0.96349 0.01056 0.02563 0.00033 ( 1)
 161 R   0.85371 0.11888 0.02368 0.00373 ( 1)
 162 Y   0.97346 0.00064 0.02588 0.00002 ( 1)
 163 Q   0.95730 0.01565 0.02655 0.00049 ( 1)
 164 P   0.97419 0.00131 0.02446 0.00004 ( 1)
 165 R   0.96079 0.00738 0.03158 0.00025 ( 1)
 166 V   0.97370 0.00072 0.02556 0.00002 ( 1)
 167 L   0.96817 0.00409 0.02761 0.00013 ( 1)
 168 A   0.96008 0.00834 0.03130 0.00028 ( 1)
 169 V   0.97481 0.00041 0.02477 0.00001 ( 1)
 170 I   0.97579 0.00016 0.02405 0.00000 ( 1)
 171 G   0.97282 0.00104 0.02611 0.00003 ( 1)
 172 P   0.97524 0.00027 0.02448 0.00001 ( 1)
 173 H   0.97478 0.00034 0.02487 0.00001 ( 1)
 174 S   0.96941 0.00136 0.02919 0.00004 ( 1)
 175 S   0.95552 0.01217 0.03190 0.00041 ( 1)
 176 E   0.97369 0.00062 0.02567 0.00002 ( 1)
 177 L   0.97447 0.00061 0.02490 0.00002 ( 1)
 178 A   0.97540 0.00024 0.02436 0.00001 ( 1)
 179 L   0.82766 0.12164 0.04567 0.00503 ( 1)
 180 I   0.97283 0.00239 0.02472 0.00007 ( 1)
 181 T   0.97435 0.00056 0.02507 0.00002 ( 1)
 182 G   0.97387 0.00077 0.02533 0.00002 ( 1)
 183 K   0.97254 0.00105 0.02638 0.00003 ( 1)
 184 F   0.97569 0.00016 0.02415 0.00000 ( 1)
 185 F   0.97555 0.00029 0.02415 0.00001 ( 1)
 186 G   0.91250 0.06102 0.02460 0.00188 ( 1)
 187 F   0.97569 0.00016 0.02415 0.00000 ( 1)
 188 F   0.97569 0.00016 0.02415 0.00000 ( 1)
 189 L   0.97462 0.00046 0.02491 0.00001 ( 1)
 190 M   0.97399 0.00148 0.02448 0.00004 ( 1)
 191 P   0.97502 0.00049 0.02448 0.00001 ( 1)
 192 Q   0.97135 0.00166 0.02694 0.00005 ( 1)
 193 V   0.97481 0.00041 0.02477 0.00001 ( 1)
 194 S   0.97436 0.00038 0.02525 0.00001 ( 1)
 195 Y   0.95516 0.01881 0.02546 0.00058 ( 1)
 196 G   0.96698 0.00594 0.02689 0.00019 ( 1)
 197 A   0.96206 0.00636 0.03137 0.00021 ( 1)
 198 S   0.97217 0.00256 0.02519 0.00008 ( 1)
 199 M   0.97527 0.00021 0.02451 0.00001 ( 1)
 200 D   0.96971 0.00458 0.02556 0.00014 ( 1)
 201 G   0.81229 0.15947 0.02317 0.00507 ( 1)
 202 L   0.97063 0.00163 0.02768 0.00005 ( 1)
 203 S   0.97399 0.00075 0.02524 0.00002 ( 1)
 204 I   0.95846 0.01708 0.02395 0.00051 ( 1)
 205 R   0.97207 0.00138 0.02651 0.00004 ( 1)
 206 E   0.97369 0.00062 0.02567 0.00002 ( 1)
 207 T   0.97459 0.00033 0.02507 0.00001 ( 1)
 208 F   0.97569 0.00016 0.02415 0.00000 ( 1)
 209 P   0.97525 0.00026 0.02448 0.00001 ( 1)
 210 S   0.97435 0.00038 0.02526 0.00001 ( 1)
 211 F   0.97569 0.00016 0.02415 0.00000 ( 1)
 212 F   0.97569 0.00016 0.02415 0.00000 ( 1)
 213 R   0.97392 0.00059 0.02546 0.00002 ( 1)
 214 T   0.96208 0.00838 0.02927 0.00027 ( 1)
 215 V   0.97368 0.00073 0.02556 0.00002 ( 1)
 216 P   0.97525 0.00026 0.02448 0.00001 ( 1)
 217 S   0.97247 0.00226 0.02520 0.00007 ( 1)
 218 D   0.97493 0.00031 0.02475 0.00001 ( 1)
 219 R   0.96203 0.00614 0.03163 0.00021 ( 1)
 220 T   0.92822 0.04600 0.02437 0.00141 ( 1)
 221 Q   0.97135 0.00166 0.02694 0.00005 ( 1)
 222 L   0.96871 0.00355 0.02763 0.00011 ( 1)
 223 L   0.00491 0.96522 0.00013 0.02973 ( 2)
 224 A   0.97489 0.00074 0.02435 0.00002 ( 1)
 225 V   0.18585 0.78384 0.00532 0.02498 ( 2)
 226 M   0.75025 0.22328 0.01964 0.00684 ( 1)
 227 K   0.96310 0.01117 0.02539 0.00034 ( 1)
 228 L   0.96871 0.00355 0.02763 0.00011 ( 1)
 229 L   0.96782 0.00444 0.02760 0.00014 ( 1)
 230 Q   0.95642 0.01654 0.02653 0.00052 ( 1)
 231 E   0.59153 0.21546 0.18184 0.01116 ( 1)
 232 F   0.97413 0.00170 0.02411 0.00005 ( 1)
 233 S   0.94609 0.02843 0.02461 0.00087 ( 1)
 234 W   0.96977 0.00257 0.02758 0.00008 ( 1)
 235 N   0.97411 0.00044 0.02544 0.00001 ( 1)
 236 W   0.96977 0.00257 0.02758 0.00008 ( 1)
 237 V   0.97370 0.00072 0.02556 0.00002 ( 1)
 238 A   0.97528 0.00035 0.02435 0.00001 ( 1)
 239 A   0.97535 0.00029 0.02436 0.00001 ( 1)
 240 L   0.96869 0.00357 0.02763 0.00011 ( 1)
 241 G   0.97410 0.00054 0.02534 0.00002 ( 1)
 242 S   0.96939 0.00529 0.02516 0.00016 ( 1)
 243 D   0.97451 0.00073 0.02474 0.00002 ( 1)
 244 D   0.96911 0.00081 0.03005 0.00003 ( 1)
 245 E   0.97363 0.00068 0.02567 0.00002 ( 1)
 246 Y   0.94141 0.02683 0.03086 0.00091 ( 1)
 247 G   0.97410 0.00054 0.02534 0.00002 ( 1)
 248 R   0.97166 0.00179 0.02649 0.00006 ( 1)
 249 Q   0.97110 0.00190 0.02694 0.00006 ( 1)
 250 G   0.97410 0.00054 0.02534 0.00002 ( 1)
 251 L   0.96798 0.00571 0.02613 0.00018 ( 1)
 252 S   0.97188 0.00285 0.02519 0.00009 ( 1)
 253 I   0.97493 0.00101 0.02402 0.00003 ( 1)
 254 F   0.97569 0.00016 0.02415 0.00000 ( 1)
 255 S   0.97122 0.00244 0.02626 0.00008 ( 1)
 256 S   0.39124 0.58148 0.00977 0.01751 ( 2)
 257 M   0.94919 0.02301 0.02707 0.00073 ( 1)
 258 A   0.97512 0.00051 0.02435 0.00002 ( 1)
 259 S   0.72656 0.24710 0.01880 0.00754 ( 1)
 260 T   0.58577 0.38192 0.01938 0.01293 ( 1)
 261 Q   0.87717 0.09202 0.02775 0.00306 ( 1)
 262 G   0.94016 0.03433 0.02446 0.00105 ( 1)
 263 I   0.97580 0.00015 0.02405 0.00000 ( 1)
 264 C   0.97367 0.00087 0.02544 0.00003 ( 1)
 265 I   0.97209 0.00026 0.02764 0.00001 ( 1)
 266 A   0.95038 0.01764 0.03138 0.00060 ( 1)
 267 H   0.97464 0.00048 0.02487 0.00001 ( 1)
 268 E   0.97369 0.00062 0.02567 0.00002 ( 1)
 269 G   0.97410 0.00054 0.02534 0.00002 ( 1)
 270 L   0.96853 0.00373 0.02762 0.00012 ( 1)
 271 V   0.97370 0.00071 0.02556 0.00002 ( 1)
 272 P   0.97304 0.00159 0.02532 0.00005 ( 1)
 273 L   0.96814 0.00412 0.02761 0.00013 ( 1)
 274 S   0.95429 0.02112 0.02396 0.00064 ( 1)
 275 S   0.14006 0.82741 0.00460 0.02793 ( 2)
 276 A   0.97393 0.00170 0.02432 0.00005 ( 1)
 277 N   0.71296 0.25561 0.02289 0.00854 ( 1)
 278 D   0.00860 0.95991 0.00026 0.03123 ( 2)
 279 L   0.00112 0.94876 0.00035 0.04977 ( 2)
 280 V   0.02006 0.94974 0.00055 0.02966 ( 2)
 281 M   0.46147 0.50917 0.01316 0.01619 ( 2)
 282 R   0.96814 0.00570 0.02598 0.00018 ( 1)
 283 K   0.97262 0.00097 0.02639 0.00003 ( 1)
 284 V   0.97370 0.00072 0.02556 0.00002 ( 1)
 285 Q   0.97135 0.00166 0.02694 0.00005 ( 1)
 286 A   0.82486 0.14966 0.02094 0.00453 ( 1)
 287 L   0.36834 0.60344 0.00967 0.01856 ( 2)
 288 L   0.96871 0.00355 0.02763 0.00011 ( 1)
 289 H   0.97163 0.00347 0.02479 0.00011 ( 1)
 290 Q   0.97135 0.00166 0.02694 0.00005 ( 1)
 291 I   0.95208 0.02263 0.02460 0.00069 ( 1)
 292 N   0.97411 0.00044 0.02544 0.00001 ( 1)
 293 Q   0.97122 0.00179 0.02694 0.00006 ( 1)
 294 S   0.97193 0.00280 0.02519 0.00009 ( 1)
 295 N   0.95341 0.02124 0.02471 0.00065 ( 1)
 296 V   0.94491 0.02937 0.02481 0.00090 ( 1)
 297 Q   0.97135 0.00166 0.02694 0.00005 ( 1)
 298 V   0.97370 0.00072 0.02556 0.00002 ( 1)
 299 V   0.97370 0.00072 0.02556 0.00002 ( 1)
 300 V   0.95693 0.01529 0.02729 0.00049 ( 1)
 301 L   0.96780 0.00446 0.02760 0.00014 ( 1)
 302 F   0.97554 0.00031 0.02415 0.00001 ( 1)
 303 A   0.97531 0.00033 0.02435 0.00001 ( 1)
 304 S   0.97069 0.00081 0.02847 0.00003 ( 1)
 305 A   0.94498 0.02665 0.02752 0.00085 ( 1)
 306 H   0.69183 0.28112 0.01837 0.00868 ( 1)
 307 A   0.97062 0.00121 0.02813 0.00004 ( 1)
 308 A   0.97540 0.00024 0.02436 0.00001 ( 1)
 309 H   0.59581 0.22358 0.16960 0.01101 ( 1)
 310 L   0.00206 0.96873 0.00005 0.02916 ( 2)
 311 L   0.97156 0.00350 0.02483 0.00011 ( 1)
 312 F   0.97569 0.00016 0.02415 0.00000 ( 1)
 313 S   0.35664 0.61448 0.00977 0.01911 ( 2)
 314 Y   0.96024 0.01381 0.02553 0.00043 ( 1)
 315 S   0.97207 0.00266 0.02519 0.00008 ( 1)
 316 I   0.97580 0.00015 0.02405 0.00000 ( 1)
 317 R   0.93716 0.03742 0.02429 0.00114 ( 1)
 318 F   0.07081 0.89993 0.00184 0.02742 ( 2)
 319 N   0.67138 0.30062 0.01858 0.00942 ( 1)
 320 L   0.97462 0.00046 0.02491 0.00001 ( 1)
 321 S   0.77309 0.19980 0.02090 0.00620 ( 1)
 322 P   0.96173 0.01372 0.02414 0.00041 ( 1)
 323 K   0.97262 0.00097 0.02639 0.00003 ( 1)
 324 V   0.97370 0.00072 0.02556 0.00002 ( 1)
 325 W   0.96977 0.00257 0.02758 0.00008 ( 1)
 326 V   0.97354 0.00087 0.02556 0.00003 ( 1)
 327 A   0.97540 0.00024 0.02436 0.00001 ( 1)
 328 S   0.97103 0.00063 0.02833 0.00002 ( 1)
 329 E   0.97369 0.00062 0.02567 0.00002 ( 1)
 330 A   0.97540 0.00024 0.02436 0.00001 ( 1)
 331 W   0.96977 0.00257 0.02758 0.00008 ( 1)
 332 L   0.96841 0.00384 0.02762 0.00012 ( 1)
 333 T   0.97458 0.00034 0.02507 0.00001 ( 1)
 334 S   0.92209 0.04605 0.03031 0.00155 ( 1)
 335 D   0.95327 0.02187 0.02420 0.00066 ( 1)
 336 L   0.75669 0.21489 0.02158 0.00683 ( 1)
 337 V   0.76485 0.00251 0.23252 0.00013 ( 1)
 338 M   0.97527 0.00021 0.02451 0.00001 ( 1)
 339 E   0.92356 0.05010 0.02479 0.00155 ( 1)
 340 L   0.96869 0.00357 0.02763 0.00011 ( 1)
 341 P   0.97356 0.00195 0.02444 0.00006 ( 1)
 342 G   0.97410 0.00054 0.02534 0.00002 ( 1)
 343 M   0.97406 0.00142 0.02448 0.00004 ( 1)
 344 T   0.97399 0.00164 0.02432 0.00005 ( 1)
 345 Q   0.96284 0.01014 0.02671 0.00032 ( 1)
 346 M   0.93541 0.03179 0.03168 0.00111 ( 1)
 347 G   0.97393 0.00071 0.02534 0.00002 ( 1)
 348 T   0.97346 0.00063 0.02589 0.00002 ( 1)
 349 V   0.97370 0.00072 0.02556 0.00002 ( 1)
 350 L   0.94809 0.02022 0.03101 0.00068 ( 1)
 351 G   0.97410 0.00054 0.02534 0.00002 ( 1)
 352 F   0.97489 0.00093 0.02415 0.00003 ( 1)
 353 L   0.96388 0.01114 0.02463 0.00034 ( 1)
 354 H   0.96277 0.01021 0.02670 0.00032 ( 1)
 355 Q   0.71835 0.06362 0.21478 0.00325 ( 1)
 356 G   0.85425 0.11385 0.02806 0.00384 ( 1)
 357 D   0.15883 0.81275 0.00397 0.02445 ( 2)
 358 L   0.14486 0.82522 0.00402 0.02590 ( 2)
 359 L   0.96853 0.00373 0.02762 0.00012 ( 1)
 360 P   0.95440 0.02062 0.02435 0.00063 ( 1)
 361 N   0.05095 0.91858 0.00145 0.02903 ( 2)
 362 F   0.97569 0.00016 0.02415 0.00000 ( 1)
 363 S   0.80341 0.16828 0.02295 0.00536 ( 1)
 364 Q   0.60600 0.36571 0.01681 0.01148 ( 1)
 365 Y   0.97228 0.00181 0.02585 0.00006 ( 1)
 366 V   0.97370 0.00072 0.02556 0.00002 ( 1)
 367 K   0.96674 0.00682 0.02623 0.00021 ( 1)
 368 N   0.96510 0.00546 0.02926 0.00018 ( 1)
 369 R   0.79705 0.17721 0.02035 0.00539 ( 1)
 370 L   0.94927 0.02292 0.02707 0.00073 ( 1)
 371 H   0.40135 0.57143 0.01002 0.01719 ( 2)
 372 L   0.96871 0.00355 0.02763 0.00011 ( 1)
 373 A   0.97528 0.00035 0.02435 0.00001 ( 1)
 374 A   0.97179 0.00383 0.02427 0.00012 ( 1)
 375 N   0.95947 0.01570 0.02436 0.00048 ( 1)
 376 P   0.96433 0.00989 0.02547 0.00031 ( 1)
 377 A   0.56301 0.40504 0.01834 0.01362 ( 1)
 378 F   0.97569 0.00016 0.02415 0.00000 ( 1)
 379 C   0.97187 0.00266 0.02539 0.00008 ( 1)
 380 A   0.96235 0.01228 0.02499 0.00038 ( 1)
 381 S   0.31849 0.65382 0.00796 0.01973 ( 2)
 382 L   0.96871 0.00355 0.02763 0.00011 ( 1)
 383 K   0.40715 0.56497 0.01059 0.01729 ( 2)
 384 A   0.06227 0.90817 0.00164 0.02791 ( 2)
 385 E   0.70279 0.26970 0.01913 0.00839 ( 1)
 386 Q   0.96677 0.00751 0.02548 0.00023 ( 1)
 387 P   0.92843 0.04442 0.02575 0.00139 ( 1)
 388 G   0.94260 0.02558 0.03096 0.00086 ( 1)
 389 L   0.96814 0.00412 0.02761 0.00013 ( 1)
 390 E   0.97369 0.00062 0.02567 0.00002 ( 1)
 391 E   0.97075 0.00067 0.02856 0.00002 ( 1)
 392 H   0.97147 0.00375 0.02466 0.00011 ( 1)
 393 V   0.97370 0.00072 0.02556 0.00002 ( 1)
 394 V   0.97354 0.00087 0.02556 0.00003 ( 1)
 395 G   0.97399 0.00065 0.02534 0.00002 ( 1)
 396 P   0.92234 0.04971 0.02637 0.00158 ( 1)
 397 R   0.97392 0.00059 0.02546 0.00002 ( 1)
 398 C   0.97409 0.00045 0.02545 0.00001 ( 1)
 399 P   0.97292 0.00173 0.02530 0.00005 ( 1)
 400 Q   0.97135 0.00166 0.02694 0.00005 ( 1)
 401 C   0.93585 0.03252 0.03053 0.00109 ( 1)
 402 D   0.97493 0.00031 0.02475 0.00001 ( 1)
 403 H   0.00416 0.96619 0.00011 0.02955 ( 2)
 404 I   0.96831 0.00760 0.02386 0.00023 ( 1)
 405 T   0.95997 0.01406 0.02554 0.00043 ( 1)
 406 L   0.96853 0.00373 0.02762 0.00012 ( 1)
 407 Q   0.97032 0.00268 0.02691 0.00008 ( 1)
 408 N   0.97388 0.00066 0.02543 0.00002 ( 1)
 409 V   0.96777 0.00662 0.02541 0.00020 ( 1)
 410 S   0.64685 0.32644 0.01676 0.00995 ( 1)
 411 A   0.94021 0.02775 0.03110 0.00094 ( 1)
 412 G   0.70858 0.26422 0.01902 0.00819 ( 1)
 413 L   0.94480 0.02272 0.03170 0.00077 ( 1)
 414 L   0.00007 0.96740 0.00000 0.03252 ( 2)
 415 H   0.94178 0.03318 0.02403 0.00101 ( 1)
 416 H   0.97272 0.00239 0.02482 0.00007 ( 1)
 417 R   0.89132 0.08140 0.02472 0.00255 ( 1)
 418 P   0.61498 0.20039 0.17463 0.01000 ( 1)
 419 F   0.97560 0.00025 0.02415 0.00001 ( 1)
 420 A   0.49604 0.47173 0.01631 0.01592 ( 1)
 421 A   0.97277 0.00244 0.02472 0.00007 ( 1)
 422 Y   0.97315 0.00095 0.02587 0.00003 ( 1)
 423 A   0.80783 0.16333 0.02359 0.00524 ( 1)
 424 A   0.95941 0.00901 0.03128 0.00030 ( 1)
 425 V   0.97370 0.00072 0.02556 0.00002 ( 1)
 426 Y   0.96617 0.00187 0.03190 0.00006 ( 1)
 427 S   0.97050 0.00422 0.02515 0.00013 ( 1)
 428 V   0.97370 0.00072 0.02556 0.00002 ( 1)
 429 A   0.97535 0.00029 0.02436 0.00001 ( 1)
 430 Q   0.97113 0.00187 0.02694 0.00006 ( 1)
 431 A   0.97540 0.00024 0.02436 0.00001 ( 1)
 432 L   0.96802 0.00424 0.02761 0.00013 ( 1)
 433 H   0.97478 0.00034 0.02487 0.00001 ( 1)
 434 N   0.97107 0.00047 0.02845 0.00002 ( 1)
 435 T   0.94880 0.01941 0.03114 0.00065 ( 1)
 436 L   0.96388 0.00446 0.03151 0.00015 ( 1)
 437 Q   0.13697 0.83308 0.00380 0.02615 ( 2)
 438 C   0.97409 0.00045 0.02545 0.00001 ( 1)
 439 S   0.85058 0.12344 0.02221 0.00377 ( 1)
 440 S   0.95571 0.01983 0.02387 0.00060 ( 1)
 441 S   0.96240 0.00529 0.03213 0.00018 ( 1)
 442 G   0.97410 0.00054 0.02534 0.00002 ( 1)
 443 C   0.97409 0.00045 0.02545 0.00001 ( 1)
 444 P   0.97161 0.00043 0.02794 0.00001 ( 1)
 445 A   0.01212 0.95769 0.00032 0.02987 ( 2)
 446 R   0.28640 0.68419 0.00794 0.02147 ( 2)
 447 E   0.95669 0.01847 0.02429 0.00056 ( 1)
 448 P   0.97521 0.00030 0.02448 0.00001 ( 1)
 449 V   0.97370 0.00072 0.02556 0.00002 ( 1)
 450 R   0.62508 0.34718 0.01696 0.01078 ( 1)
 451 -   0.83333 0.13333 0.02874 0.00460 ( 1)
 452 -   0.83333 0.13333 0.02874 0.00460 ( 1)
 453 -   0.83333 0.13333 0.02874 0.00460 ( 1)
 454 -   0.83333 0.13333 0.02874 0.00460 ( 1)
 455 -   0.83333 0.13333 0.02874 0.00460 ( 1)
 456 -   0.83333 0.13333 0.02874 0.00460 ( 1)
 457 P   0.97201 0.00349 0.02440 0.00011 ( 1)
 458 W   0.96977 0.00257 0.02758 0.00008 ( 1)
 459 Q   0.88581 0.08689 0.02457 0.00273 ( 1)
 460 L   0.73588 0.23521 0.02135 0.00755 ( 1)
 461 L   0.94875 0.02345 0.02706 0.00075 ( 1)
 462 E   0.26253 0.70877 0.00692 0.02178 ( 2)
 463 N   0.96788 0.00664 0.02528 0.00020 ( 1)
 464 M   0.87693 0.09808 0.02204 0.00295 ( 1)
 465 Y   0.91642 0.05744 0.02436 0.00177 ( 1)
 466 N   0.97083 0.00370 0.02535 0.00011 ( 1)
 467 M   0.96747 0.00478 0.02759 0.00015 ( 1)
 468 S   0.97182 0.00308 0.02500 0.00009 ( 1)
 469 F   0.97569 0.00016 0.02415 0.00000 ( 1)
 470 -   0.83333 0.13333 0.02874 0.00460 ( 1)
 471 R   0.21908 0.75250 0.00559 0.02283 ( 2)
 472 A   0.00202 0.95070 0.00057 0.04671 ( 2)
 473 G   0.19002 0.78114 0.00494 0.02390 ( 2)
 474 G   0.96758 0.00626 0.02597 0.00019 ( 1)
 475 L   0.94065 0.03151 0.02683 0.00100 ( 1)
 476 E   0.00652 0.96362 0.00017 0.02969 ( 2)
 477 L   0.92265 0.04943 0.02634 0.00157 ( 1)
 478 R   0.95239 0.02098 0.02597 0.00065 ( 1)
 479 F   0.97001 0.00580 0.02401 0.00017 ( 1)
 480 D   0.86577 0.02035 0.11313 0.00075 ( 1)
 481 A   0.09771 0.87315 0.00253 0.02661 ( 2)
 482 G   0.73849 0.23512 0.01919 0.00720 ( 1)
 483 G   0.96629 0.00149 0.03217 0.00005 ( 1)
 484 N   0.97388 0.00066 0.02543 0.00002 ( 1)
 485 V   0.97364 0.00078 0.02556 0.00002 ( 1)
 486 N   0.97312 0.00211 0.02471 0.00006 ( 1)
 487 L   0.85086 0.12403 0.02139 0.00373 ( 1)
 488 K   0.96869 0.00560 0.02554 0.00017 ( 1)
 489 Y   0.22636 0.74469 0.00602 0.02293 ( 2)
 490 D   0.95056 0.02144 0.02731 0.00068 ( 1)
 491 L   0.95049 0.02171 0.02711 0.00069 ( 1)
 492 K   0.96615 0.00741 0.02621 0.00023 ( 1)
 493 L   0.80882 0.16293 0.02307 0.00518 ( 1)
 494 W   0.83451 0.13740 0.02374 0.00435 ( 1)
 495 V   0.96874 0.00565 0.02543 0.00017 ( 1)
 496 W   0.96977 0.00257 0.02758 0.00008 ( 1)
 497 R   0.05160 0.91814 0.00143 0.02882 ( 2)
 498 D   0.32121 0.65053 0.00836 0.01991 ( 2)
 499 P   0.00922 0.95789 0.00031 0.03258 ( 2)
 500 T   0.81854 0.15519 0.02149 0.00477 ( 1)
 501 P   0.97505 0.00046 0.02448 0.00001 ( 1)
 502 E   0.02205 0.94557 0.00072 0.03167 ( 2)
 503 L   0.97431 0.00077 0.02490 0.00002 ( 1)
 504 R   0.81175 0.16261 0.02071 0.00493 ( 1)
 505 T   0.00561 0.94635 0.00142 0.04662 ( 2)
 506 V   0.97370 0.00072 0.02556 0.00002 ( 1)
 507 G   0.97410 0.00054 0.02534 0.00002 ( 1)
 508 T   0.03006 0.91509 0.00879 0.04606 ( 2)
 509 F   0.97569 0.00016 0.02415 0.00000 ( 1)
 510 N   0.96618 0.00533 0.02831 0.00017 ( 1)
 511 G   0.92201 0.05240 0.02399 0.00160 ( 1)
 512 S   0.36556 0.60648 0.00947 0.01848 ( 2)
 513 L   0.97197 0.00309 0.02484 0.00009 ( 1)
 514 W   0.11059 0.85872 0.00321 0.02748 ( 2)
 515 -   0.83333 0.13333 0.02874 0.00460 ( 1)
 516 L   0.04702 0.92019 0.00156 0.03122 ( 2)
 517 Q   0.93072 0.04341 0.02454 0.00133 ( 1)
 518 R   0.93714 0.03722 0.02450 0.00114 ( 1)
 519 S   0.00845 0.96075 0.00024 0.03055 ( 2)
 520 K   0.96649 0.00707 0.02622 0.00022 ( 1)
 521 I   0.97484 0.00111 0.02402 0.00003 ( 1)
 522 C   0.00863 0.96166 0.00023 0.02949 ( 2)
 523 W   0.96977 0.00257 0.02758 0.00008 ( 1)
 524 H   0.97438 0.00073 0.02486 0.00002 ( 1)
 525 T   0.95595 0.01806 0.02543 0.00056 ( 1)
 526 H   0.09741 0.82828 0.02960 0.04470 ( 2)
 527 S   0.03870 0.93185 0.00099 0.02846 ( 2)
 528 N   0.97351 0.00104 0.02542 0.00003 ( 1)
 529 R   0.88975 0.08296 0.02468 0.00260 ( 1)
 530 V   0.00035 0.96952 0.00001 0.03012 ( 2)
 531 P   0.97367 0.00184 0.02444 0.00006 ( 1)
 532 V   0.93967 0.03460 0.02467 0.00106 ( 1)
 533 S   0.97123 0.00349 0.02518 0.00011 ( 1)
 534 Q   0.84863 0.11988 0.02744 0.00405 ( 1)
 535 C   0.97409 0.00045 0.02545 0.00001 ( 1)
 536 S   0.96632 0.00732 0.02613 0.00023 ( 1)
 537 Q   0.63034 0.34181 0.01719 0.01067 ( 1)
 538 Q   0.88281 0.08988 0.02449 0.00282 ( 1)
 539 C   0.97357 0.00096 0.02543 0.00003 ( 1)
 540 Q   0.58547 0.38618 0.01624 0.01212 ( 1)
 541 E   0.96183 0.01244 0.02535 0.00038 ( 1)
 542 G   0.97355 0.00110 0.02533 0.00003 ( 1)
 543 Q   0.96999 0.00301 0.02690 0.00009 ( 1)
 544 V   0.97302 0.00139 0.02555 0.00004 ( 1)
 545 R   0.97332 0.00119 0.02545 0.00004 ( 1)
 546 R   0.96498 0.00844 0.02631 0.00026 ( 1)
 547 V   0.97427 0.00095 0.02475 0.00003 ( 1)
 548 K   0.96710 0.00646 0.02624 0.00020 ( 1)
 549 G   0.97262 0.00124 0.02610 0.00004 ( 1)
 550 F   0.97473 0.00111 0.02412 0.00003 ( 1)
 551 H   0.94745 0.02754 0.02418 0.00084 ( 1)
 552 S   0.97167 0.00305 0.02519 0.00009 ( 1)
 553 C   0.93874 0.03565 0.02452 0.00109 ( 1)
 554 C   0.93874 0.03565 0.02452 0.00109 ( 1)
 555 Y   0.96841 0.00567 0.02575 0.00017 ( 1)
 556 D   0.97493 0.00031 0.02475 0.00001 ( 1)
 557 C   0.96524 0.00318 0.03148 0.00011 ( 1)
 558 V   0.97281 0.00160 0.02554 0.00005 ( 1)
 559 D   0.97493 0.00031 0.02475 0.00001 ( 1)
 560 C   0.97405 0.00049 0.02545 0.00002 ( 1)
 561 K   0.72781 0.24050 0.02366 0.00804 ( 1)
 562 P   0.90420 0.07025 0.02340 0.00214 ( 1)
 563 G   0.97410 0.00054 0.02534 0.00002 ( 1)
 564 S   0.97416 0.00058 0.02524 0.00002 ( 1)
 565 Y   0.97346 0.00064 0.02588 0.00002 ( 1)
 566 Q   0.84334 0.12961 0.02300 0.00405 ( 1)
 567 -   0.83333 0.13333 0.02874 0.00460 ( 1)
 568 H   0.04537 0.91147 0.00637 0.03678 ( 2)
 569 S   0.79450 0.17087 0.02866 0.00597 ( 1)
 570 P   0.24023 0.72719 0.00795 0.02463 ( 2)
 571 -   0.83333 0.13333 0.02874 0.00460 ( 1)
 572 -   0.83333 0.13333 0.02874 0.00460 ( 1)
 573 E   0.39121 0.58119 0.00997 0.01763 ( 2)
 574 D   0.97164 0.00358 0.02467 0.00011 ( 1)
 575 P   0.00230 0.96731 0.00006 0.03033 ( 2)
 576 T   0.01878 0.95159 0.00049 0.02914 ( 2)
 577 C   0.94721 0.02722 0.02474 0.00083 ( 1)
 578 T   0.82520 0.14904 0.02123 0.00453 ( 1)
 579 P   0.00006 0.96757 0.00000 0.03237 ( 2)
 580 C   0.87799 0.09593 0.02314 0.00295 ( 1)
 581 R   0.00004 0.95142 0.00001 0.04853 ( 2)
 582 K   0.04615 0.92358 0.00128 0.02898 ( 2)
 583 D   0.69697 0.27156 0.02239 0.00907 ( 1)
 584 Q   0.72285 0.25040 0.01905 0.00770 ( 1)
 585 W   0.92976 0.04245 0.02645 0.00135 ( 1)
 586 S   0.97116 0.00040 0.02843 0.00001 ( 1)
 587 P   0.97408 0.00057 0.02533 0.00002 ( 1)
 588 Q   0.75968 0.21373 0.02003 0.00657 ( 1)
 589 R   0.97195 0.00146 0.02655 0.00005 ( 1)
 590 S   0.97436 0.00038 0.02525 0.00001 ( 1)
 591 R   0.45309 0.51439 0.01507 0.01745 ( 2)
 592 K   0.69666 0.27664 0.01822 0.00848 ( 1)
 593 C   0.97409 0.00045 0.02545 0.00001 ( 1)
 594 F   0.97569 0.00016 0.02415 0.00000 ( 1)
 595 S   0.07452 0.89601 0.00195 0.02753 ( 2)
 596 R   0.97339 0.00113 0.02545 0.00003 ( 1)
 597 R   0.96269 0.01078 0.02620 0.00034 ( 1)
 598 H   0.03750 0.92977 0.00124 0.03149 ( 2)
 599 T   0.79736 0.17543 0.02174 0.00547 ( 1)
 600 F   0.97449 0.00135 0.02412 0.00004 ( 1)
 601 L   0.93994 0.03223 0.02681 0.00102 ( 1)
 602 A   0.39187 0.57567 0.01297 0.01949 ( 2)
 603 W   0.71320 0.25833 0.02029 0.00819 ( 1)
 604 G   0.96631 0.00510 0.02842 0.00016 ( 1)
 605 D   0.65456 0.31841 0.01725 0.00978 ( 1)
 606 P   0.93230 0.03901 0.02743 0.00126 ( 1)
 607 T   0.85062 0.11769 0.02773 0.00396 ( 1)
 608 V   0.96850 0.00590 0.02543 0.00018 ( 1)
 609 L   0.96832 0.00394 0.02762 0.00013 ( 1)
 610 V   0.01557 0.95366 0.00044 0.03033 ( 2)
 611 L   0.82655 0.14525 0.02357 0.00462 ( 1)
 612 L   0.94977 0.02519 0.02427 0.00077 ( 1)
 613 L   0.87297 0.09898 0.02490 0.00315 ( 1)
 614 L   0.91833 0.05377 0.02619 0.00171 ( 1)
 615 L   0.93758 0.03458 0.02674 0.00110 ( 1)
 616 G   0.59174 0.38102 0.01558 0.01166 ( 1)
 617 L   0.96658 0.00567 0.02757 0.00018 ( 1)
 618 V   0.95449 0.02019 0.02470 0.00062 ( 1)
 619 L   0.96871 0.00355 0.02763 0.00011 ( 1)
 620 A   0.96904 0.00558 0.02521 0.00017 ( 1)
 621 L   0.96072 0.01131 0.02760 0.00036 ( 1)
 622 V   0.97370 0.00072 0.02556 0.00002 ( 1)
 623 L   0.91833 0.05377 0.02619 0.00171 ( 1)
 624 A   0.94726 0.02115 0.03087 0.00071 ( 1)
 625 A   0.57540 0.39263 0.01876 0.01321 ( 1)
 626 L   0.93475 0.03581 0.02827 0.00117 ( 1)
 627 G   0.97272 0.00114 0.02611 0.00004 ( 1)
 628 L   0.78257 0.18910 0.02232 0.00601 ( 1)
 629 F   0.95994 0.01583 0.02376 0.00047 ( 1)
 630 V   0.00923 0.95821 0.00031 0.03225 ( 2)
 631 H   0.75463 0.20876 0.02926 0.00735 ( 1)
 632 H   0.96151 0.00731 0.03093 0.00024 ( 1)
 633 R   0.31535 0.65560 0.00860 0.02045 ( 2)
 634 N   0.83056 0.14399 0.02109 0.00436 ( 1)
 635 S   0.94738 0.02724 0.02455 0.00083 ( 1)
 636 P   0.94517 0.02277 0.03130 0.00077 ( 1)
 637 L   0.89138 0.08064 0.02542 0.00256 ( 1)
 638 V   0.66183 0.30624 0.02162 0.01031 ( 1)
 639 Q   0.70567 0.07810 0.21226 0.00398 ( 1)
 640 A   0.97540 0.00024 0.02436 0.00001 ( 1)
 641 S   0.93914 0.03440 0.02539 0.00107 ( 1)
 642 G   0.83080 0.14319 0.02163 0.00438 ( 1)
 643 G   0.90251 0.07107 0.02422 0.00220 ( 1)
 644 L   0.03734 0.93357 0.00094 0.02815 ( 2)
 645 L   0.91833 0.05377 0.02619 0.00171 ( 1)
 646 A   0.96869 0.00692 0.02419 0.00021 ( 1)
 647 C   0.93737 0.03702 0.02449 0.00113 ( 1)
 648 F   0.72258 0.24596 0.02324 0.00822 ( 1)
 649 G   0.74793 0.22571 0.01946 0.00691 ( 1)
 650 L   0.89097 0.08104 0.02541 0.00258 ( 1)
 651 A   0.76617 0.20734 0.02012 0.00638 ( 1)
 652 C   0.96672 0.00779 0.02525 0.00024 ( 1)
 653 L   0.92418 0.04793 0.02637 0.00152 ( 1)
 654 G   0.93280 0.04166 0.02427 0.00127 ( 1)
 655 L   0.95316 0.01905 0.02719 0.00061 ( 1)
 656 V   0.97085 0.00393 0.02510 0.00012 ( 1)
 657 C   0.97409 0.00045 0.02545 0.00001 ( 1)
 658 L   0.93127 0.04064 0.02680 0.00130 ( 1)
 659 S   0.91769 0.05679 0.02379 0.00173 ( 1)
 660 G   0.77591 0.19836 0.01971 0.00602 ( 1)
 661 L   0.94617 0.02878 0.02418 0.00088 ( 1)
 662 L   0.88998 0.08203 0.02538 0.00261 ( 1)
 663 F   0.96740 0.00841 0.02394 0.00025 ( 1)
 664 P   0.89466 0.07366 0.02920 0.00248 ( 1)
 665 G   0.97389 0.00076 0.02533 0.00002 ( 1)
 666 R   0.67828 0.11236 0.20365 0.00570 ( 1)
 667 P   0.97430 0.00121 0.02446 0.00004 ( 1)
 668 S   0.74703 0.02050 0.23142 0.00106 ( 1)
 669 P   0.96324 0.00515 0.03144 0.00017 ( 1)
 670 A   0.93370 0.03297 0.03220 0.00114 ( 1)
 671 S   0.69551 0.27115 0.02399 0.00935 ( 1)
 672 C   0.97393 0.00061 0.02544 0.00002 ( 1)
 673 L   0.79101 0.18069 0.02256 0.00575 ( 1)
 674 A   0.97414 0.00149 0.02433 0.00004 ( 1)
 675 Q   0.95736 0.01559 0.02655 0.00049 ( 1)
 676 Q   0.96000 0.01296 0.02663 0.00041 ( 1)
 677 P   0.96599 0.00605 0.02776 0.00019 ( 1)
 678 L   0.50920 0.46035 0.01543 0.01502 ( 1)
 679 C   0.90143 0.07298 0.02337 0.00222 ( 1)
 680 H   0.82598 0.14844 0.02108 0.00450 ( 1)
 681 L   0.97415 0.00093 0.02490 0.00003 ( 1)
 682 P   0.96367 0.01094 0.02506 0.00033 ( 1)
 683 L   0.97402 0.00106 0.02489 0.00003 ( 1)
 684 T   0.97151 0.00257 0.02584 0.00008 ( 1)
 685 G   0.97355 0.00110 0.02533 0.00003 ( 1)
 686 C   0.97357 0.00096 0.02543 0.00003 ( 1)
 687 L   0.96658 0.00567 0.02757 0.00018 ( 1)
 688 S   0.97390 0.00084 0.02524 0.00003 ( 1)
 689 T   0.90744 0.06351 0.02700 0.00205 ( 1)
 690 L   0.96396 0.01106 0.02464 0.00034 ( 1)
 691 F   0.95567 0.02008 0.02365 0.00060 ( 1)
 692 L   0.96658 0.00567 0.02757 0.00018 ( 1)
 693 Q   0.97001 0.00299 0.02691 0.00009 ( 1)
 694 A   0.97126 0.00348 0.02515 0.00011 ( 1)
 695 A   0.97500 0.00063 0.02435 0.00002 ( 1)
 696 E   0.96472 0.00956 0.02543 0.00029 ( 1)
 697 T   0.89076 0.08475 0.02196 0.00253 ( 1)
 698 F   0.97525 0.00060 0.02414 0.00002 ( 1)
 699 V   0.91409 0.06006 0.02400 0.00185 ( 1)
 700 E   0.97293 0.00138 0.02565 0.00004 ( 1)
 701 S   0.95148 0.01621 0.03176 0.00055 ( 1)
 702 E   0.96454 0.00400 0.03133 0.00013 ( 1)
 703 L   0.96421 0.00803 0.02750 0.00026 ( 1)
 704 P   0.95973 0.00866 0.03132 0.00029 ( 1)
 705 P   0.04328 0.92601 0.00124 0.02947 ( 2)
 706 S   0.95003 0.02460 0.02462 0.00075 ( 1)
 707 W   0.95238 0.01990 0.02709 0.00063 ( 1)
 708 A   0.49130 0.47632 0.01626 0.01612 ( 1)
 709 D   0.95914 0.01603 0.02435 0.00049 ( 1)
 710 R   0.94046 0.03288 0.02564 0.00103 ( 1)
 711 L   0.94892 0.02327 0.02706 0.00074 ( 1)
 712 H   0.28256 0.68523 0.00919 0.02302 ( 2)
 713 S   0.97116 0.00347 0.02526 0.00011 ( 1)
 714 R   0.94569 0.02873 0.02470 0.00088 ( 1)
 715 L   0.96871 0.00355 0.02763 0.00011 ( 1)
 716 R   0.95682 0.01657 0.02609 0.00052 ( 1)
 717 G   0.97262 0.00124 0.02610 0.00004 ( 1)
 718 P   0.97364 0.00186 0.02444 0.00006 ( 1)
 719 C   0.85474 0.11723 0.02431 0.00372 ( 1)
 720 A   0.97540 0.00024 0.02436 0.00001 ( 1)
 721 W   0.96977 0.00257 0.02758 0.00008 ( 1)
 722 M   0.94621 0.02598 0.02699 0.00083 ( 1)
 723 V   0.78939 0.18420 0.02074 0.00567 ( 1)
 724 V   0.97370 0.00072 0.02556 0.00002 ( 1)
 725 V   0.94805 0.02414 0.02704 0.00077 ( 1)
 726 L   0.96780 0.00446 0.02760 0.00014 ( 1)
 727 A   0.97388 0.00175 0.02432 0.00005 ( 1)
 728 L   0.54360 0.42980 0.01366 0.01294 ( 1)
 729 L   0.96871 0.00355 0.02763 0.00011 ( 1)
 730 V   0.97350 0.00091 0.02556 0.00003 ( 1)
 731 E   0.97369 0.00062 0.02567 0.00002 ( 1)
 732 A   0.96714 0.00512 0.02759 0.00016 ( 1)
 733 A   0.95659 0.01137 0.03165 0.00038 ( 1)
 734 L   0.96871 0.00355 0.02763 0.00011 ( 1)
 735 C   0.97332 0.00122 0.02543 0.00004 ( 1)
 736 A   0.78768 0.18554 0.02108 0.00569 ( 1)
 737 W   0.96977 0.00257 0.02758 0.00008 ( 1)
 738 Y   0.97346 0.00064 0.02588 0.00002 ( 1)
 739 L   0.96871 0.00355 0.02763 0.00011 ( 1)
 740 I   0.03077 0.93950 0.00081 0.02893 ( 2)
 741 A   0.97528 0.00035 0.02435 0.00001 ( 1)
 742 F   0.97567 0.00018 0.02415 0.00001 ( 1)
 743 R   0.96516 0.00945 0.02510 0.00029 ( 1)
 744 P   0.96292 0.01161 0.02512 0.00036 ( 1)
 745 E   0.97369 0.00062 0.02567 0.00002 ( 1)
 746 V   0.97345 0.00096 0.02556 0.00003 ( 1)
 747 V   0.97370 0.00072 0.02556 0.00002 ( 1)
 748 M   0.67960 0.29327 0.01810 0.00904 ( 1)
 749 D   0.97493 0.00031 0.02475 0.00001 ( 1)
 750 W   0.96977 0.00257 0.02758 0.00008 ( 1)
 751 H   0.75634 0.21767 0.01935 0.00664 ( 1)
 752 V   0.74250 0.03162 0.22427 0.00162 ( 1)
 753 L   0.96851 0.00375 0.02762 0.00012 ( 1)
 754 P   0.97525 0.00026 0.02448 0.00001 ( 1)
 755 T   0.92936 0.03846 0.03087 0.00130 ( 1)
 756 K   0.96993 0.00436 0.02557 0.00013 ( 1)
 757 A   0.96345 0.00662 0.02971 0.00022 ( 1)
 758 L   0.96853 0.00373 0.02762 0.00012 ( 1)
 759 V   0.96109 0.01327 0.02523 0.00041 ( 1)
 760 H   0.97478 0.00034 0.02487 0.00001 ( 1)
 761 C   0.97360 0.00094 0.02543 0.00003 ( 1)
 762 R   0.97038 0.00412 0.02537 0.00013 ( 1)
 763 V   0.00332 0.96387 0.00011 0.03270 ( 2)
 764 H   0.96692 0.00757 0.02528 0.00023 ( 1)
 765 S   0.97435 0.00038 0.02526 0.00001 ( 1)
 766 W   0.96977 0.00257 0.02758 0.00008 ( 1)
 767 A   0.97156 0.00364 0.02468 0.00011 ( 1)
 768 G   0.95675 0.01791 0.02479 0.00055 ( 1)
 769 L   0.96630 0.00948 0.02393 0.00028 ( 1)
 770 G   0.97410 0.00054 0.02534 0.00002 ( 1)
 771 L   0.96382 0.00372 0.03233 0.00013 ( 1)
 772 V   0.96330 0.00697 0.02950 0.00023 ( 1)
 773 H   0.97439 0.00072 0.02487 0.00002 ( 1)
 774 T   0.96402 0.01156 0.02407 0.00035 ( 1)
 775 L   0.85198 0.12239 0.02192 0.00372 ( 1)
 776 N   0.96773 0.00462 0.02750 0.00015 ( 1)
 777 A   0.97534 0.00030 0.02436 0.00001 ( 1)
 778 I   0.14931 0.82137 0.00399 0.02534 ( 2)
 779 L   0.96871 0.00355 0.02763 0.00011 ( 1)
 780 A   0.97466 0.00097 0.02434 0.00003 ( 1)
 781 S   0.97337 0.00214 0.02443 0.00006 ( 1)
 782 L   0.97356 0.00147 0.02492 0.00004 ( 1)
 783 C   0.97119 0.00333 0.02537 0.00010 ( 1)
 784 F   0.97565 0.00019 0.02415 0.00001 ( 1)
 785 L   0.96769 0.00455 0.02761 0.00014 ( 1)
 786 G   0.97389 0.00075 0.02533 0.00002 ( 1)
 787 T   0.97427 0.00040 0.02532 0.00001 ( 1)
 788 F   0.97569 0.00016 0.02415 0.00000 ( 1)
 789 L   0.96871 0.00355 0.02763 0.00011 ( 1)
 790 V   0.97345 0.00096 0.02556 0.00003 ( 1)
 791 R   0.85141 0.11704 0.02759 0.00396 ( 1)
 792 S   0.97436 0.00038 0.02525 0.00001 ( 1)
 793 Q   0.41373 0.53205 0.03388 0.02034 ( 2)
 794 P   0.97305 0.00159 0.02531 0.00005 ( 1)
 795 G   0.93132 0.04314 0.02423 0.00132 ( 1)
 796 R   0.97050 0.00400 0.02538 0.00012 ( 1)
 797 Y   0.97346 0.00064 0.02588 0.00002 ( 1)
 798 S   0.97122 0.00332 0.02536 0.00010 ( 1)
 799 R   0.83202 0.13604 0.02735 0.00459 ( 1)
 800 A   0.97540 0.00024 0.02436 0.00001 ( 1)
 801 R   0.94694 0.02121 0.03113 0.00072 ( 1)
 802 G   0.97410 0.00054 0.02534 0.00002 ( 1)
 803 L   0.97069 0.00437 0.02481 0.00013 ( 1)
 804 T   0.97459 0.00033 0.02507 0.00001 ( 1)
 805 F   0.95274 0.01608 0.03064 0.00054 ( 1)
 806 A   0.97539 0.00025 0.02436 0.00001 ( 1)
 807 T   0.78559 0.18898 0.01975 0.00569 ( 1)
 808 L   0.96871 0.00355 0.02763 0.00011 ( 1)
 809 A   0.97528 0.00035 0.02435 0.00001 ( 1)
 810 Y   0.97279 0.00130 0.02586 0.00004 ( 1)
 811 L   0.97366 0.00218 0.02410 0.00007 ( 1)
 812 I   0.97580 0.00015 0.02405 0.00000 ( 1)
 813 T   0.96925 0.00242 0.02825 0.00008 ( 1)
 814 W   0.96977 0.00257 0.02758 0.00008 ( 1)
 815 V   0.97481 0.00041 0.02477 0.00001 ( 1)
 816 S   0.97435 0.00038 0.02526 0.00001 ( 1)
 817 F   0.96859 0.00027 0.03113 0.00001 ( 1)
 818 V   0.97370 0.00072 0.02556 0.00002 ( 1)
 819 P   0.97447 0.00054 0.02497 0.00002 ( 1)
 820 L   0.97462 0.00046 0.02491 0.00001 ( 1)
 821 L   0.96871 0.00355 0.02763 0.00011 ( 1)
 822 A   0.97540 0.00024 0.02436 0.00001 ( 1)
 823 N   0.96802 0.00629 0.02550 0.00019 ( 1)
 824 V   0.96006 0.01426 0.02524 0.00044 ( 1)
 825 Q   0.96194 0.01103 0.02668 0.00035 ( 1)
 826 V   0.97370 0.00072 0.02556 0.00002 ( 1)
 827 A   0.97182 0.00337 0.02471 0.00010 ( 1)
 828 H   0.74199 0.23199 0.01896 0.00706 ( 1)
 829 Q   0.95520 0.01824 0.02599 0.00057 ( 1)
 830 P   0.97458 0.00092 0.02447 0.00003 ( 1)
 831 A   0.97532 0.00032 0.02436 0.00001 ( 1)
 832 V   0.94073 0.03354 0.02470 0.00103 ( 1)
 833 Q   0.97135 0.00166 0.02694 0.00005 ( 1)
 834 M   0.97527 0.00021 0.02451 0.00001 ( 1)
 835 G   0.97160 0.00299 0.02532 0.00009 ( 1)
 836 A   0.97538 0.00025 0.02436 0.00001 ( 1)
 837 V   0.94194 0.03298 0.02408 0.00100 ( 1)
 838 L   0.96998 0.00229 0.02767 0.00007 ( 1)
 839 F   0.96912 0.00593 0.02477 0.00018 ( 1)
 840 C   0.94634 0.02728 0.02552 0.00085 ( 1)
 841 A   0.94509 0.02676 0.02729 0.00086 ( 1)
 842 L   0.96871 0.00355 0.02763 0.00011 ( 1)
 843 G   0.97410 0.00054 0.02534 0.00002 ( 1)
 844 I   0.97545 0.00049 0.02404 0.00001 ( 1)
 845 L   0.96871 0.00355 0.02763 0.00011 ( 1)
 846 V   0.95436 0.01405 0.03112 0.00047 ( 1)
 847 A   0.97540 0.00024 0.02436 0.00001 ( 1)
 848 F   0.96237 0.01341 0.02382 0.00040 ( 1)
 849 H   0.97478 0.00034 0.02487 0.00001 ( 1)
 850 L   0.96839 0.00387 0.02762 0.00012 ( 1)
 851 P   0.97517 0.00034 0.02448 0.00001 ( 1)
 852 K   0.96187 0.01160 0.02618 0.00036 ( 1)
 853 C   0.96140 0.00700 0.03136 0.00024 ( 1)
 854 Y   0.97346 0.00064 0.02588 0.00002 ( 1)
 855 L   0.96841 0.00385 0.02762 0.00012 ( 1)
 856 L   0.97379 0.00129 0.02489 0.00004 ( 1)
 857 V   0.15669 0.81445 0.00406 0.02479 ( 2)
 858 R   0.53136 0.44036 0.01450 0.01378 ( 1)
 859 Q   0.97135 0.00166 0.02694 0.00005 ( 1)
 860 P   0.96166 0.00628 0.03184 0.00021 ( 1)
 861 E   0.93663 0.03633 0.02590 0.00114 ( 1)
 862 L   0.97460 0.00048 0.02491 0.00001 ( 1)
 863 N   0.97411 0.00044 0.02544 0.00001 ( 1)
 864 T   0.97459 0.00033 0.02507 0.00001 ( 1)
 865 P   0.97014 0.00121 0.02861 0.00004 ( 1)
 866 E   0.97369 0.00062 0.02567 0.00002 ( 1)
 867 F   0.97569 0.00016 0.02415 0.00000 ( 1)
 868 F   0.97568 0.00017 0.02415 0.00001 ( 1)
 869 L   0.96871 0.00355 0.02763 0.00011 ( 1)
 870 G   0.89990 0.06782 0.02998 0.00230 ( 1)
 871 G   0.96620 0.00760 0.02596 0.00024 ( 1)
 872 R   0.45723 0.51512 0.01189 0.01576 ( 2)
 873 S   0.30873 0.65902 0.01008 0.02217 ( 2)
 874 R   0.29641 0.67472 0.00796 0.02091 ( 2)
 875 D   0.22892 0.73903 0.00736 0.02469 ( 2)
 876 A   0.74945 0.22506 0.01872 0.00677 ( 1)
 877 T   0.00187 0.96547 0.00006 0.03259 ( 2)
 878 S   0.92780 0.04659 0.02417 0.00143 ( 1)
 879 R   0.91779 0.05545 0.02503 0.00173 ( 1)
 880 E   0.03749 0.93287 0.00099 0.02866 ( 2)
 881 S   0.33935 0.63287 0.00862 0.01916 ( 2)
 882 S   0.17614 0.79052 0.00608 0.02726 ( 2)
 883 G   0.33849 0.62817 0.01167 0.02166 ( 2)
 884 G   0.87593 0.09748 0.02357 0.00302 ( 1)
 885 E   0.04894 0.92189 0.00124 0.02793 ( 2)
 886 E   0.39633 0.57111 0.01318 0.01938 ( 2)
 887 G   0.65464 0.31293 0.02181 0.01063 ( 1)
 888 T   0.28660 0.68116 0.00934 0.02290 ( 2)
 889 R   0.96008 0.01288 0.02663 0.00040 ( 1)
 890 G   0.71138 0.07475 0.21009 0.00377 ( 1)
 891 K   0.95672 0.01137 0.03153 0.00038 ( 1)
 892 S   0.00717 0.96049 0.00023 0.03211 ( 2)
 893 E   0.96796 0.00633 0.02552 0.00019 ( 1)

