Supplemental results for CODEML (seqf: Human_TAS1R3_orthologues_DNA_aligned.txt  treef: TAS1R3_revised_tree_following_error_message.txt)

I	J	ij	2Ns_IJ	pMut_IJ	pSub_IJ	2Ns_JI	pMut_JI	pSub_JI

TTC	TTT	CT	-0.85417	0.08824	0.05585	0.85417	0.03756	0.05585	0.05585	0.05585
TTA	TTT	AT	3.46822	0.00018	0.00065	-3.46822	0.00579	0.00065	0.00065	0.00065
TTA	TTC	AC	4.32240	0.00058	0.00256	-4.32240	0.04405	0.00256	0.00256	0.00256
TTG	TTT	GT	1.21613	0.00167	0.00288	-1.21613	0.00563	0.00288	0.00288	0.00288
TTG	TTC	GC	2.07030	0.00541	0.01281	-2.07030	0.04286	0.01281	0.01281	0.01281
TTG	TTA	GA	-2.25210	0.02388	0.00632	2.25210	0.00251	0.00632	0.00632	0.00632
TCT	TTT	CT	1.69719	0.00688	0.01430	-1.69719	0.03756	0.01430	0.01430	0.01430
TCC	TTC	CT	2.32357	0.02800	0.07213	-2.32357	0.28598	0.07213	0.07213	0.07213
TCC	TCT	CT	-0.22779	0.02800	0.02494	0.22779	0.02230	0.02494	0.02494	0.02494
TCA	TTA	CT	-1.43601	0.01316	0.00590	1.43601	0.00313	0.00590	0.00590	0.00590
TCA	TCT	AT	0.33502	0.00246	0.00289	-0.33502	0.00344	0.00289	0.00289	0.00289
TCA	TCC	AC	0.56281	0.00796	0.01041	-0.56281	0.01398	0.01041	0.01041	0.01041
TCG	TTG	CT	0.41736	0.01907	0.02333	-0.41736	0.02895	0.02333	0.02333	0.02333
TCG	TCT	GT	-0.06370	0.00356	0.00345	0.06370	0.00334	0.00345	0.00345	0.00345
TCG	TCC	GC	0.16409	0.01154	0.01252	-0.16409	0.01360	0.01252	0.01252	0.01252
TCG	TCA	GA	-0.39872	0.05098	0.04149	0.39872	0.03422	0.04149	0.04149	0.04149
TAT	TTT	AT	1.63564	0.00113	0.00229	-1.63564	0.00579	0.00229	0.00229	0.00229
TAT	TCT	AC	-0.06155	0.00365	0.00354	0.06155	0.00344	0.00354	0.00354	0.00354
TAC	TTC	AT	1.78777	0.00737	0.01583	-1.78777	0.04405	0.01583	0.01583	0.01583
TAC	TCC	AC	-0.53580	0.02389	0.01806	0.53580	0.01398	0.01806	0.01806	0.01806
TAC	TAT	CT	-0.70204	0.03947	0.02722	0.70204	0.01956	0.02722	0.02722	0.02722
TGT	TTT	GT	1.17639	0.00174	0.00295	-1.17639	0.00563	0.00295	0.00295	0.00295
TGT	TCT	GC	-0.52080	0.00563	0.00429	0.52080	0.00334	0.00429	0.00429	0.00429
TGT	TAT	GA	-0.45926	0.02485	0.01958	0.45926	0.01570	0.01958	0.01958	0.01958
TGC	TTC	GT	1.24764	0.01231	0.02154	-1.24764	0.04286	0.02154	0.02154	0.02154
TGC	TCC	GC	-1.07593	0.03989	0.02221	1.07593	0.01360	0.02221	0.02221	0.02221
TGC	TAC	GA	-0.54013	0.17619	0.13287	0.54013	0.10266	0.13287	0.13287	0.13287
TGC	TGT	CT	-0.78292	0.06591	0.04344	0.78292	0.03012	0.04344	0.04344	0.04344
TGG	TTG	GT	-0.75136	0.00920	0.00617	0.75136	0.00434	0.00617	0.00617	0.00617
TGG	TCG	GC	-1.16872	0.02981	0.01571	1.16872	0.00926	0.01571	0.01571	0.01571
TGG	TGT	GT	-0.71162	0.00920	0.00631	0.71162	0.00451	0.00631	0.00631	0.00631
TGG	TGC	GC	0.07130	0.02981	0.03088	-0.07130	0.03201	0.03088	0.03088	0.03088
CTT	TTT	CT	1.15528	0.01183	0.01995	-1.15528	0.03756	0.01995	0.01995	0.01995
CTC	TTC	CT	1.44595	0.06735	0.12740	-1.44595	0.28598	0.12740	0.12740	0.12740
CTC	CTT	CT	-0.56350	0.06735	0.05015	0.56350	0.03834	0.05015	0.05015	0.05015
CTA	TTA	CT	-1.19901	0.01038	0.00537	1.19901	0.00313	0.00537	0.00537	0.00537
CTA	CTT	AT	1.11394	0.00194	0.00321	-1.11394	0.00591	0.00321	0.00321	0.00321
CTA	CTC	AC	1.67744	0.00628	0.01296	-1.67744	0.03363	0.01296	0.01296	0.01296
CTG	TTG	CT	-1.96429	0.20641	0.06614	1.96429	0.02895	0.06614	0.06614	0.06614
CTG	CTT	GT	-1.90344	0.03855	0.01285	1.90344	0.00575	0.01285	0.01285	0.01285
CTG	CTC	GC	-1.33994	0.12494	0.05939	1.33994	0.03272	0.05939	0.05939	0.05939
CTG	CTA	GA	-3.01737	0.55180	0.08566	3.01737	0.02700	0.08566	0.08566	0.08566
CCT	TCT	CT	0.20831	0.01811	0.02006	-0.20831	0.02230	0.02006	0.02006	0.02006
CCT	CTT	CT	0.75023	0.01811	0.02574	-0.75023	0.03834	0.02574	0.02574	0.02574
CCC	TCC	CT	0.40204	0.06072	0.07374	-0.40204	0.09076	0.07374	0.07374	0.07374
CCC	CTC	CT	1.27966	0.06072	0.10763	-1.27966	0.21830	0.10763	0.10763	0.10763
CCC	CCT	CT	-0.03406	0.06072	0.05969	0.03406	0.05868	0.05969	0.05969	0.05969
CCA	TCA	CT	0.91848	0.01702	0.02602	-0.91848	0.04264	0.02602	0.02602	0.02602
CCA	CTA	CT	0.68148	0.01702	0.02347	-0.68148	0.03364	0.02347	0.02347	0.02347
CCA	CCT	AT	1.04519	0.00318	0.00512	-1.04519	0.00904	0.00512	0.00512	0.00512
CCA	CCC	AC	1.07925	0.01030	0.01684	-1.07925	0.03031	0.01684	0.01684	0.01684
CCG	TCG	CT	0.92037	0.02462	0.03767	-0.92037	0.06181	0.03767	0.03767	0.03767
CCG	CTG	CT	3.30202	0.02462	0.08442	-3.30202	0.66898	0.08442	0.08442	0.08442
CCG	CCT	GT	0.64836	0.00460	0.00625	-0.64836	0.00879	0.00625	0.00625	0.00625
CCG	CCC	GC	0.68242	0.01490	0.02056	-0.68242	0.02949	0.02056	0.02056	0.02056
CCG	CCA	GA	-0.39683	0.06583	0.05363	0.39683	0.04427	0.05363	0.05363	0.05363
CAT	TAT	CT	1.17589	0.00604	0.01026	-1.17589	0.01956	0.01026	0.01026	0.01026
CAT	CTT	AT	1.65626	0.00113	0.00231	-1.65626	0.00591	0.00231	0.00231	0.00231
CAT	CCT	AC	0.90604	0.00365	0.00555	-0.90604	0.00904	0.00555	0.00555	0.00555
CAC	TAC	CT	0.95214	0.04937	0.07655	-0.95214	0.12793	0.07655	0.07655	0.07655
CAC	CTC	AT	1.29396	0.00922	0.01644	-1.29396	0.03363	0.01644	0.01644	0.01644
CAC	CCC	AC	0.01430	0.02988	0.03010	-0.01430	0.03031	0.03010	0.03010	0.03010
CAC	CAT	CT	-0.92580	0.04937	0.02999	0.92580	0.01956	0.02999	0.02999	0.02999
CAA	CTA	AT	1.74879	0.00090	0.00191	-1.74879	0.00518	0.00191	0.00191	0.00191
CAA	CCA	AC	1.06730	0.00292	0.00475	-1.06730	0.00850	0.00475	0.00475	0.00475
CAA	CAT	AT	1.20646	0.00090	0.00155	-1.20646	0.00301	0.00155	0.00155	0.00155
CAA	CAC	AC	2.13226	0.00292	0.00707	-2.13226	0.02465	0.00707	0.00707	0.00707
CAG	CTG	AT	1.75553	0.01781	0.03780	-1.75553	0.10305	0.03780	0.03780	0.03780
CAG	CCG	AC	-1.54649	0.05772	0.02416	1.54649	0.01229	0.02416	0.02416	0.02416
CAG	CAT	GT	-1.80416	0.01781	0.00633	1.80416	0.00293	0.00633	0.00633	0.00633
CAG	CAC	GC	-0.87837	0.05772	0.03603	0.87837	0.02398	0.03603	0.03603	0.03603
CAG	CAA	GA	-3.01063	0.25492	0.03977	3.01063	0.01256	0.03977	0.03977	0.03977
CGT	TGT	CT	1.00884	0.01098	0.01744	-1.00884	0.03012	0.01744	0.01744	0.01744
CGT	CTT	GT	1.02995	0.00205	0.00329	-1.02995	0.00575	0.00329	0.00329	0.00329
CGT	CCT	GC	0.27973	0.00665	0.00762	-0.27973	0.00879	0.00762	0.00762	0.00762
CGT	CAT	GA	-0.62631	0.02936	0.02112	0.62631	0.01570	0.02112	0.02112	0.02112
CGC	TGC	CT	1.60078	0.04309	0.08641	-1.60078	0.21360	0.08641	0.08641	0.08641
CGC	CTC	GT	1.40247	0.00805	0.01497	-1.40247	0.03272	0.01497	0.01497	0.01497
CGC	CCC	GC	0.12281	0.02608	0.02772	-0.12281	0.02949	0.02772	0.02772	0.02772
CGC	CAC	GA	0.10851	0.11520	0.12156	-0.10851	0.12840	0.12156	0.12156	0.12156
CGC	CGT	CT	-0.19098	0.04309	0.03911	0.19098	0.03560	0.03911	0.03911	0.03911
CGA	CTA	GT	1.82667	0.00081	0.00177	-1.82667	0.00504	0.00177	0.00177	0.00177
CGA	CCA	GC	1.14519	0.00263	0.00442	-1.14519	0.00827	0.00442	0.00442	0.00442
CGA	CAA	GA	0.07789	0.01162	0.01208	-0.07789	0.01256	0.01208	0.01208	0.01208
CGA	CGT	AT	1.91066	0.00081	0.00182	-1.91066	0.00548	0.00182	0.00182	0.00182
CGA	CGC	AC	2.10164	0.00263	0.00630	-2.10164	0.02151	0.00630	0.00630	0.00630
CGG	TGG	CT	1.46031	0.03706	0.07048	-1.46031	0.15962	0.07048	0.07048	0.07048
CGG	CTG	GT	2.67325	0.00692	0.01987	-2.67325	0.10026	0.01987	0.01987	0.01987
CGG	CCG	GC	-0.62878	0.02243	0.01611	0.62878	0.01196	0.01611	0.01611	0.01611
CGG	CAG	GA	0.91771	0.09906	0.15138	-0.91771	0.24801	0.15138	0.15138	0.15138
CGG	CGT	GT	-0.26014	0.00692	0.00606	0.26014	0.00534	0.00606	0.00606	0.00606
CGG	CGC	GC	-0.06916	0.02243	0.02166	0.06916	0.02093	0.02166	0.02166	0.02166
CGG	CGA	GA	-2.17080	0.09906	0.02769	2.17080	0.01130	0.02769	0.02769	0.02769
ATT	TTT	AT	1.96415	0.00081	0.00185	-1.96415	0.00579	0.00185	0.00185	0.00185
ATT	CTT	AC	0.80887	0.00263	0.00384	-0.80887	0.00591	0.00384	0.00384	0.00384
ATC	TTC	AT	2.10967	0.00534	0.01283	-2.10967	0.04405	0.01283	0.01283	0.01283
ATC	CTC	AC	0.66372	0.01732	0.02369	-0.66372	0.03363	0.02369	0.02369	0.02369
ATC	ATT	CT	-0.70865	0.02861	0.01966	0.70865	0.01408	0.01966	0.01966	0.01966
ATA	TTA	AT	0.17239	0.00041	0.00044	-0.17239	0.00048	0.00044	0.00044	0.00044
ATA	CTA	AC	1.37140	0.00132	0.00242	-1.37140	0.00518	0.00242	0.00242	0.00242
ATA	ATT	AT	1.67647	0.00041	0.00084	-1.67647	0.00217	0.00084	0.00084	0.00084
ATA	ATC	AC	2.38511	0.00132	0.00345	-2.38511	0.01428	0.00345	0.00345	0.00345
ATG	TTG	AT	-0.58755	0.00803	0.00590	0.58755	0.00446	0.00590	0.00590	0.00590
ATG	CTG	AC	1.37674	0.02601	0.04790	-1.37674	0.10305	0.04790	0.04790	0.04790
ATG	ATT	GT	-1.33557	0.00803	0.00382	1.33557	0.00211	0.00382	0.00382	0.00382
ATG	ATC	GC	-0.62692	0.02601	0.01870	0.62692	0.01390	0.01870	0.01870	0.01870
ATG	ATA	GA	-3.01203	0.11488	0.01790	3.01203	0.00565	0.01790	0.01790	0.01790
ACT	TCT	AT	1.59238	0.00070	0.00140	-1.59238	0.00344	0.00140	0.00140	0.00140
ACT	CCT	AC	1.38407	0.00226	0.00418	-1.38407	0.00904	0.00418	0.00418	0.00418
ACT	ATT	CT	1.32543	0.00374	0.00675	-1.32543	0.01408	0.00675	0.00675	0.00675
ACC	TCC	AT	0.69996	0.00694	0.00965	-0.69996	0.01398	0.00965	0.00965	0.00965
ACC	CCC	AC	0.29791	0.02250	0.02602	-0.29791	0.03031	0.02602	0.02602	0.02602
ACC	ATC	CT	0.91386	0.03718	0.05672	-0.91386	0.09272	0.05672	0.05672	0.05672
ACC	ACT	CT	-1.12022	0.03718	0.02016	1.12022	0.01213	0.02016	0.02016	0.02016
ACA	TCA	AT	0.54477	0.00381	0.00494	-0.54477	0.00657	0.00494	0.00494	0.00494
ACA	CCA	AC	-0.37372	0.01235	0.01018	0.37372	0.00850	0.01018	0.01018	0.01018
ACA	ATA	CT	-1.06363	0.02040	0.01144	1.06363	0.00704	0.01144	0.01144	0.01144
ACA	ACT	AT	-0.71259	0.00381	0.00261	0.71259	0.00187	0.00261	0.00261	0.00261
ACA	ACC	AC	0.40762	0.01235	0.01503	-0.40762	0.01856	0.01503	0.01503	0.01503
ACG	TCG	AT	0.70838	0.00469	0.00654	-0.70838	0.00952	0.00654	0.00654	0.00654
ACG	CCG	AC	-0.21199	0.01520	0.01364	0.21199	0.01229	0.01364	0.01364	0.01364
ACG	ATG	CT	1.71329	0.02511	0.05248	-1.71329	0.13927	0.05248	0.05248	0.05248
ACG	ACT	GT	-0.94771	0.00469	0.00281	0.94771	0.00182	0.00281	0.00281	0.00281
ACG	ACC	GC	0.17251	0.01520	0.01655	-0.17251	0.01806	0.01655	0.01655	0.01655
ACG	ACA	GA	-0.23511	0.06712	0.05954	0.23511	0.05306	0.05954	0.05954	0.05954
AAT	TAT	AT	0.75221	0.00142	0.00202	-0.75221	0.00301	0.00202	0.00202	0.00202
AAT	CAT	AC	-0.42369	0.00460	0.00370	0.42369	0.00301	0.00370	0.00370	0.00370
AAT	ATT	AT	0.42370	0.00142	0.00174	-0.42370	0.00217	0.00174	0.00174	0.00174
AAT	ACT	AC	-0.90172	0.00460	0.00284	0.90172	0.00187	0.00284	0.00284	0.00284
AAC	TAC	AT	0.76939	0.00913	0.01309	-0.76939	0.01971	0.01309	0.01309	0.01309
AAC	CAC	AC	-0.18275	0.02959	0.02697	0.18275	0.02465	0.02697	0.02697	0.02697
AAC	ATC	AT	0.44749	0.00913	0.01132	-0.44749	0.01428	0.01132	0.01132	0.01132
AAC	ACC	AC	-0.46636	0.02959	0.02322	0.46636	0.01856	0.02322	0.02322	0.02322
AAC	AAT	CT	-0.68486	0.04889	0.03404	0.68486	0.02465	0.03404	0.03404	0.03404
AAA	CAA	AC	-0.08722	0.00263	0.00252	0.08722	0.00241	0.00252	0.00252	0.00252
AAA	ATA	AT	0.29017	0.00081	0.00093	-0.29017	0.00108	0.00093	0.00093	0.00093
AAA	ACA	AC	1.35380	0.00263	0.00480	-1.35380	0.01018	0.00480	0.00480	0.00480
AAA	AAT	AT	1.54293	0.00081	0.00159	-1.54293	0.00380	0.00159	0.00159	0.00159
AAA	AAC	AC	2.22779	0.00263	0.00657	-2.22779	0.02441	0.00657	0.00657	0.00657
AAG	CAG	AC	0.77901	0.02185	0.03145	-0.77901	0.04761	0.03145	0.03145	0.03145
AAG	ATG	AT	1.15781	0.00674	0.01138	-1.15781	0.02145	0.01138	0.01138	0.01138
AAG	ACG	AC	-0.55548	0.02185	0.01634	0.55548	0.01253	0.01634	0.01634	0.01634
AAG	AAT	GT	-0.60146	0.00674	0.00492	0.60146	0.00369	0.00492	0.00492	0.00492
AAG	AAC	GC	0.08339	0.02185	0.02277	-0.08339	0.02375	0.02277	0.02277	0.02277
AAG	AAA	GA	-2.14440	0.09648	0.02745	2.14440	0.01130	0.02745	0.02745	0.02745
AGT	TGT	AT	1.07863	0.00158	0.00258	-1.07863	0.00464	0.00258	0.00258	0.00258
AGT	CGT	AC	0.06979	0.00511	0.00529	-0.06979	0.00548	0.00529	0.00529	0.00529
AGT	ATT	GT	0.29087	0.00158	0.00182	-0.29087	0.00211	0.00182	0.00182	0.00182
AGT	ACT	GC	-1.03456	0.00511	0.00292	1.03456	0.00182	0.00292	0.00292	0.00292
AGT	AAT	GA	-0.13283	0.02259	0.02112	0.13283	0.01978	0.02112	0.02112	0.02112
AGC	TGC	AT	0.82135	0.01447	0.02122	-0.82135	0.03290	0.02122	0.02122	0.02122
AGC	CGC	AC	-0.77943	0.04691	0.03098	0.77943	0.02151	0.03098	0.03098	0.03098
AGC	ATC	GT	-0.04068	0.01447	0.01418	0.04068	0.01390	0.01418	0.01418	0.01418
AGC	ACC	GC	-0.95454	0.04691	0.02803	0.95454	0.01806	0.02803	0.02803	0.02803
AGC	AAC	GA	-0.48817	0.20717	0.16070	0.48817	0.12715	0.16070	0.16070	0.16070
AGC	AGT	CT	-1.04020	0.07749	0.04405	1.04020	0.02739	0.04405	0.04405	0.04405
AGA	CGA	AC	1.59918	0.00044	0.00088	-1.59918	0.00217	0.00088	0.00088	0.00088
AGA	ATA	GT	2.05446	0.00014	0.00032	-2.05446	0.00106	0.00032	0.00032	0.00032
AGA	ACA	GC	3.11809	0.00044	0.00143	-3.11809	0.00991	0.00143	0.00143	0.00143
AGA	AAA	GA	1.76429	0.00194	0.00412	-1.76429	0.01130	0.00412	0.00412	0.00412
AGA	AGT	AT	3.44005	0.00014	0.00048	-3.44005	0.00422	0.00048	0.00048	0.00048
AGA	AGC	AC	4.48025	0.00044	0.00199	-4.48025	0.03869	0.00199	0.00199	0.00199
AGG	TGG	AT	1.74756	0.00428	0.00906	-1.74756	0.02459	0.00906	0.00906	0.00906
AGG	CGG	AC	0.28725	0.01388	0.01597	-0.28725	0.01850	0.01597	0.01597	0.01597
AGG	ATG	GT	1.58375	0.00428	0.00853	-1.58375	0.02087	0.00853	0.00853	0.00853
AGG	ACG	GC	-0.12954	0.01388	0.01300	0.12954	0.01220	0.01300	0.01300	0.01300
AGG	AAG	GA	0.42595	0.06131	0.07529	-0.42595	0.09387	0.07529	0.07529	0.07529
AGG	AGT	GT	-0.04268	0.00428	0.00419	0.04268	0.00410	0.00419	0.00419	0.00419
AGG	AGC	GC	0.99752	0.01388	0.02194	-0.99752	0.03764	0.02194	0.02194	0.02194
AGG	AGA	GA	-3.48274	0.06131	0.00677	3.48274	0.00188	0.00677	0.00677	0.00677
GTT	TTT	GT	2.26210	0.00059	0.00148	-2.26210	0.00563	0.00148	0.00148	0.00148
GTT	CTT	GC	1.10682	0.00190	0.00314	-1.10682	0.00575	0.00314	0.00314	0.00314
GTT	ATT	GA	0.29795	0.00839	0.00970	-0.29795	0.01130	0.00970	0.00970	0.00970
GTC	TTC	GT	1.97811	0.00593	0.01361	-1.97811	0.04286	0.01361	0.01361	0.01361
GTC	CTC	GC	0.53216	0.01922	0.02478	-0.53216	0.03272	0.02478	0.02478	0.02478
GTC	ATC	GA	-0.13157	0.08487	0.07941	0.13157	0.07440	0.07941	0.07941	0.07941
GTC	GTT	CT	-1.13816	0.03175	0.01704	1.13816	0.01017	0.01704	0.01704	0.01704
GTA	TTA	GT	-0.18359	0.00056	0.00051	0.18359	0.00047	0.00051	0.00051	0.00051
GTA	CTA	GC	1.01542	0.00183	0.00291	-1.01542	0.00504	0.00291	0.00291	0.00291
GTA	ATA	GA	-0.35598	0.00807	0.00672	0.35598	0.00565	0.00672	0.00672	0.00672
GTA	GTT	AT	1.02254	0.00056	0.00090	-1.02254	0.00157	0.00090	0.00090	0.00090
GTA	GTC	AC	2.16070	0.00183	0.00446	-2.16070	0.01585	0.00446	0.00446	0.00446
GTG	TTG	GT	-1.67643	0.02320	0.00895	1.67643	0.00434	0.00895	0.00895	0.00895
GTG	CTG	GC	0.28786	0.07518	0.08652	-0.28786	0.10026	0.08652	0.08652	0.08652
GTG	ATG	GA	-1.08888	0.33205	0.18344	1.08888	0.11176	0.18344	0.18344	0.18344
GTG	GTT	GT	-2.72240	0.02320	0.00444	2.72240	0.00152	0.00444	0.00444	0.00444
GTG	GTC	GC	-1.58424	0.07518	0.03073	1.58424	0.01542	0.03073	0.03073	0.03073
GTG	GTA	GA	-3.74494	0.33205	0.03010	3.74494	0.00785	0.03010	0.03010	0.03010
GCT	TCT	GT	-0.37638	0.00487	0.00401	0.37638	0.00334	0.00401	0.00401	0.00401
GCT	CCT	GC	-0.58469	0.01578	0.01161	0.58469	0.00879	0.01161	0.01161	0.01161
GCT	ACT	GA	-1.96876	0.06970	0.02227	1.96876	0.00973	0.02227	0.02227	0.02227
GCT	GTT	CT	-0.94129	0.02607	0.01570	0.94129	0.01017	0.01570	0.01570	0.01570
GCC	TCC	GT	-0.57470	0.02417	0.01788	0.57470	0.01360	0.01788	0.01788	0.01788
GCC	CCC	GC	-0.97674	0.07832	0.04620	0.97674	0.02949	0.04620	0.04620	0.04620
GCC	ACC	GA	-1.27465	0.34592	0.17107	1.27465	0.09669	0.17107	0.17107	0.17107
GCC	GTC	CT	-0.22923	0.12940	0.11513	0.22923	0.10289	0.11513	0.11513	0.11513
GCC	GCT	CT	-0.42611	0.12940	0.10378	0.42611	0.08450	0.10378	0.10378	0.10378
GCA	TCA	GT	0.67046	0.00327	0.00449	-0.67046	0.00639	0.00449	0.00449	0.00449
GCA	CCA	GC	-0.24802	0.01059	0.00933	0.24802	0.00827	0.00933	0.00933	0.00933
GCA	ACA	GA	0.12569	0.04679	0.04979	-0.12569	0.05306	0.04979	0.04979	0.04979
GCA	GTA	CT	-0.58196	0.01750	0.01290	0.58196	0.00978	0.01290	0.01290	0.01290
GCA	GCT	AT	1.38186	0.00327	0.00603	-1.38186	0.01302	0.00603	0.00603	0.00603
GCA	GCC	AC	1.80797	0.01059	0.02291	-1.80797	0.06460	0.02291	0.02291	0.02291
GCG	TCG	GT	0.69543	0.00462	0.00641	-0.69543	0.00926	0.00641	0.00641	0.00641
GCG	CCG	GC	-0.22494	0.01498	0.01336	0.22494	0.01196	0.01336	0.01336	0.01336
GCG	ACG	GA	-0.01294	0.06615	0.06572	0.01294	0.06530	0.06572	0.06572	0.06572
GCG	GTG	CT	2.78923	0.02474	0.07354	-2.78923	0.40256	0.07354	0.07354	0.07354
GCG	GCT	GT	1.00811	0.00462	0.00734	-1.00811	0.01266	0.00734	0.00734	0.00734
GCG	GCC	GC	1.43422	0.01498	0.02820	-1.43422	0.06285	0.02820	0.02820	0.02820
GCG	GCA	GA	-0.37375	0.06615	0.05456	0.37375	0.04552	0.05456	0.05456	0.05456
GAT	TAT	GT	0.47342	0.00183	0.00229	-0.47342	0.00293	0.00229	0.00229	0.00229
GAT	CAT	GC	-0.70248	0.00592	0.00408	0.70248	0.00293	0.00408	0.00408	0.00408
GAT	AAT	GA	-0.27879	0.02614	0.02266	0.27879	0.01978	0.02266	0.02266	0.02266
GAT	GTT	AT	-0.15303	0.00183	0.00169	0.15303	0.00157	0.00169	0.00169	0.00169
GAT	GCT	AC	0.78825	0.00592	0.00855	-0.78825	0.01302	0.00855	0.00855	0.00855
GAC	TAC	GT	0.54530	0.01111	0.01442	-0.54530	0.01917	0.01442	0.01442	0.01442
GAC	CAC	GC	-0.40684	0.03602	0.02919	0.40684	0.02398	0.02919	0.02919	0.02919
GAC	AAC	GA	-0.22409	0.15908	0.14192	0.22409	0.12715	0.14192	0.14192	0.14192
GAC	GTC	AT	0.35496	0.01111	0.01320	-0.35496	0.01585	0.01320	0.01320	0.01320
GAC	GCC	AC	0.58420	0.03602	0.04756	-0.58420	0.06460	0.04756	0.04756	0.04756
GAC	GAT	CT	-0.63017	0.05951	0.04271	0.63017	0.03169	0.04271	0.04271	0.04271
GAA	CAA	GC	-0.22005	0.00292	0.00261	0.22005	0.00235	0.00261	0.00261	0.00261
GAA	AAA	GA	-0.13283	0.01291	0.01207	0.13283	0.01130	0.01207	0.01207	0.01207
GAA	GTA	AT	0.51331	0.00090	0.00115	-0.51331	0.00151	0.00115	0.00115	0.00115
GAA	GCA	AC	1.09528	0.00292	0.00481	-1.09528	0.00874	0.00481	0.00481	0.00481
GAA	GAT	AT	1.68889	0.00090	0.00187	-1.68889	0.00488	0.00187	0.00187	0.00187
GAA	GAC	AC	2.31905	0.00292	0.00752	-2.31905	0.02971	0.00752	0.00752	0.00752
GAG	CAG	GC	-0.02653	0.04756	0.04694	0.02653	0.04632	0.04694	0.04694	0.04694
GAG	AAG	GA	-0.80554	0.21007	0.13670	0.80554	0.09387	0.13670	0.13670	0.13670
GAG	GTG	AT	1.44115	0.01468	0.02771	-1.44115	0.06201	0.02771	0.02771	0.02771
GAG	GCG	AC	-1.34808	0.04756	0.02250	1.34808	0.01235	0.02250	0.02250	0.02250
GAG	GAT	GT	-1.12821	0.01468	0.00792	1.12821	0.00475	0.00792	0.00792	0.00792
GAG	GAC	GC	-0.49805	0.04756	0.03670	0.49805	0.02890	0.03670	0.03670	0.03670
GAG	GAA	GA	-2.81710	0.21007	0.03763	2.81710	0.01256	0.03763	0.03763	0.03763
GGT	TGT	GT	0.94294	0.00176	0.00272	-0.94294	0.00451	0.00272	0.00272	0.00272
GGT	CGT	GC	-0.06590	0.00570	0.00551	0.06590	0.00534	0.00551	0.00551	0.00551
GGT	AGT	GA	-0.13569	0.02517	0.02350	0.13569	0.02198	0.02350	0.02350	0.02350
GGT	GTT	GT	-0.14277	0.00176	0.00164	0.14277	0.00152	0.00164	0.00164	0.00164
GGT	GCT	GC	0.79852	0.00570	0.00827	-0.79852	0.01266	0.00827	0.00827	0.00827
GGT	GAT	GA	0.01027	0.02517	0.02530	-0.01027	0.02543	0.02530	0.02530	0.02530
GGC	TGC	GT	0.55405	0.01839	0.02396	-0.55405	0.03201	0.02396	0.02396	0.02396
GGC	CGC	GC	-1.04673	0.05962	0.03376	1.04673	0.02093	0.03376	0.03376	0.03376
GGC	AGC	GA	-0.26730	0.26331	0.22969	0.26730	0.20155	0.22969	0.22969	0.22969
GGC	GTC	GT	-0.17641	0.01839	0.01682	0.17641	0.01542	0.01682	0.01682	0.01682
GGC	GCC	GC	0.05282	0.05962	0.06121	-0.05282	0.06285	0.06121	0.06121	0.06121
GGC	GAC	GA	-0.53138	0.26331	0.19952	0.53138	0.15477	0.19952	0.19952	0.19952
GGC	GGT	CT	-1.17181	0.09850	0.05181	1.17181	0.03051	0.05181	0.05181	0.05181
GGA	CGA	GC	-0.94060	0.00541	0.00326	0.94060	0.00211	0.00326	0.00326	0.00326
GGA	AGA	GA	-2.53978	0.02388	0.00519	2.53978	0.00188	0.00519	0.00519	0.00519
GGA	GTA	GT	-0.12934	0.00167	0.00156	0.12934	0.00147	0.00156	0.00156	0.00156
GGA	GCA	GC	0.45262	0.00541	0.00672	-0.45262	0.00850	0.00672	0.00672	0.00672
GGA	GAA	GA	-0.64266	0.02388	0.01702	0.64266	0.01256	0.01702	0.01702	0.01702
GGA	GGT	AT	1.03596	0.00167	0.00268	-1.03596	0.00470	0.00268	0.00268	0.00268
GGA	GGC	AC	2.20777	0.00541	0.01341	-2.20777	0.04917	0.01341	0.01341	0.01341
GGG	TGG	GT	1.06722	0.00823	0.01339	-1.06722	0.02392	0.01339	0.01339	0.01339
GGG	CGG	GC	-0.39310	0.02667	0.02177	0.39310	0.01800	0.02177	0.02177	0.02177
GGG	AGG	GA	-0.68035	0.11778	0.08222	0.68035	0.05965	0.08222	0.08222	0.08222
GGG	GTG	GT	1.99229	0.00823	0.01898	-1.99229	0.06033	0.01898	0.01898	0.01898
GGG	GCG	GC	-0.79694	0.02667	0.01744	0.79694	0.01202	0.01744	0.01744	0.01744
GGG	GAG	GA	0.55114	0.11778	0.15320	-0.55114	0.20438	0.15320	0.15320	0.15320
GGG	GGT	GT	-0.58734	0.00823	0.00605	0.58734	0.00457	0.00605	0.00605	0.00605
GGG	GGC	GC	0.58447	0.02667	0.03522	-0.58447	0.04784	0.03522	0.03522	0.03522
GGG	GGA	GA	-1.62330	0.11778	0.04698	1.62330	0.02323	0.04698	0.04698	0.04698


Histograms
2Ns	FMut	FSub(CodonUsage)	FSubw(after w)

-4.26691	0.00445	0.00032	0.00032
-3.84022	0.01785	0.00212	0.00212
-3.41353	0.03979	0.00652	0.00652
-2.98683	0.08299	0.01806	0.01806
-2.56014	0.00869	0.00233	0.00233
-2.13345	0.06177	0.02324	0.02324
-1.70676	0.05733	0.02902	0.02902
-1.28007	0.12766	0.08293	0.08293
-0.85338	0.11670	0.09701	0.09701
-0.42669	0.16516	0.17389	0.17389
0.00000	0.09853	0.12913	0.12913
0.42669	0.10832	0.17389	0.17389
0.85338	0.04985	0.09701	0.09701
1.28007	0.03586	0.08293	0.08293
1.70676	0.01073	0.02902	0.02902
2.13345	0.00734	0.02324	0.02324
2.56014	0.00063	0.00233	0.00233
2.98683	0.00446	0.01806	0.01806
3.41353	0.00144	0.00652	0.00652
3.84022	0.00042	0.00212	0.00212
4.26691	0.00005	0.00032	0.00032

Proportion of advantageous (S > 0) mutations:
 0.26601

Proportions of good & bad mutations (|S| > 2.0000) among mutations:
0.01146  0.19484

mean |Ns| = 1.24352	mean Ns+ = 0.71892	mean Ns- = -1.43364

