

TREE # 1

  0  0.0000  13469.854497  x:  0.36826   0.07062   0.00720   0.13921   0.12976   0.10564   0.17512   0.07302   0.07041   0.01860   0.03711   0.00956   0.01947   0.01673   0.00903   0.01422   0.02413   0.01472   0.01167   0.01334   0.06697   0.30034   0.00000   0.03920   0.06707   0.03865   0.03363   0.00938   0.02524   0.01451   0.00507   0.01040   0.12469   0.00873   0.10201   0.08664   0.06768   3.00000   1.39835   0.16116   0.29812  
  1 99.0000  13437.941752  x:  0.36972   0.07663   0.01352   0.14190   0.12999   0.10649   0.17862   0.07621   0.07061   0.02359   0.03598   0.01116   0.02063   0.01782   0.00488   0.00671   0.02111   0.01387   0.00612   0.00998   0.06664   0.30215   0.00596   0.04142   0.06828   0.03818   0.03224   0.00896   0.02088   0.01579   0.00000   0.00887   0.12729   0.01361   0.10249   0.08805   0.06964   3.00106   1.39931   0.16039   0.28546  
  2 1965.7355  13419.323182  x:  0.37089   0.08148   0.01858   0.14407   0.13018   0.10717   0.18144   0.07878   0.07077   0.02759   0.03507   0.01243   0.02156   0.01869   0.00158   0.00067   0.01868   0.01319   0.00169   0.00730   0.06636   0.30362   0.01063   0.04321   0.06926   0.03780   0.03112   0.00862   0.01738   0.01683   0.00049   0.00769   0.12939   0.01750   0.10287   0.08919   0.07122   3.00192   1.40008   0.15976   0.27522  
  3 33285.1370  13412.097316  x:  0.37138   0.08339   0.02016   0.14494   0.13024   0.10742   0.18260   0.07980   0.07082   0.02886   0.03470   0.01277   0.02192   0.01897   0.00287   0.00000   0.01788   0.01306   0.00263   0.00678   0.06617   0.30423   0.01141   0.04388   0.06965   0.03766   0.03071   0.00858   0.01614   0.01713   0.00056   0.00754   0.13024   0.01862   0.10302   0.08964   0.07180   3.00229   1.40041   0.15949   0.27085  
  4 4379.2397  13372.637068  x:  0.37592   0.10098   0.03499   0.15298   0.13078   0.10966   0.19324   0.08920   0.07129   0.04075   0.03130   0.01605   0.02526   0.02153   0.01217   0.00186   0.01042   0.01182   0.00892   0.00170   0.06445   0.30983   0.01928   0.05004   0.07322   0.03640   0.02696   0.00819   0.00471   0.01993   0.00123   0.00596   0.13803   0.02916   0.10438   0.09381   0.07720   3.00566   1.40344   0.15704   0.23076  
  5 68917.8795  13340.698419  x:  0.38117   0.12029   0.04945   0.16200   0.13134   0.11198   0.20530   0.09955   0.07172   0.05204   0.02781   0.01856   0.02831   0.02360   0.01782   0.00288   0.00573   0.01148   0.01229   0.01615   0.06229   0.31634   0.02465   0.05653   0.07715   0.03526   0.02338   0.00854   0.00129   0.02232   0.00168   0.00662   0.14677   0.03877   0.10590   0.09844   0.08288   3.00962   1.40699   0.15419   0.18401  
  6 10360.6012  13309.833216  x:  0.38710   0.14178   0.06526   0.17209   0.13197   0.11453   0.21881   0.11104   0.07219   0.06430   0.02412   0.02115   0.03155   0.02574   0.02401   0.00397   0.00333   0.01135   0.01593   0.02463   0.05987   0.32369   0.03021   0.06365   0.08150   0.03407   0.01975   0.00911   0.01123   0.02488   0.00216   0.00732   0.15653   0.04916   0.10760   0.10360   0.08914   3.01411   1.41098   0.15098   0.13150  
  7 26733.1833  13294.940101  x:  0.39016   0.15181   0.07134   0.17697   0.13229   0.11558   0.22548   0.11634   0.07237   0.06861   0.02318   0.02145   0.03242   0.02601   0.02566   0.00421   0.01416   0.01231   0.01676   0.02635   0.05864   0.32753   0.03049   0.06664   0.08346   0.03381   0.01946   0.00971   0.01171   0.02523   0.00227   0.00835   0.16123   0.05251   0.10840   0.10601   0.09176   3.01649   1.41298   0.14939   0.10614  
  8 7700.2688  13275.309092  x:  0.39620   0.16464   0.06941   0.18434   0.13283   0.11582   0.23673   0.12253   0.07210   0.06380   0.02783   0.01557   0.02863   0.02115   0.02107   0.00345   0.00957   0.01548   0.01326   0.02132   0.05671   0.33544   0.01343   0.06799   0.08530   0.03552   0.02850   0.01191   0.00923   0.01989   0.00175   0.01201   0.16820   0.04574   0.10940   0.10898   0.09278   3.02175   1.41634   0.14696   0.07787  
  9 1361.6893  13266.471454  x:  0.40187   0.17759   0.06936   0.19113   0.13291   0.11591   0.24761   0.12837   0.07159   0.06126   0.02702   0.01461   0.02759   0.02104   0.01850   0.00316   0.00954   0.01196   0.01248   0.02042   0.05572   0.34285   0.00152   0.06931   0.08651   0.03501   0.02382   0.00768   0.00891   0.01979   0.00155   0.00528   0.17465   0.04123   0.10976   0.11122   0.09392   3.02720   1.41912   0.14508   0.07603  
 10 794.7359  13263.721757  x:  0.40368   0.18171   0.06935   0.19324   0.13289   0.11590   0.25107   0.13015   0.07141   0.06055   0.02673   0.01466   0.02745   0.02118   0.01789   0.00310   0.00953   0.01167   0.01247   0.02012   0.05576   0.34524   0.00000   0.06969   0.08683   0.03480   0.02266   0.00786   0.00883   0.01994   0.00150   0.00692   0.17664   0.03986   0.10982   0.11186   0.09425   3.02904   1.42001   0.14449   0.07693  
 11 1373.6295  13243.025808  x:  0.42833   0.23425   0.06138   0.22074   0.13257   0.11487   0.29725   0.15195   0.06879   0.04441   0.02783   0.01147   0.02319   0.01936   0.01272   0.00293   0.00999   0.01522   0.01655   0.01948   0.05866   0.37840   0.00692   0.07277   0.09026   0.03394   0.01969   0.01446   0.00889   0.01783   0.00149   0.00754   0.20247   0.01412   0.11056   0.11965   0.09697   3.05469   1.43230   0.13640   0.08828  
 12 2596.9712  13238.387832  x:  0.43571   0.24775   0.05562   0.22725   0.13282   0.11446   0.31040   0.15550   0.06884   0.04128   0.03066   0.01820   0.02733   0.02222   0.01430   0.00298   0.01048   0.01426   0.01527   0.02009   0.06090   0.38888   0.00762   0.07241   0.09022   0.03550   0.02998   0.00856   0.00930   0.02090   0.00148   0.00870   0.20854   0.01244   0.11121   0.12079   0.09858   3.06488   1.43672   0.13359   0.09212  
 13 815.2449  13235.521800  x:  0.44204   0.25519   0.04526   0.22978   0.13404   0.11455   0.32049   0.15314   0.07016   0.04280   0.03045   0.01669   0.03115   0.02344   0.01760   0.00303   0.01072   0.01494   0.01182   0.02045   0.06483   0.39889   0.00568   0.06984   0.08885   0.03843   0.03273   0.01416   0.00944   0.02176   0.00145   0.00669   0.21075   0.02180   0.11260   0.11988   0.10109   3.07858   1.44178   0.13061   0.09488  
 14 390.8340  13232.672159  x:  0.44838   0.25967   0.03244   0.23045   0.13614   0.11553   0.32975   0.14737   0.07226   0.04496   0.02991   0.01313   0.03106   0.02195   0.01892   0.00305   0.01063   0.01505   0.01048   0.02026   0.06875   0.40958   0.00771   0.06643   0.08689   0.04060   0.02962   0.00858   0.00940   0.02010   0.00145   0.00884   0.21093   0.02853   0.11414   0.11804   0.10252   3.09592   1.44771   0.12729   0.09452  
 15 575.0639  13230.106902  x:  0.45500   0.26108   0.02188   0.22894   0.13964   0.11893   0.33862   0.13731   0.07508   0.04811   0.03050   0.02113   0.02783   0.02183   0.01564   0.00293   0.01037   0.01332   0.01329   0.01974   0.06980   0.42145   0.00833   0.06310   0.08495   0.03977   0.02541   0.01032   0.00912   0.02120   0.00144   0.00898   0.20849   0.02970   0.11529   0.11534   0.10176   3.12055   1.45558   0.12310   0.09202  
 16 458.2585  13225.669996  x:  0.46622   0.26014   0.02377   0.22403   0.14739   0.12984   0.35322   0.11656   0.07945   0.05522   0.02428   0.01869   0.02853   0.02657   0.01278   0.00286   0.01002   0.01954   0.01593   0.01966   0.06506   0.44227   0.00726   0.06122   0.08395   0.03447   0.02799   0.00948   0.00906   0.02464   0.00143   0.00824   0.20150   0.02637   0.11577   0.11135   0.09843   3.17666   1.47261   0.11443   0.09251  
 17 463.2160  13221.733567  x:  0.47478   0.25739   0.03077   0.21931   0.15256   0.13801   0.36413   0.10143   0.08181   0.05846   0.02836   0.01544   0.03083   0.02460   0.01538   0.00302   0.01060   0.01148   0.01438   0.02031   0.06068   0.45820   0.00830   0.06165   0.08500   0.03413   0.02928   0.01094   0.00934   0.02223   0.00148   0.00897   0.19597   0.02350   0.11559   0.10966   0.09622   3.22894   1.48807   0.10678   0.09378  
 18 954.8167  13218.932116  x:  0.48011   0.25250   0.03802   0.21501   0.15365   0.14095   0.37051   0.09541   0.08161   0.05700   0.03350   0.01928   0.03129   0.02028   0.01911   0.00311   0.01057   0.01726   0.01124   0.02074   0.05910   0.46797   0.00754   0.06401   0.08725   0.03836   0.02592   0.01002   0.00952   0.01961   0.00151   0.00841   0.19325   0.02422   0.11490   0.11075   0.09634   3.27684   1.50170   0.10036   0.09537  
 19 737.9987  13207.809487  x:  0.49370   0.22237   0.05239   0.19798   0.14611   0.13521   0.38361   0.09845   0.07373   0.03609   0.02508   0.02032   0.02129   0.02503   0.01978   0.00320   0.01039   0.01377   0.01134   0.02051   0.06578   0.49196   0.00855   0.07328   0.09378   0.05102   0.02399   0.00958   0.00922   0.02650   0.00153   0.00941   0.19064   0.02993   0.11145   0.12100   0.10145   3.47464   1.55584   0.07625   0.09372  
 20 834.3444  13194.757326  x:  0.50559   0.18524   0.05915   0.18391   0.13241   0.11874   0.39199   0.11889   0.06271   0.03685   0.02691   0.01990   0.03914   0.02246   0.00872   0.00294   0.01002   0.01375   0.02199   0.01999   0.07456   0.51004   0.00754   0.07930   0.09218   0.03789   0.02241   0.00935   0.00904   0.01915   0.00159   0.00901   0.19409   0.03119   0.10741   0.13025   0.10614   3.73183   1.62431   0.04720   0.09340  
 21 1694.8100  13184.711626  x:  0.50996   0.16521   0.05841   0.18470   0.12466   0.10549   0.39094   0.13969   0.06030   0.05509   0.02936   0.01924   0.02691   0.01953   0.01827   0.00317   0.01026   0.01402   0.01284   0.02054   0.07164   0.51170   0.00702   0.07901   0.08601   0.02429   0.02495   0.00949   0.00923   0.02297   0.00155   0.00856   0.19983   0.02528   0.10553   0.13005   0.10521   3.93008   1.67519   0.02716   0.09570  
 22 1672.3815  13175.422230  x:  0.50853   0.15830   0.05394   0.19765   0.12394   0.09909   0.38005   0.15847   0.06574   0.07141   0.02585   0.01952   0.02761   0.02849   0.01934   0.00313   0.01011   0.01370   0.01100   0.02028   0.05733   0.49804   0.00800   0.07274   0.08024   0.04366   0.02406   0.01025   0.00913   0.01649   0.00153   0.00861   0.20528   0.01549   0.10562   0.12003   0.09917   4.13372   1.72514   0.00956   0.09691  
 23 1478.7842  13166.706190  x:  0.50284   0.16662   0.05153   0.21547   0.12917   0.10388   0.36320   0.16893   0.07269   0.06866   0.02820   0.01577   0.03084   0.01653   0.01461   0.00304   0.00999   0.01376   0.01569   0.02001   0.04686   0.47350   0.00906   0.06340   0.07801   0.04961   0.02386   0.00989   0.00895   0.03100   0.00150   0.00889   0.20831   0.01842   0.10803   0.10805   0.09492   4.32117   1.76899  -0.00387   0.09818  
 24 1568.4527  13152.403940  x:  0.48883   0.19696   0.04930   0.24514   0.14087   0.12084   0.32976   0.17398   0.08290   0.04782   0.03369   0.01664   0.02703   0.02617   0.01536   0.00305   0.00985   0.01446   0.01473   0.01987   0.04975   0.42191   0.00972   0.04900   0.07891   0.03389   0.02245   0.00890   0.00897   0.02062   0.00151   0.00903   0.20926   0.02843   0.11305   0.09298   0.09067   4.62506   1.83729  -0.02198   0.09896  
 25 2088.1802  13147.803838  x:  0.48186   0.21397   0.04570   0.25056   0.14169   0.12393   0.31808   0.16795   0.08311   0.04782   0.02299   0.02032   0.02856   0.01852   0.01722   0.00301   0.00988   0.01301   0.01216   0.01964   0.05825   0.40228   0.00898   0.05191   0.08116   0.03268   0.02506   0.00935   0.00891   0.01604   0.00147   0.00866   0.20706   0.02468   0.11314   0.09731   0.09028   4.71969   1.85666  -0.02512   0.09937  
 26 1104.7661  13143.279026  x:  0.47156   0.23849   0.03775   0.25115   0.13843   0.12288   0.30505   0.15452   0.07767   0.05195   0.02777   0.01700   0.03124   0.02208   0.01754   0.00292   0.00969   0.01387   0.01057   0.01913   0.06774   0.37900   0.00813   0.06020   0.08368   0.03474   0.02284   0.00987   0.00866   0.02199   0.00139   0.00820   0.20292   0.01624   0.11095   0.10911   0.09217   4.82175   1.87544  -0.02570   0.09836  
 27 1072.6900  13141.069749  x:  0.46405   0.25551   0.03512   0.24715   0.13381   0.11808   0.30031   0.14577   0.07007   0.05463   0.02938   0.01605   0.02620   0.02177   0.01393   0.00291   0.00994   0.01394   0.01454   0.01938   0.06047   0.36847   0.00806   0.06461   0.08223   0.03524   0.02616   0.00933   0.00887   0.01909   0.00142   0.00798   0.20199   0.01981   0.10777   0.11479   0.09690   4.87169   1.88233  -0.02292   0.10042  
 28 521.2526  13140.086375  x:  0.45833   0.26416   0.03280   0.24163   0.13058   0.11309   0.29908   0.14130   0.06587   0.05100   0.02749   0.01662   0.02880   0.02195   0.01585   0.00287   0.00974   0.01383   0.01195   0.01900   0.05371   0.36531   0.00888   0.06400   0.07922   0.03333   0.02475   0.00957   0.00868   0.01930   0.00138   0.00826   0.20246   0.01868   0.10517   0.11368   0.09802   4.89437   1.88346  -0.01892   0.09892  
 29 277.8868  13139.080790  x:  0.44590   0.27637   0.03670   0.22875   0.12765   0.10553   0.30049   0.13922   0.06840   0.05058   0.02808   0.01616   0.02779   0.02131   0.01540   0.00289   0.00979   0.01396   0.01257   0.01913   0.05798   0.36589   0.00813   0.06105   0.07591   0.03457   0.02528   0.00957   0.00875   0.01943   0.00139   0.00794   0.20601   0.01760   0.10251   0.10407   0.09582   4.91977   1.87990  -0.00756   0.09808  
 30 128.5284  13138.389631  x:  0.43135   0.28177   0.03478   0.21886   0.13049   0.10511   0.30301   0.14217   0.07325   0.05085   0.02838   0.01596   0.02799   0.02152   0.01548   0.00289   0.00984   0.01412   0.01243   0.01918   0.05571   0.37034   0.00827   0.05916   0.08217   0.03399   0.02568   0.00962   0.00879   0.01934   0.00138   0.00801   0.20932   0.01763   0.10945   0.10699   0.09317   4.93985   1.87192   0.00923   0.09818  
 31 88.6303  13137.486189  x:  0.41106   0.28279   0.03305   0.21682   0.13803   0.11493   0.30851   0.14741   0.06996   0.05125   0.02878   0.01607   0.02795   0.02149   0.01587   0.00291   0.00995   0.01421   0.01213   0.01931   0.05697   0.37934   0.00814   0.05906   0.07526   0.03551   0.02601   0.00977   0.00887   0.01944   0.00138   0.00804   0.21112   0.01709   0.10892   0.11171   0.09546   4.96845   1.85434   0.04259   0.09756  
 32 101.5884  13136.577248  x:  0.39689   0.27978   0.02941   0.22505   0.13839   0.11858   0.31591   0.14829   0.07017   0.05159   0.02897   0.01605   0.02845   0.02177   0.01590   0.00290   0.01003   0.01431   0.01202   0.01934   0.05703   0.38771   0.00810   0.06591   0.08216   0.03467   0.02641   0.00986   0.00891   0.01949   0.00137   0.00811   0.20946   0.01750   0.10237   0.10752   0.09880   4.99917   1.83157   0.08473   0.09650  
 33 145.0430  13135.272536  x:  0.39409   0.27426   0.03344   0.24202   0.13093   0.11399   0.32749   0.14272   0.06935   0.05128   0.02919   0.01643   0.02859   0.02189   0.01581   0.00295   0.01017   0.01456   0.01269   0.01967   0.05961   0.39419   0.00786   0.06159   0.08233   0.03521   0.02671   0.00990   0.00906   0.01982   0.00141   0.00817   0.20469   0.01826   0.11208   0.11018   0.09779   5.04515   1.79349   0.15540   0.09419  
 34 158.7810  13134.254497  x:  0.41242   0.27152   0.03356   0.24157   0.13441   0.11312   0.33235   0.14361   0.08023   0.04979   0.02984   0.01648   0.02916   0.02219   0.01590   0.00298   0.01030   0.01480   0.01291   0.01990   0.05870   0.39205   0.00802   0.06621   0.07781   0.03498   0.02697   0.01011   0.00919   0.01982   0.00142   0.00832   0.20704   0.01965   0.11069   0.11538   0.09779   5.08215   1.76160   0.21786   0.09266  
 35 138.0797  13133.274694  x:  0.43608   0.27008   0.03334   0.23608   0.14072   0.11686   0.33374   0.14670   0.07587   0.05213   0.03002   0.01670   0.02920   0.02226   0.01627   0.00302   0.01043   0.01498   0.01285   0.02015   0.05983   0.38932   0.00800   0.06082   0.08386   0.03608   0.02754   0.01017   0.00931   0.02020   0.00143   0.00841   0.21187   0.01918   0.10823   0.11546   0.10005   5.11717   1.73184   0.27918   0.09110  
 36 267.5314  13133.110889  x:  0.44082   0.27070   0.03267   0.23473   0.14004   0.11911   0.33016   0.14761   0.07357   0.05225   0.03009   0.01668   0.02922   0.02230   0.01635   0.00302   0.01046   0.01499   0.01274   0.02016   0.05995   0.39144   0.00795   0.06496   0.08336   0.03623   0.02765   0.01024   0.00933   0.02022   0.00143   0.00840   0.21322   0.01880   0.11304   0.11201   0.10078   5.12262   1.72893   0.29042   0.09098  
 37 49.8130  13132.929870  x:  0.44495   0.27325   0.03301   0.23617   0.13801   0.11938   0.31756   0.14768   0.07396   0.05218   0.03018   0.01668   0.02920   0.02234   0.01636   0.00303   0.01048   0.01501   0.01284   0.02022   0.06004   0.40138   0.00783   0.06444   0.08359   0.03624   0.02769   0.01022   0.00935   0.02020   0.00144   0.00840   0.21501   0.01940   0.11141   0.11365   0.09868   5.12691   1.73343   0.30537   0.09080  
 38 21.2296  13132.814974  x:  0.44591   0.27365   0.03381   0.23710   0.14121   0.11633   0.31355   0.14715   0.07503   0.05204   0.03017   0.01669   0.02926   0.02231   0.01631   0.00302   0.01048   0.01505   0.01287   0.02021   0.06025   0.40451   0.00776   0.06377   0.08372   0.03617   0.02768   0.01030   0.00935   0.02025   0.00144   0.00838   0.21465   0.01811   0.11228   0.11361   0.10391   5.12835   1.74228   0.31650   0.09086  
 39 20.9004  13129.972057  x:  0.45516   0.27222   0.03297   0.23872   0.16237   0.10074   0.31267   0.14992   0.06452   0.04948   0.03057   0.01621   0.02874   0.02216   0.01598   0.00300   0.01049   0.01500   0.01298   0.01998   0.06142   0.40959   0.00730   0.07108   0.08350   0.03547   0.02799   0.01011   0.00927   0.01992   0.00144   0.00817   0.20040   0.02167   0.11266   0.11222   0.08762   5.14699   2.02995   0.60810   0.09065  
 40 40.4756  13114.230542  x:  0.50690   0.24908   0.02304   0.22008   0.12468   0.12822   0.32381   0.15708   0.08063   0.04286   0.03196   0.01246   0.02634   0.02007   0.01449   0.00259   0.01001   0.01519   0.01031   0.01723   0.05938   0.41758   0.00502   0.05365   0.08341   0.03574   0.03047   0.01036   0.00833   0.01866   0.00132   0.00670   0.16027   0.01237   0.11037   0.11286   0.10628   5.25991   3.82815   2.41989   0.09166  
 41 1194.1159  13108.287652  x:  0.51655   0.21841   0.02180   0.22627   0.12352   0.13275   0.32785   0.11789   0.07957   0.04015   0.03172   0.01201   0.02609   0.01997   0.01368   0.00248   0.00985   0.01506   0.01016   0.01634   0.06149   0.41349   0.00462   0.05544   0.08447   0.03537   0.03050   0.01031   0.00797   0.01879   0.00130   0.00646   0.23013   0.01141   0.11105   0.11548   0.10652   5.30057   4.47673   3.07071   0.09193  
 42 1161.0613  13096.032009  x:  0.52035   0.18788   0.00842   0.21889   0.13940   0.12483   0.32633   0.10739   0.07254   0.02497   0.03224   0.00958   0.02234   0.01739   0.00765   0.00160   0.01038   0.01433   0.00717   0.01124   0.06330   0.41860   0.00093   0.05401   0.08041   0.03409   0.03133   0.01001   0.00674   0.01715   0.00095   0.00590   0.20923   0.00690   0.10691   0.11114   0.09403   5.67899   4.46118   2.83494   0.09831  
 43  0.6706  13089.849204  x:  0.52149   0.16716   0.02026   0.21064   0.14459   0.11767   0.32453   0.10562   0.07146   0.03104   0.03034   0.01333   0.02149   0.01808   0.00367   0.00121   0.01245   0.01312   0.00650   0.00971   0.06296   0.42529   0.00158   0.05437   0.07885   0.03647   0.02889   0.00941   0.00723   0.01742   0.00073   0.00889   0.19903   0.01243   0.10553   0.10863   0.08804   5.96207   4.74807   3.08103   0.10338  
 44  0.9611  13088.941093  x:  0.51851   0.16752   0.02080   0.20929   0.14457   0.11683   0.32452   0.10724   0.07147   0.03197   0.03028   0.01350   0.02189   0.01837   0.00609   0.00128   0.01313   0.01313   0.00429   0.00995   0.06305   0.42702   0.00176   0.05441   0.07869   0.03698   0.02845   0.00927   0.00765   0.01740   0.00075   0.00933   0.19730   0.01289   0.10572   0.10835   0.08769   6.03122   4.76622   3.10345   0.10392  
 45  0.3475  13087.399884  x:  0.50332   0.17753   0.01792   0.20665   0.14127   0.11696   0.32333   0.11400   0.07244   0.03501   0.03061   0.01207   0.02526   0.01956   0.00590   0.00144   0.01515   0.01381   0.00619   0.01084   0.06270   0.43007   0.00182   0.05402   0.07834   0.03772   0.02784   0.00916   0.00918   0.01714   0.00094   0.00971   0.19395   0.01163   0.10702   0.10778   0.08895   6.23410   4.78106   3.15008   0.10377  
 46  0.2845  13086.572106  x:  0.49670   0.17692   0.01965   0.20837   0.13613   0.11682   0.31909   0.11377   0.07223   0.03122   0.03127   0.01240   0.02333   0.01872   0.00509   0.00131   0.01651   0.01404   0.00507   0.00987   0.06168   0.42771   0.00119   0.05356   0.07851   0.03685   0.02797   0.00954   0.01019   0.01722   0.00096   0.00948   0.19536   0.01102   0.10703   0.10707   0.09021   6.40219   4.91527   3.26653   0.10199  
 47  0.2081  13086.241215  x:  0.50389   0.17367   0.01691   0.21083   0.13773   0.11802   0.32231   0.11017   0.07173   0.03262   0.03102   0.01226   0.02244   0.01850   0.00501   0.00131   0.01716   0.01359   0.00503   0.00947   0.06115   0.42813   0.00228   0.05428   0.07885   0.03651   0.02805   0.00937   0.01102   0.01722   0.00106   0.00946   0.19900   0.01106   0.10662   0.10835   0.09041   6.43408   5.02947   3.36900   0.10086  
 48  0.1405  13085.960842  x:  0.51408   0.17341   0.01936   0.21067   0.14091   0.11814   0.32610   0.10958   0.07189   0.03258   0.03093   0.01225   0.02349   0.01872   0.00535   0.00141   0.01769   0.01375   0.00545   0.00945   0.06246   0.43016   0.00173   0.05463   0.07912   0.03641   0.02878   0.00940   0.01216   0.01698   0.00124   0.00860   0.20047   0.01174   0.10652   0.10901   0.08988   6.40871   5.13923   3.48310   0.10033  
 49  0.1235  13085.760750  x:  0.51348   0.17835   0.01823   0.20924   0.14078   0.11819   0.32700   0.11390   0.07273   0.03313   0.03070   0.01263   0.02376   0.01892   0.00493   0.00135   0.01781   0.01384   0.00484   0.00863   0.06258   0.43080   0.00167   0.05408   0.07877   0.03673   0.02880   0.00940   0.01304   0.01712   0.00133   0.00841   0.19840   0.01121   0.10711   0.10839   0.08986   6.37194   5.23222   3.59190   0.10068  
 50  0.0996  13085.633070  x:  0.50954   0.17762   0.01885   0.21029   0.13905   0.11798   0.32435   0.11362   0.07286   0.03174   0.03100   0.01234   0.02330   0.01882   0.00515   0.00141   0.01762   0.01380   0.00518   0.00846   0.06238   0.42955   0.00201   0.05396   0.07884   0.03689   0.02856   0.00941   0.01374   0.01715   0.00150   0.00879   0.19711   0.01180   0.10744   0.10798   0.09032   6.31634   5.33282   3.70277   0.10130  
 51  0.1317  13085.577577  x:  0.50712   0.17508   0.01863   0.21058   0.13860   0.11781   0.32240   0.11132   0.07245   0.03291   0.03104   0.01226   0.02312   0.01878   0.00515   0.00142   0.01737   0.01383   0.00516   0.00833   0.06231   0.42841   0.00169   0.05415   0.07884   0.03689   0.02854   0.00941   0.01404   0.01692   0.00158   0.00885   0.19721   0.01122   0.10715   0.10807   0.09024   6.28950   5.40095   3.76490   0.10154  
 52  0.1172  13085.540907  x:  0.50517   0.17460   0.01826   0.20884   0.13951   0.11776   0.32193   0.11093   0.07182   0.03246   0.03100   0.01242   0.02366   0.01879   0.00502   0.00142   0.01699   0.01373   0.00501   0.00840   0.06216   0.42762   0.00170   0.05431   0.07880   0.03656   0.02850   0.00937   0.01425   0.01700   0.00165   0.00901   0.19771   0.01172   0.10648   0.10830   0.08962   6.28030   5.46255   3.81293   0.10155  
 53  0.0478  13085.506708  x:  0.50513   0.17580   0.01892   0.20901   0.13996   0.11735   0.32275   0.11214   0.07199   0.03251   0.03094   0.01244   0.02314   0.01878   0.00497   0.00144   0.01654   0.01368   0.00500   0.00880   0.06196   0.42796   0.00175   0.05416   0.07866   0.03637   0.02856   0.00932   0.01441   0.01704   0.00176   0.00900   0.19765   0.01108   0.10661   0.10825   0.08973   6.29004   5.52490   3.87470   0.10141  
 54  0.0475  13085.481929  x:  0.50725   0.17541   0.01840   0.21030   0.13927   0.11761   0.32328   0.11216   0.07241   0.03262   0.03093   0.01226   0.02319   0.01880   0.00489   0.00145   0.01625   0.01382   0.00492   0.00896   0.06217   0.42871   0.00165   0.05406   0.07870   0.03659   0.02854   0.00936   0.01444   0.01698   0.00185   0.00892   0.19736   0.01170   0.10707   0.10812   0.08997   6.31263   5.60646   3.96410   0.10135  
 55  0.0882  13085.464920  x:  0.50895   0.17540   0.01858   0.21015   0.13880   0.11791   0.32341   0.11119   0.07239   0.03242   0.03093   0.01243   0.02361   0.01878   0.00489   0.00146   0.01616   0.01384   0.00491   0.00887   0.06229   0.42898   0.00179   0.05416   0.07888   0.03679   0.02839   0.00943   0.01433   0.01693   0.00193   0.00890   0.19770   0.01118   0.10706   0.10816   0.09019   6.32883   5.68717   4.04800   0.10137  
 56  0.0704  13085.431667  x:  0.50904   0.17556   0.01851   0.20861   0.13944   0.11825   0.32299   0.11191   0.07206   0.03268   0.03108   0.01237   0.02314   0.01880   0.00502   0.00149   0.01615   0.01379   0.00503   0.00858   0.06227   0.42873   0.00176   0.05433   0.07899   0.03700   0.02842   0.00942   0.01393   0.01705   0.00212   0.00871   0.19797   0.01150   0.10655   0.10836   0.08975   6.33798   5.84466   4.20214   0.10149  
 57  0.0780  13085.412372  x:  0.50666   0.17575   0.01872   0.21037   0.13958   0.11751   0.32351   0.11200   0.07230   0.03262   0.03101   0.01227   0.02341   0.01887   0.00497   0.00148   0.01621   0.01377   0.00496   0.00846   0.06214   0.42872   0.00175   0.05414   0.07874   0.03661   0.02850   0.00935   0.01361   0.01701   0.00224   0.00875   0.19741   0.01145   0.10693   0.10824   0.09006   6.32941   5.94497   4.30017   0.10148  
 58  0.0805  13085.402479  x:  0.50688   0.17630   0.01857   0.21006   0.13907   0.11757   0.32317   0.11171   0.07225   0.03261   0.03090   0.01255   0.02334   0.01871   0.00495   0.00149   0.01642   0.01378   0.00498   0.00865   0.06215   0.42869   0.00170   0.05426   0.07878   0.03653   0.02849   0.00938   0.01349   0.01702   0.00232   0.00882   0.19769   0.01151   0.10704   0.10817   0.09003   6.31766   6.02631   4.38432   0.10149  
 59  0.0597  13085.398437  x:  0.50763   0.17573   0.01865   0.20968   0.13913   0.11770   0.32301   0.11184   0.07220   0.03258   0.03094   0.01232   0.02333   0.01880   0.00490   0.00149   0.01659   0.01378   0.00492   0.00870   0.06218   0.42865   0.00171   0.05422   0.07883   0.03660   0.02847   0.00939   0.01348   0.01701   0.00236   0.00887   0.19767   0.01145   0.10692   0.10817   0.08993   6.31409   6.07324   4.43149   0.10147  
 60  0.0605  13085.397872  x:  0.50759   0.17559   0.01860   0.20989   0.13936   0.11771   0.32320   0.11187   0.07225   0.03259   0.03098   0.01237   0.02334   0.01880   0.00491   0.00149   0.01665   0.01378   0.00492   0.00872   0.06221   0.42862   0.00172   0.05419   0.07882   0.03669   0.02846   0.00938   0.01352   0.01701   0.00237   0.00884   0.19754   0.01145   0.10688   0.10826   0.08998   6.31324   6.08703   4.44544   0.10147  
 61  0.0159  13085.397577  x:  0.50731   0.17587   0.01861   0.20982   0.13932   0.11767   0.32311   0.11168   0.07224   0.03260   0.03099   0.01234   0.02334   0.01880   0.00491   0.00148   0.01666   0.01379   0.00492   0.00872   0.06219   0.42856   0.00173   0.05420   0.07879   0.03671   0.02847   0.00939   0.01353   0.01702   0.00237   0.00881   0.19753   0.01146   0.10691   0.10819   0.08994   6.31299   6.10916   4.46681   0.10149  
 62  0.0103  13085.396509  x:  0.50699   0.17544   0.01859   0.20976   0.13918   0.11776   0.32257   0.11194   0.07222   0.03259   0.03099   0.01236   0.02337   0.01881   0.00491   0.00146   0.01663   0.01381   0.00493   0.00874   0.06216   0.42842   0.00175   0.05420   0.07879   0.03666   0.02850   0.00940   0.01354   0.01700   0.00238   0.00876   0.19759   0.01144   0.10697   0.10806   0.08990   6.31238   6.20144   4.55878   0.10152  
 63  0.0270  13085.394281  x:  0.50713   0.17543   0.01863   0.20956   0.13925   0.11756   0.32292   0.11173   0.07220   0.03257   0.03095   0.01236   0.02332   0.01878   0.00492   0.00140   0.01661   0.01377   0.00492   0.00874   0.06224   0.42856   0.00174   0.05417   0.07881   0.03660   0.02851   0.00935   0.01351   0.01700   0.00236   0.00876   0.19730   0.01145   0.10674   0.10830   0.09003   6.31244   6.37834   4.73674   0.10156  
 64  0.0765  13085.393037  x:  0.50762   0.17564   0.01861   0.20987   0.13934   0.11766   0.32305   0.11181   0.07223   0.03261   0.03096   0.01237   0.02335   0.01880   0.00494   0.00137   0.01663   0.01379   0.00494   0.00873   0.06222   0.42852   0.00173   0.05421   0.07880   0.03668   0.02849   0.00940   0.01352   0.01702   0.00235   0.00883   0.19743   0.01147   0.10691   0.10821   0.08988   6.31197   6.48793   4.84651   0.10151  
 65  0.0799  13085.392719  x:  0.50758   0.17571   0.01862   0.20983   0.13929   0.11769   0.32307   0.11183   0.07224   0.03260   0.03098   0.01236   0.02335   0.01881   0.00494   0.00137   0.01663   0.01378   0.00495   0.00872   0.06217   0.42857   0.00172   0.05418   0.07882   0.03669   0.02844   0.00936   0.01354   0.01699   0.00236   0.00884   0.19761   0.01145   0.10691   0.10819   0.09000   6.31352   6.54133   4.89977   0.10152  
 66  0.0384  13085.391996  x:  0.50753   0.17562   0.01860   0.20989   0.13929   0.11769   0.32322   0.11186   0.07227   0.03259   0.03095   0.01236   0.02335   0.01878   0.00494   0.00138   0.01661   0.01378   0.00495   0.00871   0.06216   0.42874   0.00171   0.05420   0.07884   0.03666   0.02846   0.00940   0.01357   0.01708   0.00239   0.00885   0.19753   0.01144   0.10682   0.10831   0.08995   6.31625   6.67967   5.03858   0.10154  
 67  0.0354  13085.389179  x:  0.50787   0.17577   0.01858   0.20981   0.13940   0.11763   0.32308   0.11182   0.07216   0.03258   0.03097   0.01238   0.02331   0.01883   0.00495   0.00142   0.01661   0.01378   0.00494   0.00870   0.06227   0.42867   0.00173   0.05424   0.07880   0.03652   0.02850   0.00942   0.01358   0.01687   0.00238   0.00885   0.19722   0.01149   0.10690   0.10826   0.08977   6.31572   7.14740   5.50655   0.10152  
 68  0.1233  13085.386124  x:  0.50796   0.17551   0.01863   0.20978   0.13934   0.11761   0.32282   0.11181   0.07220   0.03263   0.03094   0.01235   0.02336   0.01876   0.00493   0.00145   0.01664   0.01377   0.00494   0.00872   0.06224   0.42843   0.00173   0.05418   0.07878   0.03668   0.02850   0.00934   0.01354   0.01705   0.00232   0.00883   0.19750   0.01146   0.10699   0.10812   0.09002   6.31142   7.70816   6.06753   0.10157  
 69  0.3886  13085.385269  x:  0.50754   0.17558   0.01861   0.20982   0.13923   0.11765   0.32304   0.11178   0.07227   0.03257   0.03099   0.01236   0.02333   0.01883   0.00491   0.00145   0.01662   0.01379   0.00493   0.00872   0.06215   0.42849   0.00172   0.05416   0.07881   0.03668   0.02846   0.00940   0.01352   0.01700   0.00231   0.00883   0.19749   0.01146   0.10682   0.10825   0.08991   6.31270   8.15028   6.50950   0.10160  
 70  0.3581  13085.384682  x:  0.50777   0.17558   0.01861   0.20980   0.13936   0.11764   0.32281   0.11185   0.07218   0.03258   0.03098   0.01234   0.02334   0.01875   0.00492   0.00145   0.01662   0.01377   0.00493   0.00872   0.06220   0.42849   0.00172   0.05420   0.07881   0.03667   0.02844   0.00938   0.01352   0.01700   0.00232   0.00883   0.19733   0.01146   0.10694   0.10817   0.08991   6.31274   8.93440   7.29338   0.10160  
 71  0.3543  13085.384374  x:  0.50777   0.17555   0.01860   0.20980   0.13929   0.11763   0.32294   0.11176   0.07224   0.03259   0.03096   0.01237   0.02333   0.01883   0.00492   0.00144   0.01662   0.01378   0.00494   0.00872   0.06220   0.42850   0.00172   0.05416   0.07879   0.03667   0.02847   0.00938   0.01353   0.01702   0.00232   0.00883   0.19748   0.01146   0.10690   0.10819   0.08996   6.31199   9.58350   7.94290   0.10159  
 72  0.4794  13085.384237  x:  0.50767   0.17556   0.01862   0.20982   0.13926   0.11764   0.32297   0.11181   0.07225   0.03259   0.03098   0.01235   0.02334   0.01878   0.00492   0.00144   0.01662   0.01378   0.00493   0.00872   0.06217   0.42848   0.00173   0.05418   0.07881   0.03668   0.02847   0.00938   0.01353   0.01700   0.00232   0.00883   0.19746   0.01146   0.10685   0.10822   0.08990   6.31260  10.33270   8.69204   0.10160  
 73  0.4881  13085.384164  x:  0.50776   0.17557   0.01861   0.20980   0.13931   0.11763   0.32289   0.11180   0.07221   0.03259   0.03097   0.01236   0.02334   0.01880   0.00492   0.00145   0.01662   0.01378   0.00494   0.00872   0.06220   0.42849   0.00172   0.05419   0.07881   0.03667   0.02847   0.00938   0.01353   0.01701   0.00232   0.00883   0.19742   0.01146   0.10691   0.10819   0.08994   6.31261  11.10659   9.46587   0.10160  
 74  0.4910  13085.384130  x:  0.50771   0.17556   0.01861   0.20981   0.13928   0.11764   0.32295   0.11179   0.07225   0.03259   0.03097   0.01236   0.02334   0.01880   0.00492   0.00145   0.01662   0.01378   0.00493   0.00872   0.06218   0.42848   0.00172   0.05417   0.07880   0.03667   0.02847   0.00938   0.01353   0.01701   0.00232   0.00883   0.19747   0.01146   0.10687   0.10821   0.08991   6.31234  12.02823  10.38758   0.10160  
 75  0.5005  13085.384117  x:  0.50773   0.17556   0.01861   0.20981   0.13930   0.11763   0.32292   0.11180   0.07222   0.03259   0.03097   0.01236   0.02334   0.01880   0.00492   0.00145   0.01662   0.01378   0.00493   0.00872   0.06219   0.42849   0.00172   0.05419   0.07881   0.03667   0.02847   0.00938   0.01353   0.01701   0.00232   0.00883   0.19743   0.01146   0.10689   0.10820   0.08994   6.31247  12.70559  11.06489   0.10160  
 76  0.4545  13085.384112  x:  0.50773   0.17556   0.01861   0.20981   0.13929   0.11764   0.32292   0.11180   0.07224   0.03259   0.03097   0.01236   0.02334   0.01880   0.00492   0.00145   0.01662   0.01378   0.00493   0.00872   0.06219   0.42849   0.00172   0.05417   0.07880   0.03667   0.02847   0.00938   0.01353   0.01701   0.00232   0.00883   0.19745   0.01146   0.10689   0.10820   0.08992   6.31245  13.34373  11.70305   0.10160  
 77  0.3808  13085.384109  x:  0.50773   0.17556   0.01861   0.20980   0.13929   0.11764   0.32293   0.11180   0.07223   0.03259   0.03097   0.01236   0.02334   0.01880   0.00492   0.00145   0.01662   0.01378   0.00493   0.00872   0.06219   0.42849   0.00172   0.05419   0.07880   0.03667   0.02847   0.00938   0.01353   0.01701   0.00232   0.00883   0.19744   0.01146   0.10689   0.10820   0.08993   6.31246  13.94575  12.30508   0.10160  
 78  0.3628  13085.384109  x:  0.50773   0.17556   0.01861   0.20980   0.13929   0.11764   0.32293   0.11180   0.07222   0.03259   0.03097   0.01236   0.02334   0.01880   0.00492   0.00145   0.01662   0.01378   0.00493   0.00872   0.06219   0.42849   0.00172   0.05419   0.07880   0.03667   0.02847   0.00938   0.01353   0.01701   0.00232   0.00883   0.19744   0.01146   0.10689   0.10820   0.08994   6.31245  15.09307  13.45239   0.10160  
 79  1.6752  13085.384108  x:  0.50773   0.17556   0.01861   0.20981   0.13929   0.11764   0.32293   0.11180   0.07222   0.03259   0.03097   0.01236   0.02334   0.01880   0.00492   0.00145   0.01662   0.01378   0.00493   0.00872   0.06219   0.42849   0.00172   0.05419   0.07880   0.03667   0.02847   0.00938   0.01353   0.01701   0.00232   0.00883   0.19744   0.01146   0.10689   0.10820   0.08993   6.31245  14.68204  13.04136   0.10160  
 80  1.6312  13085.384108  x:  0.50773   0.17556   0.01861   0.20981   0.13929   0.11764   0.32293   0.11180   0.07222   0.03259   0.03097   0.01236   0.02334   0.01880   0.00492   0.00145   0.01662   0.01378   0.00493   0.00872   0.06219   0.42849   0.00172   0.05419   0.07880   0.03667   0.02847   0.00938   0.01353   0.01701   0.00232   0.00883   0.19744   0.01146   0.10689   0.10820   0.08993   6.31243  14.68846  13.04778   0.10160  
 81 19.8763  13085.384108  x:  0.50773   0.17556   0.01861   0.20981   0.13929   0.11764   0.32293   0.11180   0.07223   0.03259   0.03097   0.01236   0.02334   0.01880   0.00492   0.00145   0.01662   0.01378   0.00493   0.00872   0.06219   0.42849   0.00172   0.05418   0.07880   0.03667   0.02847   0.00938   0.01353   0.01701   0.00232   0.00883   0.19744   0.01146   0.10689   0.10820   0.08993   6.31257  14.68332  13.04264   0.10160  
 82  0.0279  13085.384108  x:  0.50773   0.17556   0.01861   0.20981   0.13929   0.11764   0.32293   0.11180   0.07223   0.03259   0.03097   0.01236   0.02334   0.01880   0.00492   0.00145   0.01662   0.01378   0.00493   0.00872   0.06219   0.42849   0.00172   0.05418   0.07880   0.03667   0.02847   0.00938   0.01353   0.01701   0.00232   0.00883   0.19744   0.01146   0.10689   0.10820   0.08993   6.31257  14.68308  13.04239   0.10160  
 83  0.0003  13085.384108  x:  0.50773   0.17556   0.01861   0.20981   0.13929   0.11764   0.32293   0.11180   0.07223   0.03259   0.03097   0.01236   0.02334   0.01880   0.00492   0.00145   0.01662   0.01378   0.00493   0.00872   0.06219   0.42849   0.00172   0.05418   0.07880   0.03667   0.02847   0.00938   0.01353   0.01701   0.00232   0.00883   0.19745   0.01146   0.10689   0.10820   0.08993   6.31256  14.68369  13.04301   0.10160  
 84  0.0003  13085.384108  x:  0.50773   0.17556   0.01861   0.20981   0.13929   0.11764   0.32293   0.11180   0.07223   0.03259   0.03097   0.01236   0.02334   0.01880   0.00492   0.00145   0.01662   0.01378   0.00493   0.00872   0.06219   0.42849   0.00172   0.05418   0.07880   0.03667   0.02847   0.00938   0.01353   0.01701   0.00232   0.00883   0.19744   0.01146   0.10689   0.10820   0.08993   6.31247  14.68604  13.04536   0.10160  
 85  0.0005  13085.384108  x:  0.50773   0.17556   0.01861   0.20981   0.13929   0.11764   0.32293   0.11180   0.07223   0.03259   0.03097   0.01236   0.02334   0.01880   0.00492   0.00145   0.01662   0.01378   0.00493   0.00872   0.06219   0.42849   0.00172   0.05418   0.07880   0.03667   0.02847   0.00938   0.01353   0.01701   0.00232   0.00883   0.19744   0.01146   0.10689   0.10820   0.08993   6.31245  14.68665  13.04597   0.10160  
 86  0.0005  13085.384108  x:  0.50773   0.17556   0.01861   0.20981   0.13929   0.11764   0.32293   0.11180   0.07223   0.03259   0.03097   0.01236   0.02334   0.01880   0.00492   0.00145   0.01662   0.01378   0.00493   0.00872   0.06219   0.42849   0.00172   0.05418   0.07880   0.03667   0.02847   0.00938   0.01353   0.01701   0.00232   0.00883   0.19744   0.01146   0.10689   0.10820   0.08993   6.31245  14.68665  13.04597   0.10160  
 87  0.0001  13085.384108  x:  0.50773   0.17556   0.01861   0.20981   0.13929   0.11764   0.32293   0.11180   0.07223   0.03259   0.03097   0.01236   0.02334   0.01880   0.00492   0.00145   0.01662   0.01378   0.00493   0.00872   0.06219   0.42849   0.00172   0.05418   0.07880   0.03667   0.02847   0.00938   0.01353   0.01701   0.00232   0.00883   0.19744   0.01146   0.10689   0.10820   0.08993   6.31245  14.68665  13.04597   0.10160  
 88  0.0059  13085.384108  x:  0.50773   0.17556   0.01861   0.20981   0.13929   0.11764   0.32293   0.11180   0.07223   0.03259   0.03097   0.01236   0.02334   0.01880   0.00492   0.00145   0.01662   0.01378   0.00493   0.00872   0.06219   0.42849   0.00172   0.05418   0.07880   0.03667   0.02847   0.00938   0.01353   0.01701   0.00232   0.00883   0.19744   0.01146   0.10689   0.10820   0.08993   6.31245  14.68665  13.04597   0.10160  
 89  0.0217  13085.384108  x:  0.50773   0.17556   0.01861   0.20981   0.13929   0.11764   0.32293   0.11180   0.07223   0.03259   0.03097   0.01236   0.02334   0.01880   0.00492   0.00145   0.01662   0.01378   0.00493   0.00872   0.06219   0.42849   0.00172   0.05418   0.07880   0.03667   0.02847   0.00938   0.01353   0.01701   0.00232   0.00883   0.19744   0.01146   0.10689   0.10820   0.08993   6.31245  14.68665  13.04597   0.10160  
 90  0.0061  13085.384108  x:  0.50773   0.17556   0.01861   0.20981   0.13929   0.11764   0.32293   0.11180   0.07223   0.03259   0.03097   0.01236   0.02334   0.01880   0.00492   0.00145   0.01662   0.01378   0.00493   0.00872   0.06219   0.42849   0.00172   0.05418   0.07880   0.03667   0.02847   0.00938   0.01353   0.01701   0.00232   0.00883   0.19744   0.01146   0.10689   0.10820   0.08993   6.31245  14.68665  13.04597   0.10160  
 91  0.0086  13085.384108  x:  0.50773   0.17556   0.01861   0.20981   0.13929   0.11764   0.32293   0.11180   0.07223   0.03259   0.03097   0.01236   0.02334   0.01880   0.00492   0.00145   0.01662   0.01378   0.00493   0.00872   0.06219   0.42849   0.00172   0.05418   0.07880   0.03667   0.02847   0.00938   0.01353   0.01701   0.00232   0.00883   0.19744   0.01146   0.10689   0.10820   0.08993   6.31245  14.68665  13.04597   0.10160  
check convergence!
