

TREE # 1

  0  0.0000  13456.809436  x:  0.36826   0.07062   0.00720   0.13921   0.12976   0.10564   0.17512   0.07302   0.07041   0.01860   0.03711   0.00956   0.01947   0.01673   0.00903   0.01422   0.02413   0.01472   0.01167   0.01334   0.06697   0.30034   0.00000   0.03920   0.06707   0.03865   0.03363   0.00938   0.02524   0.01451   0.00507   0.01040   0.12469   0.00873   0.10201   0.08664   0.06768   3.00000   1.39835   0.16116   0.29812  
  1 99.0000  13424.251887  x:  0.36979   0.07650   0.01386   0.14193   0.13001   0.10619   0.17857   0.07618   0.07064   0.02360   0.03598   0.01115   0.02063   0.01782   0.00487   0.00670   0.02110   0.01386   0.00611   0.00997   0.06663   0.30215   0.00605   0.04135   0.06828   0.03816   0.03223   0.00895   0.02087   0.01579   0.00000   0.00886   0.12728   0.01368   0.10250   0.08804   0.06961   3.00106   1.39922   0.16034   0.28514  
  2 1984.1531  13405.235921  x:  0.37102   0.08123   0.01918   0.14412   0.13021   0.10663   0.18135   0.07873   0.07081   0.02760   0.03507   0.01241   0.02156   0.01869   0.00158   0.00065   0.01867   0.01317   0.00167   0.00729   0.06636   0.30361   0.01080   0.04309   0.06926   0.03777   0.03111   0.00861   0.01736   0.01683   0.00050   0.00768   0.12937   0.01764   0.10290   0.08917   0.07116   3.00192   1.39992   0.15968   0.27466  
  3 34254.3741  13397.521241  x:  0.37155   0.08316   0.02091   0.14503   0.13027   0.10677   0.18253   0.07977   0.07087   0.02892   0.03468   0.01276   0.02194   0.01897   0.00291   0.00000   0.01784   0.01304   0.00267   0.00674   0.06616   0.30424   0.01163   0.04376   0.06966   0.03762   0.03069   0.00857   0.01608   0.01714   0.00057   0.00751   0.13024   0.01881   0.10305   0.08964   0.07175   3.00230   1.40023   0.15938   0.27003  
  4 4455.4231  13357.369833  x:  0.37630   0.10029   0.03650   0.15312   0.13084   0.10803   0.19297   0.08906   0.07141   0.04079   0.03128   0.01600   0.02526   0.02152   0.01225   0.00194   0.01039   0.01179   0.00911   0.00168   0.06443   0.30981   0.01966   0.04970   0.07323   0.03632   0.02693   0.00815   0.00465   0.01993   0.00125   0.00591   0.13798   0.02949   0.10446   0.09376   0.07703   3.00566   1.40298   0.15679   0.22910  
  5 76630.3119  13325.109160  x:  0.38180   0.11900   0.05168   0.16213   0.13142   0.10918   0.20473   0.09922   0.07193   0.05201   0.02780   0.01848   0.02830   0.02357   0.01797   0.00302   0.00571   0.01144   0.01260   0.01618   0.06226   0.31624   0.02518   0.05591   0.07711   0.03514   0.02336   0.00849   0.00129   0.02230   0.00172   0.00656   0.14659   0.03922   0.10602   0.09830   0.08254   3.00958   1.40616   0.15379   0.18169  
  6 10609.8343  13295.482386  x:  0.38769   0.13869   0.06739   0.17167   0.13204   0.11032   0.21718   0.10988   0.07245   0.06351   0.02432   0.02088   0.03133   0.02555   0.02387   0.00410   0.00352   0.01131   0.01617   0.02413   0.05996   0.32311   0.03056   0.06236   0.08119   0.03397   0.01994   0.00902   0.01100   0.02469   0.00218   0.00723   0.15570   0.04913   0.10766   0.10309   0.08827   3.01378   1.40954   0.15059   0.13134  
  7 26384.9624  13280.992635  x:  0.39086   0.14797   0.07332   0.17634   0.13234   0.11056   0.22343   0.11483   0.07264   0.06737   0.02347   0.02101   0.03206   0.02568   0.02530   0.00431   0.01459   0.01238   0.01688   0.02553   0.05874   0.32678   0.03048   0.06502   0.08303   0.03374   0.01981   0.00964   0.01121   0.02488   0.00228   0.00837   0.16014   0.05213   0.10844   0.10534   0.09063   3.01608   1.41125   0.14898   0.10674  
  8 6781.3748  13261.660465  x:  0.39775   0.16030   0.07165   0.18360   0.13275   0.10882   0.23418   0.12072   0.07233   0.06237   0.02764   0.01508   0.02822   0.02078   0.02062   0.00350   0.00967   0.01520   0.01329   0.02047   0.05659   0.33448   0.01308   0.06611   0.08473   0.03532   0.02817   0.01171   0.00875   0.01951   0.00175   0.01174   0.16693   0.04523   0.10937   0.10811   0.09142   3.02130   1.41404   0.14640   0.07895  
  9 1338.8936  13253.441243  x:  0.40408   0.17243   0.07228   0.19012   0.13271   0.10718   0.24425   0.12613   0.07181   0.06005   0.02682   0.01454   0.02736   0.02089   0.01826   0.00323   0.00974   0.01190   0.01257   0.01971   0.05549   0.34144   0.00177   0.06719   0.08579   0.03468   0.02366   0.00758   0.00849   0.01968   0.00156   0.00522   0.17302   0.04103   0.10966   0.11013   0.09237   3.02655   1.41621   0.14441   0.07737  
 10 774.3001  13250.534739  x:  0.40644   0.17690   0.07256   0.19247   0.13265   0.10654   0.24795   0.12804   0.07159   0.05932   0.02649   0.01468   0.02723   0.02109   0.01760   0.00317   0.00973   0.01157   0.01256   0.01939   0.05547   0.34404   0.00000   0.06755   0.08612   0.03441   0.02238   0.00776   0.00842   0.01990   0.00151   0.00701   0.17520   0.03957   0.10971   0.11079   0.09270   3.02860   1.41701   0.14368   0.07837  
 11 1377.5893  13230.638991  x:  0.43745   0.23151   0.06739   0.22177   0.13179   0.09715   0.29525   0.15036   0.06870   0.04259   0.02745   0.01167   0.02294   0.01938   0.01240   0.00301   0.01024   0.01523   0.01681   0.01888   0.05785   0.37861   0.00710   0.07003   0.08943   0.03314   0.01934   0.01481   0.00853   0.01794   0.00151   0.00767   0.20230   0.01270   0.11029   0.11849   0.09495   3.05599   1.42751   0.13410   0.09035  
 12 2436.5230  13226.231653  x:  0.44657   0.24443   0.06258   0.22813   0.13203   0.09503   0.30758   0.15352   0.06886   0.03985   0.03047   0.01737   0.02694   0.02178   0.01410   0.00308   0.01074   0.01428   0.01556   0.01953   0.06024   0.38879   0.00781   0.06957   0.08935   0.03506   0.02997   0.00888   0.00895   0.02039   0.00150   0.00890   0.20815   0.01210   0.11095   0.11946   0.09652   3.06620   1.43091   0.13101   0.09420  
 13 766.8131  13223.203949  x:  0.45622   0.25221   0.05217   0.23080   0.13360   0.09486   0.31774   0.15071   0.07057   0.04182   0.03067   0.01492   0.03034   0.02261   0.01751   0.00314   0.01100   0.01539   0.01210   0.01992   0.06493   0.39955   0.00591   0.06700   0.08798   0.03869   0.03216   0.01425   0.00910   0.02082   0.00148   0.00692   0.21045   0.02243   0.11254   0.11847   0.09915   3.08120   1.43492   0.12739   0.09714  
 14 387.2764  13220.338702  x:  0.46604   0.25633   0.03955   0.23129   0.13619   0.09657   0.32629   0.14438   0.07303   0.04410   0.03033   0.01248   0.02936   0.02101   0.01841   0.00315   0.01088   0.01504   0.01115   0.01964   0.06909   0.41048   0.00819   0.06386   0.08613   0.04082   0.02792   0.00855   0.00903   0.01925   0.00148   0.00928   0.21042   0.02798   0.11421   0.11663   0.10028   3.09944   1.43926   0.12352   0.09637  
 15 548.5055  13217.774222  x:  0.47706   0.25774   0.02890   0.22988   0.14017   0.10147   0.33430   0.13445   0.07603   0.04721   0.03010   0.02085   0.02693   0.02184   0.01564   0.00302   0.01062   0.01319   0.01327   0.01913   0.07027   0.42247   0.00868   0.06109   0.08446   0.03973   0.02449   0.01099   0.00874   0.02126   0.00145   0.00924   0.20819   0.02820   0.11557   0.11422   0.09958   3.12430   1.44466   0.11875   0.09393  
 16 528.6067  13213.989582  x:  0.49365   0.25689   0.02935   0.22601   0.14732   0.11360   0.34478   0.11800   0.07967   0.05371   0.02431   0.01820   0.02928   0.02563   0.01286   0.00294   0.01026   0.01911   0.01575   0.01903   0.06594   0.43983   0.00780   0.06076   0.08432   0.03430   0.02732   0.00992   0.00871   0.02384   0.00145   0.00865   0.20299   0.02506   0.11637   0.11173   0.09748   3.17114   1.45400   0.11063   0.09463  
 17 483.1125  13210.537356  x:  0.50739   0.25400   0.03571   0.22199   0.15237   0.12297   0.35250   0.10558   0.08146   0.05688   0.02861   0.01477   0.03124   0.02367   0.01494   0.00310   0.01090   0.01168   0.01471   0.01968   0.06124   0.45354   0.00864   0.06220   0.08598   0.03365   0.02881   0.01142   0.00898   0.02138   0.00150   0.00918   0.19864   0.02253   0.11635   0.11104   0.09618   3.21728   1.46274   0.10315   0.09614  
 18 814.3979  13207.850572  x:  0.51786   0.24853   0.04355   0.21792   0.15385   0.12662   0.35700   0.09974   0.08088   0.05516   0.03412   0.01856   0.03002   0.02018   0.01860   0.00320   0.01087   0.01738   0.01178   0.02014   0.05889   0.46291   0.00797   0.06470   0.08848   0.03819   0.02575   0.01056   0.00917   0.01951   0.00153   0.00865   0.19618   0.02308   0.11562   0.11239   0.09649   3.26401   1.47097   0.09626   0.09761  
 19 686.4306  13199.439613  x:  0.54309   0.22306   0.05815   0.20521   0.14898   0.12083   0.36265   0.09960   0.07393   0.03772   0.02626   0.01799   0.02082   0.02641   0.02024   0.00333   0.01079   0.01421   0.01108   0.02012   0.06323   0.48176   0.00892   0.07038   0.09308   0.04901   0.02484   0.01027   0.00898   0.02664   0.00156   0.00951   0.19388   0.02691   0.11243   0.11980   0.09989   3.41705   1.49605   0.07574   0.09563  
 20 793.4435  13188.570161  x:  0.57215   0.18632   0.06900   0.19196   0.13723   0.10195   0.36498   0.11336   0.06424   0.03247   0.02417   0.02044   0.03846   0.02176   0.01160   0.00313   0.01037   0.01361   0.01957   0.01968   0.07321   0.49913   0.00833   0.07423   0.09192   0.04156   0.02155   0.01041   0.00877   0.02011   0.00162   0.00931   0.19588   0.02879   0.10855   0.12771   0.10352   3.64074   1.53094   0.04764   0.09332  
 21 1592.0590  13179.316722  x:  0.58918   0.16221   0.07266   0.18952   0.12783   0.08480   0.36263   0.13198   0.06227   0.05134   0.03100   0.01826   0.02685   0.02174   0.01461   0.00331   0.01069   0.01473   0.01769   0.02049   0.07526   0.50400   0.00710   0.07490   0.08692   0.02816   0.02479   0.01003   0.00911   0.02214   0.00165   0.00858   0.20092   0.02643   0.10698   0.12918   0.10373   3.82962   1.55860   0.02572   0.09535  
 22 1677.4620  13170.208001  x:  0.59249   0.15376   0.06756   0.20171   0.12612   0.08158   0.35183   0.15185   0.07147   0.06450   0.02055   0.02077   0.03004   0.02325   0.01952   0.00330   0.01055   0.01345   0.01184   0.02019   0.06070   0.49102   0.00838   0.06920   0.08198   0.04334   0.02489   0.01104   0.00899   0.01638   0.00161   0.00875   0.20658   0.01678   0.10913   0.11942   0.09750   4.02420   1.58357   0.00661   0.09595  
 23 1027.7659  13161.619230  x:  0.58739   0.15761   0.06113   0.21932   0.12952   0.09047   0.33682   0.16825   0.07966   0.06089   0.03023   0.01477   0.03559   0.02223   0.01578   0.00319   0.01015   0.01460   0.01491   0.01960   0.04766   0.46743   0.01026   0.05965   0.07915   0.04867   0.02093   0.01072   0.00865   0.03169   0.00155   0.00939   0.21107   0.01781   0.11287   0.10750   0.09299   4.22985   1.60776  -0.01141   0.09547  
 24 1733.2793  13148.280315  x:  0.56926   0.18213   0.05768   0.24528   0.13957   0.11408   0.31384   0.18092   0.08712   0.04623   0.02864   0.01839   0.02558   0.02033   0.01262   0.00321   0.01047   0.01413   0.01867   0.01993   0.04963   0.42399   0.01029   0.04957   0.08138   0.03493   0.02561   0.00969   0.00896   0.01826   0.00162   0.00907   0.21387   0.03175   0.11797   0.09697   0.09218   4.52239   1.63909  -0.03392   0.09903  
 25 1876.8011  13140.730597  x:  0.54749   0.20866   0.04899   0.25321   0.14297   0.12076   0.30068   0.17231   0.08354   0.04483   0.02900   0.01773   0.03077   0.02397   0.02059   0.00316   0.01015   0.01455   0.00879   0.01922   0.06903   0.39415   0.00921   0.05474   0.08632   0.03012   0.02255   0.01048   0.00861   0.02071   0.00147   0.00858   0.20944   0.02011   0.11636   0.10465   0.09086   4.69484   1.65421  -0.04363   0.09680  
 26 1089.3804  13135.667703  x:  0.52532   0.23488   0.04315   0.25317   0.14170   0.11701   0.29452   0.15892   0.07539   0.05278   0.02762   0.01648   0.02866   0.01687   0.01418   0.00305   0.01037   0.01407   0.01496   0.01920   0.07239   0.37452   0.00814   0.06387   0.08844   0.03801   0.02615   0.01042   0.00868   0.02298   0.00146   0.00791   0.20521   0.01801   0.11252   0.11494   0.09497   4.81382   1.66224  -0.04773   0.09869  
 27 1050.4991  13132.961256  x:  0.50874   0.25137   0.03829   0.24958   0.13885   0.10974   0.29295   0.14858   0.06857   0.05313   0.03127   0.01533   0.02858   0.02506   0.01205   0.00299   0.01027   0.01466   0.01659   0.01897   0.06457   0.36598   0.00871   0.06744   0.08614   0.03884   0.02530   0.01025   0.00864   0.01850   0.00146   0.00798   0.20313   0.01838   0.10933   0.11922   0.09832   4.88056   1.66517  -0.04830   0.09837  
 28 913.3005  13130.770715  x:  0.49209   0.26494   0.03527   0.24371   0.13554   0.10127   0.29374   0.13971   0.06437   0.04926   0.02794   0.01614   0.02922   0.02106   0.01537   0.00299   0.01018   0.01427   0.01279   0.01872   0.05458   0.36260   0.00968   0.06770   0.08153   0.03352   0.02526   0.01037   0.00852   0.01999   0.00142   0.00827   0.20243   0.01913   0.10667   0.11923   0.10024   4.93146   1.66584  -0.04703   0.09742  
 29 670.8707  13128.652877  x:  0.46190   0.27951   0.04220   0.22945   0.13144   0.09172   0.30031   0.13327   0.07305   0.04726   0.02878   0.01550   0.02850   0.02096   0.01453   0.00301   0.01019   0.01451   0.01389   0.01887   0.05955   0.36934   0.00873   0.06151   0.07652   0.03501   0.02548   0.01041   0.00858   0.01987   0.00143   0.00786   0.20544   0.01781   0.10533   0.10641   0.09565   4.98368   1.66185  -0.04056   0.09621  
 30 215.1326  13127.825857  x:  0.44221   0.28052   0.03962   0.22229   0.13242   0.09506   0.30626   0.13719   0.07199   0.04861   0.02878   0.01549   0.02868   0.02104   0.01464   0.00300   0.01021   0.01456   0.01364   0.01884   0.05829   0.37860   0.00883   0.05704   0.08504   0.03483   0.02578   0.01035   0.00858   0.01989   0.00142   0.00792   0.20844   0.01763   0.11080   0.10929   0.09399   5.00588   1.65606  -0.03329   0.09650  
 31 107.2047  13127.317019  x:  0.42816   0.27769   0.03684   0.22158   0.13567   0.10128   0.31203   0.14188   0.07304   0.04825   0.02911   0.01548   0.02873   0.02110   0.01476   0.00299   0.01025   0.01457   0.01338   0.01880   0.05837   0.38649   0.00883   0.06320   0.08043   0.03502   0.02588   0.01047   0.00858   0.01981   0.00141   0.00796   0.20979   0.01771   0.11037   0.11237   0.09559   5.02030   1.64891  -0.02478   0.09671  
 32 93.2724  13127.065791  x:  0.42350   0.27430   0.03703   0.22710   0.13726   0.10262   0.31666   0.14194   0.06869   0.04904   0.02900   0.01561   0.02871   0.02110   0.01489   0.00299   0.01027   0.01455   0.01332   0.01884   0.05944   0.38981   0.00874   0.06173   0.08035   0.03557   0.02592   0.01045   0.00860   0.01992   0.00141   0.00796   0.20840   0.01742   0.10633   0.11046   0.09745   5.02824   1.64101  -0.01550   0.09621  
 33 49.0801  13126.673419  x:  0.42170   0.26847   0.03711   0.23760   0.13601   0.09959   0.32479   0.13906   0.07281   0.04842   0.02911   0.01572   0.02900   0.02121   0.01468   0.00300   0.01031   0.01463   0.01367   0.01891   0.05955   0.39204   0.00879   0.06441   0.08465   0.03462   0.02598   0.01048   0.00864   0.02004   0.00143   0.00804   0.20459   0.01844   0.10755   0.11090   0.09781   5.04211   1.62270   0.00608   0.09554  
 34 63.8413  13126.252032  x:  0.42663   0.26585   0.03937   0.24112   0.13463   0.10032   0.33141   0.13782   0.07253   0.04853   0.02932   0.01588   0.02896   0.02130   0.01478   0.00304   0.01040   0.01476   0.01391   0.01911   0.06062   0.39147   0.00872   0.06099   0.08036   0.03557   0.02616   0.01055   0.00873   0.02015   0.00144   0.00807   0.20365   0.01856   0.11396   0.11551   0.09651   5.05759   1.59911   0.03403   0.09459  
 35 86.7110  13125.302027  x:  0.44760   0.26591   0.03741   0.23244   0.13648   0.10492   0.33875   0.14227   0.07412   0.04934   0.02989   0.01593   0.02935   0.02153   0.01514   0.00306   0.01059   0.01502   0.01375   0.01935   0.06077   0.38854   0.00878   0.06328   0.08388   0.03606   0.02682   0.01076   0.00887   0.02037   0.00145   0.00820   0.20983   0.01876   0.11108   0.11391   0.09800   5.09299   1.54185   0.10259   0.09247  
 36 125.4562  13125.123730  x:  0.45139   0.26754   0.03817   0.23327   0.14353   0.10145   0.33111   0.14235   0.07428   0.04921   0.03003   0.01596   0.02946   0.02163   0.01514   0.00308   0.01064   0.01511   0.01389   0.01945   0.06113   0.39423   0.00870   0.06355   0.08414   0.03619   0.02689   0.01084   0.00891   0.02051   0.00146   0.00822   0.21134   0.01822   0.11317   0.11424   0.10028   5.09963   1.53198   0.11606   0.09220  
 37 35.7761  13125.013388  x:  0.45348   0.26979   0.03809   0.23549   0.14029   0.10245   0.32279   0.14215   0.07423   0.04919   0.03008   0.01597   0.02943   0.02162   0.01513   0.00308   0.01067   0.01512   0.01396   0.01949   0.06124   0.40106   0.00861   0.06375   0.08422   0.03618   0.02697   0.01083   0.00893   0.02046   0.00146   0.00822   0.21188   0.01879   0.11194   0.11532   0.09829   5.10346   1.52740   0.12416   0.09196  
 38 26.0310  13124.974580  x:  0.45377   0.27011   0.03804   0.23559   0.13835   0.10330   0.32160   0.14220   0.07412   0.04924   0.03010   0.01593   0.02945   0.02162   0.01515   0.00308   0.01066   0.01514   0.01387   0.01946   0.06139   0.40205   0.00855   0.06399   0.08427   0.03622   0.02699   0.01087   0.00892   0.02048   0.00146   0.00819   0.21133   0.01796   0.11339   0.11411   0.10117   5.10441   1.52830   0.12622   0.09197  
 39  6.6148  13120.598083  x:  0.46418   0.27283   0.03099   0.22541   0.14130   0.10326   0.32539   0.16237   0.07899   0.04506   0.03128   0.01402   0.02796   0.02061   0.01427   0.00286   0.01050   0.01530   0.01250   0.01815   0.06007   0.41148   0.00719   0.05640   0.08271   0.03599   0.02828   0.01081   0.00853   0.01938   0.00138   0.00739   0.15858   0.01522   0.10712   0.11682   0.10089   5.18610   1.74260   0.30570   0.09258  
 40  8.3362  13107.895369  x:  0.48298   0.23847   0.01077   0.22257   0.14330   0.11083   0.33595   0.13875   0.05632   0.03488   0.03282   0.01009   0.02387   0.01819   0.01161   0.00227   0.01012   0.01494   0.00941   0.01452   0.06314   0.42186   0.00375   0.07324   0.08120   0.03533   0.03108   0.01037   0.00736   0.01684   0.00118   0.00546   0.17206   0.01228   0.12109   0.09754   0.07722   5.41732   2.35733   0.81232   0.09429  
 41 471.6234  13102.483741  x:  0.48951   0.21829   0.00410   0.22265   0.14268   0.11685   0.33928   0.11987   0.07000   0.03070   0.03368   0.00835   0.02271   0.01734   0.01031   0.00199   0.00986   0.01500   0.00806   0.01282   0.06299   0.42454   0.00249   0.05861   0.08048   0.03495   0.03203   0.01031   0.00680   0.01610   0.00109   0.00469   0.19364   0.00665   0.10705   0.11222   0.08916   5.52076   2.63307   1.03868   0.09543  
 42 1354.8979  13092.911025  x:  0.51093   0.17624   0.02569   0.21435   0.14028   0.11812   0.33823   0.09679   0.07433   0.02588   0.03294   0.01104   0.02064   0.01719   0.00597   0.00150   0.01146   0.01391   0.00705   0.01060   0.06384   0.43443   0.00119   0.05136   0.07950   0.03565   0.03162   0.00964   0.00683   0.01608   0.00083   0.00709   0.20889   0.01081   0.10123   0.11511   0.08999   5.83022   3.17262   1.52568   0.10003  
 43  1.4903  13088.871531  x:  0.51525   0.16674   0.01966   0.20880   0.14126   0.12139   0.33035   0.10849   0.07373   0.03648   0.03094   0.01383   0.02321   0.01890   0.00548   0.00127   0.01352   0.01314   0.00441   0.00983   0.06255   0.43589   0.00239   0.05375   0.07918   0.03796   0.02911   0.00889   0.00763   0.01801   0.00070   0.00956   0.20282   0.01258   0.10574   0.11040   0.08949   6.06138   3.52793   1.90107   0.10280  
 44  0.8337  13087.972109  x:  0.51200   0.17143   0.01883   0.20734   0.14100   0.11885   0.32324   0.11317   0.07294   0.03513   0.03082   0.01328   0.02396   0.01931   0.00372   0.00128   0.01448   0.01348   0.00653   0.00998   0.06243   0.43244   0.00197   0.05423   0.07882   0.03761   0.02856   0.00906   0.00830   0.01801   0.00078   0.00965   0.19806   0.01265   0.10754   0.10788   0.08939   6.15845   3.53904   1.91293   0.10300  
 45  0.2059  13087.021908  x:  0.50719   0.17805   0.01953   0.20655   0.14019   0.11451   0.31470   0.11695   0.07205   0.03192   0.03082   0.01241   0.02417   0.01938   0.00582   0.00145   0.01584   0.01399   0.00584   0.01053   0.06236   0.42733   0.00131   0.05454   0.07849   0.03710   0.02805   0.00940   0.00936   0.01760   0.00094   0.00958   0.19294   0.01202   0.10917   0.10536   0.08936   6.28222   3.53560   1.90701   0.10298  
 46  0.4017  13086.354655  x:  0.50446   0.17594   0.01936   0.21054   0.13778   0.11296   0.32051   0.10856   0.07104   0.03255   0.03064   0.01215   0.02273   0.01835   0.00531   0.00135   0.01691   0.01366   0.00493   0.00970   0.06130   0.42447   0.00185   0.05380   0.07858   0.03619   0.02763   0.00950   0.01043   0.01651   0.00100   0.00956   0.19503   0.01025   0.10638   0.10771   0.08923   6.40193   3.67514   2.01414   0.10142  
 47  0.1484  13086.028791  x:  0.50862   0.17248   0.01800   0.21147   0.13862   0.11641   0.32689   0.11124   0.07224   0.03208   0.03092   0.01216   0.02309   0.01862   0.00518   0.00137   0.01752   0.01376   0.00514   0.00947   0.06188   0.42838   0.00173   0.05343   0.07891   0.03654   0.02832   0.00946   0.01151   0.01743   0.00113   0.00902   0.19913   0.01287   0.10529   0.10953   0.08998   6.42559   3.83757   2.17950   0.10047  
 48  0.1731  13085.803841  x:  0.51231   0.17639   0.01920   0.20981   0.14018   0.11758   0.32713   0.11305   0.07298   0.03301   0.03109   0.01263   0.02377   0.01899   0.00499   0.00139   0.01775   0.01385   0.00525   0.00913   0.06255   0.43172   0.00153   0.05440   0.07902   0.03690   0.02877   0.00938   0.01251   0.01736   0.00126   0.00850   0.20049   0.01045   0.10690   0.10890   0.09086   6.40426   3.93550   2.28984   0.10011  
 49  0.1191  13085.628916  x:  0.51201   0.17992   0.01832   0.20969   0.14059   0.11726   0.32339   0.11281   0.07264   0.03231   0.03103   0.01227   0.02340   0.01882   0.00506   0.00141   0.01763   0.01370   0.00516   0.00859   0.06233   0.43177   0.00228   0.05465   0.07890   0.03682   0.02861   0.00925   0.01349   0.01670   0.00142   0.00880   0.19829   0.01151   0.10835   0.10752   0.09043   6.35555   4.04033   2.40551   0.10071  
 50  0.1100  13085.527692  x:  0.50923   0.17569   0.01849   0.21076   0.13968   0.11637   0.32173   0.11144   0.07205   0.03286   0.03096   0.01216   0.02313   0.01873   0.00504   0.00141   0.01727   0.01390   0.00499   0.00828   0.06238   0.42955   0.00165   0.05420   0.07886   0.03681   0.02872   0.00946   0.01398   0.01694   0.00153   0.00869   0.19651   0.01167   0.10758   0.10768   0.08946   6.31306   4.09330   2.45627   0.10125  
 51  0.0727  13085.494132  x:  0.50742   0.17472   0.01895   0.21014   0.13928   0.11612   0.32281   0.11151   0.07221   0.03268   0.03099   0.01240   0.02344   0.01879   0.00517   0.00145   0.01699   0.01379   0.00519   0.00848   0.06214   0.42817   0.00181   0.05388   0.07882   0.03665   0.02858   0.00942   0.01417   0.01713   0.00161   0.00882   0.19718   0.01135   0.10652   0.10843   0.08971   6.28847   4.10717   2.46716   0.10142  
 52  0.0282  13085.471103  x:  0.50636   0.17531   0.01902   0.20862   0.13916   0.11616   0.32260   0.11213   0.07226   0.03220   0.03100   0.01250   0.02337   0.01875   0.00500   0.00143   0.01669   0.01372   0.00494   0.00850   0.06209   0.42720   0.00166   0.05411   0.07866   0.03648   0.02851   0.00933   0.01428   0.01695   0.00166   0.00891   0.19735   0.01142   0.10643   0.10826   0.09008   6.28649   4.13747   2.49088   0.10138  
 53  0.0267  13085.444918  x:  0.50754   0.17602   0.01893   0.20952   0.13943   0.11648   0.32258   0.11138   0.07240   0.03278   0.03095   0.01220   0.02316   0.01889   0.00494   0.00146   0.01638   0.01373   0.00503   0.00885   0.06226   0.42787   0.00165   0.05436   0.07874   0.03659   0.02843   0.00931   0.01438   0.01689   0.00177   0.00907   0.19798   0.01156   0.10717   0.10810   0.09013   6.29811   4.18059   2.53545   0.10122  
 54  0.0359  13085.424597  x:  0.50901   0.17568   0.01865   0.21091   0.13959   0.11664   0.32315   0.11193   0.07228   0.03241   0.03091   0.01239   0.02346   0.01878   0.00486   0.00145   0.01624   0.01382   0.00490   0.00892   0.06215   0.42914   0.00175   0.05403   0.07885   0.03670   0.02841   0.00943   0.01432   0.01711   0.00186   0.00908   0.19750   0.01137   0.10732   0.10803   0.08964   6.32119   4.21914   2.57824   0.10111  
 55  0.0383  13085.398872  x:  0.50948   0.17576   0.01870   0.20972   0.13949   0.11648   0.32394   0.11221   0.07214   0.03272   0.03100   0.01254   0.02321   0.01866   0.00496   0.00148   0.01622   0.01383   0.00497   0.00894   0.06207   0.42992   0.00168   0.05381   0.07890   0.03675   0.02846   0.00939   0.01407   0.01682   0.00202   0.00875   0.19714   0.01147   0.10638   0.10842   0.08983   6.33760   4.25952   2.62100   0.10126  
 56  0.0246  13085.376585  x:  0.50867   0.17543   0.01896   0.20922   0.13933   0.11637   0.32314   0.11176   0.07214   0.03252   0.03101   0.01212   0.02335   0.01887   0.00495   0.00148   0.01622   0.01379   0.00493   0.00872   0.06214   0.42908   0.00176   0.05431   0.07881   0.03669   0.02856   0.00936   0.01374   0.01714   0.00216   0.00864   0.19731   0.01134   0.10664   0.10821   0.09019   6.33448   4.29422   2.65134   0.10135  
 57  0.0291  13085.365869  x:  0.50769   0.17568   0.01872   0.21003   0.13936   0.11660   0.32235   0.11172   0.07236   0.03257   0.03096   0.01241   0.02339   0.01879   0.00494   0.00148   0.01629   0.01379   0.00497   0.00863   0.06227   0.42812   0.00176   0.05423   0.07875   0.03658   0.02852   0.00939   0.01356   0.01694   0.00225   0.00870   0.19752   0.01147   0.10715   0.10807   0.08996   6.32305   4.31888   2.67471   0.10131  
 58  0.0267  13085.360520  x:  0.50782   0.17625   0.01881   0.20994   0.13940   0.11652   0.32315   0.11206   0.07230   0.03266   0.03096   0.01235   0.02327   0.01879   0.00492   0.00148   0.01649   0.01378   0.00493   0.00865   0.06218   0.42842   0.00173   0.05399   0.07880   0.03667   0.02845   0.00938   0.01349   0.01706   0.00230   0.00884   0.19747   0.01146   0.10690   0.10823   0.08981   6.31640   4.33369   2.69119   0.10130  
 59  0.0128  13085.359424  x:  0.50825   0.17583   0.01883   0.20997   0.13943   0.11657   0.32328   0.11186   0.07221   0.03260   0.03098   0.01235   0.02336   0.01879   0.00492   0.00148   0.01659   0.01378   0.00494   0.00869   0.06217   0.42873   0.00171   0.05419   0.07884   0.03668   0.02844   0.00938   0.01350   0.01700   0.00231   0.00886   0.19752   0.01146   0.10691   0.10820   0.08994   6.31506   4.33794   2.69632   0.10129  
 60  0.0065  13085.359181  x:  0.50828   0.17581   0.01884   0.20994   0.13943   0.11658   0.32298   0.11186   0.07228   0.03257   0.03097   0.01237   0.02332   0.01880   0.00492   0.00148   0.01663   0.01378   0.00493   0.00871   0.06219   0.42869   0.00172   0.05416   0.07882   0.03667   0.02846   0.00938   0.01353   0.01702   0.00232   0.00884   0.19755   0.01145   0.10693   0.10820   0.08995   6.31428   4.33799   2.69650   0.10128  
 61  0.0006  13085.359110  x:  0.50815   0.17583   0.01884   0.20990   0.13942   0.11656   0.32299   0.11184   0.07228   0.03259   0.03097   0.01235   0.02335   0.01879   0.00491   0.00148   0.01663   0.01378   0.00493   0.00872   0.06220   0.42862   0.00172   0.05413   0.07881   0.03666   0.02847   0.00938   0.01353   0.01701   0.00232   0.00883   0.19750   0.01146   0.10692   0.10820   0.08992   6.31355   4.33603   2.69435   0.10129  
 62  0.0021  13085.359064  x:  0.50806   0.17576   0.01882   0.20991   0.13942   0.11655   0.32305   0.11187   0.07224   0.03259   0.03098   0.01235   0.02333   0.01880   0.00491   0.00147   0.01663   0.01378   0.00493   0.00873   0.06219   0.42858   0.00172   0.05417   0.07882   0.03667   0.02847   0.00938   0.01352   0.01701   0.00232   0.00882   0.19744   0.01145   0.10692   0.10819   0.08992   6.31283   4.33147   2.68961   0.10130  
 63  0.0034  13085.358896  x:  0.50819   0.17585   0.01880   0.20991   0.13944   0.11653   0.32290   0.11179   0.07225   0.03260   0.03097   0.01236   0.02334   0.01880   0.00492   0.00145   0.01662   0.01377   0.00493   0.00873   0.06217   0.42866   0.00172   0.05414   0.07882   0.03667   0.02846   0.00938   0.01350   0.01702   0.00231   0.00882   0.19758   0.01145   0.10689   0.10820   0.08995   6.31240   4.30345   2.66159   0.10128  
 64  0.0050  13085.358813  x:  0.50818   0.17579   0.01883   0.20993   0.13943   0.11655   0.32304   0.11188   0.07228   0.03259   0.03097   0.01235   0.02334   0.01880   0.00492   0.00145   0.01662   0.01378   0.00493   0.00872   0.06219   0.42864   0.00172   0.05414   0.07881   0.03666   0.02846   0.00938   0.01352   0.01700   0.00232   0.00883   0.19750   0.01145   0.10693   0.10820   0.08993   6.31326   4.30097   2.65931   0.10128  
 65  0.0024  13085.358800  x:  0.50817   0.17583   0.01883   0.20992   0.13943   0.11653   0.32305   0.11185   0.07227   0.03259   0.03097   0.01236   0.02334   0.01880   0.00492   0.00144   0.01662   0.01378   0.00493   0.00872   0.06219   0.42863   0.00172   0.05416   0.07882   0.03667   0.02847   0.00938   0.01353   0.01701   0.00232   0.00883   0.19749   0.01146   0.10693   0.10820   0.08993   6.31359   4.29872   2.65702   0.10128  
 66  0.0029  13085.358798  x:  0.50817   0.17582   0.01884   0.20992   0.13943   0.11653   0.32303   0.11186   0.07226   0.03259   0.03097   0.01236   0.02334   0.01880   0.00492   0.00144   0.01662   0.01378   0.00493   0.00872   0.06219   0.42864   0.00172   0.05415   0.07882   0.03667   0.02847   0.00938   0.01353   0.01701   0.00232   0.00883   0.19750   0.01146   0.10692   0.10820   0.08993   6.31372   4.29689   2.65514   0.10128  
 67  0.0020  13085.358792  x:  0.50816   0.17582   0.01884   0.20992   0.13943   0.11653   0.32302   0.11186   0.07227   0.03259   0.03097   0.01236   0.02334   0.01880   0.00492   0.00144   0.01662   0.01378   0.00493   0.00872   0.06219   0.42864   0.00172   0.05415   0.07881   0.03666   0.02847   0.00938   0.01353   0.01701   0.00232   0.00883   0.19750   0.01146   0.10693   0.10820   0.08992   6.31354   4.29153   2.64981   0.10128  
 68  0.0009  13085.358782  x:  0.50817   0.17583   0.01885   0.20992   0.13943   0.11651   0.32304   0.11186   0.07227   0.03259   0.03098   0.01236   0.02334   0.01880   0.00492   0.00145   0.01662   0.01378   0.00493   0.00872   0.06219   0.42865   0.00172   0.05415   0.07882   0.03666   0.02848   0.00938   0.01353   0.01701   0.00232   0.00883   0.19750   0.01146   0.10693   0.10820   0.08992   6.31352   4.27319   2.63148   0.10128  
 69  0.0137  13085.358779  x:  0.50818   0.17583   0.01884   0.20992   0.13943   0.11650   0.32303   0.11186   0.07227   0.03259   0.03097   0.01236   0.02334   0.01880   0.00492   0.00145   0.01662   0.01378   0.00493   0.00872   0.06219   0.42864   0.00172   0.05415   0.07882   0.03667   0.02847   0.00938   0.01353   0.01701   0.00232   0.00883   0.19750   0.01146   0.10692   0.10820   0.08993   6.31373   4.27029   2.62855   0.10127  
 70  0.0028  13085.358779  x:  0.50818   0.17583   0.01884   0.20992   0.13943   0.11651   0.32304   0.11186   0.07227   0.03259   0.03097   0.01236   0.02334   0.01880   0.00492   0.00145   0.01662   0.01378   0.00493   0.00872   0.06219   0.42864   0.00172   0.05415   0.07882   0.03667   0.02847   0.00938   0.01353   0.01701   0.00232   0.00883   0.19750   0.01146   0.10692   0.10820   0.08993   6.31373   4.27062   2.62887   0.10127  
 71  0.0005  13085.358779  x:  0.50818   0.17583   0.01884   0.20992   0.13943   0.11651   0.32304   0.11186   0.07227   0.03259   0.03097   0.01236   0.02334   0.01880   0.00492   0.00145   0.01662   0.01378   0.00493   0.00872   0.06219   0.42864   0.00172   0.05415   0.07882   0.03667   0.02847   0.00938   0.01353   0.01701   0.00232   0.00883   0.19750   0.01146   0.10692   0.10820   0.08993   6.31372   4.27046   2.62871   0.10127  
 72  0.0002  13085.358779  x:  0.50818   0.17583   0.01884   0.20992   0.13943   0.11651   0.32304   0.11186   0.07227   0.03259   0.03097   0.01236   0.02334   0.01880   0.00492   0.00145   0.01662   0.01378   0.00493   0.00872   0.06219   0.42864   0.00172   0.05415   0.07882   0.03667   0.02847   0.00938   0.01353   0.01701   0.00232   0.00883   0.19750   0.01146   0.10692   0.10820   0.08993   6.31372   4.27058   2.62883   0.10127  
 73  0.0002  13085.358779  x:  0.50818   0.17583   0.01884   0.20992   0.13943   0.11651   0.32304   0.11186   0.07227   0.03259   0.03097   0.01236   0.02334   0.01880   0.00492   0.00145   0.01662   0.01378   0.00493   0.00872   0.06219   0.42864   0.00172   0.05415   0.07882   0.03667   0.02847   0.00938   0.01353   0.01701   0.00232   0.00883   0.19750   0.01146   0.10692   0.10820   0.08993   6.31372   4.27058   2.62883   0.10127  
 74  0.0000  13085.358779  x:  0.50818   0.17583   0.01884   0.20992   0.13943   0.11651   0.32304   0.11186   0.07227   0.03259   0.03097   0.01236   0.02334   0.01880   0.00492   0.00145   0.01662   0.01378   0.00493   0.00872   0.06219   0.42864   0.00172   0.05415   0.07882   0.03667   0.02847   0.00938   0.01353   0.01701   0.00232   0.00883   0.19750   0.01146   0.10692   0.10820   0.08993   6.31372   4.27058   2.62883   0.10127  
 75  0.0026  13085.358779  x:  0.50818   0.17583   0.01884   0.20992   0.13943   0.11651   0.32304   0.11186   0.07227   0.03259   0.03097   0.01236   0.02334   0.01880   0.00492   0.00145   0.01662   0.01378   0.00493   0.00872   0.06219   0.42864   0.00172   0.05415   0.07882   0.03667   0.02847   0.00938   0.01353   0.01701   0.00232   0.00883   0.19750   0.01146   0.10692   0.10820   0.08993   6.31372   4.27058   2.62883   0.10127  
 76  0.0268  13085.358779  x:  0.50818   0.17583   0.01884   0.20992   0.13943   0.11651   0.32304   0.11186   0.07227   0.03259   0.03097   0.01236   0.02334   0.01880   0.00492   0.00145   0.01662   0.01378   0.00493   0.00872   0.06219   0.42864   0.00172   0.05415   0.07882   0.03667   0.02847   0.00938   0.01353   0.01701   0.00232   0.00883   0.19750   0.01146   0.10692   0.10820   0.08993   6.31372   4.27058   2.62883   0.10127  
 77  0.0025  13085.358779  x:  0.50818   0.17583   0.01884   0.20992   0.13943   0.11651   0.32304   0.11186   0.07227   0.03259   0.03097   0.01236   0.02334   0.01880   0.00492   0.00145   0.01662   0.01378   0.00493   0.00872   0.06219   0.42864   0.00172   0.05415   0.07882   0.03667   0.02847   0.00938   0.01353   0.01701   0.00232   0.00883   0.19750   0.01146   0.10692   0.10820   0.08993   6.31372   4.27058   2.62883   0.10127  
 78  0.0024  13085.358779  x:  0.50818   0.17583   0.01884   0.20992   0.13943   0.11651   0.32304   0.11186   0.07227   0.03259   0.03097   0.01236   0.02334   0.01880   0.00492   0.00145   0.01662   0.01378   0.00493   0.00872   0.06219   0.42864   0.00172   0.05415   0.07882   0.03667   0.02847   0.00938   0.01353   0.01701   0.00232   0.00883   0.19750   0.01146   0.10692   0.10820   0.08993   6.31372   4.27058   2.62883   0.10127  
check convergence!
