

TREE # 1

  0  0.0000  10764.355467  x:  0.26385   0.11577   0.08596   0.00000   0.06063   0.05075   0.04950   0.04981   0.05520   0.02619   0.00368   0.00258   0.00477   0.02271   0.00778   0.00197   0.00852   0.00766   0.00524   0.00418   0.00162   0.00718   0.00615   0.00626   0.01824   0.14125   0.01212   0.02718   0.01864   0.01586   0.00123   0.00887   0.00574   0.00380   0.00237   0.05365   0.19416   0.06079   0.10998   0.00040   0.10813   0.08203   3.00000   1.16374   0.04304   0.25098   2.82902  
  1 99.0000  10752.926426  x:  0.26400   0.11621   0.08622   0.00458   0.06083   0.05083   0.04976   0.05018   0.05554   0.02612   0.00377   0.00248   0.00571   0.02288   0.00846   0.00034   0.00895   0.00762   0.00574   0.00392   0.00000   0.00685   0.00671   0.00677   0.01865   0.14144   0.01210   0.02713   0.01886   0.01596   0.00159   0.00875   0.00653   0.00438   0.00152   0.05447   0.19429   0.06127   0.11025   0.00858   0.10824   0.08258   3.00013   1.16388   0.04291   0.24910   2.82901  
  2 3188.4975  10751.665246  x:  0.26407   0.11640   0.08632   0.00535   0.06091   0.05085   0.04984   0.05035   0.05568   0.02609   0.00379   0.00246   0.00601   0.02295   0.00870   0.00149   0.00912   0.00760   0.00589   0.00385   0.00118   0.00674   0.00690   0.00694   0.01881   0.14153   0.01210   0.02711   0.01895   0.01600   0.00157   0.00872   0.00678   0.00455   0.00135   0.05482   0.19434   0.06145   0.11034   0.01036   0.10827   0.08279   3.00018   1.16395   0.04285   0.24829   2.82901  
  3 3345.0012  10745.667107  x:  0.26476   0.11817   0.08722   0.00234   0.06149   0.05090   0.05043   0.05187   0.05706   0.02576   0.00390   0.00254   0.00747   0.02357   0.01032   0.00138   0.01023   0.00752   0.00664   0.00361   0.00118   0.00600   0.00794   0.00793   0.02026   0.14238   0.01201   0.02695   0.01974   0.01633   0.00000   0.00855   0.00805   0.00516   0.00224   0.05809   0.19486   0.06284   0.11100   0.01205   0.10837   0.08454   3.00072   1.16454   0.04233   0.24040   2.82899  
  4 960.7781  10741.660134  x:  0.26531   0.11956   0.08793   0.00000   0.06196   0.05094   0.05088   0.05307   0.05814   0.02550   0.00397   0.00259   0.00855   0.02405   0.01154   0.00130   0.01107   0.00746   0.00719   0.00344   0.00118   0.00545   0.00871   0.00866   0.02137   0.14305   0.01194   0.02683   0.02037   0.01660   0.00052   0.00845   0.00899   0.00561   0.00281   0.06065   0.19527   0.06393   0.11152   0.01319   0.10844   0.08592   3.00115   1.16502   0.04191   0.23417   2.82897  
  5 18658.0344  10706.530518  x:  0.27279   0.13770   0.09745   0.00696   0.06835   0.05213   0.05756   0.06813   0.07179   0.02214   0.00383   0.00247   0.01468   0.02918   0.02126   0.00046   0.01745   0.00731   0.00929   0.00467   0.00145   0.00395   0.01302   0.01279   0.03375   0.15210   0.01078   0.02557   0.02716   0.01948   0.00148   0.00813   0.01404   0.00594   0.00036   0.09322   0.20081   0.07735   0.11795   0.00464   0.10916   0.10337   3.00692   1.17136   0.03636   0.14991   2.82875  
  6 3521.1178  10703.249759  x:  0.27446   0.14146   0.09939   0.00873   0.06962   0.05241   0.05882   0.07099   0.07441   0.02167   0.00383   0.00245   0.01478   0.02985   0.02209   0.00041   0.01779   0.00742   0.00895   0.00466   0.00161   0.00511   0.01290   0.01269   0.03565   0.15407   0.01051   0.02545   0.02808   0.01980   0.00192   0.00832   0.01396   0.00557   0.00501   0.09971   0.20204   0.08004   0.11934   0.00378   0.10933   0.10693   3.00820   1.17273   0.03517   0.13159   2.82870  
  7 8239.6283  10690.359047  x:  0.27790   0.14770   0.10235   0.00548   0.07128   0.05283   0.06005   0.07443   0.07764   0.02214   0.00411   0.00269   0.01000   0.02902   0.01830   0.00040   0.01397   0.00807   0.00540   0.00307   0.00184   0.00948   0.00848   0.00846   0.03562   0.15781   0.00999   0.02597   0.02719   0.01892   0.00133   0.00878   0.00905   0.00280   0.00305   0.10930   0.20454   0.08401   0.12194   0.00698   0.10978   0.11250   3.01080   1.17520   0.03307   0.09778   2.82860  
  8 2759.9995  10688.418764  x:  0.27888   0.14898   0.10283   0.00506   0.07140   0.05287   0.06000   0.07459   0.07782   0.02259   0.00379   0.00223   0.00838   0.02828   0.01615   0.00043   0.01244   0.00784   0.00627   0.00466   0.00184   0.00818   0.00777   0.00780   0.03449   0.15873   0.00993   0.02616   0.02626   0.01843   0.00123   0.00867   0.00799   0.00632   0.00289   0.11088   0.20520   0.08455   0.12245   0.00735   0.10985   0.11344   3.01158   1.17576   0.03262   0.09075   2.82856  
  9 1249.4555  10687.397807  x:  0.27980   0.14976   0.10293   0.00519   0.07119   0.05280   0.05961   0.07401   0.07735   0.02316   0.00387   0.00305   0.00790   0.02737   0.01396   0.00050   0.01154   0.00744   0.00740   0.00398   0.00179   0.00545   0.00853   0.00854   0.03262   0.15944   0.01001   0.02629   0.02502   0.01797   0.00127   0.00869   0.00853   0.00555   0.00312   0.11142   0.20576   0.08452   0.12271   0.00730   0.10984   0.11373   3.01238   1.17614   0.03236   0.08729   2.82853  
 10 521.0662  10687.114929  x:  0.28034   0.15012   0.10291   0.00518   0.07098   0.05272   0.05931   0.07354   0.07695   0.02338   0.00379   0.00197   0.00829   0.02698   0.01330   0.00053   0.01164   0.00741   0.00747   0.00410   0.00174   0.00545   0.00898   0.00897   0.03150   0.15981   0.01010   0.02629   0.02443   0.01784   0.00128   0.00861   0.00906   0.00521   0.00311   0.11156   0.20606   0.08438   0.12279   0.00725   0.10981   0.11377   3.01289   1.17633   0.03224   0.08630   2.82851  
 11 331.7077  10686.820209  x:  0.28139   0.15080   0.10283   0.00521   0.07054   0.05254   0.05874   0.07259   0.07616   0.02364   0.00379   0.00256   0.00927   0.02645   0.01280   0.00060   0.01222   0.00749   0.00726   0.00458   0.00166   0.00639   0.00954   0.00949   0.02952   0.16050   0.01029   0.02623   0.02355   0.01774   0.00129   0.00843   0.00984   0.00535   0.00300   0.11179   0.20663   0.08406   0.12290   0.00713   0.10974   0.11378   3.01392   1.17668   0.03204   0.08511   2.82847  
 12 362.2368  10686.573499  x:  0.28299   0.15183   0.10273   0.00536   0.06995   0.05227   0.05802   0.07131   0.07514   0.02346   0.00394   0.00247   0.00987   0.02636   0.01381   0.00067   0.01310   0.00761   0.00684   0.00366   0.00157   0.00605   0.00917   0.00912   0.02747   0.16145   0.01054   0.02608   0.02321   0.01794   0.00131   0.00852   0.00965   0.00588   0.00301   0.11223   0.20747   0.08360   0.12301   0.00695   0.10960   0.11381   3.01560   1.17721   0.03175   0.08446   2.82840  
 13 200.4828  10686.398294  x:  0.28465   0.15291   0.10267   0.00535   0.06943   0.05204   0.05743   0.07017   0.07429   0.02309   0.00372   0.00251   0.00982   0.02654   0.01490   0.00073   0.01343   0.00752   0.00705   0.00450   0.00152   0.00563   0.00886   0.00883   0.02618   0.16239   0.01070   0.02595   0.02336   0.01815   0.00131   0.00864   0.00928   0.00533   0.00306   0.11276   0.20832   0.08316   0.12312   0.00705   0.10946   0.11386   3.01744   1.17777   0.03146   0.08424   2.82832  
 14 265.9379  10686.172041  x:  0.28761   0.15483   0.10267   0.00537   0.06876   0.05177   0.05679   0.06854   0.07327   0.02251   0.00410   0.00245   0.00887   0.02703   0.01555   0.00078   0.01266   0.00726   0.00801   0.00421   0.00147   0.00634   0.00927   0.00926   0.02571   0.16393   0.01078   0.02585   0.02421   0.01827   0.00130   0.00842   0.00925   0.00533   0.00300   0.11380   0.20980   0.08246   0.12326   0.00704   0.10920   0.11399   3.02101   1.17885   0.03090   0.08458   2.82818  
 15 205.0624  10685.921334  x:  0.29122   0.15712   0.10276   0.00538   0.06823   0.05163   0.05638   0.06695   0.07249   0.02240   0.00315   0.00251   0.00861   0.02744   0.01517   0.00080   0.01191   0.00767   0.00718   0.00408   0.00145   0.00623   0.00953   0.00950   0.02638   0.16567   0.01072   0.02586   0.02505   0.01818   0.00129   0.00841   0.00960   0.00551   0.00302   0.11504   0.21157   0.08167   0.12341   0.00709   0.10892   0.11414   3.02568   1.18023   0.03019   0.08536   2.82798  
 16 310.3398  10685.696600  x:  0.29485   0.15935   0.10290   0.00538   0.06785   0.05158   0.05616   0.06557   0.07194   0.02261   0.00409   0.00249   0.00884   0.02767   0.01440   0.00082   0.01161   0.00788   0.00636   0.00442   0.00144   0.00588   0.00945   0.00940   0.02743   0.16733   0.01061   0.02593   0.02559   0.01804   0.00128   0.00854   0.00979   0.00557   0.00306   0.11622   0.21333   0.08090   0.12355   0.00714   0.10867   0.11428   3.03062   1.18169   0.02945   0.08626   2.82778  
 17 677.3055  10685.411204  x:  0.29950   0.16198   0.10318   0.00538   0.06776   0.05177   0.05633   0.06432   0.07171   0.02343   0.00387   0.00250   0.00966   0.02748   0.01310   0.00080   0.01245   0.00735   0.00732   0.00422   0.00147   0.00608   0.00873   0.00868   0.02906   0.16924   0.01038   0.02610   0.02534   0.01787   0.00129   0.00874   0.00935   0.00546   0.00306   0.11746   0.21551   0.08000   0.12370   0.00716   0.10843   0.11439   3.03761   1.18371   0.02843   0.08752   2.82749  
 18 432.2608  10685.142770  x:  0.30372   0.16363   0.10368   0.00534   0.06863   0.05245   0.05738   0.06458   0.07251   0.02407   0.00390   0.00248   0.00859   0.02650   0.01367   0.00073   0.01328   0.00801   0.00724   0.00429   0.00154   0.00607   0.00920   0.00927   0.02979   0.17033   0.01025   0.02632   0.02319   0.01810   0.00131   0.00818   0.00857   0.00539   0.00309   0.11754   0.21731   0.07940   0.12378   0.00723   0.10849   0.11422   3.04615   1.18610   0.02729   0.08862   2.82713  
 19 195.6560  10684.864489  x:  0.30778   0.16455   0.10425   0.00528   0.06986   0.05318   0.05864   0.06569   0.07372   0.02399   0.00386   0.00249   0.00829   0.02584   0.01457   0.00063   0.01250   0.00690   0.00690   0.00431   0.00164   0.00619   0.00904   0.00899   0.02948   0.17086   0.01037   0.02650   0.02175   0.01823   0.00131   0.00908   0.00960   0.00550   0.00306   0.11671   0.21886   0.07900   0.12384   0.00723   0.10877   0.11385   3.05646   1.18891   0.02598   0.08947   2.82671  
 20 316.3003  10684.404451  x:  0.31396   0.16502   0.10510   0.00521   0.07183   0.05404   0.06035   0.06818   0.07580   0.02319   0.00396   0.00249   0.00959   0.02580   0.01476   0.00050   0.01102   0.00848   0.00773   0.00428   0.00176   0.00621   0.00854   0.00842   0.02781   0.17096   0.01066   0.02665   0.02208   0.01807   0.00131   0.00877   0.01000   0.00541   0.00306   0.11421   0.22096   0.07867   0.12392   0.00718   0.10946   0.11305   3.07558   1.19401   0.02367   0.09034   2.82591  
 21 475.4299  10683.743092  x:  0.32162   0.16472   0.10595   0.00507   0.07381   0.05449   0.06171   0.07155   0.07816   0.02230   0.00387   0.00251   0.01000   0.02671   0.01362   0.00046   0.01191   0.00707   0.00698   0.00427   0.00181   0.00603   0.00912   0.00923   0.02548   0.17042   0.01078   0.02661   0.02461   0.01778   0.00128   0.00800   0.00865   0.00549   0.00307   0.11006   0.22326   0.07861   0.12404   0.00730   0.11051   0.11197   3.10361   1.20137   0.02040   0.09092   2.82474  
 22 801.2385  10683.226143  x:  0.32634   0.16350   0.10600   0.00503   0.07387   0.05376   0.06110   0.07333   0.07885   0.02313   0.00394   0.00250   0.00845   0.02763   0.01304   0.00055   0.01377   0.00810   0.00729   0.00429   0.00172   0.00615   0.00930   0.00919   0.02515   0.16935   0.01069   0.02623   0.02611   0.01803   0.00123   0.00994   0.00958   0.00560   0.00299   0.10650   0.22425   0.07906   0.12416   0.00738   0.11125   0.11140   3.12784   1.20757   0.01776   0.09065   2.82373  
 23 630.4802  10681.916426  x:  0.33439   0.15932   0.10498   0.00531   0.07137   0.05079   0.05721   0.07529   0.07821   0.02618   0.00392   0.00250   0.00819   0.02869   0.01456   0.00082   0.01354   0.00749   0.00726   0.00431   0.00145   0.00594   0.00870   0.00843   0.02800   0.16595   0.01066   0.02536   0.02607   0.01894   0.00127   0.00723   0.01111   0.00541   0.00305   0.09894   0.22479   0.08110   0.12448   0.00717   0.11255   0.11097   3.18766   1.22254   0.01161   0.08910   2.82122  
 24 857.9430  10680.875341  x:  0.33917   0.15576   0.10378   0.00547   0.06890   0.04909   0.05433   0.07581   0.07687   0.02564   0.00387   0.00250   0.01024   0.02839   0.01574   0.00096   0.01201   0.00746   0.00737   0.00426   0.00128   0.00605   0.00958   0.00994   0.03085   0.16307   0.01030   0.02538   0.02474   0.01871   0.00128   0.00935   0.00873   0.00552   0.00296   0.09435   0.22422   0.08317   0.12465   0.00700   0.11317   0.11127   3.23875   1.23514   0.00656   0.08808   2.81907  
 25 1542.8811  10679.328340  x:  0.34136   0.15152   0.10184   0.00546   0.06636   0.04986   0.05340   0.07457   0.07409   0.01879   0.00386   0.00251   0.00986   0.02627   0.01496   0.00089   0.01351   0.00755   0.00738   0.00424   0.00135   0.00585   0.00948   0.00898   0.03317   0.15959   0.00953   0.02658   0.02317   0.01700   0.00131   0.00864   0.00969   0.00548   0.00295   0.09298   0.22127   0.08634   0.12455   0.00697   0.11291   0.11292   3.31125   1.25263  -0.00016   0.08812   2.81602  
 26 1097.5239  10674.528111  x:  0.33539   0.14097   0.09631   0.00509   0.06457   0.05854   0.06056   0.06653   0.06561   0.02270   0.00383   0.00248   0.00929   0.02294   0.01435   0.00000   0.01257   0.00740   0.00721   0.00418   0.00222   0.00586   0.00747   0.01066   0.02976   0.15123   0.01249   0.02679   0.02591   0.01947   0.00120   0.00867   0.00952   0.00547   0.00291   0.10312   0.20575   0.09500   0.12251   0.00695   0.10881   0.11974   3.55884   1.31138  -0.02190   0.09276   2.80555  
 27 1366.1940  10673.731974  x:  0.33433   0.14051   0.09617   0.00506   0.06479   0.05852   0.06084   0.06609   0.06553   0.02302   0.00382   0.00247   0.00930   0.02354   0.01432   0.00000   0.01239   0.00738   0.00719   0.00417   0.00077   0.00587   0.00835   0.00982   0.02929   0.15096   0.01190   0.02652   0.02560   0.01916   0.00120   0.00867   0.00935   0.00547   0.00290   0.10421   0.20456   0.09520   0.12228   0.00696   0.10849   0.11995   3.57782   1.31582  -0.02348   0.09326   2.80474  
 28 2287.2974  10672.507549  x:  0.33009   0.13889   0.09577   0.00499   0.06550   0.05781   0.06127   0.06441   0.06536   0.02411   0.00380   0.00246   0.00927   0.02600   0.01408   0.00000   0.01188   0.00728   0.00711   0.00415   0.00161   0.00587   0.01098   0.00730   0.02741   0.15016   0.00966   0.02541   0.02429   0.01785   0.00122   0.00864   0.00882   0.00547   0.00289   0.10825   0.20013   0.09562   0.12139   0.00703   0.10730   0.12051   3.64999   1.33262  -0.02943   0.09507   2.80168  
 29 3875.0903  10670.463261  x:  0.32052   0.13876   0.09702   0.00496   0.06767   0.05226   0.05892   0.06330   0.06842   0.02362   0.00379   0.00245   0.00881   0.03030   0.01303   0.00000   0.01168   0.00731   0.00705   0.00410   0.00142   0.00583   0.00759   0.00994   0.02507   0.15164   0.00860   0.02393   0.02100   0.01538   0.00125   0.00843   0.00909   0.00545   0.00290   0.11452   0.19455   0.09275   0.11976   0.00729   0.10591   0.11874   3.75183   1.35585  -0.03722   0.09784   2.79733  
 30 2203.4938  10668.851033  x:  0.30992   0.13993   0.09897   0.00498   0.06917   0.04683   0.05535   0.06307   0.07185   0.02251   0.00377   0.00244   0.00858   0.02903   0.01179   0.00000   0.01160   0.00728   0.00696   0.00406   0.00148   0.00579   0.00871   0.00871   0.02441   0.15457   0.01344   0.02518   0.02045   0.01759   0.00121   0.00847   0.00862   0.00546   0.00289   0.11891   0.19096   0.08766   0.11826   0.00760   0.10523   0.11513   3.83963   1.37549  -0.04344   0.09960   2.79355  
 31 2078.4128  10667.563807  x:  0.29971   0.14215   0.10075   0.00505   0.06910   0.04574   0.05257   0.06346   0.07343   0.02299   0.00376   0.00244   0.00862   0.02361   0.01276   0.00000   0.01144   0.00720   0.00695   0.00405   0.00143   0.00577   0.00860   0.00875   0.02425   0.15802   0.00969   0.02661   0.02306   0.01805   0.00118   0.00844   0.00877   0.00545   0.00288   0.12013   0.19041   0.08149   0.11734   0.00773   0.10557   0.11047   3.90366   1.38928  -0.04729   0.09982   2.79076  
 32 1259.2202  10666.624604  x:  0.28894   0.14544   0.10168   0.00502   0.06686   0.05068   0.05266   0.06376   0.07220   0.02303   0.00375   0.00244   0.00869   0.02440   0.01352   0.00000   0.01172   0.00717   0.00700   0.00405   0.00144   0.00572   0.00885   0.00874   0.02585   0.16175   0.01110   0.02432   0.02317   0.01569   0.00121   0.00844   0.00881   0.00542   0.00286   0.11768   0.19359   0.07509   0.11721   0.00783   0.10700   0.10544   3.95322   1.39908  -0.04915   0.09853   2.78855  
 33 602.5146  10666.333744  x:  0.28476   0.14716   0.10161   0.00495   0.06603   0.05170   0.05371   0.06384   0.07126   0.02242   0.00374   0.00244   0.00891   0.02604   0.01295   0.00000   0.01166   0.00716   0.00700   0.00404   0.00144   0.00569   0.00870   0.00892   0.02616   0.16288   0.01018   0.02475   0.02246   0.01821   0.00118   0.00842   0.00885   0.00544   0.00284   0.11619   0.19594   0.07372   0.11748   0.00788   0.10768   0.10440   3.96908   1.40180  -0.04920   0.09817   2.78782  
 34 432.8790  10666.033248  x:  0.27912   0.15065   0.10066   0.00496   0.06597   0.04960   0.05625   0.06394   0.06987   0.02290   0.00375   0.00244   0.00887   0.02640   0.01331   0.00000   0.01175   0.00718   0.00703   0.00405   0.00145   0.00570   0.00875   0.00893   0.02604   0.16359   0.01045   0.02692   0.02251   0.01713   0.00120   0.00842   0.00891   0.00544   0.00284   0.11372   0.20131   0.07507   0.11847   0.00776   0.10858   0.10577   3.98580   1.40349  -0.04772   0.09848   2.78697  
 35 171.6372  10665.891688  x:  0.27643   0.15276   0.10010   0.00493   0.06653   0.04884   0.05641   0.06403   0.06979   0.02264   0.00375   0.00244   0.00886   0.02549   0.01306   0.00000   0.01166   0.00717   0.00701   0.00404   0.00144   0.00571   0.00875   0.00887   0.02591   0.16356   0.01044   0.02478   0.02261   0.01746   0.00119   0.00843   0.00884   0.00545   0.00284   0.11260   0.20438   0.07651   0.11898   0.00773   0.10876   0.10724   3.99357   1.40361  -0.04616   0.09895   2.78654  
 36 156.8203  10665.802167  x:  0.27509   0.15442   0.09981   0.00496   0.06738   0.05039   0.05415   0.06379   0.07092   0.02281   0.00375   0.00244   0.00882   0.02574   0.01302   0.00000   0.01164   0.00719   0.00701   0.00405   0.00145   0.00572   0.00874   0.00887   0.02559   0.16284   0.01050   0.02539   0.02255   0.01748   0.00119   0.00843   0.00885   0.00546   0.00284   0.11195   0.20634   0.07766   0.11901   0.00769   0.10820   0.10871   3.99904   1.40235  -0.04332   0.09924   2.78616  
 37 60.0587  10665.422626  x:  0.27618   0.15889   0.10224   0.00493   0.06486   0.05017   0.05596   0.06198   0.07404   0.02284   0.00376   0.00244   0.00884   0.02571   0.01316   0.00000   0.01169   0.00721   0.00702   0.00406   0.00145   0.00575   0.00878   0.00889   0.02541   0.15728   0.01057   0.02527   0.02279   0.01753   0.00119   0.00846   0.00889   0.00546   0.00284   0.11038   0.20798   0.07573   0.11654   0.00779   0.10310   0.11023   4.02548   1.38543  -0.01546   0.09698   2.78364  
 38 38.1990  10664.346058  x:  0.28217   0.16482   0.10516   0.00493   0.07263   0.05024   0.05557   0.06420   0.06762   0.02304   0.00381   0.00246   0.00892   0.02623   0.01323   0.00000   0.01186   0.00732   0.00707   0.00411   0.00148   0.00588   0.00879   0.00900   0.02675   0.15461   0.01086   0.02570   0.02297   0.01774   0.00121   0.00860   0.00893   0.00547   0.00289   0.11111   0.20801   0.07499   0.11782   0.00772   0.10542   0.10949   4.10240   1.33222   0.07128   0.09154   2.77590  
 39 207.3052  10663.485372  x:  0.28706   0.16433   0.10353   0.00504   0.06785   0.05153   0.05644   0.06632   0.07260   0.02362   0.00386   0.00248   0.00874   0.02627   0.01298   0.00000   0.01176   0.00743   0.00707   0.00415   0.00149   0.00604   0.00877   0.00893   0.02572   0.16211   0.01097   0.02603   0.02303   0.01789   0.00122   0.00871   0.00886   0.00549   0.00296   0.11351   0.20854   0.07913   0.12256   0.00753   0.11152   0.10979   4.16408   1.28907   0.14228   0.08909   2.76948  
 40 415.2833  10663.364143  x:  0.28754   0.16050   0.10294   0.00503   0.06969   0.05152   0.05707   0.06464   0.07351   0.02353   0.00387   0.00248   0.00883   0.02637   0.01321   0.00000   0.01186   0.00744   0.00709   0.00416   0.00150   0.00604   0.00882   0.00898   0.02631   0.16615   0.01085   0.02598   0.02330   0.01797   0.00123   0.00873   0.00892   0.00550   0.00295   0.11256   0.21020   0.07890   0.12227   0.00752   0.10918   0.11090   4.17266   1.28353   0.15269   0.08791   2.76836  
 41 73.4260  10663.343921  x:  0.28755   0.15929   0.10394   0.00503   0.06924   0.05157   0.05683   0.06581   0.07286   0.02359   0.00387   0.00248   0.00880   0.02637   0.01312   0.00000   0.01183   0.00744   0.00709   0.00416   0.00150   0.00605   0.00881   0.00896   0.02616   0.16682   0.01086   0.02603   0.02322   0.01796   0.00123   0.00873   0.00890   0.00550   0.00295   0.11312   0.21123   0.07884   0.12183   0.00754   0.10830   0.11155   4.17387   1.28321   0.15466   0.08809   2.76798  
 42 18.2299  10663.319248  x:  0.28754   0.15735   0.10428   0.00503   0.06930   0.05150   0.05678   0.06519   0.07310   0.02359   0.00387   0.00248   0.00878   0.02635   0.01310   0.00000   0.01182   0.00744   0.00708   0.00416   0.00150   0.00605   0.00880   0.00896   0.02611   0.16546   0.01088   0.02602   0.02321   0.01795   0.00123   0.00873   0.00889   0.00549   0.00296   0.11469   0.21358   0.07822   0.12166   0.00754   0.10940   0.11108   4.17442   1.28572   0.15807   0.08804   2.76660  
 43  6.3974  10663.066611  x:  0.28796   0.15624   0.09851   0.00505   0.06917   0.05120   0.05646   0.06775   0.07280   0.02362   0.00386   0.00247   0.00870   0.02625   0.01293   0.00000   0.01174   0.00743   0.00705   0.00415   0.00149   0.00606   0.00875   0.00890   0.02577   0.16332   0.01096   0.02605   0.02305   0.01787   0.00122   0.00872   0.00883   0.00547   0.00294   0.11638   0.21567   0.07624   0.12589   0.00765   0.10538   0.10830   4.17564   1.32456   0.19710   0.08806   2.74844  
 44 13.6754  10656.396287  x:  0.29365   0.15167   0.09436   0.00373   0.06655   0.05100   0.05452   0.06329   0.06817   0.02429   0.00374   0.00246   0.00736   0.02469   0.01052   0.00000   0.01052   0.00737   0.00657   0.00388   0.00127   0.00608   0.00804   0.00798   0.02186   0.16293   0.01103   0.02628   0.02111   0.01691   0.00105   0.00852   0.00811   0.00520   0.00222   0.08793   0.21103   0.06500   0.11671   0.00911   0.11418   0.11344   4.20514   2.46035   1.32416   0.09106   2.22069  
 45 269.1544  10655.500870  x:  0.29392   0.15132   0.10099   0.00352   0.06644   0.05132   0.05440   0.05934   0.06735   0.02435   0.00373   0.00245   0.00723   0.02449   0.01029   0.00000   0.01038   0.00737   0.00652   0.00385   0.00125   0.00609   0.00797   0.00788   0.02163   0.16345   0.01099   0.02631   0.02091   0.01683   0.00103   0.00850   0.00803   0.00517   0.00213   0.08451   0.21176   0.07440   0.11789   0.00926   0.11048   0.10268   4.20888   2.60194   1.46450   0.09141   2.15504  
 46 1109.8675  10655.498439  x:  0.29389   0.15124   0.10143   0.00351   0.06645   0.05133   0.05440   0.05918   0.06737   0.02436   0.00373   0.00245   0.00723   0.02449   0.01029   0.00000   0.01038   0.00737   0.00652   0.00385   0.00125   0.00609   0.00797   0.00788   0.02163   0.16339   0.01099   0.02631   0.02092   0.01684   0.00103   0.00850   0.00803   0.00517   0.00212   0.08440   0.21168   0.07421   0.11865   0.00925   0.11045   0.10292   4.20893   2.60213   1.46464   0.09145   2.15510  
 47  3.9629  10653.963854  x:  0.29551   0.14348   0.09569   0.00270   0.06444   0.05074   0.05268   0.05717   0.06368   0.02465   0.00371   0.00241   0.00642   0.02355   0.00939   0.00000   0.00963   0.00734   0.00618   0.00373   0.00113   0.00617   0.00737   0.00730   0.02010   0.16048   0.01103   0.02635   0.01976   0.01625   0.00091   0.00845   0.00732   0.00495   0.00160   0.07376   0.21121   0.07012   0.11744   0.01055   0.11026   0.09860   4.28285   2.32927   1.12869   0.09745   2.62451  
 48  1.4324  10653.960537  x:  0.29551   0.14346   0.09567   0.00270   0.06444   0.05074   0.05267   0.05716   0.06367   0.02465   0.00371   0.00241   0.00642   0.02355   0.00938   0.00011   0.00963   0.00734   0.00618   0.00373   0.00113   0.00617   0.00737   0.00730   0.02009   0.16047   0.01103   0.02635   0.01976   0.01624   0.00091   0.00845   0.00732   0.00495   0.00160   0.07374   0.21121   0.07011   0.11743   0.01055   0.11026   0.09859   4.28306   2.32851   1.12775   0.09747   2.62582  
 49 1183.2176  10653.579762  x:  0.30018   0.14239   0.09587   0.00271   0.06444   0.05091   0.05265   0.05777   0.06373   0.02483   0.00375   0.00243   0.00670   0.02380   0.01034   0.00016   0.00984   0.00745   0.00614   0.00375   0.00106   0.00631   0.00728   0.00736   0.02173   0.15862   0.01103   0.02650   0.02018   0.01635   0.00095   0.00858   0.00727   0.00478   0.00145   0.08015   0.21149   0.07089   0.11862   0.01091   0.11035   0.09855   4.34595   2.22624   1.03203   0.10018   2.99196  
 50  0.4049  10653.472654  x:  0.30069   0.14459   0.09734   0.00271   0.06508   0.05124   0.05337   0.05830   0.06488   0.02495   0.00380   0.00245   0.00686   0.02397   0.00979   0.00022   0.01007   0.00746   0.00623   0.00368   0.00101   0.00619   0.00762   0.00757   0.02124   0.15899   0.01103   0.02647   0.02052   0.01643   0.00100   0.00855   0.00774   0.00472   0.00136   0.07890   0.21070   0.07253   0.11858   0.01122   0.11096   0.09936   4.37954   2.29101   1.09916   0.10021   3.40763  
 51  0.2853  10653.371052  x:  0.29954   0.14477   0.09804   0.00273   0.06502   0.05114   0.05323   0.05771   0.06472   0.02482   0.00381   0.00246   0.00671   0.02393   0.01039   0.00035   0.00983   0.00743   0.00620   0.00366   0.00087   0.00610   0.00740   0.00748   0.02132   0.15984   0.01103   0.02644   0.02020   0.01645   0.00111   0.00853   0.00732   0.00474   0.00133   0.07868   0.21053   0.07288   0.11829   0.01177   0.11229   0.09908   4.39673   2.50386   1.30800   0.09934   4.11538  
 52  0.3853  10653.308931  x:  0.29958   0.14318   0.09664   0.00285   0.06465   0.05098   0.05285   0.05768   0.06396   0.02479   0.00377   0.00243   0.00679   0.02381   0.00992   0.00045   0.00997   0.00743   0.00619   0.00375   0.00076   0.00611   0.00741   0.00744   0.02145   0.15943   0.01104   0.02647   0.02017   0.01637   0.00122   0.00848   0.00752   0.00482   0.00146   0.07941   0.21121   0.07143   0.11827   0.01218   0.11302   0.09880   4.38916   2.57959   1.38331   0.09947   4.74406  
 53  0.4325  10653.289593  x:  0.30019   0.14373   0.09654   0.00278   0.06484   0.05107   0.05309   0.05815   0.06445   0.02483   0.00377   0.00243   0.00673   0.02389   0.01015   0.00051   0.00987   0.00744   0.00620   0.00373   0.00069   0.00624   0.00746   0.00748   0.02126   0.15904   0.01106   0.02647   0.02037   0.01639   0.00124   0.00855   0.00743   0.00477   0.00143   0.07885   0.21105   0.07145   0.11839   0.01225   0.11350   0.09906   4.37633   2.59632   1.40255   0.09988   5.07389  
 54  0.2404  10653.281437  x:  0.29997   0.14401   0.09712   0.00273   0.06486   0.05110   0.05311   0.05786   0.06449   0.02485   0.00378   0.00245   0.00677   0.02388   0.01002   0.00057   0.00993   0.00745   0.00619   0.00369   0.00063   0.00624   0.00744   0.00746   0.02144   0.15926   0.01102   0.02648   0.02025   0.01639   0.00125   0.00853   0.00746   0.00473   0.00141   0.07921   0.21084   0.07186   0.11844   0.01215   0.11419   0.09893   4.36813   2.64234   1.44864   0.10000   5.33557  
 55  0.1764  10653.276758  x:  0.29954   0.14370   0.09705   0.00272   0.06481   0.05108   0.05304   0.05779   0.06430   0.02485   0.00379   0.00245   0.00679   0.02389   0.01013   0.00061   0.00995   0.00744   0.00620   0.00371   0.00060   0.00617   0.00746   0.00749   0.02132   0.15947   0.01104   0.02645   0.02026   0.01641   0.00124   0.00851   0.00752   0.00476   0.00144   0.07914   0.21092   0.07185   0.11838   0.01186   0.11444   0.09887   4.36675   2.64568   1.45165   0.10002   5.46375  
 56  0.0734  10653.274487  x:  0.29961   0.14370   0.09690   0.00268   0.06482   0.05107   0.05306   0.05792   0.06434   0.02484   0.00379   0.00244   0.00674   0.02387   0.01004   0.00063   0.00991   0.00743   0.00619   0.00372   0.00058   0.00618   0.00743   0.00746   0.02137   0.15937   0.01104   0.02646   0.02030   0.01640   0.00122   0.00852   0.00745   0.00476   0.00143   0.07917   0.21102   0.07175   0.11844   0.01168   0.11452   0.09892   4.37054   2.65108   1.45660   0.09990   5.52350  
 57  0.0533  10653.273982  x:  0.29980   0.14379   0.09690   0.00268   0.06482   0.05107   0.05306   0.05790   0.06439   0.02483   0.00378   0.00244   0.00677   0.02387   0.01007   0.00064   0.00992   0.00744   0.00620   0.00372   0.00057   0.00620   0.00744   0.00747   0.02138   0.15925   0.01104   0.02647   0.02029   0.01640   0.00122   0.00852   0.00746   0.00477   0.00143   0.07909   0.21097   0.07175   0.11847   0.01163   0.11452   0.09892   4.37352   2.66101   1.46659   0.09994   5.53753  
 58  0.0199  10653.273885  x:  0.29982   0.14378   0.09693   0.00269   0.06482   0.05107   0.05306   0.05788   0.06437   0.02484   0.00378   0.00244   0.00675   0.02387   0.01007   0.00064   0.00992   0.00744   0.00620   0.00371   0.00057   0.00620   0.00744   0.00747   0.02135   0.15925   0.01104   0.02647   0.02028   0.01640   0.00121   0.00853   0.00747   0.00476   0.00143   0.07914   0.21091   0.07175   0.11846   0.01163   0.11447   0.09894   4.37453   2.65961   1.46495   0.09998   5.52935  
 59  0.0063  10653.273776  x:  0.29979   0.14375   0.09693   0.00270   0.06482   0.05107   0.05306   0.05789   0.06437   0.02484   0.00378   0.00244   0.00677   0.02387   0.01006   0.00064   0.00992   0.00744   0.00619   0.00371   0.00056   0.00620   0.00744   0.00747   0.02138   0.15930   0.01103   0.02646   0.02028   0.01640   0.00120   0.00853   0.00746   0.00476   0.00143   0.07908   0.21090   0.07175   0.11844   0.01164   0.11444   0.09894   4.37455   2.65903   1.46421   0.10001   5.52875  
 60  0.0004  10653.273687  x:  0.29977   0.14376   0.09691   0.00270   0.06482   0.05107   0.05306   0.05790   0.06437   0.02484   0.00378   0.00244   0.00676   0.02387   0.01007   0.00065   0.00992   0.00744   0.00619   0.00371   0.00056   0.00620   0.00744   0.00747   0.02136   0.15928   0.01104   0.02646   0.02029   0.01640   0.00119   0.00853   0.00747   0.00476   0.00143   0.07911   0.21094   0.07174   0.11845   0.01165   0.11450   0.09891   4.37386   2.66226   1.46760   0.09998   5.54601  
 61  0.0116  10653.273680  x:  0.29979   0.14377   0.09692   0.00270   0.06482   0.05107   0.05306   0.05789   0.06437   0.02484   0.00378   0.00244   0.00676   0.02387   0.01007   0.00065   0.00992   0.00744   0.00620   0.00371   0.00055   0.00620   0.00744   0.00747   0.02136   0.15927   0.01104   0.02646   0.02028   0.01640   0.00119   0.00853   0.00746   0.00476   0.00142   0.07911   0.21094   0.07174   0.11845   0.01166   0.11451   0.09893   4.37383   2.66174   1.46715   0.09997   5.54873  
 62  0.0030  10653.273679  x:  0.29980   0.14377   0.09692   0.00270   0.06482   0.05107   0.05306   0.05789   0.06437   0.02484   0.00378   0.00244   0.00676   0.02387   0.01007   0.00065   0.00992   0.00744   0.00620   0.00371   0.00055   0.00620   0.00744   0.00747   0.02136   0.15927   0.01104   0.02646   0.02028   0.01640   0.00119   0.00853   0.00747   0.00476   0.00142   0.07911   0.21093   0.07175   0.11845   0.01166   0.11451   0.09893   4.37390   2.66172   1.46713   0.09997   5.54968  
 63  0.0010  10653.273679  x:  0.29980   0.14377   0.09692   0.00270   0.06482   0.05107   0.05306   0.05789   0.06437   0.02484   0.00378   0.00244   0.00676   0.02387   0.01007   0.00065   0.00992   0.00744   0.00620   0.00371   0.00055   0.00620   0.00744   0.00747   0.02136   0.15927   0.01104   0.02646   0.02028   0.01640   0.00119   0.00853   0.00747   0.00476   0.00142   0.07911   0.21093   0.07175   0.11845   0.01166   0.11451   0.09893   4.37394   2.66175   1.46716   0.09997   5.55008  
 64  0.0004  10653.273679  x:  0.29979   0.14377   0.09692   0.00270   0.06482   0.05107   0.05306   0.05789   0.06437   0.02484   0.00378   0.00244   0.00676   0.02387   0.01007   0.00065   0.00992   0.00744   0.00620   0.00371   0.00055   0.00620   0.00744   0.00747   0.02136   0.15927   0.01104   0.02646   0.02028   0.01640   0.00119   0.00853   0.00747   0.00476   0.00142   0.07911   0.21093   0.07175   0.11845   0.01166   0.11451   0.09893   4.37397   2.66176   1.46717   0.09997   5.55040  
 65  0.0001  10653.273679  x:  0.29980   0.14377   0.09692   0.00270   0.06482   0.05107   0.05306   0.05789   0.06437   0.02484   0.00378   0.00244   0.00676   0.02387   0.01007   0.00065   0.00992   0.00744   0.00620   0.00371   0.00055   0.00620   0.00744   0.00747   0.02136   0.15927   0.01104   0.02646   0.02028   0.01640   0.00119   0.00853   0.00747   0.00476   0.00142   0.07911   0.21093   0.07175   0.11845   0.01166   0.11451   0.09893   4.37394   2.66173   1.46714   0.09997   5.55001  
 66  0.0001  10653.273679  x:  0.29980   0.14377   0.09692   0.00270   0.06482   0.05107   0.05306   0.05789   0.06437   0.02484   0.00378   0.00244   0.00676   0.02387   0.01007   0.00065   0.00992   0.00744   0.00620   0.00371   0.00055   0.00620   0.00744   0.00747   0.02136   0.15927   0.01104   0.02646   0.02028   0.01640   0.00119   0.00853   0.00747   0.00476   0.00142   0.07911   0.21093   0.07175   0.11845   0.01166   0.11451   0.09893   4.37393   2.66170   1.46711   0.09997   5.54962  
 67  0.0004  10653.273679  x:  0.29979   0.14377   0.09692   0.00270   0.06482   0.05107   0.05306   0.05789   0.06437   0.02484   0.00378   0.00244   0.00676   0.02387   0.01007   0.00065   0.00992   0.00744   0.00620   0.00371   0.00055   0.00620   0.00744   0.00747   0.02136   0.15927   0.01104   0.02646   0.02028   0.01640   0.00119   0.00853   0.00747   0.00476   0.00142   0.07911   0.21093   0.07175   0.11845   0.01166   0.11451   0.09893   4.37394   2.66169   1.46710   0.09997   5.54955  