

TREE # 1

  0  0.0000  10767.304047  x:  0.26385   0.11577   0.08596   0.00000   0.06063   0.05075   0.04950   0.04981   0.05520   0.02619   0.00368   0.00258   0.00477   0.02271   0.00778   0.00197   0.00852   0.00766   0.00524   0.00418   0.00162   0.00718   0.00615   0.00626   0.01824   0.14125   0.01212   0.02718   0.01864   0.01586   0.00123   0.00887   0.00574   0.00380   0.00237   0.05365   0.19416   0.06079   0.10998   0.00040   0.10813   0.08203   3.00000   1.16374   0.04304   0.25098   2.82902  
  1 99.0000  10756.384320  x:  0.26399   0.11620   0.08622   0.00495   0.06083   0.05084   0.04972   0.05019   0.05553   0.02612   0.00374   0.00249   0.00570   0.02287   0.00845   0.00034   0.00895   0.00761   0.00573   0.00392   0.00000   0.00685   0.00670   0.00676   0.01864   0.14144   0.01209   0.02712   0.01885   0.01595   0.00158   0.00875   0.00652   0.00438   0.00152   0.05444   0.19428   0.06125   0.11023   0.00822   0.10824   0.08257   3.00013   1.16387   0.04292   0.24913   2.82901  
  2 3163.4307  10755.179621  x:  0.26406   0.11638   0.08632   0.00578   0.06090   0.05086   0.04978   0.05035   0.05567   0.02608   0.00376   0.00247   0.00598   0.02294   0.00868   0.00143   0.00910   0.00759   0.00588   0.00384   0.00112   0.00674   0.00688   0.00692   0.01880   0.14152   0.01208   0.02710   0.01894   0.01598   0.00156   0.00871   0.00676   0.00453   0.00135   0.05477   0.19434   0.06141   0.11031   0.00986   0.10826   0.08277   3.00018   1.16393   0.04287   0.24836   2.82900  
  3 3298.2743  10749.325358  x:  0.26474   0.11814   0.08724   0.00303   0.06146   0.05093   0.05014   0.05193   0.05703   0.02572   0.00385   0.00255   0.00747   0.02354   0.01032   0.00132   0.01022   0.00749   0.00664   0.00358   0.00112   0.00596   0.00794   0.00792   0.02025   0.14236   0.01197   0.02691   0.01973   0.01630   0.00000   0.00852   0.00805   0.00517   0.00221   0.05798   0.19486   0.06280   0.11096   0.01157   0.10834   0.08452   3.00072   1.16450   0.04238   0.24049   2.82897  
  4 941.0798  10744.251817  x:  0.26549   0.12007   0.08825   0.00000   0.06208   0.05100   0.05053   0.05367   0.05853   0.02533   0.00393   0.00264   0.00901   0.02418   0.01205   0.00120   0.01139   0.00739   0.00742   0.00333   0.00112   0.00516   0.00903   0.00895   0.02182   0.14328   0.01184   0.02670   0.02060   0.01666   0.00066   0.00835   0.00939   0.00582   0.00296   0.06150   0.19544   0.06432   0.11167   0.01321   0.10844   0.08643   3.00132   1.16512   0.04184   0.23183   2.82893  
  5 19070.4404  10711.235264  x:  0.27262   0.13752   0.09757   0.00707   0.06802   0.05233   0.05477   0.06866   0.07156   0.02185   0.00374   0.00242   0.01448   0.02885   0.02103   0.00041   0.01715   0.00726   0.00903   0.00510   0.00141   0.00471   0.01274   0.01252   0.03360   0.15191   0.01045   0.02523   0.02695   0.01922   0.00158   0.00800   0.01380   0.00558   0.00042   0.09232   0.20084   0.07724   0.11779   0.00438   0.10905   0.10309   3.00692   1.17095   0.03681   0.15056   2.82857  
  6 3409.8113  10707.776394  x:  0.27436   0.14139   0.09959   0.00880   0.06926   0.05265   0.05557   0.07164   0.07417   0.02140   0.00378   0.00249   0.01415   0.02936   0.02146   0.00039   0.01712   0.00743   0.00840   0.00490   0.00159   0.00584   0.01224   0.01205   0.03532   0.15395   0.01015   0.02511   0.02771   0.01943   0.00204   0.00829   0.01329   0.00509   0.00572   0.09883   0.20215   0.07997   0.11923   0.00367   0.10927   0.10672   3.00829   1.17231   0.03566   0.13136   2.82848  
  7 6237.3228  10696.455651  x:  0.27745   0.14691   0.10222   0.00551   0.07058   0.05304   0.05601   0.07466   0.07685   0.02203   0.00408   0.00283   0.00933   0.02835   0.01740   0.00039   0.01321   0.00800   0.00521   0.00265   0.00177   0.00812   0.00793   0.00793   0.03487   0.15729   0.00983   0.02568   0.02660   0.01850   0.00143   0.00864   0.00845   0.00295   0.00363   0.10705   0.20442   0.08338   0.12151   0.00710   0.10986   0.11161   3.01071   1.17441   0.03392   0.10103   2.82832  
  8 2570.1535  10694.886769  x:  0.27826   0.14794   0.10258   0.00503   0.07064   0.05307   0.05591   0.07473   0.07693   0.02246   0.00378   0.00230   0.00804   0.02770   0.01554   0.00043   0.01196   0.00782   0.00611   0.00491   0.00177   0.00746   0.00752   0.00756   0.03381   0.15804   0.00982   0.02587   0.02575   0.01809   0.00133   0.00858   0.00773   0.00546   0.00340   0.10824   0.20497   0.08375   0.12193   0.00755   0.10998   0.11235   3.01137   1.17485   0.03358   0.09524   2.82827  
  9 1189.6521  10693.974467  x:  0.27920   0.14866   0.10260   0.00528   0.07035   0.05299   0.05558   0.07400   0.07630   0.02312   0.00374   0.00306   0.00781   0.02673   0.01323   0.00050   0.01121   0.00736   0.00756   0.00400   0.00169   0.00568   0.00870   0.00869   0.03165   0.15875   0.00992   0.02604   0.02438   0.01762   0.00137   0.00863   0.00869   0.00530   0.00346   0.10857   0.20553   0.08357   0.12215   0.00726   0.11005   0.11253   3.01223   1.17520   0.03337   0.09178   2.82821  
 10 457.6705  10693.710125  x:  0.27974   0.14899   0.10255   0.00526   0.07011   0.05291   0.05538   0.07347   0.07585   0.02334   0.00379   0.00203   0.00832   0.02638   0.01272   0.00054   0.01144   0.00737   0.00747   0.00401   0.00164   0.00587   0.00910   0.00907   0.03048   0.15911   0.01002   0.02605   0.02380   0.01752   0.00138   0.00857   0.00920   0.00499   0.00345   0.10862   0.20583   0.08336   0.12222   0.00721   0.11005   0.11253   3.01277   1.17537   0.03329   0.09076   2.82817  
 11 322.4228  10693.450491  x:  0.28070   0.14956   0.10242   0.00523   0.06968   0.05274   0.05502   0.07251   0.07505   0.02353   0.00384   0.00262   0.00932   0.02599   0.01264   0.00060   0.01218   0.00752   0.00687   0.00459   0.00156   0.00664   0.00936   0.00930   0.02861   0.15972   0.01019   0.02600   0.02308   0.01750   0.00139   0.00843   0.00973   0.00492   0.00337   0.10867   0.20635   0.08296   0.12231   0.00719   0.11002   0.11247   3.01377   1.17567   0.03316   0.08961   2.82810  
 12 345.7884  10693.222289  x:  0.28223   0.15048   0.10225   0.00540   0.06908   0.05249   0.05460   0.07118   0.07398   0.02326   0.00356   0.00254   0.00978   0.02600   0.01386   0.00067   0.01298   0.00756   0.00672   0.00394   0.00148   0.00608   0.00890   0.00885   0.02668   0.16061   0.01041   0.02584   0.02288   0.01773   0.00141   0.00842   0.00942   0.00555   0.00338   0.10884   0.20714   0.08235   0.12240   0.00699   0.10993   0.11239   3.01546   1.17612   0.03298   0.08881   2.82798  
 13 200.6039  10693.085665  x:  0.28364   0.15134   0.10215   0.00540   0.06862   0.05230   0.05433   0.07015   0.07323   0.02285   0.00419   0.00252   0.00950   0.02624   0.01473   0.00072   0.01299   0.00740   0.00726   0.00434   0.00144   0.00587   0.00881   0.00878   0.02583   0.16137   0.01053   0.02571   0.02317   0.01790   0.00141   0.00855   0.00917   0.00500   0.00341   0.10909   0.20787   0.08184   0.12246   0.00705   0.10983   0.11234   3.01714   1.17656   0.03282   0.08857   2.82787  
 14 207.3910  10692.933079  x:  0.28559   0.15254   0.10207   0.00535   0.06815   0.05210   0.05410   0.06898   0.07249   0.02240   0.00340   0.00252   0.00893   0.02659   0.01521   0.00075   0.01251   0.00735   0.00755   0.00445   0.00141   0.00631   0.00912   0.00910   0.02561   0.16236   0.01058   0.02559   0.02380   0.01798   0.00139   0.00854   0.00922   0.00474   0.00339   0.10950   0.20884   0.08121   0.12254   0.00714   0.10967   0.11231   3.01962   1.17719   0.03259   0.08861   2.82769  
 15 237.3512  10692.711066  x:  0.28902   0.15464   0.10202   0.00539   0.06752   0.05189   0.05388   0.06724   0.07157   0.02209   0.00404   0.00252   0.00849   0.02705   0.01504   0.00077   0.01172   0.00755   0.00698   0.00402   0.00138   0.00669   0.00954   0.00951   0.02618   0.16401   0.01055   0.02550   0.02475   0.01795   0.00139   0.00835   0.00958   0.00544   0.00334   0.11028   0.21054   0.08019   0.12266   0.00710   0.10941   0.11229   3.02419   1.17835   0.03218   0.08903   2.82737  
 16 349.1246  10692.384602  x:  0.29430   0.15778   0.10211   0.00541   0.06697   0.05178   0.05381   0.06514   0.07075   0.02252   0.00376   0.00253   0.00921   0.02730   0.01383   0.00078   0.01174   0.00765   0.00624   0.00451   0.00139   0.00566   0.00912   0.00906   0.02794   0.16636   0.01034   0.02556   0.02542   0.01774   0.00138   0.00850   0.00966   0.00505   0.00345   0.11143   0.21311   0.07881   0.12284   0.00719   0.10906   0.11230   3.03176   1.18024   0.03153   0.09003   2.82683  
 17 400.0461  10692.172907  x:  0.29793   0.15980   0.10228   0.00541   0.06692   0.05190   0.05394   0.06418   0.07061   0.02315   0.00383   0.00256   0.00969   0.02709   0.01307   0.00075   0.01242   0.00743   0.00737   0.00417   0.00141   0.00634   0.00867   0.00863   0.02915   0.16781   0.01015   0.02571   0.02509   0.01765   0.00139   0.00857   0.00930   0.00517   0.00341   0.11208   0.21482   0.07801   0.12296   0.00717   0.10890   0.11231   3.03753   1.18166   0.03105   0.09084   2.82642  
 18 444.9987  10691.867206  x:  0.30285   0.16194   0.10291   0.00537   0.06791   0.05260   0.05459   0.06458   0.07163   0.02391   0.00385   0.00254   0.00842   0.02603   0.01387   0.00067   0.01317   0.00760   0.00699   0.00427   0.00150   0.00623   0.00926   0.00931   0.02979   0.16916   0.01006   0.02609   0.02265   0.01793   0.00141   0.00844   0.00858   0.00511   0.00344   0.11227   0.21697   0.07748   0.12310   0.00725   0.10904   0.11230   3.04768   1.18408   0.03031   0.09220   2.82570  
 19 220.8815  10691.515979  x:  0.30802   0.16336   0.10378   0.00532   0.06955   0.05348   0.05537   0.06640   0.07343   0.02358   0.00385   0.00255   0.00864   0.02546   0.01467   0.00056   0.01165   0.00729   0.00706   0.00430   0.00161   0.00635   0.00858   0.00844   0.02879   0.16986   0.01033   0.02636   0.02138   0.01798   0.00141   0.00880   0.01023   0.00512   0.00343   0.11149   0.21898   0.07750   0.12325   0.00721   0.10960   0.11218   3.06153   1.18729   0.02939   0.09356   2.82470  
 20 293.3678  10690.880734  x:  0.31608   0.16432   0.10514   0.00520   0.07209   0.05447   0.05621   0.07035   0.07643   0.02242   0.00384   0.00257   0.01000   0.02592   0.01365   0.00049   0.01115   0.00838   0.00733   0.00427   0.00168   0.00625   0.00888   0.00903   0.02567   0.16995   0.01058   0.02642   0.02317   0.01757   0.00140   0.00822   0.00866   0.00510   0.00345   0.10875   0.22173   0.07818   0.12352   0.00725   0.11094   0.11186   3.08868   1.19343   0.02776   0.09520   2.82275  
 21 476.9399  10690.480184  x:  0.32010   0.16404   0.10555   0.00512   0.07276   0.05443   0.05615   0.07227   0.07750   0.02255   0.00388   0.00257   0.00913   0.02659   0.01286   0.00054   0.01257   0.00664   0.00679   0.00426   0.00163   0.00632   0.00909   0.00901   0.02454   0.16946   0.01062   0.02621   0.02467   0.01760   0.00136   0.00890   0.00892   0.00529   0.00341   0.10656   0.22283   0.07878   0.12367   0.00735   0.11174   0.11164   3.10640   1.19735   0.02681   0.09555   2.82147  
 22 637.9579  10689.860207  x:  0.32501   0.16229   0.10545   0.00516   0.07224   0.05339   0.05520   0.07409   0.07773   0.02418   0.00386   0.00255   0.00751   0.02753   0.01278   0.00070   0.01406   0.00866   0.00722   0.00431   0.00148   0.00619   0.00879   0.00846   0.02476   0.16791   0.01065   0.02571   0.02585   0.01806   0.00134   0.00896   0.01056   0.00518   0.00340   0.10248   0.22361   0.07991   0.12389   0.00735   0.11284   0.11129   3.13712   1.20396   0.02534   0.09502   2.81924  
 23 713.3125  10688.187462  x:  0.33494   0.15641   0.10410   0.00548   0.06902   0.05023   0.05227   0.07653   0.07629   0.02717   0.00385   0.00253   0.00922   0.02849   0.01508   0.00103   0.01214   0.00717   0.00719   0.00430   0.00112   0.00619   0.00877   0.00934   0.02854   0.16317   0.01062   0.02504   0.02539   0.01882   0.00139   0.00726   0.00969   0.00503   0.00343   0.09239   0.22403   0.08295   0.12437   0.00702   0.11499   0.11069   3.21913   1.22134   0.02177   0.09261   2.81328  
 24 1320.4157  10687.304445  x:  0.33846   0.15316   0.10301   0.00549   0.06730   0.04965   0.05164   0.07664   0.07484   0.02453   0.00385   0.00254   0.01016   0.02774   0.01544   0.00105   0.01201   0.00787   0.00717   0.00420   0.00109   0.00634   0.00985   0.00932   0.03073   0.16063   0.00997   0.02545   0.02423   0.01810   0.00138   0.01086   0.00899   0.00539   0.00323   0.08885   0.22319   0.08459   0.12448   0.00695   0.11529   0.11083   3.26687   1.23127   0.01992   0.09164   2.80979  
 25 1380.2568  10685.938851  x:  0.34048   0.14930   0.10142   0.00544   0.06581   0.05055   0.05235   0.07548   0.07261   0.01863   0.00381   0.00253   0.00966   0.02590   0.01463   0.00087   0.01357   0.00763   0.00728   0.00424   0.00127   0.00605   0.00940   0.00876   0.03268   0.15770   0.00943   0.02630   0.02291   0.01693   0.00140   0.00847   0.00974   0.00515   0.00330   0.08740   0.22076   0.08658   0.12437   0.00698   0.11451   0.11159   3.33278   1.24475   0.01763   0.09120   2.80495  
 26 1596.7726  10681.729338  x:  0.33704   0.14295   0.09821   0.00515   0.06621   0.05578   0.05753   0.07014   0.06843   0.02079   0.00379   0.00250   0.00943   0.02391   0.01440   0.00000   0.01297   0.00759   0.00714   0.00421   0.00212   0.00609   0.00793   0.01013   0.03095   0.15327   0.01123   0.02625   0.02449   0.01824   0.00134   0.00898   0.00964   0.00518   0.00324   0.09434   0.21166   0.08967   0.12305   0.00706   0.10941   0.11439   3.49118   1.27659   0.01289   0.09318   2.79323  
 27 1404.1102  10680.771334  x:  0.33580   0.14229   0.09797   0.00512   0.06644   0.05585   0.05784   0.06944   0.06826   0.02124   0.00378   0.00250   0.00941   0.02447   0.01438   0.00000   0.01273   0.00753   0.00713   0.00421   0.00070   0.00608   0.00905   0.00896   0.03042   0.15292   0.01050   0.02602   0.02421   0.01794   0.00134   0.00868   0.00948   0.00515   0.00325   0.09594   0.21010   0.08979   0.12275   0.00709   0.10863   0.11467   3.51825   1.28197   0.01217   0.09372   2.79121  
 28 2962.0281  10679.659555  x:  0.33252   0.14073   0.09745   0.00508   0.06684   0.05547   0.05817   0.06771   0.06794   0.02230   0.00377   0.00248   0.00935   0.02611   0.01428   0.00000   0.01224   0.00741   0.00710   0.00422   0.00155   0.00606   0.01143   0.00649   0.02900   0.15217   0.00867   0.02539   0.02342   0.01711   0.00135   0.00802   0.00913   0.00507   0.00328   0.09977   0.20628   0.08991   0.12199   0.00715   0.10681   0.11519   3.58614   1.29545   0.01039   0.09500   2.78616  
 29 5967.5287  10677.419833  x:  0.32297   0.14066   0.09857   0.00513   0.06750   0.04902   0.05411   0.06634   0.07072   0.02174   0.00374   0.00246   0.00893   0.03114   0.01315   0.00000   0.01206   0.00744   0.00700   0.00417   0.00144   0.00604   0.00868   0.00882   0.02677   0.15373   0.00737   0.02424   0.01967   0.01447   0.00139   0.00841   0.00913   0.00510   0.00327   0.10706   0.20044   0.08703   0.12032   0.00741   0.10512   0.11411   3.70236   1.31816   0.00792   0.09774   2.77741  
 30 2251.9714  10676.254978  x:  0.31576   0.14170   0.09992   0.00521   0.06742   0.04499   0.05060   0.06622   0.07293   0.02081   0.00373   0.00246   0.00890   0.03066   0.01213   0.00000   0.01203   0.00744   0.00698   0.00414   0.00148   0.00600   0.00960   0.00783   0.02643   0.15588   0.01152   0.02506   0.01905   0.01633   0.00136   0.00835   0.00874   0.00510   0.00328   0.11029   0.19803   0.08383   0.11931   0.00759   0.10519   0.11227   3.76793   1.33078   0.00685   0.09896   2.77243  
 31 2110.5952  10674.992057  x:  0.30586   0.14436   0.10198   0.00531   0.06652   0.04348   0.04702   0.06693   0.07484   0.02092   0.00372   0.00245   0.00890   0.02524   0.01277   0.00000   0.01182   0.00739   0.00695   0.00414   0.00145   0.00598   0.00936   0.00793   0.02614   0.15959   0.00852   0.02672   0.02155   0.01778   0.00133   0.00830   0.00891   0.00509   0.00328   0.11132   0.19753   0.07847   0.11841   0.00770   0.10695   0.10860   3.83276   1.34288   0.00641   0.09938   2.76739  
 32 1246.9008  10674.175737  x:  0.29688   0.14753   0.10338   0.00529   0.06523   0.04664   0.04732   0.06761   0.07492   0.02135   0.00372   0.00244   0.00882   0.02470   0.01372   0.00000   0.01207   0.00735   0.00698   0.00415   0.00145   0.00597   0.00963   0.00779   0.02700   0.16316   0.00977   0.02497   0.02212   0.01441   0.00137   0.00825   0.00896   0.00506   0.00327   0.10923   0.19966   0.07388   0.11821   0.00773   0.10939   0.10502   3.87571   1.35046   0.00686   0.09875   2.76393  
 33 699.2839  10673.663385  x:  0.28989   0.15042   0.10399   0.00515   0.06455   0.04909   0.04921   0.06795   0.07423   0.02070   0.00371   0.00244   0.00906   0.02694   0.01307   0.00000   0.01206   0.00738   0.00699   0.00414   0.00145   0.00594   0.00954   0.00795   0.02750   0.16570   0.00907   0.02413   0.02114   0.01694   0.00133   0.00832   0.00896   0.00509   0.00323   0.10664   0.20254   0.07132   0.11842   0.00783   0.11114   0.10283   3.90390   1.35512   0.00768   0.09817   2.76156  
 34 693.2191  10673.402891  x:  0.28513   0.15325   0.10348   0.00513   0.06538   0.04780   0.05139   0.06777   0.07311   0.02105   0.00372   0.00244   0.00906   0.02776   0.01333   0.00000   0.01214   0.00738   0.00701   0.00415   0.00146   0.00595   0.00957   0.00799   0.02744   0.16672   0.00917   0.02700   0.02124   0.01643   0.00134   0.00828   0.00905   0.00509   0.00322   0.10441   0.20631   0.07239   0.11918   0.00775   0.11134   0.10337   3.91850   1.35688   0.00920   0.09826   2.76014  
 35 191.8167  10673.208191  x:  0.28126   0.15615   0.10265   0.00511   0.06646   0.04627   0.05192   0.06758   0.07240   0.02092   0.00372   0.00244   0.00903   0.02665   0.01320   0.00000   0.01207   0.00738   0.00700   0.00414   0.00146   0.00595   0.00957   0.00794   0.02739   0.16699   0.00917   0.02498   0.02132   0.01649   0.00133   0.00830   0.00900   0.00509   0.00322   0.10270   0.21028   0.07470   0.12003   0.00769   0.11077   0.10510   3.92919   1.35754   0.01135   0.09877   2.75893  
 36 167.3382  10673.130379  x:  0.27990   0.15764   0.10211   0.00516   0.06625   0.04772   0.04975   0.06736   0.07296   0.02099   0.00372   0.00244   0.00902   0.02694   0.01315   0.00000   0.01206   0.00739   0.00701   0.00415   0.00146   0.00596   0.00955   0.00795   0.02724   0.16628   0.00922   0.02537   0.02123   0.01653   0.00134   0.00830   0.00899   0.00510   0.00323   0.10213   0.21224   0.07582   0.12015   0.00765   0.10984   0.10642   3.93364   1.35691   0.01376   0.09899   2.75817  
 37 56.9919  10672.984314  x:  0.27995   0.15966   0.10244   0.00515   0.06379   0.04732   0.05107   0.06725   0.07525   0.02104   0.00372   0.00244   0.00899   0.02679   0.01316   0.00000   0.01204   0.00739   0.00700   0.00415   0.00146   0.00597   0.00956   0.00794   0.02680   0.16249   0.00928   0.02532   0.02131   0.01653   0.00133   0.00830   0.00899   0.00510   0.00323   0.10196   0.21443   0.07402   0.11877   0.00772   0.10795   0.10743   3.94279   1.35114   0.02619   0.09812   2.75531  
 38 29.2764  10672.565231  x:  0.28218   0.16229   0.10362   0.00514   0.06941   0.04739   0.05015   0.06688   0.07328   0.02102   0.00374   0.00246   0.00908   0.02714   0.01333   0.00000   0.01219   0.00744   0.00703   0.00417   0.00147   0.00601   0.00960   0.00801   0.02761   0.15698   0.00941   0.02540   0.02153   0.01662   0.00134   0.00836   0.00906   0.00510   0.00324   0.10261   0.21704   0.07079   0.11762   0.00775   0.10854   0.10654   3.97000   1.33106   0.06851   0.09487   2.74576  
 39 105.4704  10671.638622  x:  0.28807   0.16393   0.10579   0.00526   0.06638   0.04829   0.05047   0.07015   0.07223   0.02169   0.00381   0.00250   0.00894   0.02735   0.01297   0.00000   0.01208   0.00756   0.00705   0.00421   0.00150   0.00617   0.00955   0.00800   0.02715   0.16165   0.00966   0.02600   0.02137   0.01680   0.00137   0.00848   0.00896   0.00513   0.00334   0.10675   0.21835   0.07672   0.12270   0.00750   0.11538   0.10583   4.02944   1.28560   0.16499   0.09177   2.72383  
 40 255.7313  10671.398820  x:  0.28965   0.16156   0.10453   0.00525   0.06811   0.04854   0.05107   0.06813   0.07593   0.02165   0.00382   0.00251   0.00901   0.02749   0.01326   0.00000   0.01222   0.00759   0.00708   0.00423   0.00150   0.00619   0.00962   0.00806   0.02756   0.16762   0.00954   0.02593   0.02179   0.01691   0.00137   0.00852   0.00906   0.00514   0.00333   0.10405   0.21771   0.07643   0.12336   0.00746   0.11359   0.10791   4.04488   1.27426   0.19090   0.08978   2.71756  
 41 156.0311  10671.376772  x:  0.28978   0.16121   0.10524   0.00524   0.06800   0.04854   0.05097   0.06933   0.07493   0.02168   0.00382   0.00251   0.00900   0.02751   0.01323   0.00000   0.01222   0.00759   0.00708   0.00423   0.00150   0.00620   0.00961   0.00805   0.02758   0.16868   0.00954   0.02596   0.02175   0.01690   0.00137   0.00852   0.00905   0.00514   0.00333   0.10370   0.21765   0.07609   0.12252   0.00749   0.11232   0.10882   4.04598   1.27418   0.19347   0.08974   2.71648  
 42 18.7001  10671.151209  x:  0.28970   0.15888   0.10580   0.00519   0.06800   0.04862   0.05110   0.06775   0.07525   0.02168   0.00382   0.00251   0.00896   0.02744   0.01318   0.00000   0.01217   0.00759   0.00707   0.00423   0.00150   0.00620   0.00958   0.00804   0.02755   0.16983   0.00951   0.02593   0.02173   0.01690   0.00136   0.00851   0.00901   0.00513   0.00331   0.10433   0.22024   0.07873   0.11487   0.00759   0.11415   0.10770   4.04777   1.30596   0.22488   0.08959   2.68886  
 43  7.5129  10665.193917  x:  0.28898   0.12517   0.10501   0.00426   0.06685   0.04865   0.05159   0.06463   0.07172   0.02266   0.00379   0.00248   0.00798   0.02590   0.01147   0.00000   0.01106   0.00747   0.00671   0.00406   0.00139   0.00624   0.00877   0.00785   0.02412   0.16687   0.00994   0.02620   0.02095   0.01668   0.00123   0.00842   0.00831   0.00504   0.00280   0.10852   0.24585   0.06817   0.12516   0.00859   0.11095   0.10342   4.08954   2.17327   1.06111   0.09312   1.94412  
 44 268.2846  10658.588076  x:  0.29405   0.15687   0.08987   0.00289   0.06587   0.04965   0.05440   0.06190   0.06590   0.02372   0.00374   0.00243   0.00690   0.02398   0.00960   0.00000   0.00986   0.00728   0.00631   0.00385   0.00125   0.00621   0.00783   0.00766   0.02051   0.16258   0.01061   0.02633   0.02017   0.01643   0.00102   0.00826   0.00757   0.00494   0.00204   0.07771   0.20513   0.07145   0.11659   0.00989   0.11139   0.10177   4.14180   3.27254   2.12087   0.09603   1.00000  
 45 2031.5891  10658.436849  x:  0.29405   0.15769   0.09557   0.00281   0.06597   0.04986   0.05449   0.05922   0.06611   0.02373   0.00374   0.00243   0.00691   0.02395   0.00964   0.00000   0.00987   0.00728   0.00631   0.00385   0.00124   0.00621   0.00783   0.00768   0.02055   0.16206   0.01060   0.02631   0.02023   0.01645   0.00101   0.00826   0.00758   0.00495   0.00202   0.07582   0.20370   0.07329   0.11753   0.00989   0.11008   0.10088   4.14300   3.29666   2.14407   0.09608   1.00000  
 46 200.1033  10658.435883  x:  0.29404   0.15766   0.09570   0.00281   0.06597   0.04986   0.05449   0.05913   0.06610   0.02373   0.00374   0.00243   0.00691   0.02395   0.00964   0.00000   0.00987   0.00728   0.00631   0.00385   0.00124   0.00621   0.00783   0.00768   0.02054   0.16203   0.01060   0.02631   0.02023   0.01646   0.00101   0.00826   0.00758   0.00495   0.00202   0.07579   0.20367   0.07316   0.11752   0.00988   0.11039   0.10128   4.14308   3.29666   2.14405   0.09612   1.00000  
 47  0.8993  10657.267310  x:  0.29791   0.14394   0.09577   0.00246   0.06446   0.05087   0.05281   0.05685   0.06285   0.02465   0.00374   0.00245   0.00652   0.02361   0.01018   0.00000   0.00976   0.00738   0.00619   0.00375   0.00115   0.00625   0.00718   0.00747   0.02097   0.15876   0.01107   0.02642   0.02022   0.01638   0.00097   0.00859   0.00735   0.00488   0.00142   0.07629   0.21236   0.07076   0.11815   0.01065   0.10977   0.09784   4.27538   3.22790   2.06224   0.10249   1.00000  
 48  0.6833  10657.265134  x:  0.29792   0.14390   0.09577   0.00246   0.06445   0.05088   0.05281   0.05685   0.06284   0.02465   0.00374   0.00245   0.00651   0.02361   0.01019   0.00009   0.00975   0.00738   0.00619   0.00375   0.00115   0.00625   0.00718   0.00747   0.02097   0.15876   0.01107   0.02642   0.02022   0.01638   0.00097   0.00859   0.00735   0.00488   0.00142   0.07629   0.21238   0.07076   0.11815   0.01065   0.10977   0.09783   4.27569   3.22774   2.06205   0.10251   1.00000  
 49 266.8155  10657.152720  x:  0.29912   0.14321   0.09673   0.00270   0.06467   0.05121   0.05281   0.05822   0.06431   0.02483   0.00376   0.00246   0.00684   0.02389   0.01007   0.00012   0.01002   0.00747   0.00621   0.00372   0.00111   0.00622   0.00754   0.00743   0.02169   0.15867   0.01108   0.02648   0.02037   0.01641   0.00104   0.00857   0.00748   0.00479   0.00146   0.07940   0.21142   0.07170   0.11858   0.01063   0.10988   0.09885   4.32448   3.29582   2.13541   0.10356   1.00000  
 50  0.1259  10657.122436  x:  0.29873   0.14344   0.09654   0.00271   0.06480   0.05107   0.05288   0.05838   0.06459   0.02488   0.00376   0.00246   0.00671   0.02391   0.01006   0.00018   0.00986   0.00742   0.00618   0.00368   0.00104   0.00618   0.00738   0.00745   0.02121   0.15903   0.01105   0.02644   0.02023   0.01637   0.00108   0.00851   0.00748   0.00473   0.00135   0.07854   0.21037   0.07178   0.11841   0.01086   0.10965   0.09908   4.36079   3.40797   2.24175   0.10352   1.00000  
 51  0.1073  10657.102491  x:  0.29894   0.14422   0.09633   0.00286   0.06480   0.05095   0.05294   0.05784   0.06398   0.02480   0.00375   0.00245   0.00678   0.02381   0.01014   0.00026   0.00996   0.00742   0.00621   0.00373   0.00096   0.00616   0.00747   0.00752   0.02147   0.15899   0.01102   0.02643   0.02024   0.01639   0.00116   0.00851   0.00748   0.00476   0.00148   0.07803   0.21073   0.07159   0.11832   0.01110   0.10976   0.09894   4.37401   3.56895   2.40372   0.10336   1.00000  
 52  0.1295  10657.080126  x:  0.29952   0.14399   0.09660   0.00280   0.06469   0.05100   0.05297   0.05797   0.06409   0.02471   0.00376   0.00246   0.00673   0.02383   0.00989   0.00040   0.00990   0.00746   0.00617   0.00374   0.00082   0.00626   0.00740   0.00742   0.02145   0.15872   0.01104   0.02647   0.02034   0.01640   0.00122   0.00861   0.00738   0.00481   0.00141   0.07906   0.21173   0.07158   0.11837   0.01150   0.10993   0.09884   4.36329   3.82462   2.66288   0.10289   1.00000  
 53  0.1766  10657.064725  x:  0.29924   0.14314   0.09647   0.00280   0.06468   0.05107   0.05292   0.05835   0.06445   0.02476   0.00376   0.00246   0.00677   0.02391   0.01020   0.00051   0.00992   0.00746   0.00621   0.00373   0.00070   0.00624   0.00745   0.00744   0.02128   0.15881   0.01108   0.02646   0.02031   0.01640   0.00128   0.00854   0.00752   0.00478   0.00142   0.07858   0.21120   0.07160   0.11829   0.01169   0.10981   0.09883   4.34673   4.05235   2.89025   0.10330   1.00000  
 54  0.2327  10657.056181  x:  0.29851   0.14335   0.09644   0.00275   0.06481   0.05108   0.05295   0.05807   0.06424   0.02484   0.00375   0.00246   0.00675   0.02381   0.00998   0.00062   0.00993   0.00742   0.00620   0.00369   0.00059   0.00615   0.00745   0.00750   0.02149   0.15908   0.01104   0.02646   0.02021   0.01637   0.00130   0.00844   0.00744   0.00471   0.00143   0.07852   0.21068   0.07157   0.11831   0.01168   0.10962   0.09888   4.34227   4.26193   3.09717   0.10371   1.00000  
 55  0.1712  10657.044712  x:  0.29854   0.14432   0.09660   0.00269   0.06486   0.05101   0.05303   0.05793   0.06409   0.02487   0.00375   0.00245   0.00677   0.02391   0.01017   0.00079   0.00989   0.00743   0.00616   0.00370   0.00041   0.00618   0.00741   0.00747   0.02129   0.15905   0.01105   0.02644   0.02030   0.01637   0.00130   0.00858   0.00745   0.00474   0.00143   0.07901   0.21119   0.07159   0.11846   0.01137   0.10977   0.09896   4.34702   4.63306   3.46990   0.10388   1.00000  
 56  0.1866  10657.036700  x:  0.29897   0.14362   0.09646   0.00265   0.06473   0.05100   0.05302   0.05820   0.06431   0.02485   0.00376   0.00246   0.00675   0.02387   0.01002   0.00091   0.00995   0.00745   0.00619   0.00372   0.00029   0.00621   0.00745   0.00745   0.02139   0.15893   0.01104   0.02645   0.02030   0.01639   0.00128   0.00854   0.00750   0.00477   0.00143   0.07839   0.21142   0.07157   0.11839   0.01109   0.10985   0.09886   4.35089   4.91616   3.75265   0.10375   1.00000  
 57  0.2742  10657.034629  x:  0.29887   0.14326   0.09643   0.00266   0.06473   0.05104   0.05299   0.05812   0.06426   0.02479   0.00376   0.00246   0.00674   0.02383   0.01009   0.00096   0.00989   0.00743   0.00621   0.00371   0.00024   0.00620   0.00744   0.00748   0.02140   0.15889   0.01106   0.02646   0.02025   0.01639   0.00127   0.00850   0.00743   0.00475   0.00144   0.07869   0.21096   0.07161   0.11836   0.01101   0.10974   0.09887   4.35032   5.06459   3.90018   0.10365   1.00000  
 58  0.1538  10657.031392  x:  0.29855   0.14349   0.09648   0.00270   0.06480   0.05104   0.05292   0.05801   0.06412   0.02474   0.00375   0.00245   0.00680   0.02391   0.01003   0.00101   0.00998   0.00745   0.00617   0.00371   0.00018   0.00618   0.00742   0.00749   0.02129   0.15890   0.01108   0.02644   0.02025   0.01636   0.00123   0.00852   0.00752   0.00476   0.00143   0.07872   0.21080   0.07152   0.11843   0.01106   0.10965   0.09889   4.34892   5.43779   4.27312   0.10363   1.00000  
 59  0.1296  10657.027891  x:  0.29876   0.14368   0.09649   0.00274   0.06479   0.05104   0.05298   0.05816   0.06428   0.02476   0.00375   0.00246   0.00674   0.02386   0.01009   0.00103   0.00992   0.00743   0.00618   0.00371   0.00017   0.00619   0.00747   0.00747   0.02144   0.15895   0.01106   0.02644   0.02028   0.01638   0.00118   0.00856   0.00745   0.00476   0.00142   0.07851   0.21117   0.07155   0.11843   0.01121   0.10977   0.09891   4.34925   5.81912   4.65527   0.10370   1.00000  
 60  0.3012  10657.026871  x:  0.29890   0.14341   0.09644   0.00276   0.06473   0.05103   0.05302   0.05812   0.06428   0.02481   0.00376   0.00246   0.00676   0.02384   0.01006   0.00099   0.00992   0.00744   0.00621   0.00372   0.00020   0.00620   0.00743   0.00747   0.02135   0.15891   0.01106   0.02645   0.02028   0.01640   0.00116   0.00852   0.00746   0.00476   0.00143   0.07864   0.21115   0.07160   0.11834   0.01125   0.10979   0.09885   4.34991   5.94657   4.78260   0.10377   1.00000  
 61  0.1380  10657.025807  x:  0.29883   0.14330   0.09640   0.00275   0.06474   0.05101   0.05300   0.05807   0.06414   0.02485   0.00376   0.00245   0.00675   0.02390   0.01007   0.00088   0.00993   0.00744   0.00618   0.00371   0.00032   0.00622   0.00746   0.00747   0.02141   0.15892   0.01105   0.02646   0.02025   0.01639   0.00114   0.00853   0.00748   0.00478   0.00141   0.07868   0.21089   0.07155   0.11833   0.01123   0.10969   0.09887   4.34990   6.09079   4.92631   0.10376   1.00000  
 62  0.0584  10657.023681  x:  0.29871   0.14355   0.09647   0.00274   0.06480   0.05102   0.05296   0.05816   0.06430   0.02484   0.00375   0.00246   0.00676   0.02386   0.01006   0.00064   0.00992   0.00743   0.00619   0.00371   0.00056   0.00618   0.00743   0.00748   0.02136   0.15892   0.01105   0.02645   0.02027   0.01638   0.00115   0.00854   0.00746   0.00476   0.00143   0.07858   0.21111   0.07150   0.11843   0.01117   0.10970   0.09890   4.34943   6.32183   5.15775   0.10374   1.00000  
 63  0.1073  10657.022605  x:  0.29884   0.14342   0.09644   0.00272   0.06473   0.05103   0.05304   0.05807   0.06425   0.02478   0.00376   0.00246   0.00675   0.02383   0.01007   0.00059   0.00991   0.00744   0.00620   0.00371   0.00062   0.00620   0.00746   0.00746   0.02137   0.15891   0.01106   0.02645   0.02028   0.01639   0.00118   0.00852   0.00747   0.00476   0.00142   0.07864   0.21114   0.07162   0.11835   0.01119   0.10980   0.09885   4.34999   6.58555   5.42127   0.10381   1.00000  
 64  0.1949  10657.021862  x:  0.29887   0.14338   0.09644   0.00273   0.06473   0.05101   0.05301   0.05817   0.06423   0.02478   0.00376   0.00245   0.00676   0.02390   0.01007   0.00063   0.00993   0.00744   0.00619   0.00371   0.00058   0.00620   0.00740   0.00747   0.02142   0.15893   0.01105   0.02645   0.02026   0.01639   0.00120   0.00852   0.00745   0.00477   0.00142   0.07861   0.21105   0.07156   0.11834   0.01120   0.10975   0.09887   4.34987   7.12143   5.95723   0.10382   1.00000  
 65  0.3092  10657.021194  x:  0.29879   0.14343   0.09644   0.00273   0.06477   0.05102   0.05300   0.05812   0.06426   0.02481   0.00375   0.00245   0.00675   0.02385   0.01005   0.00067   0.00990   0.00744   0.00618   0.00371   0.00053   0.00620   0.00746   0.00747   0.02133   0.15891   0.01105   0.02646   0.02026   0.01639   0.00119   0.00853   0.00746   0.00476   0.00143   0.07864   0.21106   0.07151   0.11839   0.01119   0.10969   0.09887   4.34968   7.88373   6.71946   0.10380   1.00000  
 66  0.5790  10657.020888  x:  0.29880   0.14347   0.09644   0.00272   0.06475   0.05102   0.05301   0.05808   0.06427   0.02482   0.00375   0.00246   0.00675   0.02384   0.01007   0.00065   0.00992   0.00744   0.00620   0.00371   0.00055   0.00620   0.00743   0.00746   0.02140   0.15891   0.01105   0.02645   0.02028   0.01639   0.00119   0.00853   0.00747   0.00476   0.00142   0.07863   0.21109   0.07159   0.11838   0.01118   0.10977   0.09887   4.34962   8.49040   7.32617   0.10379   1.00000  
 67  0.5376  10657.020739  x:  0.29883   0.14341   0.09645   0.00272   0.06474   0.05103   0.05302   0.05813   0.06423   0.02481   0.00376   0.00246   0.00676   0.02387   0.01006   0.00065   0.00991   0.00744   0.00619   0.00371   0.00056   0.00620   0.00744   0.00747   0.02137   0.15891   0.01106   0.02645   0.02027   0.01639   0.00119   0.00852   0.00745   0.00476   0.00142   0.07861   0.21110   0.07158   0.11835   0.01119   0.10977   0.09886   4.34986   9.19734   8.03309   0.10380   1.00000  
 68  0.5347  10657.020658  x:  0.29882   0.14343   0.09645   0.00272   0.06475   0.05102   0.05301   0.05812   0.06425   0.02480   0.00376   0.00245   0.00675   0.02386   0.01006   0.00065   0.00991   0.00744   0.00619   0.00371   0.00055   0.00620   0.00744   0.00747   0.02138   0.15891   0.01105   0.02645   0.02026   0.01639   0.00119   0.00852   0.00747   0.00476   0.00143   0.07864   0.21108   0.07155   0.11837   0.01119   0.10974   0.09887   4.34987   9.91703   8.75282   0.10380   1.00000  
 69  0.5612  10657.020620  x:  0.29881   0.14344   0.09644   0.00272   0.06475   0.05102   0.05301   0.05810   0.06426   0.02480   0.00376   0.00245   0.00676   0.02385   0.01007   0.00065   0.00992   0.00744   0.00620   0.00371   0.00055   0.00620   0.00744   0.00747   0.02138   0.15891   0.01105   0.02645   0.02027   0.01639   0.00119   0.00853   0.00746   0.00476   0.00142   0.07862   0.21108   0.07157   0.11837   0.01119   0.10975   0.09887   4.34980  10.61806   9.45380   0.10380   1.00000  
 70  0.5503  10657.020600  x:  0.29881   0.14343   0.09645   0.00272   0.06475   0.05102   0.05301   0.05812   0.06424   0.02481   0.00375   0.00246   0.00675   0.02386   0.01006   0.00065   0.00992   0.00744   0.00619   0.00371   0.00055   0.00620   0.00744   0.00747   0.02138   0.15891   0.01105   0.02645   0.02027   0.01639   0.00119   0.00852   0.00746   0.00476   0.00142   0.07862   0.21109   0.07158   0.11837   0.01119   0.10976   0.09887   4.34980  11.25220  10.08797   0.10380   1.00000  
 71  0.5605  10657.020590  x:  0.29882   0.14343   0.09644   0.00272   0.06475   0.05102   0.05301   0.05811   0.06425   0.02481   0.00376   0.00246   0.00675   0.02386   0.01006   0.00065   0.00991   0.00744   0.00619   0.00371   0.00055   0.00620   0.00744   0.00747   0.02138   0.15891   0.01105   0.02645   0.02026   0.01639   0.00119   0.00853   0.00746   0.00476   0.00142   0.07863   0.21109   0.07156   0.11837   0.01119   0.10975   0.09887   4.34979  12.33676  11.17253   0.10380   1.00000  
 72  0.6593  10657.020585  x:  0.29881   0.14344   0.09644   0.00272   0.06475   0.05102   0.05301   0.05811   0.06425   0.02481   0.00376   0.00246   0.00675   0.02386   0.01006   0.00065   0.00992   0.00744   0.00619   0.00371   0.00055   0.00620   0.00744   0.00747   0.02138   0.15891   0.01105   0.02645   0.02027   0.01639   0.00119   0.00853   0.00746   0.00476   0.00142   0.07863   0.21108   0.07157   0.11837   0.01119   0.10975   0.09887   4.34978  12.96041  11.79617   0.10380   1.00000  
 73  0.5512  10657.020584  x:  0.29881   0.14343   0.09644   0.00272   0.06475   0.05102   0.05301   0.05811   0.06425   0.02481   0.00376   0.00246   0.00676   0.02386   0.01006   0.00065   0.00991   0.00744   0.00619   0.00371   0.00055   0.00620   0.00744   0.00747   0.02138   0.15891   0.01105   0.02645   0.02027   0.01639   0.00119   0.00852   0.00746   0.00476   0.00142   0.07863   0.21109   0.07157   0.11837   0.01119   0.10975   0.09887   4.34979  13.51393  12.34968   0.10380   1.00000  
 74  0.3875  10657.020583  x:  0.29881   0.14343   0.09644   0.00272   0.06475   0.05102   0.05301   0.05811   0.06425   0.02480   0.00376   0.00246   0.00675   0.02386   0.01006   0.00065   0.00992   0.00744   0.00619   0.00371   0.00055   0.00620   0.00744   0.00747   0.02138   0.15891   0.01105   0.02645   0.02027   0.01639   0.00119   0.00852   0.00746   0.00476   0.00142   0.07863   0.21109   0.07157   0.11837   0.01119   0.10975   0.09887   4.34981  15.19789  14.03365   0.10380   1.00000  
 75  0.9343  10657.020583  x:  0.29881   0.14343   0.09644   0.00272   0.06475   0.05102   0.05301   0.05811   0.06425   0.02481   0.00376   0.00246   0.00675   0.02386   0.01006   0.00065   0.00992   0.00744   0.00619   0.00371   0.00055   0.00620   0.00744   0.00747   0.02138   0.15891   0.01105   0.02645   0.02027   0.01639   0.00119   0.00853   0.00746   0.00476   0.00142   0.07863   0.21109   0.07157   0.11837   0.01119   0.10975   0.09887   4.34980  15.00394  13.83970   0.10380   1.00000  
 76  0.2839  10657.020582  x:  0.29881   0.14344   0.09644   0.00272   0.06475   0.05102   0.05301   0.05811   0.06425   0.02481   0.00376   0.00246   0.00675   0.02386   0.01006   0.00065   0.00992   0.00744   0.00619   0.00371   0.00055   0.00620   0.00744   0.00747   0.02138   0.15891   0.01105   0.02645   0.02027   0.01639   0.00119   0.00853   0.00746   0.00476   0.00142   0.07863   0.21109   0.07157   0.11837   0.01119   0.10975   0.09887   4.34980  15.46719  14.30295   0.10380   1.00000  
 77  0.3827  10657.020582  x:  0.29881   0.14343   0.09644   0.00272   0.06475   0.05102   0.05301   0.05811   0.06425   0.02481   0.00376   0.00246   0.00675   0.02386   0.01006   0.00065   0.00992   0.00744   0.00619   0.00371   0.00055   0.00620   0.00744   0.00747   0.02138   0.15891   0.01105   0.02645   0.02027   0.01639   0.00119   0.00853   0.00746   0.00476   0.00142   0.07863   0.21109   0.07157   0.11837   0.01119   0.10975   0.09887   4.34980  15.38789  14.22365   0.10380   1.00000  
 78  0.1693  10657.020582  x:  0.29881   0.14343   0.09644   0.00272   0.06475   0.05102   0.05301   0.05811   0.06425   0.02481   0.00376   0.00246   0.00675   0.02386   0.01006   0.00065   0.00992   0.00744   0.00619   0.00371   0.00055   0.00620   0.00744   0.00747   0.02138   0.15891   0.01105   0.02645   0.02027   0.01639   0.00119   0.00853   0.00746   0.00476   0.00142   0.07863   0.21109   0.07157   0.11837   0.01119   0.10975   0.09887   4.34980  15.45790  14.29366   0.10380   1.00000  
 79  0.1792  10657.020582  x:  0.29881   0.14343   0.09644   0.00272   0.06475   0.05102   0.05301   0.05811   0.06425   0.02481   0.00376   0.00246   0.00675   0.02386   0.01006   0.00065   0.00992   0.00744   0.00619   0.00371   0.00055   0.00620   0.00744   0.00747   0.02138   0.15891   0.01105   0.02645   0.02027   0.01639   0.00119   0.00853   0.00746   0.00476   0.00142   0.07863   0.21109   0.07157   0.11837   0.01119   0.10975   0.09887   4.34979  15.61033  14.44610   0.10380   1.00000  
 80  0.0595  10657.020582  x:  0.29881   0.14343   0.09644   0.00272   0.06475   0.05102   0.05301   0.05811   0.06425   0.02481   0.00376   0.00246   0.00675   0.02386   0.01006   0.00065   0.00992   0.00744   0.00619   0.00371   0.00055   0.00620   0.00744   0.00747   0.02138   0.15891   0.01105   0.02645   0.02027   0.01639   0.00119   0.00853   0.00746   0.00476   0.00142   0.07863   0.21109   0.07157   0.11837   0.01119   0.10975   0.09887   4.34979  15.73095  14.56671   0.10380   1.00000  
 81  1.1703  10657.020582  x:  0.29881   0.14343   0.09644   0.00272   0.06475   0.05102   0.05301   0.05811   0.06425   0.02481   0.00376   0.00246   0.00675   0.02386   0.01006   0.00065   0.00992   0.00744   0.00619   0.00371   0.00055   0.00620   0.00744   0.00747   0.02138   0.15891   0.01105   0.02645   0.02027   0.01639   0.00119   0.00853   0.00746   0.00476   0.00142   0.07863   0.21109   0.07157   0.11837   0.01119   0.10975   0.09887   4.34979  15.66570  14.50146   0.10380   1.00000  
 82  0.1690  10657.020582  x:  0.29881   0.14343   0.09644   0.00272   0.06475   0.05102   0.05301   0.05811   0.06425   0.02481   0.00376   0.00246   0.00675   0.02386   0.01006   0.00065   0.00992   0.00744   0.00619   0.00371   0.00055   0.00620   0.00744   0.00747   0.02138   0.15891   0.01105   0.02645   0.02027   0.01639   0.00119   0.00853   0.00746   0.00476   0.00142   0.07863   0.21109   0.07157   0.11837   0.01119   0.10975   0.09887   4.34980  15.66571  14.50147   0.10380   1.00000  
 83  0.0000  10657.020582  x:  0.29881   0.14343   0.09644   0.00272   0.06475   0.05102   0.05301   0.05811   0.06425   0.02481   0.00376   0.00246   0.00675   0.02386   0.01006   0.00065   0.00992   0.00744   0.00619   0.00371   0.00055   0.00620   0.00744   0.00747   0.02138   0.15891   0.01105   0.02645   0.02027   0.01639   0.00119   0.00853   0.00746   0.00476   0.00142   0.07863   0.21109   0.07157   0.11837   0.01119   0.10975   0.09887   4.34980  15.66568  14.50144   0.10380   1.00000  
 84  0.0008  10657.020582  x:  0.29881   0.14343   0.09644   0.00272   0.06475   0.05102   0.05301   0.05811   0.06425   0.02481   0.00376   0.00246   0.00675   0.02386   0.01006   0.00065   0.00992   0.00744   0.00619   0.00371   0.00055   0.00620   0.00744   0.00747   0.02138   0.15891   0.01105   0.02645   0.02027   0.01639   0.00119   0.00853   0.00746   0.00476   0.00142   0.07863   0.21109   0.07157   0.11837   0.01119   0.10975   0.09887   4.34980  15.66567  14.50143   0.10380   1.00000  
 85  0.0003  10657.020582  x:  0.29881   0.14343   0.09644   0.00272   0.06475   0.05102   0.05301   0.05811   0.06425   0.02481   0.00376   0.00246   0.00675   0.02386   0.01006   0.00065   0.00992   0.00744   0.00619   0.00371   0.00055   0.00620   0.00744   0.00747   0.02138   0.15891   0.01105   0.02645   0.02027   0.01639   0.00119   0.00853   0.00746   0.00476   0.00142   0.07863   0.21109   0.07157   0.11837   0.01119   0.10975   0.09887   4.34980  15.66566  14.50142   0.10380   1.00000  
 86  0.0142  10657.020582  x:  0.29881   0.14343   0.09644   0.00272   0.06475   0.05102   0.05301   0.05811   0.06425   0.02481   0.00376   0.00246   0.00675   0.02386   0.01006   0.00065   0.00992   0.00744   0.00619   0.00371   0.00055   0.00620   0.00744   0.00747   0.02138   0.15891   0.01105   0.02645   0.02027   0.01639   0.00119   0.00853   0.00746   0.00476   0.00142   0.07863   0.21109   0.07157   0.11837   0.01119   0.10975   0.09887   4.34980  15.66566  14.50142   0.10380   1.00000  
 87  0.0000  10657.020582  x:  0.29881   0.14343   0.09644   0.00272   0.06475   0.05102   0.05301   0.05811   0.06425   0.02481   0.00376   0.00246   0.00675   0.02386   0.01006   0.00065   0.00992   0.00744   0.00619   0.00371   0.00055   0.00620   0.00744   0.00747   0.02138   0.15891   0.01105   0.02645   0.02027   0.01639   0.00119   0.00853   0.00746   0.00476   0.00142   0.07863   0.21109   0.07157   0.11837   0.01119   0.10975   0.09887   4.34980  15.66566  14.50142   0.10380   1.00000  
 88  0.0000  10657.020582  x:  0.29881   0.14343   0.09644   0.00272   0.06475   0.05102   0.05301   0.05811   0.06425   0.02481   0.00376   0.00246   0.00675   0.02386   0.01006   0.00065   0.00992   0.00744   0.00619   0.00371   0.00055   0.00620   0.00744   0.00747   0.02138   0.15891   0.01105   0.02645   0.02027   0.01639   0.00119   0.00853   0.00746   0.00476   0.00142   0.07863   0.21109   0.07157   0.11837   0.01119   0.10975   0.09887   4.34980  15.66566  14.50142   0.10380   1.00000  
check convergence!
