

TREE # 1

  0  0.0000  10743.621400  x:  0.26385   0.11577   0.08596   0.00000   0.06063   0.05075   0.04950   0.04981   0.05520   0.02619   0.00368   0.00258   0.00477   0.02271   0.00778   0.00197   0.00852   0.00766   0.00524   0.00418   0.00162   0.00718   0.00615   0.00626   0.01824   0.14125   0.01212   0.02718   0.01864   0.01586   0.00123   0.00887   0.00574   0.00380   0.00237   0.05365   0.19416   0.06079   0.10998   0.00040   0.10813   0.08203   3.00000   1.16374   0.04304   0.25098   2.82902  
  1 99.0000  10732.602730  x:  0.26401   0.11623   0.08623   0.00460   0.06085   0.05084   0.04977   0.05021   0.05554   0.02613   0.00376   0.00250   0.00572   0.02289   0.00847   0.00034   0.00897   0.00762   0.00575   0.00393   0.00000   0.00686   0.00672   0.00678   0.01865   0.14148   0.01217   0.02714   0.01887   0.01597   0.00160   0.00876   0.00654   0.00440   0.00153   0.05447   0.19430   0.06127   0.11025   0.00826   0.10826   0.08260   3.00013   1.16390   0.04290   0.24891   2.82903  
  2 3108.4313  10731.200860  x:  0.26410   0.11645   0.08635   0.00555   0.06094   0.05086   0.04988   0.05041   0.05571   0.02610   0.00379   0.00249   0.00608   0.02298   0.00876   0.00165   0.00916   0.00761   0.00594   0.00384   0.00134   0.00673   0.00695   0.00699   0.01884   0.14161   0.01219   0.02712   0.01898   0.01602   0.00159   0.00873   0.00685   0.00460   0.00132   0.05489   0.19438   0.06149   0.11036   0.01032   0.10830   0.08285   3.00019   1.16398   0.04283   0.24785   2.82903  
  3 3407.8789  10724.218790  x:  0.26483   0.11826   0.08727   0.00266   0.06157   0.05095   0.05050   0.05202   0.05707   0.02581   0.00388   0.00257   0.00748   0.02363   0.01035   0.00153   0.01027   0.00756   0.00667   0.00364   0.00134   0.00604   0.00797   0.00796   0.02026   0.14261   0.01231   0.02702   0.01979   0.01638   0.00000   0.00860   0.00808   0.00518   0.00237   0.05813   0.19496   0.06291   0.11108   0.01201   0.10846   0.08464   3.00073   1.16465   0.04227   0.23926   2.82907  
  4 1040.9872  10718.627680  x:  0.26552   0.11993   0.08812   0.00000   0.06215   0.05102   0.05108   0.05349   0.05833   0.02554   0.00395   0.00264   0.00871   0.02423   0.01176   0.00143   0.01124   0.00752   0.00729   0.00348   0.00134   0.00544   0.00886   0.00880   0.02155   0.14354   0.01242   0.02693   0.02055   0.01674   0.00057   0.00851   0.00915   0.00568   0.00315   0.06112   0.19551   0.06423   0.11173   0.01337   0.10860   0.08628   3.00123   1.16526   0.04175   0.23129   2.82911  
  5 22033.7559  10670.375100  x:  0.27464   0.14122   0.09927   0.00779   0.06994   0.05276   0.05914   0.07158   0.07375   0.02213   0.00374   0.00242   0.01488   0.03036   0.02226   0.00045   0.01818   0.00754   0.00924   0.00502   0.00161   0.00440   0.01326   0.01305   0.03520   0.15569   0.01293   0.02609   0.02838   0.02028   0.00158   0.00838   0.01426   0.00540   0.00051   0.09808   0.20271   0.08009   0.11973   0.00342   0.11025   0.10654   3.00782   1.17337   0.03494   0.12580   2.82959  
  6 4214.1240  10665.146799  x:  0.27678   0.14542   0.10137   0.00918   0.07130   0.05312   0.06039   0.07452   0.07626   0.02197   0.00389   0.00263   0.01349   0.03058   0.02165   0.00050   0.01727   0.00773   0.00794   0.00446   0.00187   0.00673   0.01187   0.01172   0.03628   0.15828   0.01253   0.02619   0.02872   0.02024   0.00205   0.00878   0.01274   0.00478   0.00704   0.10476   0.20436   0.08296   0.12145   0.00360   0.11074   0.11038   3.00933   1.17510   0.03352   0.10310   2.82971  
  7 4421.4814  10655.714119  x:  0.27948   0.14958   0.10318   0.00544   0.07220   0.05337   0.06083   0.07631   0.07777   0.02274   0.00403   0.00253   0.00889   0.02923   0.01730   0.00052   0.01330   0.00793   0.00539   0.00313   0.00201   0.00775   0.00789   0.00791   0.03481   0.16118   0.01146   0.02666   0.02712   0.01904   0.00132   0.00856   0.00828   0.00338   0.00328   0.11046   0.20639   0.08534   0.12335   0.00704   0.11148   0.11389   3.01123   1.17697   0.03207   0.07921   2.82985  
  8 2262.8239  10654.752042  x:  0.28021   0.15030   0.10335   0.00522   0.07214   0.05333   0.06063   0.07613   0.07759   0.02308   0.00381   0.00263   0.00812   0.02854   0.01560   0.00055   0.01230   0.00777   0.00663   0.00473   0.00199   0.00730   0.00800   0.00803   0.03360   0.16183   0.01130   0.02673   0.02623   0.01860   0.00127   0.00870   0.00816   0.00574   0.00308   0.11112   0.20687   0.08547   0.12365   0.00716   0.11160   0.11429   3.01178   1.17735   0.03181   0.07596   2.82989  
  9 666.3964  10654.089074  x:  0.28140   0.15123   0.10340   0.00539   0.07180   0.05317   0.06010   0.07537   0.07693   0.02358   0.00391   0.00242   0.00843   0.02748   0.01345   0.00060   0.01175   0.00753   0.00765   0.00362   0.00191   0.00638   0.00932   0.00929   0.03129   0.16282   0.01135   0.02671   0.02480   0.01810   0.00131   0.00914   0.00941   0.00525   0.00317   0.11167   0.20761   0.08534   0.12395   0.00689   0.11170   0.11458   3.01276   1.17788   0.03151   0.07392   2.82997  
 10 341.5517  10653.833841  x:  0.28251   0.15207   0.10341   0.00534   0.07146   0.05299   0.05963   0.07468   0.07635   0.02373   0.00381   0.00306   0.00923   0.02699   0.01306   0.00066   0.01227   0.00763   0.00709   0.00454   0.00185   0.00665   0.00963   0.00957   0.02957   0.16373   0.01161   0.02663   0.02404   0.01803   0.00132   0.00898   0.00992   0.00463   0.00312   0.11220   0.20827   0.08518   0.12417   0.00692   0.11174   0.11479   3.01374   1.17837   0.03125   0.07335   2.83005  
 11 242.0249  10653.582729  x:  0.28398   0.15318   0.10344   0.00535   0.07105   0.05277   0.05909   0.07385   0.07567   0.02372   0.00379   0.00215   0.00994   0.02668   0.01336   0.00071   0.01301   0.00774   0.00653   0.00456   0.00179   0.00697   0.00952   0.00945   0.02776   0.16491   0.01193   0.02652   0.02349   0.01811   0.00132   0.00868   0.01002   0.00500   0.00307   0.11293   0.20913   0.08497   0.12444   0.00684   0.11177   0.11508   3.01508   1.17902   0.03091   0.07312   2.83016  
 12 327.4359  10653.339623  x:  0.28590   0.15463   0.10350   0.00548   0.07057   0.05252   0.05849   0.07285   0.07489   0.02354   0.00393   0.00283   0.01025   0.02658   0.01413   0.00076   0.01364   0.00773   0.00663   0.00379   0.00172   0.00695   0.00915   0.00910   0.02594   0.16643   0.01226   0.02640   0.02322   0.01829   0.00134   0.00854   0.00974   0.00564   0.00302   0.11391   0.21024   0.08470   0.12477   0.00667   0.11178   0.11545   3.01691   1.17990   0.03045   0.07316   2.83031  
 13 426.9563  10653.016997  x:  0.28909   0.15701   0.10363   0.00553   0.06993   0.05222   0.05775   0.07142   0.07391   0.02308   0.00375   0.00259   0.00960   0.02686   0.01529   0.00084   0.01354   0.00751   0.00776   0.00422   0.00166   0.00632   0.00883   0.00881   0.02439   0.16889   0.01245   0.02634   0.02360   0.01856   0.00134   0.00906   0.00913   0.00480   0.00321   0.11557   0.21206   0.08427   0.12526   0.00676   0.11178   0.11603   3.02015   1.18143   0.02967   0.07379   2.83058  
 14 332.0162  10652.567649  x:  0.29446   0.16081   0.10393   0.00546   0.06924   0.05202   0.05709   0.06946   0.07293   0.02276   0.00430   0.00264   0.00816   0.02756   0.01534   0.00090   0.01195   0.00772   0.00691   0.00427   0.00160   0.00709   0.00967   0.00965   0.02466   0.17282   0.01220   0.02648   0.02482   0.01854   0.00131   0.00913   0.00952   0.00504   0.00307   0.11813   0.21504   0.08349   0.12598   0.00688   0.11174   0.11686   3.02609   1.18421   0.02827   0.07544   2.83107  
 15 306.8778  10652.326549  x:  0.29743   0.16272   0.10412   0.00548   0.06908   0.05211   0.05704   0.06859   0.07270   0.02310   0.00316   0.00270   0.00849   0.02771   0.01445   0.00092   0.01166   0.00772   0.00669   0.00410   0.00160   0.00689   0.00945   0.00941   0.02576   0.17483   0.01199   0.02662   0.02515   0.01835   0.00131   0.00888   0.00957   0.00514   0.00315   0.11925   0.21663   0.08300   0.12629   0.00689   0.11174   0.11716   3.02975   1.18589   0.02744   0.07641   2.83138  
 16 377.2783  10652.057688  x:  0.30115   0.16491   0.10437   0.00552   0.06907   0.05235   0.05720   0.06766   0.07261   0.02378   0.00400   0.00265   0.00934   0.02769   0.01299   0.00092   0.01189   0.00766   0.00691   0.00421   0.00161   0.00649   0.00882   0.00877   0.02751   0.17720   0.01173   0.02681   0.02518   0.01807   0.00132   0.00863   0.00942   0.00509   0.00327   0.12035   0.21858   0.08231   0.12661   0.00688   0.11176   0.11738   3.03468   1.18814   0.02634   0.07757   2.83180  
 17 630.4932  10651.884112  x:  0.30362   0.16573   0.10453   0.00539   0.06950   0.05278   0.05780   0.06748   0.07296   0.02421   0.00389   0.00264   0.00899   0.02718   0.01285   0.00087   0.01290   0.00772   0.00747   0.00410   0.00165   0.00752   0.00898   0.00899   0.02860   0.17832   0.01170   0.02685   0.02413   0.01810   0.00131   0.00934   0.00898   0.00506   0.00306   0.12007   0.21973   0.08168   0.12661   0.00697   0.11186   0.11705   3.03918   1.19011   0.02542   0.07800   2.83220  
 18 184.2740  10651.590307  x:  0.30754   0.16626   0.10478   0.00545   0.07057   0.05361   0.05911   0.06770   0.07382   0.02441   0.00393   0.00268   0.00802   0.02629   0.01385   0.00077   0.01335   0.00768   0.00666   0.00421   0.00176   0.00635   0.00922   0.00922   0.02954   0.17952   0.01171   0.02682   0.02229   0.01836   0.00134   0.00932   0.00897   0.00515   0.00326   0.11842   0.22135   0.08054   0.12639   0.00699   0.11214   0.11602   3.04797   1.19387   0.02372   0.07821   2.83298  
 19 277.9051  10651.095957  x:  0.31379   0.16612   0.10513   0.00536   0.07233   0.05460   0.06104   0.06864   0.07535   0.02381   0.00394   0.00263   0.00885   0.02585   0.01531   0.00056   0.01167   0.00763   0.00756   0.00420   0.00194   0.00711   0.00895   0.00885   0.02946   0.18067   0.01165   0.02678   0.02171   0.01858   0.00135   0.00799   0.00993   0.00486   0.00317   0.11439   0.22364   0.07877   0.12582   0.00695   0.11270   0.11392   3.06485   1.20098   0.02059   0.07799   2.83450  
 20 413.2927  10650.419011  x:  0.32182   0.16512   0.10547   0.00521   0.07408   0.05496   0.06263   0.07043   0.07718   0.02261   0.00397   0.00266   0.01047   0.02679   0.01508   0.00041   0.01154   0.00781   0.00685   0.00420   0.00209   0.00678   0.00906   0.00910   0.02816   0.18137   0.01161   0.02673   0.02438   0.01835   0.00129   0.01026   0.00946   0.00526   0.00300   0.10830   0.22623   0.07704   0.12501   0.00703   0.11344   0.11122   3.09059   1.21168   0.01597   0.07739   2.83683  
 21 655.7052  10649.875954  x:  0.32681   0.16395   0.10557   0.00520   0.07430   0.05416   0.06241   0.07201   0.07804   0.02254   0.00390   0.00265   0.00914   0.02807   0.01391   0.00045   0.01372   0.00745   0.00717   0.00418   0.00205   0.00665   0.00959   0.00955   0.02732   0.18108   0.01177   0.02660   0.02668   0.01827   0.00128   0.00830   0.00921   0.00506   0.00311   0.10434   0.22743   0.07694   0.12459   0.00716   0.11381   0.11008   3.11184   1.22036   0.01233   0.07708   2.83877  
 22 627.2809  10648.706029  x:  0.33354   0.16084   0.10523   0.00537   0.07154   0.05030   0.05817   0.07551   0.07806   0.02574   0.00387   0.00263   0.00791   0.02940   0.01437   0.00073   0.01398   0.00910   0.00738   0.00417   0.00178   0.00659   0.00850   0.00828   0.02802   0.17812   0.01230   0.02598   0.02634   0.01907   0.00126   0.00935   0.01200   0.00508   0.00303   0.09968   0.22739   0.08074   0.12446   0.00707   0.11373   0.11115   3.16295   1.24072   0.00414   0.07759   2.84352  
 23 505.2048  10647.335966  x:  0.33901   0.15759   0.10461   0.00555   0.06840   0.04735   0.05393   0.07862   0.07739   0.02669   0.00393   0.00263   0.00925   0.02938   0.01525   0.00100   0.01261   0.00611   0.00694   0.00418   0.00150   0.00680   0.00912   0.00934   0.02923   0.17443   0.01199   0.02581   0.02455   0.01915   0.00129   0.00921   0.00986   0.00512   0.00299   0.09660   0.22633   0.08550   0.12454   0.00692   0.11330   0.11327   3.21938   1.26298  -0.00466   0.07865   2.84879  
 24 1676.8209  10646.382890  x:  0.34160   0.15535   0.10392   0.00564   0.06664   0.04715   0.05217   0.08002   0.07636   0.02460   0.00394   0.00261   0.01016   0.02825   0.01523   0.00112   0.01202   0.00890   0.00728   0.00412   0.00137   0.00637   0.00997   0.01005   0.02978   0.17148   0.01137   0.02612   0.02336   0.01844   0.00132   0.00836   0.00769   0.00499   0.00309   0.09587   0.22472   0.08897   0.12463   0.00684   0.11268   0.11521   3.26319   1.28008  -0.01127   0.07980   2.85291  
 25 1794.1052  10644.487078  x:  0.34343   0.15174   0.10226   0.00544   0.06507   0.05027   0.05220   0.08047   0.07363   0.01837   0.00385   0.00260   0.00934   0.02517   0.01395   0.00116   0.01298   0.00785   0.00711   0.00409   0.00134   0.00653   0.00906   0.00866   0.02965   0.16616   0.01073   0.02701   0.02265   0.01682   0.00130   0.00893   0.00976   0.00508   0.00298   0.09723   0.22036   0.09435   0.12474   0.00689   0.11109   0.11881   3.34530   1.31178  -0.02326   0.08232   2.86068  
 26 1934.4771  10641.259239  x:  0.33994   0.14639   0.09868   0.00499   0.06691   0.05898   0.05895   0.07566   0.06817   0.02414   0.00382   0.00257   0.00885   0.02344   0.01326   0.00077   0.01190   0.00763   0.00694   0.00407   0.00172   0.00650   0.00836   0.00964   0.02560   0.15807   0.01338   0.02678   0.02542   0.01862   0.00120   0.00864   0.00897   0.00505   0.00293   0.10392   0.20988   0.09904   0.12404   0.00701   0.10763   0.12285   3.49755   1.36971  -0.04445   0.08635   2.87523  
 27 1694.9549  10639.580243  x:  0.33363   0.14498   0.09752   0.00485   0.06887   0.05759   0.06083   0.07056   0.06755   0.02468   0.00379   0.00255   0.00890   0.02813   0.01313   0.00051   0.01201   0.00741   0.00684   0.00405   0.00197   0.00649   0.01113   0.00681   0.02435   0.15665   0.01023   0.02530   0.02312   0.01730   0.00121   0.00876   0.00883   0.00505   0.00285   0.10795   0.20430   0.09628   0.12285   0.00715   0.10652   0.12136   3.57436   1.39811  -0.05413   0.08724   2.88271  
 28 1265.6852  10637.575169  x:  0.32335   0.14408   0.09680   0.00476   0.07082   0.05274   0.06116   0.06371   0.06816   0.02305   0.00374   0.00252   0.00884   0.03184   0.01257   0.00028   0.01199   0.00758   0.00683   0.00400   0.00220   0.00636   0.00743   0.01017   0.02442   0.15679   0.01002   0.02438   0.02058   0.01618   0.00122   0.00860   0.00912   0.00502   0.00279   0.11272   0.19783   0.09013   0.12100   0.00743   0.10566   0.11750   3.66762   1.43205  -0.06521   0.08766   2.89187  
 29 2484.3971  10635.694981  x:  0.31067   0.14421   0.09713   0.00476   0.07106   0.04703   0.05890   0.05822   0.06963   0.02141   0.00370   0.00250   0.00881   0.02846   0.01211   0.00022   0.01148   0.00747   0.00681   0.00394   0.00227   0.00623   0.00914   0.00846   0.02594   0.15905   0.01446   0.02571   0.02144   0.01780   0.00117   0.00853   0.00871   0.00500   0.00273   0.11674   0.19264   0.08195   0.11898   0.00778   0.10538   0.11204   3.75790   1.46428  -0.07514   0.08759   2.90088  
 30 2036.1433  10634.586018  x:  0.30146   0.14534   0.09823   0.00488   0.06954   0.04621   0.05622   0.05787   0.07035   0.02264   0.00369   0.00248   0.00870   0.02383   0.01335   0.00035   0.01198   0.00742   0.00680   0.00393   0.00212   0.00617   0.00885   0.00867   0.02594   0.16195   0.01034   0.02587   0.02375   0.01739   0.00116   0.00840   0.00895   0.00495   0.00272   0.11836   0.19139   0.07682   0.11797   0.00784   0.10560   0.10836   3.80836   1.48166  -0.07989   0.08772   2.90607  
 31 1184.6926  10633.563324  x:  0.28853   0.14848   0.10059   0.00482   0.06543   0.05148   0.05296   0.06311   0.07053   0.02271   0.00368   0.00247   0.00858   0.02538   0.01289   0.00071   0.01164   0.00735   0.00677   0.00392   0.00177   0.00617   0.00884   0.00856   0.02534   0.16792   0.01171   0.02374   0.02279   0.01642   0.00117   0.00840   0.00879   0.00495   0.00270   0.11829   0.19430   0.07280   0.11756   0.00805   0.10632   0.10490   3.85834   1.49744  -0.08275   0.08878   2.91159  
 32 519.7172  10633.277219  x:  0.28375   0.14990   0.10071   0.00476   0.06507   0.05142   0.05384   0.06465   0.06999   0.02248   0.00367   0.00247   0.00866   0.02624   0.01233   0.00075   0.01163   0.00737   0.00675   0.00392   0.00174   0.00617   0.00873   0.00866   0.02481   0.17024   0.01097   0.02616   0.02213   0.01851   0.00114   0.00843   0.00882   0.00497   0.00269   0.11713   0.19699   0.07322   0.11784   0.00807   0.10651   0.10492   3.87300   1.50121  -0.08249   0.08928   2.91344  
 33 274.8553  10632.919446  x:  0.27712   0.15210   0.09990   0.00473   0.06612   0.04929   0.05646   0.06550   0.06886   0.02283   0.00368   0.00247   0.00858   0.02578   0.01276   0.00067   0.01161   0.00736   0.00676   0.00392   0.00181   0.00619   0.00878   0.00859   0.02460   0.17341   0.01154   0.02666   0.02226   0.01637   0.00116   0.00843   0.00880   0.00496   0.00269   0.11431   0.20219   0.07552   0.11863   0.00798   0.10666   0.10632   3.89137   1.50470  -0.08060   0.08986   2.91611  
 34 248.6673  10632.791028  x:  0.27489   0.15296   0.09921   0.00470   0.06687   0.04894   0.05673   0.06486   0.06867   0.02243   0.00368   0.00247   0.00863   0.02535   0.01246   0.00061   0.01157   0.00737   0.00676   0.00391   0.00187   0.00617   0.00878   0.00860   0.02488   0.17427   0.01128   0.02468   0.02244   0.01746   0.00114   0.00842   0.00876   0.00498   0.00268   0.11284   0.20432   0.07649   0.11893   0.00797   0.10660   0.10718   3.89826   1.50529  -0.07899   0.08982   2.91731  
 35 168.3468  10632.631695  x:  0.27314   0.15407   0.09786   0.00476   0.06771   0.05070   0.05466   0.06192   0.06944   0.02255   0.00369   0.00247   0.00873   0.02577   0.01295   0.00050   0.01176   0.00738   0.00680   0.00392   0.00197   0.00615   0.00886   0.00867   0.02564   0.17423   0.01126   0.02535   0.02269   0.01733   0.00115   0.00842   0.00888   0.00497   0.00267   0.11031   0.20674   0.07713   0.11904   0.00786   0.10617   0.10859   3.90785   1.50406  -0.07413   0.08890   2.91957  
 36 82.2527  10631.609696  x:  0.27511   0.16441   0.10214   0.00471   0.06296   0.05064   0.05809   0.06032   0.07712   0.02288   0.00371   0.00250   0.00861   0.02570   0.01272   0.00042   0.01168   0.00744   0.00680   0.00396   0.00206   0.00626   0.00885   0.00865   0.02414   0.16635   0.01143   0.02532   0.02279   0.01738   0.00115   0.00852   0.00885   0.00501   0.00271   0.10750   0.21121   0.07472   0.11750   0.00790   0.10295   0.11472   3.97781   1.47980  -0.01921   0.08738   2.94060  
 37 74.2267  10629.474974  x:  0.28349   0.17722   0.10790   0.00481   0.07300   0.05088   0.05525   0.06586   0.06925   0.02330   0.00379   0.00255   0.00864   0.02613   0.01267   0.00088   0.01180   0.00759   0.00688   0.00403   0.00162   0.00648   0.00887   0.00873   0.02539   0.15823   0.01202   0.02618   0.02300   0.01772   0.00119   0.00871   0.00889   0.00505   0.00285   0.10774   0.21492   0.07340   0.11920   0.00775   0.10707   0.11442   4.12479   1.42543   0.10125   0.08272   2.98615  
 38 487.3168  10627.947982  x:  0.29118   0.17192   0.10237   0.00502   0.06718   0.05232   0.05907   0.06471   0.07043   0.02355   0.00385   0.00258   0.00877   0.02663   0.01320   0.00048   0.01205   0.00770   0.00696   0.00408   0.00201   0.00659   0.00899   0.00886   0.02695   0.16689   0.01192   0.02624   0.02359   0.01801   0.00122   0.00882   0.00899   0.00507   0.00292   0.11018   0.21450   0.07970   0.12497   0.00745   0.11430   0.10790   4.22952   1.38589   0.18970   0.07785   3.01985  
 39 474.5625  10627.579830  x:  0.29316   0.16594   0.10287   0.00499   0.07058   0.05241   0.05772   0.06653   0.07495   0.02380   0.00386   0.00260   0.00856   0.02630   0.01269   0.00054   0.01184   0.00771   0.00692   0.00410   0.00196   0.00668   0.00890   0.00876   0.02531   0.17331   0.01196   0.02648   0.02344   0.01794   0.00122   0.00888   0.00888   0.00510   0.00296   0.11251   0.21423   0.08056   0.12518   0.00748   0.11246   0.11120   4.25477   1.37682   0.21191   0.07841   3.02895  
 40 191.1080  10627.494509  x:  0.29364   0.16259   0.10431   0.00499   0.06980   0.05243   0.05823   0.06620   0.07300   0.02374   0.00386   0.00260   0.00864   0.02648   0.01288   0.00067   0.01192   0.00771   0.00694   0.00410   0.00183   0.00666   0.00893   0.00880   0.02603   0.17523   0.01189   0.02644   0.02352   0.01799   0.00122   0.00887   0.00892   0.00509   0.00295   0.11223   0.21479   0.07888   0.12412   0.00749   0.11091   0.11333   4.26013   1.37551   0.21737   0.07759   3.03189  
 41 53.9405  10627.429907  x:  0.29352   0.15963   0.10614   0.00498   0.06976   0.05248   0.05806   0.06530   0.07331   0.02380   0.00386   0.00260   0.00860   0.02645   0.01280   0.00000   0.01190   0.00771   0.00693   0.00410   0.00249   0.00667   0.00892   0.00879   0.02583   0.17350   0.01190   0.02645   0.02350   0.01798   0.00123   0.00888   0.00891   0.00509   0.00296   0.11457   0.21886   0.07899   0.12281   0.00749   0.11293   0.11280   4.26118   1.38096   0.22376   0.07778   3.04079  
 42  9.9175  10627.126801  x:  0.29351   0.15967   0.10609   0.00498   0.06982   0.05251   0.05815   0.06522   0.07340   0.02379   0.00387   0.00260   0.00860   0.02645   0.01282   0.00000   0.01188   0.00771   0.00694   0.00410   0.00123   0.00668   0.00892   0.00878   0.02585   0.17349   0.01190   0.02644   0.02350   0.01798   0.00122   0.00888   0.00891   0.00509   0.00296   0.11454   0.21883   0.07904   0.12282   0.00749   0.11298   0.11276   4.26114   1.38085   0.22360   0.07777   3.04059  
 43 199.7227  10626.782740  x:  0.29374   0.15608   0.10122   0.00502   0.06958   0.05200   0.05784   0.06706   0.07318   0.02377   0.00386   0.00259   0.00855   0.02638   0.01273   0.00000   0.01184   0.00770   0.00692   0.00409   0.00122   0.00667   0.00887   0.00875   0.02572   0.16971   0.01196   0.02644   0.02340   0.01793   0.00122   0.00887   0.00887   0.00508   0.00294   0.11807   0.22551   0.07543   0.12691   0.00762   0.10773   0.11014   4.26212   1.41518   0.25753   0.07755   3.09210  
 44 41.0934  10626.712785  x:  0.29378   0.15602   0.10102   0.00501   0.06956   0.05199   0.05784   0.06710   0.07316   0.02378   0.00386   0.00259   0.00854   0.02637   0.01272   0.00062   0.01183   0.00770   0.00691   0.00409   0.00122   0.00667   0.00887   0.00875   0.02570   0.16973   0.01196   0.02644   0.02339   0.01793   0.00122   0.00887   0.00887   0.00508   0.00293   0.11796   0.22552   0.07522   0.12694   0.00762   0.10792   0.11028   4.26220   1.42345   0.26550   0.07759   3.10437  
 45 266.7535  10618.920898  x:  0.29754   0.15230   0.08352   0.00431   0.06778   0.05119   0.05752   0.07053   0.07160   0.02421   0.00383   0.00256   0.00789   0.02564   0.01138   0.00015   0.01111   0.00755   0.00670   0.00397   0.00121   0.00662   0.00840   0.00833   0.02384   0.17360   0.01177   0.02664   0.02226   0.01741   0.00109   0.00888   0.00849   0.00512   0.00227   0.10609   0.22383   0.05745   0.12740   0.00823   0.12840   0.12417   4.26980   2.19868   1.01318   0.08083   4.25471  
 46 6950.7742  10612.177169  x:  0.30080   0.15225   0.09946   0.00329   0.06773   0.05187   0.05592   0.06104   0.06838   0.02441   0.00379   0.00252   0.00738   0.02472   0.01037   0.00025   0.01049   0.00738   0.00650   0.00387   0.00120   0.00653   0.00802   0.00796   0.02270   0.18285   0.01125   0.02659   0.02137   0.01693   0.00096   0.00885   0.00812   0.00513   0.00162   0.09156   0.21962   0.07134   0.12475   0.00927   0.11193   0.10685   4.27636   2.90710   1.69649   0.08265   5.30805  
 47 4528.5149  10612.150823  x:  0.30090   0.15260   0.09805   0.00330   0.06765   0.05182   0.05586   0.06147   0.06819   0.02440   0.00379   0.00252   0.00737   0.02468   0.01034   0.00025   0.01047   0.00737   0.00650   0.00386   0.00120   0.00653   0.00801   0.00795   0.02269   0.18309   0.01125   0.02658   0.02134   0.01691   0.00096   0.00885   0.00811   0.00513   0.00161   0.09185   0.21972   0.07174   0.12206   0.00932   0.11135   0.10642   4.27652   2.90808   1.69730   0.08253   5.31353  
 48 17.5275  10601.114711  x:  0.29488   0.13620   0.08867   0.00154   0.06414   0.05025   0.05241   0.05648   0.05994   0.02473   0.00363   0.00240   0.00608   0.02247   0.00781   0.00030   0.00889   0.00694   0.00604   0.00360   0.00110   0.00614   0.00708   0.00705   0.01827   0.20139   0.01129   0.02638   0.01853   0.01560   0.00068   0.00861   0.00721   0.00510   0.00039   0.06742   0.21505   0.06274   0.11951   0.01144   0.11265   0.09802   4.41282   2.58074   1.21149   0.09209   8.20065  
 49 17.4318  10596.606875  x:  0.29574   0.13108   0.08630   0.00322   0.06288   0.04974   0.05090   0.05563   0.05791   0.02505   0.00362   0.00232   0.00627   0.02264   0.00923   0.00026   0.00918   0.00705   0.00628   0.00375   0.00104   0.00519   0.00716   0.00720   0.01836   0.21557   0.01144   0.02635   0.01828   0.01565   0.00118   0.00774   0.00735   0.00449   0.00459   0.06392   0.21323   0.06146   0.11881   0.01151   0.11379   0.09407   4.54117   2.43463   1.02128   0.10226  11.12846  
 50  6.4168  10589.056852  x:  0.30677   0.14756   0.09510   0.00370   0.06499   0.05113   0.05287   0.06087   0.06638   0.02548   0.00387   0.00247   0.00640   0.02474   0.01178   0.00015   0.01022   0.00766   0.00603   0.00373   0.00099   0.00668   0.00696   0.00736   0.02416   0.22905   0.01112   0.02688   0.02140   0.01682   0.00129   0.00819   0.00678   0.00423   0.00444   0.09708   0.21584   0.07111   0.12255   0.01099   0.11566   0.10168   4.66275   2.76217   1.46641   0.10284  15.35266  
 51  4.2232  10582.371765  x:  0.31079   0.15996   0.10796   0.00269   0.06717   0.05238   0.05574   0.05859   0.06992   0.02509   0.00386   0.00259   0.00857   0.02471   0.00928   0.00057   0.01079   0.00829   0.00608   0.00359   0.00077   0.00677   0.00918   0.00804   0.02222   0.24691   0.01092   0.02641   0.02181   0.01676   0.00132   0.00890   0.00940   0.00450   0.00342   0.07848   0.21231   0.08155   0.11762   0.01148   0.10507   0.10325   4.63524   2.58581   1.44444   0.08836  21.94969  
 52  2.7602  10576.672815  x:  0.30612   0.14691   0.10408   0.00191   0.06605   0.05167   0.05466   0.05748   0.06541   0.02415   0.00376   0.00247   0.00743   0.02372   0.01083   0.00082   0.00987   0.00739   0.00655   0.00360   0.00045   0.00591   0.00806   0.00766   0.02048   0.28373   0.01097   0.02626   0.02038   0.01655   0.00139   0.00849   0.00833   0.00474   0.00254   0.07154   0.21225   0.07803   0.11717   0.01210   0.10654   0.10095   4.58865   3.08247   1.86424   0.08484  30.90394  
 53  6.4501  10571.605485  x:  0.30168   0.13653   0.09613   0.00145   0.06459   0.05082   0.05257   0.05807   0.06117   0.02396   0.00369   0.00239   0.00528   0.02319   0.01109   0.00098   0.00918   0.00647   0.00651   0.00367   0.00015   0.00593   0.00607   0.00702   0.02113   0.32352   0.01112   0.02654   0.01947   0.01624   0.00143   0.00821   0.00608   0.00496   0.00096   0.08570   0.21538   0.07140   0.12013   0.01253   0.11297   0.09918   4.57126   2.85456   1.53906   0.08695  39.85081  
 54  9.4709  10568.262005  x:  0.30216   0.14085   0.09366   0.00212   0.06462   0.05055   0.05238   0.05873   0.06253   0.02470   0.00374   0.00245   0.00669   0.02388   0.01007   0.00113   0.01002   0.00727   0.00623   0.00379   0.00000   0.00631   0.00726   0.00740   0.02172   0.35518   0.01110   0.02650   0.01986   0.01626   0.00164   0.00848   0.00731   0.00503   0.00072   0.08448   0.21590   0.06922   0.12082   0.01232   0.11452   0.09868   4.60086   2.86583   1.55981   0.09189  46.97489  
 55  9.3091  10568.262005  x:  0.30216   0.14085   0.09366   0.00212   0.06462   0.05055   0.05238   0.05873   0.06253   0.02470   0.00374   0.00245   0.00669   0.02388   0.01007   0.00113   0.01002   0.00727   0.00623   0.00379   0.00000   0.00631   0.00726   0.00740   0.02172   0.35518   0.01110   0.02650   0.01986   0.01626   0.00164   0.00848   0.00731   0.00503   0.00072   0.08448   0.21590   0.06922   0.12082   0.01232   0.11452   0.09868   4.60086   2.86583   1.55981   0.09189  46.97489  
 56 20.0477  10568.000070  x:  0.30216   0.14086   0.09368   0.00224   0.06462   0.05056   0.05239   0.05872   0.06255   0.02470   0.00374   0.00244   0.00669   0.02388   0.01006   0.00117   0.01000   0.00729   0.00622   0.00376   0.00007   0.00628   0.00727   0.00740   0.02171   0.35518   0.01109   0.02650   0.01987   0.01626   0.00138   0.00849   0.00733   0.00499   0.00155   0.08445   0.21589   0.06923   0.12080   0.01226   0.11449   0.09868   4.60086   2.86582   1.55982   0.09194  46.97489  
 57 770.9260  10567.948560  x:  0.30216   0.14089   0.09375   0.00253   0.06463   0.05058   0.05243   0.05871   0.06261   0.02470   0.00374   0.00244   0.00669   0.02387   0.01004   0.00106   0.00996   0.00733   0.00619   0.00370   0.00002   0.00622   0.00733   0.00741   0.02168   0.35519   0.01107   0.02648   0.01993   0.01627   0.00103   0.00848   0.00737   0.00482   0.00150   0.08436   0.21585   0.06927   0.12076   0.01209   0.11440   0.09867   4.60086   2.86580   1.55984   0.09212  46.97489  
 58 167.7245  10567.924409  x:  0.30216   0.14093   0.09382   0.00274   0.06463   0.05059   0.05246   0.05870   0.06267   0.02471   0.00374   0.00243   0.00669   0.02386   0.01002   0.00115   0.00993   0.00737   0.00616   0.00367   0.00018   0.00618   0.00737   0.00742   0.02166   0.35519   0.01105   0.02646   0.01998   0.01628   0.00098   0.00848   0.00741   0.00471   0.00146   0.08426   0.21582   0.06932   0.12071   0.01193   0.11430   0.09867   4.60086   2.86579   1.55985   0.09229  46.97489  
 59 239.7298  10567.868760  x:  0.30215   0.14106   0.09405   0.00321   0.06464   0.05063   0.05257   0.05866   0.06287   0.02472   0.00374   0.00243   0.00670   0.02382   0.00995   0.00098   0.00982   0.00746   0.00611   0.00360   0.00023   0.00606   0.00748   0.00744   0.02157   0.35522   0.01100   0.02639   0.02016   0.01632   0.00130   0.00850   0.00750   0.00450   0.00151   0.08393   0.21570   0.06947   0.12055   0.01140   0.11396   0.09865   4.60086   2.86572   1.55992   0.09287  46.97490  
 60 265.3473  10567.749349  x:  0.30211   0.14151   0.09485   0.00283   0.06466   0.05073   0.05284   0.05854   0.06353   0.02477   0.00374   0.00248   0.00671   0.02374   0.00987   0.00064   0.00969   0.00750   0.00614   0.00390   0.00058   0.00612   0.00753   0.00746   0.02134   0.35532   0.01089   0.02621   0.02062   0.01642   0.00117   0.00847   0.00755   0.00489   0.00149   0.08279   0.21529   0.07003   0.12004   0.00999   0.11283   0.09862   4.60086   2.86551   1.56013   0.09473  46.97491  
 61 162.9701  10567.714482  x:  0.30209   0.14174   0.09520   0.00259   0.06468   0.05077   0.05293   0.05848   0.06380   0.02479   0.00374   0.00237   0.00671   0.02374   0.00994   0.00054   0.00981   0.00740   0.00618   0.00350   0.00068   0.00620   0.00741   0.00744   0.02131   0.35537   0.01093   0.02619   0.02064   0.01642   0.00118   0.00850   0.00745   0.00471   0.00150   0.08228   0.21510   0.07030   0.11984   0.00999   0.11234   0.09864   4.60086   2.86541   1.56023   0.09537  46.97492  
 62 118.6294  10567.671677  x:  0.30206   0.14217   0.09580   0.00263   0.06471   0.05084   0.05307   0.05837   0.06419   0.02480   0.00375   0.00263   0.00670   0.02379   0.01010   0.00044   0.01004   0.00729   0.00619   0.00371   0.00077   0.00623   0.00727   0.00742   0.02134   0.35547   0.01106   0.02623   0.02048   0.01637   0.00119   0.00854   0.00733   0.00452   0.00150   0.08138   0.21474   0.07080   0.11953   0.01061   0.11153   0.09872   4.60086   2.86523   1.56040   0.09621  46.97494  
 63 124.6354  10567.649067  x:  0.30204   0.14244   0.09615   0.00274   0.06474   0.05087   0.05314   0.05830   0.06438   0.02480   0.00374   0.00236   0.00669   0.02382   0.01013   0.00042   0.01006   0.00733   0.00618   0.00379   0.00080   0.00619   0.00732   0.00743   0.02138   0.35553   0.01111   0.02627   0.02036   0.01635   0.00119   0.00853   0.00736   0.00468   0.00150   0.08085   0.21452   0.07110   0.11935   0.01104   0.11107   0.09877   4.60087   2.86513   1.56050   0.09656  46.97494  
 64 164.1134  10567.639132  x:  0.30203   0.14262   0.09633   0.00275   0.06476   0.05089   0.05315   0.05826   0.06445   0.02480   0.00375   0.00248   0.00670   0.02383   0.01007   0.00044   0.00995   0.00743   0.00616   0.00366   0.00077   0.00615   0.00744   0.00745   0.02141   0.35557   0.01108   0.02631   0.02030   0.01635   0.00119   0.00851   0.00746   0.00484   0.00150   0.08054   0.21438   0.07127   0.11925   0.01123   0.11082   0.09882   4.60087   2.86506   1.56057   0.09661  46.97495  
 65 79.1788  10567.629448  x:  0.30202   0.14294   0.09656   0.00262   0.06478   0.05089   0.05312   0.05821   0.06445   0.02479   0.00375   0.00245   0.00671   0.02384   0.00993   0.00054   0.00973   0.00749   0.00617   0.00372   0.00067   0.00618   0.00751   0.00747   0.02146   0.35566   0.01098   0.02637   0.02028   0.01637   0.00119   0.00850   0.00754   0.00467   0.00150   0.08013   0.21415   0.07149   0.11912   0.01128   0.11052   0.09889   4.60087   2.86495   1.56068   0.09637  46.97496  
 66 44.8719  10567.613061  x:  0.30201   0.14364   0.09699   0.00273   0.06483   0.05089   0.05303   0.05809   0.06434   0.02478   0.00374   0.00245   0.00671   0.02385   0.00987   0.00077   0.00974   0.00734   0.00618   0.00369   0.00045   0.00621   0.00733   0.00742   0.02153   0.35586   0.01083   0.02646   0.02031   0.01641   0.00119   0.00850   0.00738   0.00476   0.00150   0.07928   0.21364   0.07191   0.11885   0.01109   0.10995   0.09905   4.60087   2.86468   1.56095   0.09561  46.97499  
 67 59.2645  10567.607688  x:  0.30200   0.14394   0.09710   0.00269   0.06483   0.05088   0.05298   0.05804   0.06426   0.02478   0.00375   0.00245   0.00670   0.02384   0.01001   0.00081   0.00993   0.00742   0.00615   0.00370   0.00041   0.00614   0.00742   0.00744   0.02153   0.35595   0.01092   0.02643   0.02034   0.01639   0.00119   0.00851   0.00745   0.00473   0.00150   0.07898   0.21342   0.07204   0.11877   0.01099   0.10979   0.09911   4.60088   2.86454   1.56108   0.09532  46.97501  
 68 44.8479  10567.605627  x:  0.30201   0.14415   0.09708   0.00271   0.06481   0.05085   0.05296   0.05800   0.06418   0.02477   0.00374   0.00245   0.00670   0.02381   0.01005   0.00074   0.00987   0.00742   0.00620   0.00370   0.00048   0.00624   0.00743   0.00745   0.02147   0.35605   0.01106   0.02633   0.02034   0.01634   0.00119   0.00850   0.00747   0.00473   0.00150   0.07888   0.21326   0.07206   0.11874   0.01098   0.10979   0.09913   4.60088   2.86441   1.56121   0.09523  46.97502  
 69 14.8611  10567.603411  x:  0.30202   0.14442   0.09701   0.00270   0.06477   0.05082   0.05293   0.05795   0.06407   0.02477   0.00377   0.00245   0.00670   0.02378   0.01001   0.00063   0.00982   0.00739   0.00615   0.00370   0.00059   0.00614   0.00740   0.00744   0.02139   0.35619   0.01113   0.02622   0.02034   0.01632   0.00119   0.00850   0.00743   0.00473   0.00150   0.07878   0.21305   0.07205   0.11873   0.01100   0.10986   0.09915   4.60088   2.86420   1.56142   0.09518  46.97505  
 70 24.7321  10567.601308  x:  0.30202   0.14472   0.09690   0.00270   0.06473   0.05079   0.05292   0.05791   0.06397   0.02476   0.00368   0.00246   0.00670   0.02377   0.00996   0.00053   0.00988   0.00741   0.00616   0.00370   0.00068   0.00615   0.00741   0.00744   0.02134   0.35636   0.01103   0.02619   0.02033   0.01634   0.00119   0.00851   0.00744   0.00473   0.00150   0.07872   0.21281   0.07202   0.11873   0.01103   0.10996   0.09915   4.60089   2.86393   1.56168   0.09518  46.97508  
 71 25.7733  10567.599756  x:  0.30203   0.14495   0.09681   0.00271   0.06470   0.05077   0.05291   0.05788   0.06391   0.02477   0.00377   0.00245   0.00670   0.02378   0.00995   0.00048   0.00992   0.00742   0.00617   0.00370   0.00073   0.00619   0.00742   0.00744   0.02134   0.35651   0.01094   0.02621   0.02033   0.01638   0.00119   0.00851   0.00745   0.00473   0.00150   0.07868   0.21262   0.07198   0.11874   0.01104   0.11005   0.09915   4.60089   2.86370   1.56191   0.09520  46.97510  
 72 47.0235  10567.596604  x:  0.30205   0.14540   0.09662   0.00271   0.06467   0.05078   0.05294   0.05787   0.06390   0.02478   0.00374   0.00245   0.00672   0.02386   0.01009   0.00051   0.00984   0.00740   0.00616   0.00370   0.00070   0.00617   0.00740   0.00745   0.02150   0.35687   0.01094   0.02640   0.02033   0.01641   0.00119   0.00849   0.00747   0.00474   0.00150   0.07866   0.21223   0.07189   0.11877   0.01102   0.11025   0.09913   4.60090   2.86312   1.56247   0.09528  46.97517  
 73 26.3751  10567.594534  x:  0.30206   0.14565   0.09652   0.00271   0.06469   0.05081   0.05297   0.05790   0.06396   0.02478   0.00375   0.00245   0.00668   0.02386   0.00997   0.00061   0.00988   0.00743   0.00618   0.00370   0.00061   0.00617   0.00743   0.00743   0.02160   0.35715   0.01104   0.02646   0.02034   0.01636   0.00119   0.00852   0.00742   0.00474   0.00150   0.07868   0.21201   0.07184   0.11881   0.01100   0.11038   0.09911   4.60091   2.86267   1.56291   0.09533  46.97522  
 74 26.6388  10567.592210  x:  0.30209   0.14582   0.09649   0.00270   0.06475   0.05087   0.05302   0.05798   0.06410   0.02479   0.00375   0.00245   0.00674   0.02381   0.00994   0.00075   0.00992   0.00737   0.00615   0.00370   0.00047   0.00618   0.00739   0.00748   0.02155   0.35753   0.01104   0.02637   0.02034   0.01632   0.00119   0.00850   0.00752   0.00474   0.00150   0.07876   0.21184   0.07182   0.11887   0.01101   0.11048   0.09908   4.60092   2.86204   1.56352   0.09534  46.97529  
 75 23.1318  10567.588934  x:  0.30212   0.14597   0.09650   0.00270   0.06486   0.05096   0.05309   0.05810   0.06429   0.02480   0.00375   0.00245   0.00672   0.02377   0.01005   0.00089   0.00987   0.00742   0.00620   0.00370   0.00033   0.00616   0.00743   0.00744   0.02141   0.35810   0.01097   0.02621   0.02034   0.01634   0.00119   0.00850   0.00744   0.00474   0.00150   0.07888   0.21166   0.07183   0.11896   0.01103   0.11057   0.09905   4.60094   2.86108   1.56444   0.09529  46.97540  
 76 50.0418  10567.583586  x:  0.30220   0.14596   0.09665   0.00270   0.06499   0.05101   0.05312   0.05825   0.06451   0.02478   0.00375   0.00246   0.00661   0.02384   0.01006   0.00082   0.00986   0.00743   0.00602   0.00370   0.00040   0.00625   0.00744   0.00744   0.02132   0.35910   0.01101   0.02625   0.02037   0.01649   0.00118   0.00857   0.00744   0.00475   0.00150   0.07909   0.21160   0.07191   0.11910   0.01104   0.11059   0.09905   4.60098   2.85935   1.56610   0.09509  46.97560  
 77 36.5693  10567.572482  x:  0.30236   0.14584   0.09700   0.00269   0.06521   0.05106   0.05316   0.05851   0.06488   0.02477   0.00375   0.00246   0.00668   0.02399   0.01000   0.00058   0.00990   0.00740   0.00624   0.00371   0.00064   0.00615   0.00741   0.00748   0.02125   0.36121   0.01112   0.02643   0.02043   0.01667   0.00118   0.00857   0.00750   0.00475   0.00150   0.07950   0.21157   0.07210   0.11939   0.01104   0.11059   0.09906   4.60105   2.85567   1.56964   0.09464  46.97603  
 78 193.4505  10567.564436  x:  0.30250   0.14567   0.09723   0.00269   0.06526   0.05104   0.05315   0.05858   0.06494   0.02482   0.00375   0.00246   0.00684   0.02397   0.01001   0.00044   0.00991   0.00746   0.00615   0.00371   0.00077   0.00620   0.00745   0.00744   0.02137   0.36273   0.01104   0.02652   0.02041   0.01639   0.00120   0.00843   0.00742   0.00474   0.00150   0.07972   0.21167   0.07223   0.11954   0.01102   0.11056   0.09912   4.60111   2.85295   1.57224   0.09441  46.97635  
 79 131.2857  10567.557041  x:  0.30263   0.14545   0.09738   0.00270   0.06521   0.05099   0.05313   0.05851   0.06480   0.02487   0.00376   0.00246   0.00665   0.02386   0.01005   0.00042   0.00990   0.00741   0.00620   0.00371   0.00079   0.00618   0.00743   0.00748   0.02155   0.36409   0.01093   0.02650   0.02037   0.01616   0.00120   0.00855   0.00749   0.00475   0.00150   0.07983   0.21188   0.07232   0.11963   0.01100   0.11052   0.09921   4.60117   2.85042   1.57465   0.09428  46.97665  
 80 134.2029  10567.547400  x:  0.30284   0.14510   0.09746   0.00271   0.06500   0.05094   0.05310   0.05824   0.06435   0.02492   0.00376   0.00246   0.00677   0.02376   0.01005   0.00060   0.00991   0.00745   0.00619   0.00371   0.00062   0.00619   0.00744   0.00747   0.02174   0.36583   0.01099   0.02635   0.02036   0.01648   0.00119   0.00860   0.00747   0.00476   0.00150   0.07979   0.21233   0.07238   0.11963   0.01103   0.11049   0.09940   4.60124   2.84701   1.57788   0.09425  46.97707  
 81 100.7254  10567.545371  x:  0.30290   0.14504   0.09743   0.00270   0.06496   0.05096   0.05312   0.05816   0.06425   0.02489   0.00376   0.00246   0.00669   0.02385   0.01004   0.00066   0.00992   0.00742   0.00619   0.00371   0.00056   0.00619   0.00745   0.00747   0.02165   0.36616   0.01102   0.02638   0.02041   0.01648   0.00120   0.00846   0.00748   0.00475   0.00150   0.07972   0.21249   0.07236   0.11959   0.01105   0.11050   0.09945   4.60126   2.84627   1.57857   0.09424  46.97716  
 82 44.7753  10567.543721  x:  0.30297   0.14501   0.09734   0.00270   0.06495   0.05102   0.05316   0.05810   0.06421   0.02485   0.00376   0.00246   0.00674   0.02399   0.01004   0.00071   0.00992   0.00745   0.00619   0.00371   0.00051   0.00620   0.00744   0.00747   0.02150   0.36637   0.01103   0.02645   0.02046   0.01641   0.00119   0.00855   0.00748   0.00476   0.00150   0.07959   0.21269   0.07231   0.11951   0.01106   0.11054   0.09950   4.60128   2.84564   1.57914   0.09421  46.97725  
 83 33.0995  10567.542048  x:  0.30308   0.14508   0.09716   0.00270   0.06502   0.05112   0.05324   0.05814   0.06433   0.02489   0.00376   0.00246   0.00675   0.02392   0.01004   0.00067   0.00992   0.00738   0.00619   0.00371   0.00055   0.00620   0.00750   0.00747   0.02150   0.36642   0.01103   0.02649   0.02037   0.01643   0.00119   0.00856   0.00747   0.00476   0.00150   0.07934   0.21306   0.07220   0.11934   0.01105   0.11063   0.09954   4.60131   2.84493   1.57974   0.09412  46.97736  
 84 12.5010  10567.541206  x:  0.30314   0.14513   0.09707   0.00270   0.06505   0.05116   0.05327   0.05818   0.06441   0.02490   0.00376   0.00246   0.00673   0.02388   0.01005   0.00065   0.00992   0.00745   0.00619   0.00371   0.00058   0.00620   0.00743   0.00747   0.02152   0.36641   0.01103   0.02648   0.02036   0.01644   0.00119   0.00853   0.00748   0.00476   0.00150   0.07922   0.21327   0.07215   0.11926   0.01105   0.11068   0.09956   4.60133   2.84456   1.58004   0.09407  46.97743  
 85 35.8764  10567.540480  x:  0.30321   0.14524   0.09702   0.00270   0.06508   0.05111   0.05324   0.05826   0.06447   0.02488   0.00376   0.00246   0.00673   0.02392   0.01005   0.00063   0.00992   0.00744   0.00619   0.00371   0.00059   0.00620   0.00745   0.00747   0.02160   0.36629   0.01101   0.02641   0.02049   0.01644   0.00119   0.00854   0.00748   0.00476   0.00150   0.07915   0.21348   0.07214   0.11922   0.01108   0.11072   0.09956   4.60135   2.84420   1.58031   0.09404  46.97750  
 86  9.6666  10567.539269  x:  0.30338   0.14555   0.09708   0.00271   0.06507   0.05094   0.05314   0.05841   0.06446   0.02486   0.00376   0.00246   0.00674   0.02397   0.01005   0.00067   0.00992   0.00744   0.00620   0.00371   0.00056   0.00620   0.00745   0.00748   0.02156   0.36584   0.01103   0.02642   0.02038   0.01644   0.00120   0.00854   0.00748   0.00476   0.00150   0.07917   0.21384   0.07220   0.11927   0.01105   0.11075   0.09951   4.60141   2.84349   1.58079   0.09405  46.97767  
 87  7.8472  10567.538493  x:  0.30350   0.14574   0.09715   0.00271   0.06507   0.05098   0.05316   0.05842   0.06442   0.02492   0.00376   0.00247   0.00674   0.02388   0.01005   0.00067   0.00992   0.00744   0.00620   0.00372   0.00055   0.00620   0.00744   0.00743   0.02152   0.36543   0.01104   0.02650   0.02045   0.01645   0.00119   0.00854   0.00750   0.00476   0.00150   0.07924   0.21401   0.07225   0.11936   0.01107   0.11076   0.09950   4.60145   2.84299   1.58110   0.09404  46.97780  
 88 10.4168  10567.538044  x:  0.30357   0.14583   0.09719   0.00271   0.06507   0.05104   0.05319   0.05839   0.06439   0.02493   0.00376   0.00247   0.00674   0.02386   0.01005   0.00067   0.00992   0.00745   0.00620   0.00372   0.00055   0.00620   0.00745   0.00751   0.02152   0.36516   0.01104   0.02652   0.02048   0.01645   0.00119   0.00854   0.00747   0.00476   0.00150   0.07928   0.21408   0.07228   0.11942   0.01108   0.11076   0.09950   4.60148   2.84269   1.58129   0.09403  46.97789  
 89 22.7695  10567.537046  x:  0.30370   0.14596   0.09729   0.00270   0.06508   0.05121   0.05330   0.05827   0.06437   0.02490   0.00376   0.00247   0.00674   0.02396   0.01005   0.00065   0.00993   0.00745   0.00620   0.00372   0.00058   0.00620   0.00745   0.00748   0.02159   0.36450   0.01104   0.02645   0.02043   0.01645   0.00120   0.00855   0.00749   0.00476   0.00150   0.07938   0.21416   0.07229   0.11955   0.01106   0.11075   0.09953   4.60156   2.84199   1.58170   0.09398  46.97810  
 90 18.3381  10567.535485  x:  0.30383   0.14577   0.09733   0.00270   0.06514   0.05103   0.05327   0.05807   0.06454   0.02488   0.00376   0.00247   0.00674   0.02393   0.01006   0.00066   0.00993   0.00745   0.00620   0.00372   0.00056   0.00620   0.00745   0.00748   0.02156   0.36321   0.01104   0.02647   0.02044   0.01645   0.00120   0.00855   0.00749   0.00476   0.00150   0.07937   0.21387   0.07216   0.11961   0.01106   0.11078   0.09967   4.60171   2.84078   1.58238   0.09389  46.97851  
 91  7.0751  10567.534815  x:  0.30381   0.14559   0.09729   0.00270   0.06510   0.05110   0.05323   0.05828   0.06447   0.02497   0.00376   0.00247   0.00673   0.02397   0.01005   0.00066   0.00993   0.00745   0.00620   0.00372   0.00057   0.00620   0.00745   0.00748   0.02156   0.36261   0.01105   0.02646   0.02044   0.01645   0.00120   0.00855   0.00749   0.00476   0.00150   0.07933   0.21366   0.07218   0.11952   0.01107   0.11079   0.09965   4.60180   2.84023   1.58268   0.09386  46.97873  
 92  6.4077  10567.534665  x:  0.30379   0.14555   0.09727   0.00270   0.06510   0.05112   0.05324   0.05833   0.06444   0.02489   0.00376   0.00247   0.00674   0.02394   0.01005   0.00065   0.00993   0.00745   0.00620   0.00372   0.00057   0.00620   0.00745   0.00748   0.02157   0.36247   0.01105   0.02647   0.02044   0.01645   0.00120   0.00855   0.00749   0.00476   0.00150   0.07933   0.21361   0.07221   0.11949   0.01107   0.11079   0.09963   4.60183   2.84011   1.58274   0.09386  46.97880  
 93  4.9000  10567.534595  x:  0.30371   0.14554   0.09721   0.00270   0.06510   0.05109   0.05328   0.05831   0.06444   0.02490   0.00376   0.00247   0.00674   0.02394   0.01005   0.00066   0.00993   0.00745   0.00620   0.00372   0.00057   0.00620   0.00745   0.00748   0.02157   0.36242   0.01105   0.02647   0.02044   0.01645   0.00120   0.00855   0.00749   0.00476   0.00150   0.07935   0.21360   0.07228   0.11945   0.01107   0.11077   0.09958   4.60186   2.84004   1.58276   0.09385  46.97888  
 94  1.1561  10567.534538  x:  0.30359   0.14555   0.09719   0.00270   0.06510   0.05112   0.05321   0.05828   0.06446   0.02490   0.00376   0.00247   0.00674   0.02394   0.01005   0.00066   0.00993   0.00745   0.00620   0.00372   0.00057   0.00620   0.00745   0.00748   0.02156   0.36239   0.01105   0.02646   0.02044   0.01645   0.00120   0.00855   0.00749   0.00476   0.00150   0.07937   0.21362   0.07230   0.11944   0.01107   0.11077   0.09956   4.60193   2.83999   1.58275   0.09385  46.97904  
 95  0.7937  10567.534404  x:  0.30327   0.14559   0.09724   0.00270   0.06509   0.05110   0.05326   0.05830   0.06445   0.02490   0.00376   0.00247   0.00674   0.02394   0.01005   0.00066   0.00993   0.00745   0.00620   0.00372   0.00057   0.00620   0.00745   0.00748   0.02156   0.36236   0.01105   0.02646   0.02044   0.01645   0.00120   0.00855   0.00749   0.00476   0.00150   0.07937   0.21366   0.07223   0.11945   0.01107   0.11076   0.09960   4.60214   2.83986   1.58269   0.09384  46.97954  
 96  1.7225  10567.533773  x:  0.30319   0.14555   0.09723   0.00270   0.06535   0.05108   0.05324   0.05831   0.06434   0.02490   0.00376   0.00247   0.00674   0.02394   0.01005   0.00066   0.00993   0.00745   0.00620   0.00372   0.00057   0.00620   0.00745   0.00748   0.02157   0.36249   0.01105   0.02647   0.02044   0.01645   0.00119   0.00855   0.00749   0.00476   0.00150   0.07923   0.21367   0.07227   0.11963   0.01106   0.11084   0.09956   4.60349   2.83931   1.58212   0.09388  46.98277  
 97  1.2647  10567.527647  x:  0.30318   0.14538   0.09716   0.00270   0.06485   0.05111   0.05326   0.05834   0.06456   0.02490   0.00376   0.00246   0.00674   0.02394   0.01006   0.00066   0.00992   0.00745   0.00620   0.00372   0.00057   0.00620   0.00745   0.00748   0.02156   0.36389   0.01104   0.02646   0.02044   0.01645   0.00119   0.00855   0.00749   0.00476   0.00150   0.07868   0.21371   0.07257   0.12039   0.01102   0.11115   0.09935   4.61668   2.83401   1.57648   0.09384  47.01435  
 98 31.1943  10567.507449  x:  0.30382   0.14559   0.09722   0.00270   0.06509   0.05107   0.05327   0.05830   0.06444   0.02491   0.00376   0.00246   0.00673   0.02393   0.01005   0.00065   0.00992   0.00745   0.00620   0.00372   0.00056   0.00620   0.00745   0.00748   0.02157   0.36857   0.01103   0.02646   0.02043   0.01645   0.00119   0.00854   0.00748   0.00476   0.00148   0.07936   0.21369   0.07227   0.11945   0.01107   0.11072   0.09957   4.66023   2.81654   1.55783   0.09386  47.11895  
 99 166.0662  10567.507151  x:  0.30381   0.14558   0.09734   0.00270   0.06510   0.05108   0.05327   0.05828   0.06445   0.02491   0.00376   0.00246   0.00673   0.02393   0.01006   0.00065   0.00992   0.00745   0.00620   0.00372   0.00056   0.00620   0.00745   0.00748   0.02157   0.36859   0.01103   0.02646   0.02043   0.01645   0.00119   0.00854   0.00748   0.00476   0.00148   0.07937   0.21370   0.07239   0.11934   0.01107   0.11095   0.09966   4.66032   2.81647   1.55775   0.09388  47.12079  
100  1.9609  10567.432151  x:  0.30375   0.14542   0.09934   0.00266   0.06497   0.05102   0.05314   0.05743   0.06432   0.02489   0.00376   0.00245   0.00672   0.02391   0.01005   0.00066   0.00992   0.00744   0.00619   0.00371   0.00054   0.00620   0.00744   0.00747   0.02158   0.37267   0.01102   0.02643   0.02040   0.01642   0.00116   0.00854   0.00747   0.00478   0.00142   0.07883   0.21361   0.07096   0.11825   0.01127   0.11192   0.09600   4.65278   2.80862   1.54848   0.09366  47.59401  
101  9.1543  10566.213903  x:  0.30190   0.14504   0.09783   0.00246   0.06478   0.05104   0.05286   0.05756   0.06424   0.02492   0.00372   0.00225   0.00662   0.02389   0.01007   0.00060   0.00997   0.00738   0.00621   0.00369   0.00027   0.00626   0.00739   0.00743   0.02166   0.43128   0.01107   0.02639   0.02023   0.01632   0.00079   0.00856   0.00740   0.00499   0.00057   0.07821   0.21322   0.07185   0.11857   0.01151   0.11003   0.09846   4.54261   2.69631   1.41476   0.09464  54.43168  
102 2814.1550  10565.628160  x:  0.30227   0.14553   0.09816   0.00236   0.06479   0.05106   0.05302   0.05748   0.06446   0.02505   0.00369   0.00219   0.00660   0.02393   0.01009   0.00060   0.01003   0.00737   0.00623   0.00369   0.00015   0.00629   0.00737   0.00742   0.02170   0.42250   0.01113   0.02643   0.02019   0.01632   0.00069   0.00856   0.00739   0.00506   0.00028   0.07822   0.21380   0.07200   0.11862   0.01169   0.10997   0.09849   4.62249   2.81193   1.54580   0.09440  57.77506  
103 34.1442  10563.754817  x:  0.30252   0.14607   0.09791   0.00220   0.06483   0.05113   0.05318   0.05761   0.06470   0.02521   0.00366   0.00211   0.00656   0.02399   0.01012   0.00061   0.01011   0.00736   0.00626   0.00370   0.00000   0.00633   0.00734   0.00741   0.02176   0.43112   0.01120   0.02649   0.02012   0.01630   0.00082   0.00838   0.00738   0.00499   0.00057   0.07833   0.21445   0.07252   0.11900   0.01192   0.10954   0.09954   4.68725   2.92567   1.67545   0.09426  64.58280  
104 22.6174  10556.767142  x:  0.30443   0.14651   0.09358   0.00240   0.06549   0.05136   0.05346   0.05999   0.06470   0.02511   0.00375   0.00269   0.00675   0.02406   0.01027   0.00107   0.01024   0.00736   0.00633   0.00381   0.00235   0.00636   0.00733   0.00744   0.02180   0.76078   0.01108   0.02654   0.02031   0.01630   0.00227   0.00799   0.00735   0.00449   0.00106   0.08083   0.21487   0.07470   0.12204   0.01184   0.10930   0.10607   4.76334   3.12402   1.91201   0.09382  143.62286  
105 33.5738  10553.678166  x:  0.30463   0.14593   0.09673   0.00277   0.06530   0.05118   0.05337   0.05881   0.06447   0.02487   0.00378   0.00256   0.00677   0.02397   0.01006   0.00096   0.00992   0.00746   0.00620   0.00374   0.00196   0.00620   0.00747   0.00750   0.02159   0.93945   0.01117   0.02645   0.02059   0.01651   0.00212   0.00849   0.00752   0.00461   0.00127   0.07987   0.21401   0.07295   0.12026   0.01103   0.11076   0.10169   4.72594   2.75481   1.51648   0.09381  169.38379  
106 20.9991  10551.073152  x:  0.30360   0.14511   0.10134   0.00301   0.06484   0.05087   0.05318   0.05645   0.06413   0.02476   0.00378   0.00228   0.00671   0.02385   0.00983   0.00059   0.00961   0.00753   0.00608   0.00363   0.00084   0.00606   0.00758   0.00753   0.02141   1.20040   0.01141   0.02617   0.02087   0.01662   0.00062   0.00915   0.00763   0.00513   0.00169   0.07774   0.21299   0.06975   0.11674   0.01037   0.11267   0.09236   4.68817   2.87816   1.63536   0.09444  236.67725  
107 23.0186  10549.744609  x:  0.30385   0.14588   0.09655   0.00272   0.06516   0.05114   0.05328   0.05847   0.06451   0.02497   0.00375   0.00246   0.00672   0.02396   0.01008   0.00052   0.01000   0.00744   0.00621   0.00371   0.00000   0.00624   0.00744   0.00747   0.02153   1.47249   0.01129   0.02628   0.02062   0.01641   0.00140   0.00839   0.00746   0.00466   0.00195   0.07958   0.21406   0.07281   0.11998   0.01123   0.11036   0.10110   4.75225   2.83615   1.60900   0.09396  298.72590  
108 34.4880  10549.344933  x:  0.30431   0.14629   0.09538   0.00248   0.06532   0.05124   0.05339   0.05908   0.06469   0.02504   0.00375   0.00250   0.00673   0.02401   0.01018   0.00077   0.01012   0.00740   0.00627   0.00375   0.00060   0.00630   0.00738   0.00745   0.02157   1.57966   0.01125   0.02634   0.02051   0.01635   0.00171   0.00815   0.00741   0.00454   0.00206   0.08019   0.21453   0.07370   0.12096   0.01153   0.10990   0.10350   4.79383   2.83112   1.61196   0.09362  323.93623  
109 30.9897  10548.519504  x:  0.30458   0.14571   0.09959   0.00276   0.06511   0.05099   0.05336   0.05738   0.06438   0.02480   0.00378   0.00241   0.00675   0.02394   0.00995   0.00070   0.00977   0.00748   0.00616   0.00372   0.00061   0.00612   0.00751   0.00752   0.02141   2.13018   0.01148   0.02621   0.02080   0.01656   0.00120   0.00863   0.00757   0.00465   0.00265   0.07876   0.21356   0.07112   0.11826   0.01081   0.11221   0.09620   4.79103   2.83707   1.61115   0.09375  456.22323  
110 40.3718  10548.272561  x:  0.30392   0.14597   0.09605   0.00262   0.06521   0.05117   0.05332   0.05856   0.06460   0.02500   0.00376   0.00247   0.00672   0.02397   0.01010   0.00065   0.01001   0.00744   0.00622   0.00372   0.00059   0.00626   0.00742   0.00746   0.02153   2.42469   0.01135   0.02622   0.02067   0.01639   0.00134   0.00826   0.00745   0.00460   0.00285   0.07969   0.21419   0.07299   0.12020   0.01122   0.11017   0.10125   4.76997   2.82174   1.60004   0.09396  526.47646  
111 36.8841  10548.124456  x:  0.30460   0.14597   0.09836   0.00277   0.06520   0.05108   0.05338   0.05792   0.06451   0.02489   0.00377   0.00246   0.00674   0.02397   0.01003   0.00065   0.00989   0.00746   0.00620   0.00372   0.00048   0.00617   0.00748   0.00750   0.02145   2.90678   0.01145   0.02623   0.02075   0.01649   0.00152   0.00842   0.00752   0.00451   0.00307   0.07929   0.21396   0.07199   0.11919   0.01109   0.11156   0.09884   4.79227   2.83955   1.62109   0.09364  645.63660  
112 31.7654  10548.018695  x:  0.30368   0.14583   0.09596   0.00254   0.06516   0.05114   0.05330   0.05844   0.06456   0.02498   0.00376   0.00244   0.00671   0.02395   0.01008   0.00065   0.00998   0.00743   0.00621   0.00373   0.00050   0.00626   0.00742   0.00746   0.02152   3.24099   0.01136   0.02618   0.02070   0.01639   0.00148   0.00818   0.00745   0.00460   0.00297   0.07948   0.21401   0.07277   0.11993   0.01108   0.11007   0.10031   4.76952   2.80342   1.57831   0.09411  727.07430  
113 23.1969  10547.679340  x:  0.30404   0.14610   0.09647   0.00276   0.06522   0.05117   0.05335   0.05847   0.06466   0.02500   0.00375   0.00247   0.00672   0.02397   0.01010   0.00068   0.01001   0.00745   0.00622   0.00369   0.00069   0.00625   0.00745   0.00746   0.02147   4.27053   0.01146   0.02615   0.02079   0.01642   0.00118   0.00850   0.00747   0.00470   0.00186   0.07974   0.21428   0.07303   0.12029   0.01125   0.11038   0.10169   4.78015   2.90362   1.69083   0.09390  999.00000  
114 39.7740  10547.483609  x:  0.30408   0.14607   0.09663   0.00275   0.06522   0.05116   0.05335   0.05843   0.06463   0.02499   0.00376   0.00247   0.00672   0.02397   0.01009   0.00068   0.01000   0.00745   0.00622   0.00369   0.00068   0.00624   0.00745   0.00747   0.02148   3.87425   0.01145   0.02616   0.02077   0.01642   0.00121   0.00849   0.00747   0.00468   0.00199   0.07969   0.21424   0.07292   0.12017   0.01123   0.11047   0.10137   4.77900   2.89228   1.67772   0.09389  999.00000  
115  2.1102  10547.405755  x:  0.30413   0.14584   0.09751   0.00268   0.06516   0.05106   0.05335   0.05809   0.06441   0.02490   0.00377   0.00246   0.00673   0.02395   0.01004   0.00069   0.00991   0.00745   0.00620   0.00372   0.00065   0.00619   0.00745   0.00749   0.02142   3.80291   0.01152   0.02620   0.02073   0.01646   0.00116   0.00856   0.00749   0.00477   0.00148   0.07930   0.21382   0.07216   0.11932   0.01108   0.11106   0.09917   4.78798   2.90813   1.69086   0.09378  999.00000  
116  0.0532  10547.398752  x:  0.30398   0.14587   0.09703   0.00268   0.06516   0.05108   0.05333   0.05819   0.06447   0.02493   0.00376   0.00245   0.00672   0.02395   0.01005   0.00066   0.00994   0.00745   0.00620   0.00372   0.00058   0.00621   0.00745   0.00748   0.02143   3.80166   0.01152   0.02616   0.02076   0.01645   0.00117   0.00855   0.00748   0.00478   0.00139   0.07939   0.21390   0.07239   0.11957   0.01110   0.11076   0.09969   4.78862   2.90829   1.69192   0.09387  999.00000  
117  0.0012  10547.397791  x:  0.30401   0.14587   0.09710   0.00268   0.06516   0.05108   0.05334   0.05818   0.06447   0.02493   0.00376   0.00246   0.00672   0.02395   0.01005   0.00066   0.00993   0.00745   0.00620   0.00372   0.00055   0.00621   0.00745   0.00748   0.02143   3.80714   0.01151   0.02617   0.02075   0.01645   0.00118   0.00855   0.00748   0.00477   0.00144   0.07939   0.21390   0.07237   0.11955   0.01110   0.11080   0.09970   4.78858   2.90637   1.68988   0.09385  999.00000  
118  0.0060  10547.397724  x:  0.30403   0.14586   0.09717   0.00268   0.06516   0.05108   0.05334   0.05817   0.06446   0.02492   0.00376   0.00246   0.00672   0.02395   0.01005   0.00066   0.00993   0.00745   0.00620   0.00372   0.00055   0.00621   0.00745   0.00748   0.02143   3.80906   0.01151   0.02618   0.02075   0.01645   0.00117   0.00855   0.00748   0.00477   0.00143   0.07938   0.21389   0.07234   0.11952   0.01110   0.11084   0.09963   4.78829   2.90600   1.68929   0.09384  999.00000  
119  0.0020  10547.397718  x:  0.30402   0.14586   0.09716   0.00268   0.06516   0.05108   0.05334   0.05817   0.06446   0.02492   0.00376   0.00246   0.00672   0.02395   0.01005   0.00066   0.00993   0.00745   0.00620   0.00372   0.00055   0.00621   0.00745   0.00748   0.02143   3.81073   0.01151   0.02618   0.02075   0.01645   0.00117   0.00855   0.00748   0.00477   0.00143   0.07938   0.21389   0.07234   0.11952   0.01110   0.11083   0.09963   4.78817   2.90539   1.68865   0.09384  999.00000  
120  0.0009  10547.397718  x:  0.30403   0.14586   0.09716   0.00268   0.06516   0.05108   0.05334   0.05817   0.06446   0.02492   0.00376   0.00246   0.00672   0.02395   0.01005   0.00066   0.00993   0.00745   0.00620   0.00372   0.00055   0.00621   0.00745   0.00748   0.02143   3.81086   0.01151   0.02618   0.02075   0.01645   0.00117   0.00855   0.00748   0.00477   0.00143   0.07938   0.21389   0.07234   0.11952   0.01110   0.11083   0.09963   4.78823   2.90536   1.68863   0.09384  999.00000  