

TREE # 1

  0  0.0000  10760.425496  x:  0.26385   0.11577   0.08596   0.00000   0.06063   0.05075   0.04950   0.04981   0.05520   0.02619   0.00368   0.00258   0.00477   0.02271   0.00778   0.00197   0.00852   0.00766   0.00524   0.00418   0.00162   0.00718   0.00615   0.00626   0.01824   0.14125   0.01212   0.02718   0.01864   0.01586   0.00123   0.00887   0.00574   0.00380   0.00237   0.05365   0.19416   0.06079   0.10998   0.00040   0.10813   0.08203   3.00000   1.16374   0.04304   0.25098  
  1 99.0000  10749.764318  x:  0.26399   0.11620   0.08621   0.00459   0.06083   0.05082   0.04975   0.05018   0.05553   0.02611   0.00374   0.00249   0.00570   0.02287   0.00844   0.00034   0.00894   0.00761   0.00573   0.00392   0.00000   0.00685   0.00670   0.00676   0.01864   0.14143   0.01210   0.02712   0.01885   0.01592   0.00161   0.00875   0.00652   0.00438   0.00151   0.05444   0.19428   0.06125   0.11023   0.00824   0.10824   0.08257   3.00012   1.16386   0.04292   0.24912  
  2 3116.8366  10748.539718  x:  0.26406   0.11639   0.08631   0.00538   0.06090   0.05084   0.04983   0.05034   0.05567   0.02608   0.00376   0.00247   0.00599   0.02294   0.00868   0.00145   0.00910   0.00759   0.00588   0.00384   0.00113   0.00673   0.00689   0.00693   0.01880   0.14152   0.01209   0.02710   0.01894   0.01595   0.00161   0.00871   0.00676   0.00454   0.00134   0.05478   0.19434   0.06142   0.11032   0.00997   0.10826   0.08278   3.00018   1.16391   0.04286   0.24832  
  3 3301.2651  10742.910581  x:  0.26472   0.11811   0.08715   0.00251   0.06144   0.05086   0.05038   0.05184   0.05700   0.02572   0.00385   0.00255   0.00743   0.02352   0.01028   0.00134   0.01019   0.00749   0.00662   0.00359   0.00114   0.00597   0.00791   0.00790   0.02021   0.14233   0.01199   0.02692   0.01969   0.01616   0.00000   0.00852   0.00802   0.00515   0.00225   0.05794   0.19485   0.06277   0.11095   0.01168   0.10834   0.08448   3.00070   1.16442   0.04237   0.24060  
  4 955.2697  10738.709948  x:  0.26530   0.11961   0.08789   0.00000   0.06192   0.05088   0.05085   0.05314   0.05815   0.02541   0.00391   0.00262   0.00863   0.02402   0.01161   0.00125   0.01110   0.00741   0.00722   0.00339   0.00114   0.00535   0.00876   0.00869   0.02141   0.14304   0.01189   0.02676   0.02034   0.01636   0.00047   0.00838   0.00906   0.00564   0.00291   0.06067   0.19529   0.06394   0.11149   0.01298   0.10841   0.08595   3.00116   1.16487   0.04194   0.23387  
  5 18974.1220  10705.209990  x:  0.27254   0.13752   0.09699   0.00696   0.06800   0.05176   0.05720   0.06813   0.07148   0.02177   0.00378   0.00249   0.01462   0.02890   0.02115   0.00041   0.01731   0.00720   0.00919   0.00482   0.00140   0.00406   0.01291   0.01269   0.03358   0.15180   0.01058   0.02526   0.02681   0.01824   0.00131   0.00800   0.01397   0.00584   0.00059   0.09253   0.20079   0.07719   0.11772   0.00426   0.10901   0.10299   3.00685   1.17031   0.03665   0.15039  
  6 3369.7385  10698.746397  x:  0.27509   0.14291   0.09961   0.00825   0.06963   0.05207   0.05871   0.07187   0.07485   0.02142   0.00387   0.00255   0.01299   0.02918   0.02054   0.00043   0.01624   0.00762   0.00752   0.00409   0.00169   0.00778   0.01119   0.01104   0.03524   0.15472   0.01015   0.02528   0.02730   0.01819   0.00171   0.00871   0.01212   0.00473   0.00779   0.10137   0.20270   0.08088   0.11977   0.00462   0.10937   0.10797   3.00884   1.17205   0.03496   0.12277  
  7 3879.9262  10689.440427  x:  0.27780   0.14749   0.10157   0.00465   0.07060   0.05230   0.05924   0.07390   0.07673   0.02226   0.00391   0.00254   0.00829   0.02794   0.01615   0.00042   0.01228   0.00793   0.00514   0.00329   0.00180   0.00779   0.00723   0.00728   0.03407   0.15756   0.00989   0.02588   0.02583   0.01740   0.00106   0.00852   0.00759   0.00316   0.00323   0.10793   0.20467   0.08350   0.12167   0.00771   0.10989   0.11188   3.01097   1.17361   0.03347   0.09743  
  8 2215.4213  10688.384908  x:  0.27851   0.14824   0.10174   0.00443   0.07053   0.05229   0.05904   0.07367   0.07655   0.02272   0.00379   0.00249   0.00742   0.02724   0.01427   0.00045   0.01126   0.00776   0.00640   0.00424   0.00176   0.00782   0.00748   0.00752   0.03276   0.15817   0.00990   0.02604   0.02490   0.01713   0.00101   0.00872   0.00755   0.00594   0.00292   0.10862   0.20513   0.08362   0.12195   0.00777   0.10998   0.11230   3.01158   1.17388   0.03321   0.09331  
  9 749.3584  10687.655089  x:  0.27955   0.14895   0.10168   0.00454   0.07014   0.05218   0.05847   0.07270   0.07574   0.02338   0.00386   0.00261   0.00788   0.02623   0.01210   0.00054   0.01096   0.00746   0.00721   0.00342   0.00166   0.00752   0.00894   0.00891   0.03026   0.15892   0.01003   0.02617   0.02346   0.01690   0.00104   0.00919   0.00900   0.00504   0.00290   0.10880   0.20573   0.08329   0.12214   0.00757   0.11001   0.11239   3.01256   1.17415   0.03298   0.09035  
 10 377.5397  10687.429358  x:  0.28035   0.14944   0.10159   0.00455   0.06979   0.05206   0.05803   0.07191   0.07508   0.02354   0.00376   0.00225   0.00862   0.02589   0.01211   0.00060   0.01159   0.00755   0.00669   0.00451   0.00160   0.00726   0.00901   0.00897   0.02867   0.15943   0.01019   0.02614   0.02287   0.01692   0.00105   0.00899   0.00927   0.00473   0.00303   0.10884   0.20617   0.08296   0.12222   0.00758   0.10999   0.11236   3.01338   1.17431   0.03284   0.08932  
 11 238.6487  10687.233739  x:  0.28141   0.15009   0.10146   0.00467   0.06936   0.05189   0.05750   0.07092   0.07426   0.02350   0.00381   0.00298   0.00926   0.02573   0.01279   0.00066   0.01237   0.00765   0.00632   0.00421   0.00153   0.00710   0.00878   0.00874   0.02698   0.16007   0.01038   0.02604   0.02249   0.01703   0.00107   0.00867   0.00921   0.00512   0.00304   0.10892   0.20673   0.08251   0.12230   0.00745   0.10994   0.11231   3.01453   1.17452   0.03267   0.08850  
 12 297.2414  10687.108882  x:  0.28227   0.15062   0.10138   0.00473   0.06904   0.05177   0.05715   0.07020   0.07370   0.02333   0.00381   0.00236   0.00940   0.02576   0.01344   0.00070   0.01270   0.00764   0.00650   0.00367   0.00148   0.00715   0.00862   0.00859   0.02602   0.16057   0.01050   0.02595   0.02246   0.01712   0.00107   0.00859   0.00906   0.00533   0.00300   0.10903   0.20718   0.08217   0.12235   0.00736   0.10988   0.11228   3.01550   1.17468   0.03254   0.08811  
 13 312.2808  10686.945642  x:  0.28408   0.15178   0.10126   0.00468   0.06849   0.05154   0.05660   0.06894   0.07282   0.02275   0.00381   0.00258   0.00886   0.02612   0.01445   0.00074   0.01249   0.00743   0.00739   0.00401   0.00144   0.00748   0.00868   0.00866   0.02520   0.16155   0.01064   0.02577   0.02300   0.01723   0.00106   0.00896   0.00886   0.00485   0.00291   0.10938   0.20811   0.08152   0.12244   0.00744   0.10973   0.11225   3.01769   1.17504   0.03225   0.08791  
 14 195.3244  10686.699767  x:  0.28758   0.15401   0.10118   0.00473   0.06775   0.05125   0.05599   0.06702   0.07170   0.02211   0.00379   0.00250   0.00818   0.02675   0.01460   0.00078   0.01152   0.00761   0.00626   0.00397   0.00140   0.00713   0.00919   0.00915   0.02549   0.16329   0.01065   0.02559   0.02414   0.01720   0.00105   0.00909   0.00928   0.00513   0.00299   0.11019   0.20987   0.08041   0.12257   0.00748   0.10942   0.11226   3.02224   1.17576   0.03167   0.08820  
 15 209.0842  10686.299384  x:  0.29417   0.15808   0.10126   0.00479   0.06696   0.05107   0.05556   0.06430   0.07057   0.02258   0.00392   0.00254   0.00933   0.02712   0.01284   0.00080   0.01158   0.00769   0.00692   0.00396   0.00140   0.00721   0.00853   0.00847   0.02772   0.16630   0.01035   0.02563   0.02501   0.01700   0.00106   0.00830   0.00922   0.00503   0.00308   0.11169   0.21310   0.07859   0.12280   0.00748   0.10891   0.11233   3.03154   1.17721   0.03052   0.08939  
 16 292.9116  10686.099590  x:  0.29759   0.15995   0.10150   0.00471   0.06711   0.05130   0.05590   0.06373   0.07065   0.02336   0.00336   0.00257   0.00901   0.02666   0.01276   0.00076   0.01255   0.00737   0.00665   0.00389   0.00143   0.00751   0.00868   0.00869   0.02870   0.16758   0.01019   0.02586   0.02406   0.01709   0.00105   0.00937   0.00868   0.00515   0.00292   0.11221   0.21471   0.07790   0.12290   0.00757   0.10880   0.11235   3.03735   1.17808   0.02984   0.09022  
 17 252.4969  10685.984886  x:  0.29965   0.16094   0.10172   0.00470   0.06739   0.05154   0.05627   0.06370   0.07092   0.02376   0.00427   0.00251   0.00859   0.02627   0.01300   0.00073   0.01283   0.00745   0.00659   0.00395   0.00146   0.00754   0.00878   0.00879   0.02905   0.16822   0.01015   0.02603   0.02324   0.01717   0.00105   0.00957   0.00859   0.00517   0.00290   0.11237   0.21563   0.07759   0.12296   0.00758   0.10881   0.11235   3.04130   1.17866   0.02939   0.09076  
 18 436.7530  10685.739294  x:  0.30358   0.16250   0.10228   0.00475   0.06833   0.05216   0.05727   0.06440   0.07189   0.02410   0.00379   0.00255   0.00785   0.02552   0.01386   0.00065   0.01224   0.00804   0.00689   0.00396   0.00155   0.00724   0.00875   0.00870   0.02895   0.16914   0.01025   0.02636   0.02162   0.01728   0.00108   0.00857   0.00911   0.00497   0.00312   0.11228   0.21731   0.07728   0.12307   0.00756   0.10902   0.11230   3.05014   1.17992   0.02842   0.09182  
 19 384.2434  10685.370137  x:  0.30889   0.16379   0.10318   0.00462   0.07000   0.05301   0.05871   0.06649   0.07372   0.02342   0.00387   0.00255   0.00912   0.02530   0.01404   0.00055   0.01079   0.00671   0.00659   0.00400   0.00164   0.00763   0.00857   0.00855   0.02733   0.16972   0.01052   0.02654   0.02148   0.01711   0.00107   0.00881   0.00909   0.00511   0.00299   0.11119   0.21935   0.07738   0.12324   0.00755   0.10970   0.11212   3.06523   1.18196   0.02687   0.09309  
 20 341.5990  10684.936584  x:  0.31476   0.16455   0.10412   0.00446   0.07171   0.05364   0.05993   0.06921   0.07573   0.02246   0.00387   0.00257   0.00952   0.02575   0.01303   0.00052   0.01128   0.00851   0.00679   0.00397   0.00168   0.00758   0.00866   0.00869   0.02508   0.16985   0.01067   0.02649   0.02292   0.01690   0.00104   0.00961   0.00856   0.00516   0.00289   0.10918   0.22141   0.07782   0.12344   0.00763   0.11070   0.11183   3.08497   1.18456   0.02492   0.09419  
 21 672.2982  10684.523982  x:  0.31908   0.16422   0.10453   0.00449   0.07235   0.05350   0.05997   0.07118   0.07678   0.02269   0.00389   0.00257   0.00804   0.02656   0.01213   0.00059   0.01301   0.00725   0.00676   0.00397   0.00162   0.00717   0.00870   0.00864   0.02403   0.16933   0.01068   0.02620   0.02446   0.01707   0.00104   0.00860   0.00895   0.00509   0.00312   0.10674   0.22263   0.07848   0.12364   0.00770   0.11163   0.11155   3.10419   1.18697   0.02314   0.09444  
 22 573.2857  10683.137533  x:  0.32978   0.15978   0.10405   0.00450   0.07081   0.05078   0.05631   0.07476   0.07693   0.02734   0.00387   0.00255   0.00852   0.02839   0.01385   0.00092   0.01216   0.00795   0.00656   0.00400   0.00126   0.00868   0.00877   0.00878   0.02621   0.16560   0.01088   0.02527   0.02557   0.01801   0.00099   0.00876   0.01009   0.00520   0.00252   0.09709   0.22427   0.08131   0.12427   0.00753   0.11434   0.11070   3.17489   1.19539   0.01707   0.09255  
 23 603.9123  10682.290679  x:  0.33417   0.15705   0.10339   0.00499   0.06954   0.04983   0.05470   0.07564   0.07626   0.02621   0.00386   0.00256   0.00907   0.02811   0.01443   0.00102   0.01179   0.00754   0.00708   0.00393   0.00118   0.00583   0.00889   0.00886   0.02818   0.16342   0.01042   0.02546   0.02472   0.01754   0.00109   0.00933   0.00861   0.00500   0.00345   0.09293   0.22431   0.08294   0.12454   0.00731   0.11521   0.11061   3.21566   1.20008   0.01374   0.09151  
 24 1306.2441  10681.062685  x:  0.33851   0.15303   0.10204   0.00478   0.06761   0.04957   0.05352   0.07556   0.07454   0.02064   0.00383   0.00254   0.00932   0.02637   0.01429   0.00097   0.01284   0.00753   0.00680   0.00391   0.00120   0.00753   0.00945   0.00932   0.03106   0.16029   0.00956   0.02627   0.02263   0.01634   0.00107   0.00828   0.00859   0.00508   0.00284   0.08908   0.22318   0.08528   0.12475   0.00734   0.11548   0.11104   3.27820   1.20708   0.00884   0.09042  
 25 1622.1710  10679.577485  x:  0.33887   0.14911   0.10020   0.00468   0.06659   0.05177   0.05572   0.07313   0.07198   0.01917   0.00388   0.00254   0.00883   0.02461   0.01388   0.00060   0.01320   0.00757   0.00691   0.00389   0.00157   0.00687   0.00714   0.00737   0.03148   0.15747   0.01091   0.02635   0.02290   0.01791   0.00102   0.01065   0.01203   0.00526   0.00280   0.09050   0.21935   0.08743   0.12437   0.00732   0.11345   0.11251   3.35892   1.21574   0.00291   0.09064  
 26 1063.0614  10676.222567  x:  0.33700   0.14410   0.09773   0.00452   0.06600   0.05511   0.05974   0.06891   0.06858   0.02102   0.00382   0.00253   0.00893   0.02368   0.01372   0.00000   0.01259   0.00753   0.00680   0.00387   0.00215   0.00704   0.00832   0.00812   0.03018   0.15403   0.01132   0.02599   0.02421   0.01892   0.00099   0.00943   0.01013   0.00514   0.00280   0.09532   0.21274   0.08992   0.12348   0.00738   0.10963   0.11483   3.48052   1.22859  -0.00582   0.09177  
 27 3487.1296  10675.548918  x:  0.33616   0.14383   0.09770   0.00451   0.06616   0.05484   0.05970   0.06860   0.06867   0.02117   0.00382   0.00253   0.00886   0.02433   0.01370   0.00000   0.01254   0.00753   0.00679   0.00387   0.00079   0.00704   0.00801   0.00823   0.02985   0.15396   0.01082   0.02592   0.02383   0.01818   0.00100   0.00952   0.01027   0.00514   0.00279   0.09632   0.21186   0.08986   0.12329   0.00739   0.10923   0.11493   3.49665   1.23024  -0.00692   0.09210  
 28 1921.1338  10673.812500  x:  0.33091   0.14223   0.09761   0.00450   0.06696   0.05257   0.05865   0.06674   0.06920   0.02214   0.00382   0.00252   0.00844   0.02827   0.01350   0.00000   0.01237   0.00753   0.00673   0.00386   0.00144   0.00697   0.00650   0.00863   0.02766   0.15364   0.00815   0.02543   0.02156   0.01390   0.00105   0.01000   0.01104   0.00515   0.00276   0.10210   0.20660   0.08924   0.12210   0.00750   0.10695   0.11529   3.59527   1.24030  -0.01360   0.09396  
 29 3744.5004  10672.197939  x:  0.32372   0.14244   0.09882   0.00452   0.06805   0.04799   0.05485   0.06631   0.07164   0.02147   0.00381   0.00252   0.00829   0.03060   0.01233   0.00000   0.01219   0.00754   0.00665   0.00383   0.00146   0.00703   0.00881   0.00605   0.02639   0.15519   0.01062   0.02559   0.01920   0.01463   0.00104   0.01013   0.01065   0.00517   0.00273   0.10739   0.20247   0.08661   0.12081   0.00771   0.10595   0.11419   3.68287   1.24898  -0.01924   0.09581  
 30 2487.4915  10671.116400  x:  0.31746   0.14336   0.10016   0.00457   0.06869   0.04488   0.05146   0.06651   0.07369   0.02081   0.00380   0.00253   0.00829   0.02980   0.01160   0.00000   0.01195   0.00752   0.00661   0.00381   0.00147   0.00705   0.00686   0.00847   0.02579   0.15709   0.01196   0.02608   0.01876   0.01709   0.00102   0.00969   0.00999   0.00514   0.00276   0.11051   0.20018   0.08369   0.11987   0.00788   0.10596   0.11257   3.74378   1.25486  -0.02299   0.09690  
 31 2789.2482  10669.917357  x:  0.30847   0.14574   0.10211   0.00464   0.06865   0.04405   0.04809   0.06739   0.07551   0.02117   0.00378   0.00252   0.00821   0.02450   0.01238   0.00000   0.01176   0.00749   0.00659   0.00380   0.00142   0.00702   0.00737   0.00754   0.02543   0.16050   0.00887   0.02666   0.02140   0.01714   0.00100   0.00979   0.01034   0.00513   0.00274   0.11182   0.19939   0.07866   0.11897   0.00798   0.10748   0.10916   3.80712   1.26062  -0.02649   0.09727  
 32 1341.9112  10669.189236  x:  0.30049   0.14846   0.10332   0.00463   0.06753   0.04673   0.04834   0.06794   0.07555   0.02138   0.00377   0.00251   0.00814   0.02391   0.01285   0.00000   0.01210   0.00744   0.00662   0.00378   0.00140   0.00698   0.00720   0.00796   0.02639   0.16373   0.01139   0.02557   0.02199   0.01445   0.00102   0.00970   0.01033   0.00511   0.00274   0.11008   0.20099   0.07437   0.11872   0.00803   0.10966   0.10579   3.84755   1.26389  -0.02826   0.09655  
 33 734.9333  10668.557634  x:  0.29218   0.15175   0.10404   0.00450   0.06622   0.04949   0.05044   0.06826   0.07472   0.02079   0.00377   0.00251   0.00838   0.02656   0.01262   0.00000   0.01207   0.00744   0.00663   0.00378   0.00142   0.00692   0.00740   0.00785   0.02702   0.16684   0.00980   0.02482   0.02085   0.01649   0.00100   0.00970   0.01033   0.00512   0.00270   0.10714   0.20398   0.07092   0.11889   0.00812   0.11191   0.10281   3.88328   1.26643  -0.02943   0.09568  
 34 797.6166  10668.269719  x:  0.28666   0.15510   0.10335   0.00450   0.06650   0.04728   0.05281   0.06798   0.07349   0.02103   0.00377   0.00251   0.00840   0.02678   0.01279   0.00000   0.01213   0.00745   0.00664   0.00378   0.00143   0.00693   0.00741   0.00788   0.02694   0.16804   0.01004   0.02757   0.02124   0.01620   0.00100   0.00971   0.01043   0.00513   0.00269   0.10464   0.20833   0.07243   0.11983   0.00803   0.11219   0.10356   3.90000   1.26675  -0.02898   0.09585  
 35 174.3143  10668.102042  x:  0.28316   0.15774   0.10263   0.00449   0.06722   0.04632   0.05292   0.06784   0.07305   0.02094   0.00377   0.00252   0.00837   0.02606   0.01265   0.00000   0.01207   0.00745   0.00663   0.00378   0.00142   0.00694   0.00739   0.00786   0.02687   0.16830   0.01000   0.02529   0.02107   0.01619   0.00100   0.00971   0.01036   0.00513   0.00268   0.10319   0.21183   0.07455   0.12059   0.00798   0.11173   0.10513   3.90944   1.26632  -0.02805   0.09637  
 36 161.1931  10668.037638  x:  0.28184   0.15907   0.10223   0.00451   0.06754   0.04785   0.05120   0.06771   0.07350   0.02104   0.00377   0.00252   0.00836   0.02633   0.01262   0.00000   0.01206   0.00746   0.00663   0.00378   0.00143   0.00694   0.00739   0.00786   0.02673   0.16775   0.01004   0.02586   0.02104   0.01625   0.00100   0.00972   0.01036   0.00514   0.00269   0.10265   0.21356   0.07551   0.12072   0.00795   0.11097   0.10627   3.91327   1.26538  -0.02679   0.09658  
 37 59.3692  10667.948167  x:  0.28175   0.16065   0.10251   0.00451   0.06591   0.04756   0.05178   0.06749   0.07533   0.02104   0.00378   0.00252   0.00835   0.02625   0.01265   0.00000   0.01206   0.00746   0.00663   0.00378   0.00142   0.00695   0.00739   0.00787   0.02648   0.16448   0.01008   0.02577   0.02111   0.01624   0.00100   0.00972   0.01037   0.00514   0.00268   0.10225   0.21541   0.07373   0.11948   0.00800   0.10909   0.10713   3.91914   1.25951  -0.01984   0.09582  
 38 21.7987  10667.703357  x:  0.28336   0.16267   0.10357   0.00449   0.07038   0.04749   0.05171   0.06756   0.07278   0.02105   0.00379   0.00253   0.00841   0.02648   0.01274   0.00000   0.01216   0.00749   0.00666   0.00380   0.00143   0.00698   0.00743   0.00789   0.02708   0.16033   0.01022   0.02589   0.02124   0.01629   0.00100   0.00976   0.01042   0.00515   0.00270   0.10311   0.21742   0.07191   0.11892   0.00801   0.11013   0.10616   3.93611   1.23859   0.00482   0.09364  
 39 57.8413  10667.152926  x:  0.28778   0.16416   0.10483   0.00459   0.06697   0.04843   0.05207   0.06967   0.07329   0.02162   0.00384   0.00257   0.00831   0.02658   0.01249   0.00000   0.01206   0.00761   0.00668   0.00385   0.00146   0.00715   0.00741   0.00790   0.02654   0.16308   0.01042   0.02635   0.02116   0.01640   0.00102   0.00989   0.01034   0.00518   0.00278   0.10651   0.21869   0.07621   0.12267   0.00783   0.11547   0.10563   3.97400   1.18978   0.06248   0.09145  
 40 177.6932  10666.966130  x:  0.28936   0.16217   0.10395   0.00459   0.06900   0.04857   0.05274   0.06815   0.07592   0.02158   0.00385   0.00257   0.00838   0.02675   0.01273   0.00000   0.01219   0.00764   0.00671   0.00386   0.00146   0.00717   0.00747   0.00795   0.02700   0.16845   0.01032   0.02631   0.02151   0.01647   0.00103   0.00991   0.01042   0.00519   0.00279   0.10407   0.21814   0.07586   0.12329   0.00779   0.11380   0.10750   3.98701   1.17295   0.08262   0.08956  
 41 131.4641  10666.951594  x:  0.28947   0.16195   0.10460   0.00458   0.06882   0.04859   0.05267   0.06918   0.07504   0.02161   0.00386   0.00258   0.00838   0.02677   0.01270   0.00000   0.01219   0.00764   0.00671   0.00386   0.00146   0.00717   0.00746   0.00795   0.02701   0.16930   0.01032   0.02634   0.02147   0.01647   0.00103   0.00992   0.01042   0.00519   0.00279   0.10382   0.21807   0.07574   0.12266   0.00781   0.11286   0.10817   3.98790   1.17195   0.08410   0.08954  
 42 15.6502  10666.892796  x:  0.28947   0.16126   0.10507   0.00455   0.06881   0.04864   0.05274   0.06820   0.07528   0.02160   0.00385   0.00257   0.00836   0.02674   0.01269   0.00000   0.01217   0.00763   0.00670   0.00386   0.00146   0.00716   0.00746   0.00795   0.02701   0.16988   0.01029   0.02632   0.02148   0.01647   0.00102   0.00990   0.01039   0.00519   0.00277   0.10381   0.21888   0.07728   0.11863   0.00786   0.11365   0.10747   3.98928   1.17543   0.08746   0.08944  
 43  1.6183  10661.854944  x:  0.28894   0.12805   0.10463   0.00332   0.06655   0.04942   0.05204   0.06067   0.06893   0.02335   0.00378   0.00251   0.00725   0.02468   0.01046   0.00000   0.01045   0.00755   0.00634   0.00378   0.00130   0.00670   0.00722   0.00759   0.02208   0.16591   0.01064   0.02645   0.02048   0.01631   0.00087   0.00916   0.00835   0.00504   0.00128   0.09756   0.23760   0.06782   0.12193   0.00940   0.11247   0.10310   4.09511   1.48861   0.34982   0.09559  
 44 26.0657  10659.320666  x:  0.29129   0.13992   0.09411   0.00270   0.06543   0.04986   0.05230   0.06022   0.06518   0.02407   0.00374   0.00247   0.00677   0.02368   0.00947   0.00000   0.00968   0.00747   0.00617   0.00372   0.00122   0.00640   0.00713   0.00743   0.01991   0.16320   0.01087   0.02639   0.02002   0.01620   0.00078   0.00875   0.00738   0.00497   0.00050   0.08195   0.21968   0.06969   0.11806   0.01028   0.10866   0.09671   4.14712   1.64303   0.47957   0.09745  
 45 512.2375  10659.218058  x:  0.29129   0.14110   0.09754   0.00264   0.06540   0.05002   0.05242   0.05828   0.06514   0.02413   0.00374   0.00247   0.00675   0.02367   0.00945   0.00000   0.00966   0.00747   0.00617   0.00373   0.00122   0.00639   0.00714   0.00744   0.01982   0.16263   0.01088   0.02641   0.02003   0.01621   0.00077   0.00875   0.00736   0.00497   0.00046   0.08011   0.21756   0.06961   0.11830   0.01024   0.11052   0.09938   4.14947   1.64997   0.48532   0.09785  
 46 63.1911  10659.212087  x:  0.29129   0.14116   0.09832   0.00263   0.06543   0.05004   0.05243   0.05796   0.06519   0.02412   0.00374   0.00247   0.00676   0.02367   0.00946   0.00000   0.00966   0.00747   0.00617   0.00373   0.00122   0.00639   0.00714   0.00744   0.01985   0.16258   0.01087   0.02640   0.02004   0.01621   0.00077   0.00874   0.00736   0.00497   0.00046   0.07994   0.21750   0.07005   0.11862   0.01025   0.10989   0.09868   4.14966   1.65057   0.48587   0.09781  
 47  3.1368  10659.211919  x:  0.29129   0.14116   0.09832   0.00263   0.06543   0.05004   0.05243   0.05796   0.06519   0.02412   0.00374   0.00247   0.00676   0.02367   0.00946   0.00003   0.00966   0.00747   0.00617   0.00373   0.00122   0.00639   0.00714   0.00744   0.01985   0.16258   0.01087   0.02640   0.02004   0.01621   0.00077   0.00874   0.00736   0.00497   0.00046   0.07994   0.21750   0.07005   0.11862   0.01025   0.10989   0.09868   4.14966   1.65058   0.48588   0.09781  
 48 10.3551  10658.458974  x:  0.29277   0.14459   0.09689   0.00282   0.06489   0.05041   0.05260   0.05630   0.06359   0.02448   0.00372   0.00245   0.00667   0.02341   0.00932   0.00002   0.00948   0.00743   0.00620   0.00375   0.00118   0.00615   0.00724   0.00747   0.01925   0.16073   0.01100   0.02638   0.01999   0.01623   0.00085   0.00845   0.00712   0.00488   0.00140   0.07336   0.21035   0.07006   0.11745   0.01041   0.11069   0.09920   4.18493   1.76581   0.59289   0.10018  
 49  6.5417  10657.636947  x:  0.30033   0.14358   0.09580   0.00293   0.06442   0.05135   0.05315   0.05788   0.06345   0.02486   0.00376   0.00245   0.00659   0.02395   0.01065   0.00006   0.01009   0.00741   0.00619   0.00373   0.00110   0.00628   0.00756   0.00749   0.02291   0.15754   0.01108   0.02652   0.02048   0.01642   0.00090   0.00852   0.00744   0.00480   0.00143   0.07962   0.20978   0.07192   0.11850   0.01068   0.10989   0.09874   4.31972   2.31913   1.16197   0.10449  
 50  0.7103  10657.368944  x:  0.30005   0.14254   0.09654   0.00282   0.06480   0.05120   0.05301   0.05893   0.06515   0.02506   0.00377   0.00246   0.00696   0.02390   0.00964   0.00026   0.00987   0.00748   0.00614   0.00370   0.00099   0.00610   0.00741   0.00740   0.02065   0.15874   0.01107   0.02647   0.02021   0.01634   0.00096   0.00860   0.00761   0.00471   0.00144   0.07955   0.21213   0.07176   0.11869   0.01105   0.10919   0.09855   4.39572   2.91940   1.75423   0.10498  
 51  0.5337  10657.211413  x:  0.29786   0.14321   0.09629   0.00277   0.06489   0.05073   0.05280   0.05762   0.06377   0.02476   0.00375   0.00244   0.00656   0.02378   0.01042   0.00041   0.00985   0.00740   0.00625   0.00371   0.00088   0.00622   0.00739   0.00749   0.02152   0.15987   0.01100   0.02639   0.02013   0.01639   0.00105   0.00849   0.00726   0.00478   0.00142   0.07707   0.21123   0.07131   0.11808   0.01134   0.10978   0.09889   4.39928   3.58413   2.41318   0.10353  
 52  0.4695  10657.112100  x:  0.29905   0.14455   0.09667   0.00279   0.06468   0.05099   0.05314   0.05771   0.06398   0.02466   0.00376   0.00247   0.00683   0.02383   0.00980   0.00046   0.01000   0.00745   0.00616   0.00373   0.00076   0.00627   0.00746   0.00750   0.02158   0.15847   0.01107   0.02645   0.02043   0.01640   0.00116   0.00855   0.00764   0.00482   0.00141   0.07937   0.21009   0.07174   0.11832   0.01146   0.11023   0.09927   4.36319   4.26734   3.10723   0.10284  
 53  0.5087  10657.068029  x:  0.29966   0.14309   0.09645   0.00277   0.06467   0.05112   0.05307   0.05862   0.06466   0.02479   0.00375   0.00245   0.00683   0.02393   0.01025   0.00054   0.00990   0.00743   0.00622   0.00371   0.00064   0.00617   0.00748   0.00748   0.02111   0.15852   0.01109   0.02645   0.02029   0.01639   0.00124   0.00853   0.00742   0.00477   0.00140   0.07868   0.21149   0.07162   0.11844   0.01157   0.10960   0.09880   4.34449   4.87142   3.70976   0.10363  
 54  0.5382  10657.051602  x:  0.29860   0.14315   0.09634   0.00272   0.06481   0.05103   0.05296   0.05804   0.06415   0.02486   0.00376   0.00245   0.00668   0.02382   0.00996   0.00066   0.00990   0.00744   0.00619   0.00371   0.00055   0.00617   0.00741   0.00744   0.02155   0.15923   0.01102   0.02646   0.02020   0.01638   0.00129   0.00851   0.00748   0.00474   0.00141   0.07846   0.21134   0.07145   0.11828   0.01158   0.10960   0.09868   4.34352   5.33286   4.16727   0.10396  
 55  0.4243  10657.042387  x:  0.29837   0.14378   0.09652   0.00270   0.06480   0.05100   0.05304   0.05791   0.06413   0.02481   0.00376   0.00245   0.00680   0.02387   0.01012   0.00076   0.00992   0.00744   0.00619   0.00371   0.00046   0.00623   0.00744   0.00748   0.02129   0.15904   0.01106   0.02645   0.02030   0.01637   0.00133   0.00850   0.00743   0.00475   0.00143   0.07892   0.21077   0.07160   0.11831   0.01143   0.10988   0.09897   4.34787   5.82296   4.65914   0.10389  
 56  0.3725  10657.036640  x:  0.29908   0.14352   0.09649   0.00267   0.06471   0.05102   0.05306   0.05830   0.06440   0.02480   0.00375   0.00246   0.00676   0.02388   0.01007   0.00082   0.00994   0.00744   0.00619   0.00372   0.00038   0.00619   0.00746   0.00748   0.02141   0.15876   0.01106   0.02645   0.02030   0.01638   0.00135   0.00852   0.00751   0.00475   0.00145   0.07838   0.21111   0.07161   0.11841   0.01126   0.10981   0.09896   4.35158   6.29721   5.13418   0.10375  
 57  0.3767  10657.033776  x:  0.29898   0.14331   0.09642   0.00264   0.06475   0.05104   0.05303   0.05809   0.06422   0.02480   0.00375   0.00245   0.00673   0.02383   0.01004   0.00084   0.00990   0.00743   0.00620   0.00371   0.00036   0.00617   0.00743   0.00746   0.02137   0.15889   0.01105   0.02645   0.02024   0.01639   0.00134   0.00849   0.00741   0.00474   0.00145   0.07879   0.21122   0.07156   0.11838   0.01113   0.10968   0.09883   4.35247   6.58659   5.42211   0.10374  
 58  0.2396  10657.030833  x:  0.29857   0.14333   0.09636   0.00264   0.06479   0.05101   0.05297   0.05798   0.06412   0.02481   0.00376   0.00245   0.00677   0.02386   0.01010   0.00084   0.00993   0.00743   0.00619   0.00371   0.00036   0.00623   0.00743   0.00745   0.02134   0.15909   0.01105   0.02645   0.02024   0.01638   0.00129   0.00852   0.00752   0.00475   0.00145   0.07866   0.21104   0.07153   0.11835   0.01097   0.10972   0.09876   4.35023   6.87358   5.70847   0.10380  
 59  0.1887  10657.027311  x:  0.29858   0.14359   0.09650   0.00265   0.06475   0.05102   0.05302   0.05819   0.06432   0.02480   0.00376   0.00246   0.00676   0.02388   0.01006   0.00079   0.00993   0.00744   0.00618   0.00371   0.00042   0.00621   0.00745   0.00747   0.02143   0.15895   0.01106   0.02645   0.02031   0.01638   0.00121   0.00852   0.00743   0.00476   0.00144   0.07856   0.21094   0.07163   0.11842   0.01090   0.10983   0.09895   4.34736   7.12652   5.96249   0.10382  
 60  0.1804  10657.025127  x:  0.29894   0.14343   0.09644   0.00269   0.06471   0.05102   0.05304   0.05809   0.06424   0.02480   0.00375   0.00245   0.00673   0.02383   0.01007   0.00073   0.00990   0.00743   0.00620   0.00371   0.00047   0.00616   0.00744   0.00747   0.02134   0.15876   0.01105   0.02645   0.02027   0.01639   0.00117   0.00853   0.00748   0.00476   0.00142   0.07862   0.21118   0.07156   0.11840   0.01103   0.10975   0.09889   4.34829   7.24856   6.08427   0.10386  
 61  0.0901  10657.023633  x:  0.29888   0.14333   0.09640   0.00273   0.06476   0.05101   0.05300   0.05809   0.06423   0.02481   0.00376   0.00245   0.00679   0.02386   0.01004   0.00072   0.00993   0.00744   0.00620   0.00371   0.00048   0.00621   0.00744   0.00746   0.02139   0.15897   0.01105   0.02645   0.02025   0.01639   0.00117   0.00853   0.00744   0.00477   0.00141   0.07860   0.21110   0.07154   0.11834   0.01119   0.10971   0.09881   4.35084   7.51817   6.35357   0.10382  
 62  0.1852  10657.022557  x:  0.29870   0.14351   0.09648   0.00275   0.06477   0.05103   0.05300   0.05814   0.06427   0.02480   0.00376   0.00246   0.00672   0.02386   0.01008   0.00075   0.00991   0.00744   0.00619   0.00371   0.00045   0.00621   0.00744   0.00747   0.02137   0.15899   0.01106   0.02645   0.02028   0.01639   0.00118   0.00853   0.00748   0.00476   0.00142   0.07869   0.21102   0.07159   0.11837   0.01123   0.10978   0.09888   4.35107   8.08811   6.92405   0.10373  
 63  0.3835  10657.021685  x:  0.29883   0.14345   0.09643   0.00274   0.06473   0.05103   0.05302   0.05808   0.06423   0.02479   0.00375   0.00245   0.00679   0.02384   0.01007   0.00078   0.00992   0.00744   0.00619   0.00371   0.00042   0.00618   0.00744   0.00747   0.02140   0.15882   0.01106   0.02645   0.02027   0.01639   0.00118   0.00852   0.00746   0.00476   0.00143   0.07858   0.21116   0.07156   0.11838   0.01118   0.10977   0.09888   4.34914   8.94078   7.77667   0.10379  
 64  0.5200  10657.021331  x:  0.29885   0.14340   0.09644   0.00273   0.06475   0.05102   0.05301   0.05813   0.06425   0.02481   0.00376   0.00245   0.00674   0.02388   0.01006   0.00078   0.00992   0.00743   0.00620   0.00371   0.00042   0.00621   0.00744   0.00746   0.02136   0.15893   0.01105   0.02645   0.02027   0.01639   0.00118   0.00853   0.00746   0.00476   0.00143   0.07863   0.21106   0.07157   0.11836   0.01120   0.10973   0.09885   4.34946   9.48300   8.31869   0.10382  
 65  0.4313  10657.021075  x:  0.29877   0.14347   0.09646   0.00273   0.06476   0.05102   0.05301   0.05812   0.06426   0.02480   0.00376   0.00246   0.00676   0.02383   0.01008   0.00077   0.00990   0.00744   0.00619   0.00371   0.00044   0.00619   0.00744   0.00747   0.02139   0.15897   0.01105   0.02645   0.02026   0.01639   0.00118   0.00853   0.00747   0.00476   0.00143   0.07865   0.21108   0.07156   0.11837   0.01122   0.10977   0.09887   4.35008  10.35559   9.19145   0.10378  
 66  0.4254  10657.020825  x:  0.29881   0.14343   0.09643   0.00272   0.06474   0.05102   0.05302   0.05810   0.06423   0.02480   0.00376   0.00245   0.00675   0.02387   0.01006   0.00074   0.00994   0.00743   0.00620   0.00371   0.00047   0.00620   0.00745   0.00747   0.02137   0.15885   0.01106   0.02645   0.02029   0.01639   0.00118   0.00853   0.00746   0.00476   0.00142   0.07861   0.21113   0.07157   0.11838   0.01120   0.10976   0.09888   4.34976  11.43461  10.27045   0.10379  
 67  0.6015  10657.020646  x:  0.29884   0.14342   0.09644   0.00272   0.06475   0.05102   0.05302   0.05813   0.06426   0.02481   0.00375   0.00246   0.00676   0.02386   0.01006   0.00068   0.00990   0.00744   0.00620   0.00371   0.00052   0.00620   0.00744   0.00746   0.02138   0.15892   0.01105   0.02645   0.02026   0.01639   0.00119   0.00853   0.00746   0.00476   0.00142   0.07863   0.21105   0.07157   0.11836   0.01119   0.10974   0.09886   4.34968  12.63594  11.47164   0.10380  
 68  0.7532  10657.020595  x:  0.29881   0.14344   0.09645   0.00272   0.06475   0.05102   0.05301   0.05811   0.06425   0.02480   0.00376   0.00246   0.00675   0.02385   0.01006   0.00066   0.00992   0.00744   0.00619   0.00371   0.00055   0.00620   0.00744   0.00747   0.02138   0.15893   0.01105   0.02645   0.02027   0.01639   0.00119   0.00853   0.00746   0.00476   0.00142   0.07863   0.21109   0.07156   0.11837   0.01119   0.10975   0.09887   4.34985  13.32980  12.16557   0.10380  
 69  0.6862  10657.020590  x:  0.29881   0.14344   0.09644   0.00272   0.06475   0.05102   0.05301   0.05811   0.06425   0.02481   0.00376   0.00246   0.00675   0.02386   0.01006   0.00065   0.00992   0.00744   0.00619   0.00371   0.00055   0.00620   0.00744   0.00747   0.02138   0.15891   0.01105   0.02645   0.02027   0.01639   0.00119   0.00853   0.00746   0.00476   0.00142   0.07863   0.21109   0.07157   0.11837   0.01119   0.10975   0.09887   4.34981  13.54166  12.37742   0.10380  
 70  0.2589  10657.020588  x:  0.29881   0.14343   0.09644   0.00272   0.06475   0.05102   0.05301   0.05811   0.06425   0.02481   0.00376   0.00246   0.00675   0.02386   0.01006   0.00065   0.00992   0.00744   0.00619   0.00371   0.00056   0.00620   0.00744   0.00747   0.02138   0.15891   0.01105   0.02645   0.02027   0.01639   0.00119   0.00853   0.00746   0.00476   0.00142   0.07863   0.21108   0.07157   0.11837   0.01119   0.10975   0.09887   4.34979  13.66133  12.49709   0.10380  
 71  0.0892  10657.020588  x:  0.29881   0.14343   0.09644   0.00272   0.06475   0.05102   0.05301   0.05811   0.06425   0.02481   0.00376   0.00246   0.00675   0.02386   0.01006   0.00065   0.00992   0.00744   0.00619   0.00371   0.00056   0.00620   0.00744   0.00747   0.02138   0.15891   0.01105   0.02645   0.02027   0.01639   0.00119   0.00853   0.00746   0.00476   0.00142   0.07863   0.21109   0.07157   0.11837   0.01119   0.10975   0.09887   4.34980  13.68912  12.52489   0.10380  
 72  0.0227  10657.020587  x:  0.29881   0.14344   0.09644   0.00272   0.06475   0.05102   0.05301   0.05811   0.06425   0.02481   0.00376   0.00246   0.00675   0.02386   0.01006   0.00065   0.00992   0.00744   0.00619   0.00371   0.00056   0.00620   0.00744   0.00747   0.02138   0.15891   0.01105   0.02645   0.02027   0.01639   0.00119   0.00852   0.00746   0.00476   0.00143   0.07863   0.21109   0.07157   0.11837   0.01119   0.10975   0.09887   4.34979  13.84137  12.67713   0.10380  
 73  0.0450  10657.020585  x:  0.29881   0.14343   0.09644   0.00273   0.06475   0.05102   0.05301   0.05811   0.06425   0.02480   0.00376   0.00246   0.00675   0.02386   0.01006   0.00065   0.00992   0.00744   0.00619   0.00371   0.00055   0.00620   0.00744   0.00747   0.02138   0.15891   0.01105   0.02645   0.02027   0.01639   0.00119   0.00853   0.00746   0.00476   0.00143   0.07862   0.21108   0.07157   0.11837   0.01119   0.10975   0.09887   4.34975  14.97086  13.80661   0.10380  
 74  0.1997  10657.020583  x:  0.29881   0.14343   0.09644   0.00272   0.06475   0.05102   0.05301   0.05811   0.06425   0.02481   0.00376   0.00246   0.00675   0.02386   0.01006   0.00065   0.00992   0.00744   0.00619   0.00371   0.00055   0.00620   0.00744   0.00747   0.02138   0.15892   0.01105   0.02645   0.02027   0.01639   0.00119   0.00853   0.00746   0.00476   0.00142   0.07863   0.21109   0.07157   0.11837   0.01119   0.10975   0.09887   4.34981  15.40792  14.24369   0.10380  
 75  0.3468  10657.020583  x:  0.29881   0.14343   0.09644   0.00272   0.06475   0.05102   0.05301   0.05811   0.06425   0.02481   0.00376   0.00246   0.00675   0.02386   0.01006   0.00065   0.00992   0.00744   0.00619   0.00371   0.00055   0.00620   0.00744   0.00747   0.02138   0.15891   0.01105   0.02645   0.02027   0.01639   0.00119   0.00853   0.00746   0.00476   0.00142   0.07863   0.21109   0.07157   0.11837   0.01119   0.10975   0.09887   4.34982  16.37991  15.21568   0.10380  
 76  0.5755  10657.020582  x:  0.29881   0.14343   0.09644   0.00272   0.06475   0.05102   0.05301   0.05811   0.06425   0.02481   0.00376   0.00246   0.00675   0.02386   0.01006   0.00065   0.00992   0.00744   0.00619   0.00371   0.00055   0.00620   0.00744   0.00747   0.02138   0.15891   0.01105   0.02645   0.02027   0.01639   0.00119   0.00852   0.00746   0.00476   0.00142   0.07863   0.21108   0.07157   0.11837   0.01119   0.10975   0.09887   4.34976  18.05034  16.88610   0.10380  
 77  0.8544  10657.020582  x:  0.29881   0.14343   0.09644   0.00272   0.06475   0.05102   0.05301   0.05811   0.06425   0.02481   0.00376   0.00246   0.00675   0.02386   0.01006   0.00065   0.00992   0.00744   0.00619   0.00371   0.00055   0.00620   0.00744   0.00747   0.02138   0.15891   0.01105   0.02645   0.02027   0.01639   0.00119   0.00853   0.00746   0.00476   0.00142   0.07863   0.21109   0.07157   0.11837   0.01119   0.10975   0.09887   4.34978  17.67572  16.51148   0.10380  
 78  0.8351  10657.020582  x:  0.29881   0.14343   0.09644   0.00272   0.06475   0.05102   0.05301   0.05811   0.06425   0.02481   0.00376   0.00246   0.00675   0.02386   0.01006   0.00065   0.00992   0.00744   0.00619   0.00371   0.00055   0.00620   0.00744   0.00747   0.02138   0.15891   0.01105   0.02645   0.02027   0.01639   0.00119   0.00853   0.00746   0.00476   0.00142   0.07863   0.21109   0.07157   0.11837   0.01119   0.10975   0.09887   4.34978  17.67535  16.51111   0.10380  
 79  2.5447  10657.020582  x:  0.29881   0.14343   0.09644   0.00272   0.06475   0.05102   0.05301   0.05811   0.06425   0.02481   0.00376   0.00246   0.00675   0.02386   0.01006   0.00065   0.00992   0.00744   0.00619   0.00371   0.00055   0.00620   0.00744   0.00747   0.02138   0.15891   0.01105   0.02645   0.02027   0.01639   0.00119   0.00853   0.00746   0.00476   0.00142   0.07863   0.21109   0.07157   0.11837   0.01119   0.10975   0.09887   4.34980  17.67638  16.51214   0.10380  
 80  0.0010  10657.020582  x:  0.29881   0.14343   0.09644   0.00272   0.06475   0.05102   0.05301   0.05811   0.06425   0.02481   0.00376   0.00246   0.00675   0.02386   0.01006   0.00065   0.00992   0.00744   0.00619   0.00371   0.00055   0.00620   0.00744   0.00747   0.02138   0.15891   0.01105   0.02645   0.02027   0.01639   0.00119   0.00853   0.00746   0.00476   0.00142   0.07863   0.21109   0.07157   0.11837   0.01119   0.10975   0.09887   4.34979  17.67634  16.51210   0.10380  