

TREE # 1

  0  0.0000  13452.615677  x:  0.36826   0.07062   0.00720   0.13921   0.12976   0.10564   0.17512   0.07302   0.07041   0.01860   0.03711   0.00956   0.01947   0.01673   0.00903   0.01422   0.02413   0.01472   0.01167   0.01334   0.06697   0.30034   0.00000   0.03920   0.06707   0.03865   0.03363   0.00938   0.02524   0.01451   0.00507   0.01040   0.12469   0.00873   0.10201   0.08664   0.06768   3.00000   1.39835   0.16116   0.29812  
  1 99.0000  13420.067971  x:  0.36977   0.07645   0.01352   0.14190   0.12999   0.10644   0.17857   0.07617   0.07062   0.02358   0.03597   0.01114   0.02062   0.01781   0.00487   0.00670   0.02110   0.01385   0.00610   0.00997   0.06663   0.30214   0.00609   0.04137   0.06828   0.03816   0.03221   0.00894   0.02073   0.01581   0.00000   0.00885   0.12728   0.01366   0.10248   0.08804   0.06961   3.00106   1.39919   0.16033   0.28503  
  2 1984.2345  13400.960740  x:  0.37099   0.08115   0.01857   0.14406   0.13017   0.10708   0.18135   0.07871   0.07078   0.02757   0.03506   0.01239   0.02155   0.01868   0.00157   0.00064   0.01867   0.01316   0.00166   0.00728   0.06634   0.30360   0.01086   0.04311   0.06925   0.03778   0.03108   0.00859   0.01711   0.01686   0.00049   0.00765   0.12936   0.01759   0.10286   0.08917   0.07116   3.00192   1.39986   0.15967   0.27447  
  3 34359.8980  13393.314906  x:  0.37151   0.08304   0.02020   0.14495   0.13023   0.10731   0.18251   0.07974   0.07083   0.02887   0.03468   0.01274   0.02191   0.01895   0.00287   0.00000   0.01784   0.01302   0.00263   0.00674   0.06615   0.30421   0.01170   0.04377   0.06964   0.03763   0.03066   0.00855   0.01580   0.01717   0.00056   0.00749   0.13022   0.01875   0.10301   0.08963   0.07174   3.00229   1.40015   0.15937   0.26987  
  4 4496.9802  13353.564475  x:  0.37608   0.09956   0.03461   0.15274   0.13074   0.10932   0.19266   0.08874   0.07131   0.04039   0.03136   0.01589   0.02513   0.02142   0.01187   0.00185   0.01057   0.01179   0.00878   0.00176   0.06446   0.30961   0.01967   0.04959   0.07308   0.03639   0.02695   0.00814   0.00431   0.01994   0.00121   0.00589   0.13773   0.02912   0.10433   0.09363   0.07688   3.00556   1.40271   0.15684   0.22981  
  5 76714.4517  13314.124558  x:  0.38294   0.12293   0.05261   0.16400   0.13141   0.11197   0.20749   0.10148   0.07187   0.05440   0.02696   0.01894   0.02891   0.02395   0.01870   0.00311   0.00474   0.01138   0.01290   0.01994   0.06169   0.31768   0.02657   0.05745   0.07795   0.03494   0.02241   0.00862   0.00134   0.02296   0.00177   0.00687   0.14859   0.04121   0.10620   0.09935   0.08382   3.01051   1.40656   0.15302   0.16954  
  6 9991.5935  13288.813788  x:  0.38803   0.13992   0.06547   0.17222   0.13190   0.11385   0.21834   0.11072   0.07227   0.06429   0.02398   0.02098   0.03149   0.02562   0.02366   0.00400   0.00414   0.01133   0.01585   0.02580   0.05968   0.32366   0.03126   0.06307   0.08147   0.03397   0.01952   0.00912   0.01057   0.02504   0.00215   0.00738   0.15652   0.04972   0.10757   0.10351   0.08879   3.01419   1.40938   0.15022   0.12545  
  7 23756.1332  13276.285392  x:  0.39091   0.14788   0.06967   0.17630   0.13215   0.11451   0.22391   0.11495   0.07238   0.06698   0.02359   0.02068   0.03182   0.02540   0.02432   0.00407   0.01528   0.01263   0.01608   0.02661   0.05856   0.32701   0.03012   0.06524   0.08301   0.03390   0.02005   0.00981   0.00933   0.02482   0.00218   0.00864   0.16042   0.05160   0.10821   0.10544   0.09070   3.01631   1.41083   0.14878   0.10412  
  8 4807.7325  13258.390925  x:  0.39780   0.16014   0.06745   0.18357   0.13250   0.11435   0.23480   0.12082   0.07195   0.06180   0.02767   0.01477   0.02794   0.02050   0.01954   0.00328   0.00961   0.01485   0.01257   0.02117   0.05638   0.33478   0.01235   0.06630   0.08463   0.03543   0.02794   0.01155   0.00741   0.01942   0.00166   0.01117   0.16727   0.04447   0.10904   0.10819   0.09144   3.02165   1.41340   0.14623   0.07880  
  9 1270.3038  13250.220010  x:  0.40434   0.17284   0.06784   0.19039   0.13238   0.11412   0.24544   0.12653   0.07134   0.05966   0.02670   0.01462   0.02723   0.02092   0.01709   0.00301   0.00988   0.01188   0.01199   0.02038   0.05529   0.34207   0.00114   0.06756   0.08574   0.03472   0.02315   0.00753   0.00717   0.01998   0.00146   0.00545   0.17371   0.04037   0.10926   0.11031   0.09251   3.02721   1.41549   0.14417   0.07814  
 10 760.0918  13247.576637  x:  0.40645   0.17685   0.06786   0.19251   0.13231   0.11400   0.24883   0.12825   0.07113   0.05897   0.02647   0.01473   0.02712   0.02109   0.01653   0.00296   0.00987   0.01175   0.01205   0.02010   0.05532   0.34444   0.00000   0.06789   0.08603   0.03451   0.02220   0.00786   0.00714   0.02016   0.00142   0.00706   0.17570   0.03901   0.10930   0.11091   0.09281   3.02909   1.41616   0.14350   0.07912  
 11 1366.7378  13228.116054  x:  0.43716   0.23127   0.06059   0.22193   0.13126   0.11148   0.29669   0.15077   0.06803   0.04265   0.02766   0.01174   0.02300   0.01942   0.01142   0.00283   0.01052   0.01499   0.01651   0.01969   0.05753   0.37916   0.00792   0.07081   0.08941   0.03347   0.02000   0.01382   0.00734   0.01812   0.00144   0.00741   0.20319   0.01255   0.10972   0.11883   0.09534   3.05676   1.42582   0.13393   0.09132  
 12 3090.7069  13224.037844  x:  0.44557   0.24290   0.05498   0.22774   0.13146   0.11086   0.30827   0.15342   0.06825   0.04017   0.03059   0.01725   0.02702   0.02169   0.01375   0.00290   0.01093   0.01408   0.01456   0.02031   0.05989   0.38875   0.00854   0.07029   0.08925   0.03540   0.02973   0.00821   0.00768   0.02046   0.00143   0.00877   0.20856   0.01265   0.11040   0.11968   0.09689   3.06661   1.42874   0.13104   0.09472  
 13 708.4598  13221.612730  x:  0.45291   0.24899   0.04658   0.23003   0.13253   0.11100   0.31645   0.15141   0.06960   0.04156   0.03069   0.01636   0.02996   0.02271   0.01666   0.00295   0.01116   0.01464   0.01157   0.02068   0.06346   0.39717   0.00690   0.06833   0.08825   0.03806   0.03196   0.01388   0.00776   0.02135   0.00142   0.00659   0.21054   0.02014   0.11167   0.11900   0.09890   3.07829   1.43153   0.12829   0.09699  
 14 426.6342  13218.567927  x:  0.46292   0.25353   0.03299   0.23093   0.13496   0.11228   0.32590   0.14509   0.07224   0.04431   0.02970   0.01200   0.02978   0.02129   0.01801   0.00297   0.01107   0.01509   0.01014   0.02044   0.06817   0.40869   0.00856   0.06494   0.08633   0.04065   0.02789   0.00912   0.00774   0.01986   0.00141   0.00859   0.21085   0.02742   0.11360   0.11714   0.10051   3.09718   1.43550   0.12438   0.09679  
 15 569.4962  13216.191641  x:  0.47271   0.25451   0.02308   0.22975   0.13845   0.11578   0.33355   0.13574   0.07512   0.04717   0.03006   0.01985   0.02702   0.02120   0.01469   0.00285   0.01084   0.01370   0.01305   0.01995   0.06953   0.41980   0.00925   0.06205   0.08467   0.03994   0.02421   0.01031   0.00751   0.02038   0.00140   0.00884   0.20880   0.02855   0.11499   0.11482   0.10001   3.12015   1.43978   0.12017   0.09455  
 16 479.7560  13211.752412  x:  0.49157   0.25239   0.02477   0.22513   0.14676   0.12755   0.34630   0.11518   0.07962   0.05399   0.02418   0.01645   0.02836   0.02643   0.01164   0.00280   0.01055   0.01643   0.01603   0.01993   0.06486   0.44044   0.00876   0.06045   0.08393   0.03374   0.02820   0.01021   0.00748   0.02503   0.00140   0.00845   0.20221   0.02485   0.11603   0.11128   0.09711   3.17561   1.44911   0.11103   0.09467  
 17 452.2454  13208.058165  x:  0.50654   0.24832   0.03310   0.22056   0.15211   0.13616   0.35538   0.10081   0.08168   0.05675   0.03069   0.01533   0.03066   0.02286   0.01579   0.00299   0.01122   0.01110   0.01301   0.02074   0.06011   0.45601   0.00937   0.06154   0.08563   0.03426   0.02720   0.01113   0.00774   0.02115   0.00145   0.00887   0.19716   0.02248   0.11604   0.11026   0.09552   3.22839   1.45741   0.10292   0.09618  
 18 789.5449  13206.221355  x:  0.51391   0.24422   0.03844   0.21763   0.15310   0.13842   0.35897   0.09670   0.08146   0.05570   0.03254   0.01805   0.03035   0.02073   0.01785   0.00303   0.01096   0.01796   0.01128   0.02098   0.05886   0.46293   0.00863   0.06325   0.08726   0.03723   0.02514   0.01010   0.00784   0.01977   0.00147   0.00829   0.19542   0.02313   0.11559   0.11112   0.09573   3.26209   1.46227   0.09817   0.09721  
 19 767.6712  13197.561195  x:  0.53944   0.21781   0.05270   0.20435   0.14786   0.13428   0.36626   0.09895   0.07483   0.03899   0.02356   0.01953   0.02124   0.02235   0.01750   0.00313   0.01109   0.01367   0.01275   0.02108   0.06364   0.48306   0.00941   0.07108   0.09331   0.05094   0.02489   0.00992   0.00773   0.02376   0.00152   0.00911   0.19369   0.02900   0.11243   0.11966   0.10015   3.41996   1.48309   0.07791   0.09623  
 20 785.2079  13187.311153  x:  0.56608   0.18287   0.05994   0.19186   0.13661   0.11982   0.36961   0.11567   0.06517   0.03494   0.03053   0.01731   0.03732   0.02614   0.00930   0.00294   0.01060   0.01446   0.02058   0.02055   0.07270   0.49969   0.00897   0.07631   0.09284   0.04225   0.02041   0.00983   0.00751   0.02167   0.00156   0.00896   0.19654   0.03015   0.10871   0.12821   0.10419   3.63236   1.50927   0.05250   0.09386  
 21 1504.4244  13178.235731  x:  0.58232   0.15983   0.06197   0.18944   0.12813   0.10598   0.36837   0.13538   0.06188   0.05075   0.02709   0.01936   0.02955   0.01797   0.01488   0.00310   0.01093   0.01427   0.01569   0.02124   0.07372   0.50509   0.00801   0.07776   0.08840   0.02715   0.02487   0.00965   0.00777   0.01917   0.00157   0.00830   0.20182   0.02736   0.10715   0.13068   0.10491   3.81430   1.52997   0.03247   0.09592  
 22 1753.5462  13170.971138  x:  0.58721   0.15015   0.05779   0.19775   0.12627   0.09865   0.36066   0.15145   0.06672   0.06376   0.03229   0.01739   0.02476   0.03096   0.02016   0.00316   0.01069   0.01501   0.00984   0.02105   0.06332   0.49723   0.00908   0.07332   0.08360   0.03690   0.02178   0.01032   0.00763   0.02245   0.00151   0.00859   0.20616   0.01764   0.10803   0.12407   0.10009   3.97942   1.54649   0.01659   0.09511  
 23 1233.2076  13160.284063  x:  0.58301   0.15502   0.05452   0.21820   0.13147   0.10132   0.34449   0.16783   0.07733   0.06779   0.02479   0.01797   0.03382   0.01929   0.01327   0.00301   0.01070   0.01381   0.01654   0.02087   0.04538   0.47262   0.01031   0.06293   0.08030   0.05090   0.02422   0.01039   0.00765   0.02114   0.00154   0.00868   0.21063   0.01912   0.11221   0.10972   0.09454   4.21136   1.56694  -0.00292   0.09743  
 24 1472.1445  13144.221153  x:  0.56068   0.18818   0.05398   0.25082   0.14549   0.12264   0.31446   0.17460   0.08894   0.04734   0.03361   0.01637   0.02371   0.02343   0.01398   0.00310   0.01075   0.01507   0.01632   0.02111   0.05653   0.41885   0.01017   0.04720   0.08176   0.03410   0.02420   0.00923   0.00777   0.01951   0.00155   0.00845   0.21100   0.03039   0.11841   0.09419   0.09073   4.57232   1.59464  -0.02912   0.09828  
 25 1567.0874  13137.864821  x:  0.54288   0.21060   0.04388   0.25605   0.14579   0.12603   0.30303   0.16414   0.08635   0.04401   0.02616   0.01866   0.03201   0.02038   0.02003   0.00298   0.01030   0.01435   0.00806   0.01997   0.06549   0.39504   0.01025   0.05318   0.08498   0.03266   0.02095   0.01033   0.00731   0.02323   0.00140   0.00845   0.20697   0.01912   0.11719   0.10328   0.09044   4.71461   1.60269  -0.03652   0.09528  
 26 1029.8920  13131.995175  x:  0.51836   0.24133   0.03564   0.25519   0.14122   0.12418   0.29496   0.14770   0.07673   0.05379   0.02768   0.01715   0.02919   0.02299   0.01498   0.00290   0.01061   0.01422   0.01280   0.02011   0.06788   0.37264   0.00903   0.06625   0.08797   0.03717   0.02530   0.01008   0.00751   0.01643   0.00141   0.00756   0.20284   0.01677   0.11276   0.11886   0.09651   4.85342   1.60822  -0.04139   0.09784  
 27 1169.5836  13130.434699  x:  0.50822   0.25128   0.03301   0.25194   0.13834   0.12100   0.29432   0.14202   0.07160   0.05358   0.03173   0.01513   0.02747   0.02013   0.01416   0.00289   0.01061   0.01451   0.01360   0.02004   0.06297   0.36851   0.00937   0.06792   0.08627   0.03629   0.02523   0.01003   0.00747   0.02326   0.00139   0.00765   0.20251   0.01785   0.11036   0.12110   0.09880   4.89264   1.60857  -0.04152   0.09779  
 28 657.6317  13128.703994  x:  0.49279   0.26273   0.03105   0.24434   0.13408   0.11484   0.29608   0.13585   0.06569   0.04879   0.02991   0.01590   0.02760   0.02247   0.01575   0.00288   0.01047   0.01443   0.01159   0.01978   0.05364   0.36793   0.01029   0.06617   0.08143   0.03294   0.02452   0.01001   0.00740   0.02011   0.00137   0.00797   0.20363   0.01960   0.10694   0.11872   0.10038   4.93339   1.60709  -0.03977   0.09667  
 29 447.3681  13126.860035  x:  0.46517   0.27634   0.03611   0.22883   0.12975   0.10634   0.30265   0.13183   0.06866   0.04917   0.02940   0.01574   0.02756   0.02103   0.01514   0.00288   0.01050   0.01436   0.01226   0.01987   0.06008   0.37446   0.00925   0.06183   0.07691   0.03580   0.02516   0.01005   0.00743   0.01991   0.00138   0.00750   0.20756   0.01687   0.10407   0.10741   0.09690   4.97890   1.60196  -0.03425   0.09558  
 30 233.9716  13126.109996  x:  0.44689   0.27815   0.03381   0.22155   0.13203   0.10654   0.30800   0.13471   0.07469   0.04869   0.03007   0.01546   0.02753   0.02139   0.01518   0.00287   0.01052   0.01451   0.01211   0.01985   0.05786   0.38185   0.00942   0.06200   0.08408   0.03430   0.02536   0.01007   0.00745   0.02003   0.00137   0.00758   0.20984   0.01742   0.11019   0.11001   0.09480   4.99883   1.59671  -0.02872   0.09603  
 31 115.0501  13125.668762  x:  0.43330   0.27528   0.03263   0.22222   0.13717   0.11354   0.31347   0.13865   0.07108   0.04962   0.03008   0.01562   0.02759   0.02132   0.01535   0.00287   0.01056   0.01453   0.01196   0.01988   0.05859   0.38868   0.00938   0.06039   0.08069   0.03555   0.02546   0.01010   0.00746   0.02008   0.00137   0.00760   0.21010   0.01692   0.11074   0.11397   0.09619   5.01114   1.58986  -0.02158   0.09608  
 32 73.8819  13125.449644  x:  0.42764   0.27190   0.03112   0.22705   0.13738   0.11569   0.31783   0.13927   0.07195   0.04927   0.03020   0.01560   0.02771   0.02141   0.01538   0.00287   0.01057   0.01453   0.01187   0.01986   0.05864   0.39202   0.00939   0.06509   0.08121   0.03506   0.02546   0.01014   0.00746   0.02012   0.00136   0.00763   0.20868   0.01732   0.10685   0.11181   0.09775   5.01789   1.58281  -0.01424   0.09586  
 33 49.7998  13125.190212  x:  0.42573   0.26790   0.03205   0.23492   0.13400   0.11437   0.32420   0.13683   0.06978   0.04984   0.03005   0.01576   0.02787   0.02149   0.01532   0.00288   0.01060   0.01455   0.01206   0.01992   0.05956   0.39380   0.00933   0.06272   0.08479   0.03514   0.02554   0.01011   0.00748   0.02018   0.00137   0.00764   0.20587   0.01750   0.10883   0.11147   0.09751   5.02672   1.56901   0.00011   0.09519  
 34 45.2342  13124.916367  x:  0.42864   0.26553   0.03355   0.23838   0.13281   0.11297   0.32967   0.13532   0.07389   0.04879   0.03031   0.01580   0.02787   0.02152   0.01526   0.00290   0.01066   0.01465   0.01234   0.02005   0.05989   0.39338   0.00932   0.06359   0.08056   0.03520   0.02561   0.01018   0.00753   0.02019   0.00139   0.00768   0.20495   0.01814   0.11219   0.11493   0.09698   5.03654   1.55096   0.01891   0.09455  
 35 68.6377  13124.154852  x:  0.44697   0.26404   0.03265   0.23268   0.14016   0.11564   0.33795   0.13835   0.07555   0.04986   0.03076   0.01597   0.02828   0.02177   0.01553   0.00293   0.01084   0.01490   0.01236   0.02033   0.06028   0.38990   0.00940   0.06184   0.08431   0.03590   0.02618   0.01035   0.00766   0.02043   0.00140   0.00781   0.20996   0.01816   0.10895   0.11637   0.09912   5.06450   1.49531   0.07698   0.09268  
 36 94.3821  13124.001778  x:  0.45105   0.26527   0.03202   0.23187   0.13912   0.11811   0.33406   0.13939   0.07299   0.04999   0.03088   0.01598   0.02833   0.02183   0.01562   0.00294   0.01089   0.01493   0.01229   0.02037   0.06062   0.39327   0.00933   0.06534   0.08405   0.03615   0.02633   0.01042   0.00768   0.02048   0.00140   0.00782   0.21127   0.01793   0.11358   0.11348   0.09919   5.07014   1.48417   0.08876   0.09239  
 37 46.8623  13123.862089  x:  0.45398   0.26778   0.03230   0.23414   0.13801   0.11813   0.32381   0.13946   0.07417   0.04994   0.03100   0.01598   0.02835   0.02186   0.01561   0.00295   0.01093   0.01498   0.01240   0.02045   0.06077   0.40206   0.00923   0.06432   0.08443   0.03617   0.02641   0.01043   0.00771   0.02049   0.00140   0.00782   0.21202   0.01828   0.11174   0.11565   0.09844   5.07501   1.47532   0.09846   0.09209  
 38 26.2461  13123.824436  x:  0.45422   0.26798   0.03272   0.23483   0.14026   0.11609   0.32222   0.13913   0.07436   0.04980   0.03098   0.01600   0.02839   0.02185   0.01559   0.00294   0.01093   0.01499   0.01241   0.02044   0.06093   0.40339   0.00919   0.06428   0.08450   0.03612   0.02643   0.01046   0.00771   0.02050   0.00140   0.00781   0.21157   0.01762   0.11253   0.11533   0.10110   5.07603   1.47464   0.09959   0.09210  
 39  7.7342  13123.151423  x:  0.45591   0.26808   0.03199   0.23572   0.15003   0.10882   0.32215   0.14047   0.06952   0.04853   0.03114   0.01573   0.02800   0.02164   0.01539   0.00293   0.01095   0.01493   0.01250   0.02032   0.06153   0.40551   0.00894   0.06792   0.08403   0.03585   0.02666   0.01035   0.00769   0.02027   0.00140   0.00770   0.20498   0.01982   0.11222   0.11501   0.09055   5.09026   1.48261   0.10212   0.09204  
 40  3.2703  13111.472011  x:  0.47867   0.25314   0.01563   0.21835   0.13955   0.11628   0.33226   0.15373   0.07371   0.03591   0.03216   0.01182   0.02494   0.01822   0.01298   0.00236   0.01048   0.01462   0.00920   0.01643   0.05991   0.41730   0.00561   0.05698   0.08160   0.03573   0.03064   0.01031   0.00685   0.01764   0.00121   0.00578   0.14499   0.01045   0.10867   0.11234   0.09575   5.31744   1.62375   0.13163   0.09398  
 41 64.0824  13102.795134  x:  0.48812   0.21542   0.00529   0.22217   0.14243   0.11916   0.33523   0.11817   0.07060   0.02634   0.03221   0.00952   0.02305   0.01622   0.01075   0.00195   0.01015   0.01410   0.00760   0.01355   0.06213   0.42121   0.00339   0.05686   0.08112   0.03517   0.03291   0.01015   0.00618   0.01608   0.00109   0.00458   0.19358   0.00603   0.10744   0.11340   0.09193   5.49419   1.73567   0.15280   0.09558  
 42 293.7244  13092.366704  x:  0.50949   0.16848   0.02463   0.21278   0.14022   0.11683   0.33261   0.09800   0.07054   0.02582   0.03121   0.01101   0.02096   0.01669   0.00466   0.00138   0.01195   0.01338   0.00747   0.01050   0.06451   0.43133   0.00160   0.05379   0.08035   0.03641   0.03284   0.00975   0.00638   0.01586   0.00079   0.00756   0.20687   0.01248   0.10594   0.11037   0.08923   5.84304   1.91721   0.26109   0.10101  
 43  0.7060  13089.137287  x:  0.51338   0.16464   0.02063   0.20840   0.14002   0.11820   0.32831   0.10478   0.07217   0.03515   0.03043   0.01251   0.02257   0.01903   0.00669   0.00131   0.01352   0.01349   0.00390   0.01001   0.06366   0.43297   0.00183   0.05334   0.07947   0.03748   0.03085   0.00927   0.00716   0.01729   0.00073   0.00898   0.20426   0.01159   0.10639   0.10903   0.08911   6.02438   1.99515   0.35098   0.10306  
 44  0.4222  13087.955177  x:  0.51131   0.16950   0.01746   0.20622   0.13993   0.11874   0.32312   0.11162   0.07300   0.03696   0.03049   0.01286   0.02401   0.01972   0.00439   0.00127   0.01447   0.01364   0.00611   0.00988   0.06282   0.43098   0.00192   0.05318   0.07882   0.03748   0.02933   0.00910   0.00783   0.01799   0.00078   0.00940   0.19907   0.01155   0.10682   0.10770   0.08923   6.13573   2.04700   0.41506   0.10347  
 45  0.3834  13086.856596  x:  0.50558   0.17838   0.01870   0.20600   0.13899   0.11730   0.31559   0.11693   0.07291   0.03135   0.03084   0.01286   0.02419   0.01903   0.00605   0.00141   0.01592   0.01390   0.00560   0.01013   0.06190   0.42609   0.00164   0.05354   0.07820   0.03704   0.02771   0.00922   0.00917   0.01774   0.00093   0.00956   0.19261   0.01252   0.10713   0.10623   0.08947   6.29702   2.14521   0.52301   0.10314  
 46  0.3002  13086.217035  x:  0.50445   0.17537   0.01928   0.21067   0.13826   0.11615   0.31939   0.11044   0.07179   0.03261   0.03122   0.01211   0.02272   0.01847   0.00515   0.00131   0.01670   0.01382   0.00512   0.00909   0.06145   0.42518   0.00115   0.05452   0.07840   0.03645   0.02722   0.00954   0.01038   0.01716   0.00098   0.00934   0.19370   0.00999   0.10652   0.10809   0.08998   6.41810   2.28018   0.63808   0.10157  
 47  0.1778  13085.913899  x:  0.50823   0.17426   0.01802   0.21249   0.13900   0.11737   0.32668   0.10948   0.07142   0.03263   0.03107   0.01197   0.02294   0.01858   0.00522   0.00136   0.01706   0.01355   0.00526   0.00897   0.06138   0.42868   0.00233   0.05461   0.07905   0.03654   0.02750   0.00959   0.01142   0.01697   0.00110   0.00947   0.19822   0.01187   0.10648   0.10941   0.09007   6.43914   2.37460   0.72820   0.10063  
 48  0.1364  13085.656744  x:  0.51262   0.17548   0.01874   0.20967   0.13986   0.11855   0.32780   0.11321   0.07218   0.03234   0.03090   0.01254   0.02373   0.01905   0.00516   0.00138   0.01712   0.01394   0.00526   0.00885   0.06270   0.43230   0.00162   0.05381   0.07915   0.03680   0.02895   0.00948   0.01258   0.01716   0.00124   0.00865   0.20103   0.01184   0.10696   0.10850   0.08981   6.41060   2.47928   0.83573   0.10011  
 49  0.1122  13085.474741  x:  0.51035   0.17900   0.01862   0.20968   0.13955   0.11751   0.32217   0.11230   0.07272   0.03279   0.03077   0.01245   0.02315   0.01852   0.00515   0.00141   0.01696   0.01375   0.00513   0.00863   0.06230   0.43014   0.00193   0.05447   0.07869   0.03692   0.02881   0.00916   0.01371   0.01712   0.00141   0.00867   0.19805   0.01052   0.10725   0.10769   0.09023   6.34593   2.58822   0.95640   0.10079  
 50  0.0851  13085.412291  x:  0.50819   0.17529   0.01787   0.21024   0.13934   0.11763   0.32153   0.11167   0.07243   0.03264   0.03094   0.01220   0.02328   0.01872   0.00508   0.00141   0.01680   0.01379   0.00504   0.00851   0.06222   0.42854   0.00167   0.05428   0.07868   0.03679   0.02869   0.00935   0.01412   0.01701   0.00150   0.00869   0.19618   0.01167   0.10696   0.10794   0.08990   6.31265   2.64091   1.00814   0.10125  
 51  0.0790  13085.387537  x:  0.50701   0.17399   0.01870   0.20977   0.13924   0.11766   0.32293   0.11143   0.07213   0.03244   0.03104   0.01236   0.02348   0.01894   0.00510   0.00143   0.01669   0.01380   0.00512   0.00864   0.06214   0.42792   0.00179   0.05396   0.07883   0.03657   0.02850   0.00950   0.01425   0.01708   0.00157   0.00882   0.19709   0.01129   0.10676   0.10834   0.08982   6.29194   2.66404   1.02787   0.10141  
 52  0.0304  13085.360852  x:  0.50636   0.17560   0.01892   0.20839   0.13914   0.11753   0.32303   0.11189   0.07188   0.03249   0.03101   0.01253   0.02317   0.01861   0.00487   0.00142   0.01658   0.01374   0.00495   0.00868   0.06214   0.42754   0.00174   0.05399   0.07887   0.03660   0.02828   0.00938   0.01424   0.01695   0.00165   0.00901   0.19796   0.01167   0.10669   0.10826   0.08977   6.28656   2.69114   1.04904   0.10141  
 53  0.0174  13085.313860  x:  0.50836   0.17625   0.01892   0.21026   0.13934   0.11739   0.32253   0.11148   0.07235   0.03289   0.03097   0.01210   0.02332   0.01885   0.00499   0.00147   0.01650   0.01378   0.00499   0.00907   0.06240   0.42871   0.00155   0.05448   0.07878   0.03679   0.02820   0.00923   0.01398   0.01719   0.00186   0.00926   0.19844   0.01161   0.10713   0.10800   0.08990   6.29709   2.70802   1.06990   0.10105  
 54  0.0117  13085.276468  x:  0.50932   0.17531   0.01837   0.21107   0.13936   0.11768   0.32340   0.11228   0.07257   0.03231   0.03082   0.01249   0.02343   0.01893   0.00481   0.00145   0.01648   0.01379   0.00480   0.00891   0.06211   0.42932   0.00165   0.05412   0.07878   0.03678   0.02830   0.00944   0.01365   0.01712   0.00203   0.00931   0.19711   0.01122   0.10703   0.10809   0.09002   6.31926   2.71886   1.08495   0.10092  
 55  0.0186  13085.246482  x:  0.50890   0.17555   0.01840   0.20973   0.13941   0.11785   0.32432   0.11177   0.07218   0.03264   0.03095   0.01245   0.02317   0.01871   0.00495   0.00150   0.01651   0.01379   0.00497   0.00892   0.06209   0.42928   0.00168   0.05394   0.07894   0.03672   0.02846   0.00949   0.01341   0.01696   0.00223   0.00890   0.19733   0.01140   0.10673   0.10851   0.08997   6.32248   2.72010   1.08791   0.10118  
 56  0.0031  13085.239099  x:  0.50828   0.17564   0.01859   0.20965   0.13937   0.11769   0.32324   0.11176   0.07214   0.03253   0.03099   0.01228   0.02337   0.01880   0.00488   0.00149   0.01652   0.01378   0.00491   0.00876   0.06216   0.42878   0.00173   0.05419   0.07885   0.03666   0.02844   0.00939   0.01336   0.01707   0.00229   0.00879   0.19754   0.01144   0.10688   0.10822   0.08989   6.31933   2.72116   1.08503   0.10126  
 57  0.0043  13085.238052  x:  0.50801   0.17551   0.01859   0.20996   0.13931   0.11763   0.32288   0.11185   0.07224   0.03258   0.03098   0.01239   0.02333   0.01879   0.00491   0.00150   0.01655   0.01379   0.00492   0.00874   0.06222   0.42857   0.00173   0.05420   0.07883   0.03671   0.02842   0.00939   0.01334   0.01707   0.00231   0.00879   0.19752   0.01146   0.10692   0.10818   0.08993   6.31632   2.71073   1.07413   0.10123  
 58  0.0130  13085.237386  x:  0.50789   0.17568   0.01862   0.20977   0.13927   0.11759   0.32310   0.11184   0.07228   0.03260   0.03097   0.01235   0.02333   0.01882   0.00492   0.00149   0.01661   0.01378   0.00493   0.00870   0.06222   0.42858   0.00172   0.05411   0.07882   0.03673   0.02841   0.00941   0.01332   0.01706   0.00232   0.00884   0.19737   0.01146   0.10686   0.10823   0.08994   6.31413   2.68469   1.04834   0.10120  
 59  0.0164  13085.236992  x:  0.50815   0.17558   0.01864   0.20988   0.13934   0.11766   0.32321   0.11186   0.07219   0.03259   0.03097   0.01236   0.02335   0.01878   0.00492   0.00149   0.01666   0.01378   0.00494   0.00869   0.06219   0.42873   0.00171   0.05422   0.07886   0.03671   0.02842   0.00939   0.01332   0.01708   0.00232   0.00884   0.19748   0.01147   0.10690   0.10824   0.08992   6.31288   2.65632   1.02082   0.10121  
 60  0.0206  13085.236703  x:  0.50820   0.17568   0.01860   0.20992   0.13934   0.11766   0.32301   0.11179   0.07224   0.03258   0.03098   0.01237   0.02333   0.01882   0.00491   0.00148   0.01667   0.01378   0.00493   0.00871   0.06220   0.42868   0.00172   0.05416   0.07884   0.03669   0.02843   0.00940   0.01333   0.01706   0.00232   0.00883   0.19760   0.01146   0.10692   0.10821   0.08993   6.31300   2.62621   0.99080   0.10121  
 61  0.0163  13085.236530  x:  0.50805   0.17555   0.01859   0.20984   0.13932   0.11764   0.32307   0.11184   0.07226   0.03259   0.03098   0.01235   0.02334   0.01879   0.00492   0.00147   0.01665   0.01378   0.00492   0.00873   0.06220   0.42861   0.00172   0.05416   0.07883   0.03672   0.02842   0.00940   0.01333   0.01707   0.00232   0.00882   0.19749   0.01145   0.10689   0.10821   0.08993   6.31369   2.60807   0.97225   0.10120  
 62  0.0148  13085.236474  x:  0.50804   0.17559   0.01861   0.20983   0.13932   0.11763   0.32311   0.11182   0.07221   0.03258   0.03097   0.01236   0.02334   0.01881   0.00491   0.00147   0.01663   0.01378   0.00493   0.00873   0.06221   0.42865   0.00172   0.05420   0.07884   0.03671   0.02842   0.00940   0.01333   0.01707   0.00233   0.00882   0.19744   0.01146   0.10688   0.10823   0.08992   6.31418   2.60501   0.96912   0.10119  
 63  0.0024  13085.236432  x:  0.50811   0.17561   0.01862   0.20988   0.13932   0.11764   0.32308   0.11185   0.07223   0.03259   0.03097   0.01236   0.02334   0.01880   0.00492   0.00146   0.01661   0.01378   0.00493   0.00872   0.06219   0.42869   0.00172   0.05416   0.07884   0.03671   0.02842   0.00940   0.01334   0.01707   0.00233   0.00882   0.19748   0.01146   0.10690   0.10822   0.08993   6.31469   2.60376   0.96805   0.10119  
 64  0.0008  13085.236401  x:  0.50812   0.17562   0.01860   0.20985   0.13933   0.11765   0.32314   0.11182   0.07225   0.03259   0.03098   0.01236   0.02334   0.01880   0.00492   0.00146   0.01661   0.01378   0.00493   0.00871   0.06220   0.42866   0.00172   0.05420   0.07883   0.03671   0.02842   0.00940   0.01334   0.01707   0.00233   0.00883   0.19752   0.01146   0.10689   0.10822   0.08993   6.31487   2.60588   0.97023   0.10120  
 65  0.0010  13085.236346  x:  0.50806   0.17559   0.01860   0.20987   0.13932   0.11765   0.32313   0.11186   0.07223   0.03259   0.03098   0.01236   0.02333   0.01880   0.00492   0.00145   0.01662   0.01378   0.00494   0.00872   0.06221   0.42862   0.00172   0.05417   0.07884   0.03671   0.02842   0.00939   0.01333   0.01707   0.00233   0.00882   0.19750   0.01145   0.10689   0.10822   0.08992   6.31457   2.61465   0.97880   0.10120  
 66  0.0036  13085.236337  x:  0.50808   0.17561   0.01861   0.20986   0.13932   0.11764   0.32310   0.11183   0.07223   0.03259   0.03097   0.01236   0.02334   0.01880   0.00492   0.00145   0.01662   0.01378   0.00493   0.00872   0.06220   0.42865   0.00172   0.05417   0.07884   0.03671   0.02842   0.00940   0.01334   0.01707   0.00233   0.00882   0.19749   0.01146   0.10689   0.10822   0.08993   6.31430   2.61630   0.98048   0.10120  
 67  0.0022  13085.236336  x:  0.50809   0.17561   0.01861   0.20986   0.13932   0.11764   0.32310   0.11184   0.07223   0.03259   0.03097   0.01236   0.02334   0.01880   0.00492   0.00145   0.01662   0.01378   0.00493   0.00872   0.06220   0.42866   0.00172   0.05418   0.07884   0.03671   0.02842   0.00940   0.01334   0.01707   0.00233   0.00882   0.19749   0.01146   0.10689   0.10822   0.08993   6.31431   2.61648   0.98070   0.10120  
 68  0.0003  13085.236336  x:  0.50809   0.17561   0.01861   0.20986   0.13932   0.11764   0.32310   0.11184   0.07223   0.03259   0.03097   0.01236   0.02334   0.01880   0.00492   0.00145   0.01662   0.01378   0.00493   0.00872   0.06220   0.42866   0.00172   0.05418   0.07884   0.03671   0.02842   0.00940   0.01334   0.01707   0.00233   0.00882   0.19749   0.01146   0.10689   0.10822   0.08993   6.31434   2.61652   0.98075   0.10120  
 69  0.0001  13085.236336  x:  0.50809   0.17561   0.01861   0.20986   0.13932   0.11764   0.32310   0.11184   0.07223   0.03259   0.03097   0.01236   0.02334   0.01880   0.00492   0.00145   0.01662   0.01378   0.00493   0.00872   0.06220   0.42866   0.00172   0.05418   0.07884   0.03671   0.02842   0.00940   0.01334   0.01707   0.00233   0.00882   0.19749   0.01146   0.10689   0.10822   0.08993   6.31434   2.61652   0.98075   0.10120  
 70  0.0000  13085.236336  x:  0.50809   0.17561   0.01861   0.20986   0.13932   0.11764   0.32310   0.11184   0.07223   0.03259   0.03097   0.01236   0.02334   0.01880   0.00492   0.00145   0.01662   0.01378   0.00493   0.00872   0.06220   0.42866   0.00172   0.05418   0.07884   0.03671   0.02842   0.00940   0.01334   0.01707   0.00233   0.00882   0.19749   0.01146   0.10689   0.10822   0.08993   6.31434   2.61652   0.98075   0.10120  
check convergence!
