

TREE # 1

  0  0.0000  10759.499639  x:  0.26385   0.11577   0.08596   0.00000   0.06063   0.05075   0.04950   0.04981   0.05520   0.02619   0.00368   0.00258   0.00477   0.02271   0.00778   0.00197   0.00852   0.00766   0.00524   0.00418   0.00162   0.00718   0.00615   0.00626   0.01824   0.14125   0.01212   0.02718   0.01864   0.01586   0.00123   0.00887   0.00574   0.00380   0.00237   0.05365   0.19416   0.06079   0.10998   0.00040   0.10813   0.08203   3.00000   1.16374   0.04304   0.25098  
  1 99.0000  10748.819895  x:  0.26399   0.11620   0.08621   0.00460   0.06083   0.05082   0.04975   0.05018   0.05553   0.02611   0.00374   0.00249   0.00570   0.02287   0.00845   0.00034   0.00895   0.00759   0.00573   0.00392   0.00000   0.00685   0.00670   0.00676   0.01864   0.14143   0.01210   0.02712   0.01885   0.01595   0.00158   0.00875   0.00652   0.00438   0.00152   0.05445   0.19428   0.06125   0.11023   0.00825   0.10824   0.08257   3.00012   1.16386   0.04291   0.24912  
  2 3118.5267  10747.590423  x:  0.26406   0.11639   0.08631   0.00540   0.06090   0.05084   0.04983   0.05034   0.05567   0.02608   0.00376   0.00247   0.00599   0.02294   0.00869   0.00146   0.00910   0.00756   0.00588   0.00384   0.00114   0.00673   0.00689   0.00693   0.01880   0.14152   0.01209   0.02710   0.01894   0.01599   0.00157   0.00871   0.00677   0.00454   0.00134   0.05479   0.19434   0.06142   0.11032   0.00999   0.10826   0.08278   3.00018   1.16391   0.04286   0.24830  
  3 3305.2319  10741.673715  x:  0.26474   0.11815   0.08718   0.00244   0.06146   0.05086   0.05039   0.05188   0.05703   0.02572   0.00385   0.00256   0.00747   0.02354   0.01032   0.00135   0.01022   0.00740   0.00664   0.00358   0.00115   0.00596   0.00794   0.00792   0.02024   0.14235   0.01199   0.02692   0.01972   0.01630   0.00000   0.00853   0.00805   0.00517   0.00225   0.05802   0.19486   0.06281   0.11096   0.01172   0.10835   0.08452   3.00072   1.16443   0.04235   0.24038  
  4 956.3746  10737.558057  x:  0.26531   0.11962   0.08790   0.00000   0.06193   0.05088   0.05086   0.05315   0.05816   0.02542   0.00391   0.00262   0.00862   0.02403   0.01161   0.00125   0.01110   0.00727   0.00722   0.00340   0.00115   0.00536   0.00876   0.00869   0.02142   0.14305   0.01190   0.02677   0.02037   0.01657   0.00054   0.00839   0.00905   0.00565   0.00285   0.06070   0.19530   0.06395   0.11150   0.01298   0.10841   0.08596   3.00116   1.16486   0.04192   0.23377  
  5 18652.1863  10704.073973  x:  0.27242   0.13719   0.09684   0.00682   0.06791   0.05177   0.05710   0.06786   0.07124   0.02188   0.00378   0.00248   0.01441   0.02882   0.02090   0.00043   0.01714   0.00681   0.00911   0.00480   0.00141   0.00413   0.01277   0.01255   0.03333   0.15166   0.01062   0.02532   0.02679   0.01920   0.00148   0.00802   0.01379   0.00579   0.00044   0.09192   0.20071   0.07695   0.11762   0.00443   0.10902   0.10268   3.00674   1.17015   0.03668   0.15167  
  6 3423.1242  10700.149913  x:  0.27429   0.14133   0.09889   0.00852   0.06922   0.05201   0.05838   0.07092   0.07399   0.02142   0.00381   0.00250   0.01398   0.02934   0.02126   0.00041   0.01704   0.00712   0.00838   0.00457   0.00161   0.00590   0.01217   0.01199   0.03510   0.15383   0.01030   0.02521   0.02755   0.01940   0.00195   0.00836   0.01318   0.00521   0.00615   0.09888   0.20212   0.07985   0.11915   0.00391   0.10926   0.10654   3.00819   1.17144   0.03540   0.13103  
  7 5712.0050  10689.071120  x:  0.27730   0.14673   0.10130   0.00517   0.07052   0.05231   0.05926   0.07373   0.07657   0.02204   0.00401   0.00273   0.00922   0.02832   0.01721   0.00041   0.01315   0.00806   0.00522   0.00293   0.00179   0.00843   0.00790   0.00791   0.03457   0.15707   0.00992   0.02577   0.02641   0.01848   0.00130   0.00862   0.00839   0.00285   0.00346   0.10692   0.20434   0.08315   0.12137   0.00717   0.10984   0.11128   3.01053   1.17324   0.03363   0.10142  
  8 2534.1862  10687.567090  x:  0.27810   0.14774   0.10163   0.00479   0.07057   0.05233   0.05917   0.07375   0.07662   0.02248   0.00377   0.00231   0.00793   0.02766   0.01530   0.00044   0.01188   0.00778   0.00615   0.00459   0.00179   0.00780   0.00751   0.00755   0.03347   0.15781   0.00990   0.02595   0.02555   0.01806   0.00122   0.00860   0.00769   0.00581   0.00323   0.10808   0.20487   0.08349   0.12177   0.00749   0.10995   0.11198   3.01119   1.17358   0.03328   0.09583  
  9 1111.4261  10686.671385  x:  0.27905   0.14847   0.10164   0.00500   0.07028   0.05225   0.05870   0.07300   0.07598   0.02315   0.00380   0.00305   0.00773   0.02667   0.01295   0.00052   0.01112   0.00712   0.00749   0.00382   0.00171   0.00599   0.00867   0.00867   0.03126   0.15853   0.01002   0.02611   0.02417   0.01759   0.00127   0.00875   0.00865   0.00532   0.00345   0.10841   0.20545   0.08330   0.12200   0.00729   0.11001   0.11217   3.01206   1.17384   0.03304   0.09244  
 10 445.3547  10686.428212  x:  0.27957   0.14881   0.10159   0.00498   0.07006   0.05218   0.05840   0.07250   0.07556   0.02335   0.00378   0.00204   0.00821   0.02633   0.01251   0.00056   0.01135   0.00717   0.00737   0.00401   0.00166   0.00604   0.00902   0.00899   0.03015   0.15887   0.01011   0.02612   0.02364   0.01750   0.00128   0.00868   0.00910   0.00499   0.00343   0.10847   0.20574   0.08310   0.12207   0.00725   0.11001   0.11218   3.01257   1.17394   0.03294   0.09151  
 11 313.6117  10686.165372  x:  0.28059   0.14943   0.10146   0.00497   0.06961   0.05201   0.05783   0.07149   0.07472   0.02353   0.00379   0.00263   0.00925   0.02594   0.01252   0.00062   0.01216   0.00746   0.00676   0.00458   0.00158   0.00671   0.00924   0.00919   0.02821   0.15952   0.01031   0.02606   0.02292   0.01749   0.00128   0.00846   0.00960   0.00506   0.00331   0.10855   0.20629   0.08267   0.12216   0.00719   0.10998   0.11213   3.01363   1.17413   0.03276   0.09035  
 12 332.3261  10685.968330  x:  0.28188   0.15023   0.10133   0.00512   0.06912   0.05181   0.05725   0.07039   0.07384   0.02332   0.00377   0.00251   0.00957   0.02594   0.01352   0.00068   0.01279   0.00738   0.00680   0.00366   0.00151   0.00652   0.00891   0.00887   0.02660   0.16027   0.01050   0.02593   0.02275   0.01767   0.00130   0.00846   0.00936   0.00561   0.00331   0.10872   0.20697   0.08216   0.12224   0.00702   0.10990   0.11208   3.01506   1.17435   0.03256   0.08969  
 13 209.4957  10685.812158  x:  0.28344   0.15121   0.10121   0.00513   0.06862   0.05160   0.05673   0.06926   0.07301   0.02286   0.00383   0.00254   0.00927   0.02620   0.01458   0.00073   0.01287   0.00717   0.00723   0.00430   0.00147   0.00602   0.00871   0.00869   0.02560   0.16113   0.01064   0.02578   0.02307   0.01787   0.00130   0.00866   0.00902   0.00503   0.00340   0.10902   0.20778   0.08160   0.12233   0.00710   0.10979   0.11204   3.01689   1.17461   0.03230   0.08940  
 14 222.2925  10685.584135  x:  0.28667   0.15325   0.10111   0.00510   0.06789   0.05133   0.05609   0.06745   0.07191   0.02219   0.00355   0.00251   0.00835   0.02679   0.01496   0.00077   0.01189   0.00741   0.00726   0.00416   0.00142   0.00682   0.00940   0.00938   0.02563   0.16275   0.01068   0.02562   0.02415   0.01796   0.00128   0.00850   0.00935   0.00513   0.00328   0.10978   0.20941   0.08056   0.12246   0.00715   0.10952   0.11203   3.02102   1.17519   0.03176   0.08960  
 15 181.3421  10685.364467  x:  0.29036   0.15553   0.10112   0.00516   0.06738   0.05119   0.05575   0.06583   0.07116   0.02222   0.00463   0.00249   0.00866   0.02713   0.01427   0.00079   0.01155   0.00742   0.00658   0.00416   0.00141   0.00639   0.00929   0.00925   0.02670   0.16446   0.01056   0.02560   0.02489   0.01784   0.00128   0.00846   0.00951   0.00535   0.00335   0.11065   0.21124   0.07951   0.12259   0.00715   0.10924   0.11205   3.02609   1.17589   0.03111   0.09020  
 16 301.6325  10685.101867  x:  0.29403   0.15773   0.10120   0.00518   0.06705   0.05116   0.05563   0.06450   0.07068   0.02261   0.00374   0.00255   0.00927   0.02723   0.01337   0.00079   0.01177   0.00733   0.00650   0.00417   0.00142   0.00609   0.00888   0.00883   0.02798   0.16607   0.01039   0.02566   0.02519   0.01770   0.00128   0.00854   0.00942   0.00530   0.00341   0.11147   0.21304   0.07856   0.12272   0.00718   0.10900   0.11208   3.03142   1.17661   0.03044   0.09093  
 17 593.1849  10684.943576  x:  0.29683   0.15923   0.10139   0.00514   0.06717   0.05134   0.05590   0.06403   0.07074   0.02317   0.00413   0.00254   0.00923   0.02690   0.01307   0.00076   0.01243   0.00730   0.00760   0.00410   0.00144   0.00682   0.00876   0.00874   0.02878   0.16711   0.01026   0.02581   0.02455   0.01768   0.00128   0.00863   0.00905   0.00516   0.00332   0.11189   0.21436   0.07800   0.12280   0.00720   0.10892   0.11209   3.03617   1.17724   0.02986   0.09160  
 18 311.6705  10684.664744  x:  0.30146   0.16124   0.10197   0.00512   0.06808   0.05200   0.05698   0.06445   0.07167   0.02389   0.00404   0.00252   0.00799   0.02593   0.01393   0.00068   0.01292   0.00755   0.00689   0.00417   0.00153   0.00642   0.00922   0.00923   0.02923   0.16836   0.01021   0.02617   0.02235   0.01790   0.00130   0.00859   0.00875   0.00521   0.00340   0.11205   0.21639   0.07748   0.12294   0.00727   0.10906   0.11206   3.04574   1.17843   0.02875   0.09285  
 19 272.7581  10684.325842  x:  0.30653   0.16260   0.10282   0.00505   0.06963   0.05282   0.05841   0.06622   0.07335   0.02348   0.00403   0.00253   0.00873   0.02547   0.01460   0.00057   0.01117   0.00678   0.00700   0.00421   0.00163   0.00677   0.00869   0.00861   0.02803   0.16904   0.01051   0.02642   0.02149   0.01794   0.00131   0.00860   0.00978   0.00520   0.00337   0.11122   0.21840   0.07746   0.12309   0.00722   0.10962   0.11191   3.05940   1.18004   0.02727   0.09409  
 20 282.7291  10683.908822  x:  0.31234   0.16336   0.10376   0.00497   0.07136   0.05348   0.05972   0.06886   0.07535   0.02255   0.00406   0.00255   0.00938   0.02580   0.01387   0.00053   0.01103   0.00870   0.00743   0.00416   0.00168   0.00638   0.00874   0.00875   0.02582   0.16921   0.01071   0.02646   0.02271   0.01773   0.00129   0.00871   0.00918   0.00519   0.00340   0.10931   0.22046   0.07785   0.12328   0.00724   0.11056   0.11165   3.07847   1.18219   0.02529   0.09519  
 21 520.5637  10683.480752  x:  0.31724   0.16335   0.10438   0.00485   0.07244   0.05362   0.06022   0.07119   0.07681   0.02222   0.00407   0.00255   0.00892   0.02654   0.01278   0.00056   0.01242   0.00705   0.00690   0.00416   0.00166   0.00662   0.00917   0.00920   0.02415   0.16888   0.01076   0.02628   0.02451   0.01761   0.00126   0.00866   0.00852   0.00529   0.00336   0.10698   0.22198   0.07846   0.12348   0.00736   0.11152   0.11138   3.09800   1.18431   0.02335   0.09574  
 22 754.7824  10682.610602  x:  0.32446   0.16077   0.10428   0.00496   0.07179   0.05206   0.05818   0.07381   0.07723   0.02512   0.00410   0.00254   0.00718   0.02786   0.01323   0.00077   0.01354   0.00765   0.00712   0.00420   0.00145   0.00647   0.00841   0.00815   0.02486   0.16668   0.01083   0.02559   0.02586   0.01818   0.00124   0.00854   0.01130   0.00526   0.00336   0.10097   0.22326   0.08023   0.12388   0.00729   0.11326   0.11089   3.14263   1.18881   0.01926   0.09477  
 23 496.1873  10681.245716  x:  0.33327   0.15601   0.10338   0.00519   0.06966   0.04973   0.05460   0.07611   0.07650   0.02692   0.00402   0.00253   0.00939   0.02842   0.01506   0.00102   0.01171   0.00733   0.00709   0.00419   0.00118   0.00653   0.00932   0.00971   0.02809   0.16289   0.01063   0.02525   0.02519   0.01856   0.00127   0.00890   0.00881   0.00526   0.00331   0.09257   0.22395   0.08302   0.12442   0.00703   0.11525   0.11048   3.21254   1.19563   0.01309   0.09273  
 24 1419.3470  10679.859444  x:  0.33777   0.15162   0.10188   0.00524   0.06757   0.04968   0.05348   0.07584   0.07449   0.02047   0.00401   0.00253   0.00930   0.02660   0.01473   0.00096   0.01296   0.00733   0.00733   0.00417   0.00123   0.00626   0.00956   0.00862   0.03117   0.15954   0.00972   0.02622   0.02305   0.01742   0.00131   0.00742   0.00947   0.00513   0.00335   0.08865   0.22256   0.08553   0.12463   0.00697   0.11539   0.11104   3.28185   1.20204   0.00734   0.09155  
 25 1023.0708  10678.782257  x:  0.33829   0.14852   0.10043   0.00506   0.06668   0.05126   0.05498   0.07404   0.07244   0.01878   0.00401   0.00253   0.00905   0.02525   0.01439   0.00070   0.01348   0.00741   0.00688   0.00412   0.00148   0.00660   0.00845   0.00969   0.03168   0.15730   0.01028   0.02640   0.02300   0.01751   0.00124   0.01200   0.01037   0.00555   0.00306   0.08944   0.21964   0.08723   0.12436   0.00704   0.11395   0.11209   3.34602   1.20771   0.00227   0.09159  
 26 1224.2748  10674.819465  x:  0.33593   0.14271   0.09749   0.00491   0.06602   0.05533   0.05995   0.06899   0.06831   0.02119   0.00399   0.00251   0.00900   0.02405   0.01435   0.00000   0.01278   0.00732   0.00697   0.00413   0.00216   0.00644   0.00871   0.00938   0.03010   0.15333   0.01102   0.02601   0.02457   0.01827   0.00122   0.01002   0.00974   0.00534   0.00315   0.09538   0.21166   0.09020   0.12329   0.00706   0.10946   0.11477   3.49314   1.22044  -0.00906   0.09293  
 27 2845.8662  10674.237346  x:  0.33516   0.14260   0.09754   0.00490   0.06620   0.05495   0.05977   0.06882   0.06851   0.02119   0.00399   0.00251   0.00897   0.02465   0.01427   0.00000   0.01271   0.00733   0.00696   0.00413   0.00084   0.00645   0.00866   0.00938   0.02985   0.15337   0.01065   0.02593   0.02416   0.01799   0.00122   0.01008   0.00973   0.00535   0.00314   0.09620   0.21100   0.09006   0.12314   0.00708   0.10919   0.11479   3.50559   1.22146  -0.00996   0.09321  
 28 1551.3779  10671.894618  x:  0.32695   0.14148   0.09809   0.00488   0.06765   0.05020   0.05689   0.06695   0.07050   0.02134   0.00398   0.00249   0.00867   0.03081   0.01333   0.00000   0.01219   0.00739   0.00684   0.00410   0.00147   0.00648   0.00820   0.00944   0.02699   0.15386   0.00725   0.02498   0.02011   0.01522   0.00127   0.01054   0.00960   0.00537   0.00312   0.10426   0.20416   0.08836   0.12146   0.00731   0.10663   0.11464   3.63842   1.23236  -0.01958   0.09595  
 29 2886.4074  10670.488911  x:  0.31949   0.14219   0.09950   0.00494   0.06864   0.04589   0.05290   0.06677   0.07316   0.02061   0.00398   0.00249   0.00841   0.03155   0.01211   0.00000   0.01218   0.00742   0.00684   0.00406   0.00150   0.00645   0.00855   0.00887   0.02626   0.15580   0.01241   0.02550   0.01865   0.01620   0.00126   0.01036   0.00921   0.00535   0.00314   0.10897   0.20055   0.08535   0.12024   0.00752   0.10606   0.11316   3.72242   1.23901  -0.02541   0.09759  
 30 2494.8699  10668.957081  x:  0.30894   0.14485   0.10191   0.00504   0.06898   0.04354   0.04804   0.06775   0.07596   0.02060   0.00396   0.00248   0.00837   0.02534   0.01242   0.00000   0.01193   0.00734   0.00680   0.00406   0.00143   0.00641   0.00777   0.00940   0.02563   0.15967   0.00983   0.02707   0.02126   0.01828   0.00121   0.01009   0.00929   0.00531   0.00316   0.11150   0.19891   0.07964   0.11907   0.00768   0.10742   0.10949   3.80430   1.24505  -0.03064   0.09843  
 31 1389.2617  10668.275911  x:  0.30191   0.14725   0.10308   0.00502   0.06807   0.04568   0.04786   0.06830   0.07622   0.02093   0.00395   0.00248   0.00841   0.02447   0.01323   0.00000   0.01199   0.00733   0.00673   0.00406   0.00143   0.00647   0.00961   0.00783   0.02616   0.16250   0.00997   0.02576   0.02193   0.01572   0.00123   0.01093   0.00923   0.00537   0.00310   0.11023   0.20014   0.07581   0.11881   0.00772   0.10927   0.10658   3.84202   1.24745  -0.03265   0.09792  
 32 736.7520  10667.655720  x:  0.29441   0.15011   0.10399   0.00497   0.06684   0.04838   0.04909   0.06873   0.07581   0.02067   0.00394   0.00248   0.00843   0.02563   0.01334   0.00000   0.01218   0.00729   0.00684   0.00407   0.00143   0.00635   0.00780   0.00956   0.02694   0.16544   0.01053   0.02452   0.02158   0.01521   0.00125   0.00996   0.00939   0.00528   0.00314   0.10782   0.20249   0.07221   0.11883   0.00777   0.11137   0.10369   3.87661   1.24940  -0.03423   0.09712  
 33 1054.4119  10667.369521  x:  0.29007   0.15208   0.10412   0.00489   0.06632   0.04901   0.05060   0.06877   0.07515   0.02037   0.00395   0.00248   0.00859   0.02711   0.01286   0.00000   0.01219   0.00732   0.00683   0.00406   0.00145   0.00636   0.00850   0.00897   0.02715   0.16688   0.00992   0.02510   0.02103   0.01764   0.00121   0.01024   0.00937   0.00533   0.00310   0.10601   0.20465   0.07115   0.11911   0.00782   0.11231   0.10269   3.89357   1.25009  -0.03474   0.09676  
 34 536.2965  10667.117860  x:  0.28520   0.15515   0.10343   0.00490   0.06676   0.04692   0.05255   0.06851   0.07401   0.02070   0.00395   0.00248   0.00857   0.02718   0.01321   0.00000   0.01224   0.00731   0.00684   0.00407   0.00145   0.00636   0.00843   0.00909   0.02707   0.16782   0.01012   0.02732   0.02136   0.01665   0.00122   0.01025   0.00944   0.00533   0.00309   0.10376   0.20879   0.07279   0.11999   0.00772   0.11240   0.10367   3.90801   1.24993  -0.03438   0.09699  
 35 180.1513  10666.979322  x:  0.28228   0.15744   0.10277   0.00489   0.06748   0.04620   0.05242   0.06839   0.07366   0.02054   0.00395   0.00248   0.00855   0.02647   0.01300   0.00000   0.01217   0.00731   0.00684   0.00407   0.00144   0.00637   0.00842   0.00903   0.02700   0.16791   0.01008   0.02525   0.02125   0.01692   0.00121   0.01024   0.00938   0.00533   0.00309   0.10255   0.21190   0.07473   0.12062   0.00768   0.11189   0.10518   3.91584   1.24926  -0.03359   0.09747  
 36 144.6925  10666.926586  x:  0.28123   0.15856   0.10242   0.00491   0.06771   0.04762   0.05089   0.06828   0.07410   0.02064   0.00395   0.00248   0.00854   0.02675   0.01297   0.00000   0.01216   0.00732   0.00684   0.00407   0.00145   0.00637   0.00841   0.00905   0.02686   0.16735   0.01013   0.02580   0.02120   0.01693   0.00122   0.01025   0.00938   0.00533   0.00310   0.10215   0.21340   0.07554   0.12069   0.00765   0.11120   0.10616   3.91901   1.24824  -0.03249   0.09765  
 37 52.5169  10666.842876  x:  0.28120   0.16002   0.10262   0.00491   0.06605   0.04732   0.05148   0.06807   0.07589   0.02064   0.00395   0.00248   0.00853   0.02665   0.01301   0.00000   0.01216   0.00732   0.00684   0.00407   0.00145   0.00638   0.00842   0.00904   0.02660   0.16416   0.01016   0.02571   0.02127   0.01693   0.00122   0.01025   0.00939   0.00533   0.00310   0.10192   0.21524   0.07392   0.11953   0.00770   0.10945   0.10687   3.92449   1.24203  -0.02599   0.09692  
 38 21.2580  10666.615034  x:  0.28279   0.16178   0.10358   0.00489   0.07038   0.04728   0.05140   0.06807   0.07357   0.02066   0.00397   0.00249   0.00858   0.02689   0.01310   0.00000   0.01225   0.00734   0.00686   0.00409   0.00146   0.00641   0.00846   0.00908   0.02719   0.16021   0.01029   0.02581   0.02140   0.01699   0.00122   0.01029   0.00943   0.00534   0.00311   0.10275   0.21726   0.07202   0.11902   0.00772   0.11041   0.10590   3.94022   1.22037  -0.00330   0.09473  
 39 57.2545  10666.110755  x:  0.28700   0.16295   0.10498   0.00498   0.06729   0.04814   0.05178   0.07028   0.07380   0.02114   0.00402   0.00252   0.00849   0.02699   0.01285   0.00000   0.01215   0.00742   0.00688   0.00413   0.00148   0.00655   0.00842   0.00907   0.02673   0.16332   0.01047   0.02625   0.02130   0.01713   0.00124   0.01042   0.00934   0.00536   0.00318   0.10589   0.21842   0.07619   0.12269   0.00754   0.11555   0.10565   3.97481   1.17056   0.04890   0.09262  
 40 167.1968  10665.954535  x:  0.28838   0.16125   0.10409   0.00497   0.06904   0.04828   0.05239   0.06875   0.07634   0.02112   0.00403   0.00253   0.00855   0.02713   0.01308   0.00000   0.01228   0.00743   0.00691   0.00414   0.00148   0.00656   0.00848   0.00912   0.02712   0.16816   0.01038   0.02620   0.02164   0.01723   0.00124   0.01044   0.00943   0.00537   0.00318   0.10357   0.21782   0.07590   0.12314   0.00751   0.11391   0.10734   3.98561   1.15486   0.06542   0.09091  
 41 116.5091  10665.942649  x:  0.28849   0.16112   0.10465   0.00496   0.06890   0.04829   0.05233   0.06968   0.07556   0.02114   0.00403   0.00253   0.00855   0.02715   0.01305   0.00000   0.01227   0.00743   0.00691   0.00414   0.00149   0.00656   0.00848   0.00912   0.02713   0.16889   0.01038   0.02623   0.02160   0.01722   0.00124   0.01044   0.00942   0.00537   0.00318   0.10331   0.21770   0.07577   0.12252   0.00753   0.11299   0.10791   3.98633   1.15390   0.06650   0.09088  
 42 12.8530  10665.867991  x:  0.28858   0.16144   0.10487   0.00493   0.06888   0.04836   0.05243   0.06863   0.07577   0.02114   0.00403   0.00253   0.00853   0.02711   0.01303   0.00000   0.01225   0.00743   0.00690   0.00414   0.00148   0.00656   0.00847   0.00910   0.02713   0.16942   0.01036   0.02620   0.02160   0.01722   0.00124   0.01042   0.00940   0.00536   0.00316   0.10278   0.21754   0.07770   0.11795   0.00759   0.11388   0.10702   3.98814   1.15532   0.06760   0.09075  
 43  1.0523  10659.796577  x:  0.29242   0.16829   0.10137   0.00321   0.06619   0.04997   0.05311   0.05798   0.06698   0.02321   0.00382   0.00245   0.00722   0.02440   0.01020   0.00000   0.01013   0.00741   0.00643   0.00382   0.00126   0.00639   0.00768   0.00799   0.02135   0.16076   0.01078   0.02628   0.02037   0.01659   0.00098   0.00897   0.00785   0.00510   0.00194   0.07154   0.19366   0.07502   0.11924   0.00947   0.11180   0.10342   4.12299   1.28595   0.13486   0.09713  
 44 13.6063  10657.961826  x:  0.29206   0.14763   0.09319   0.00279   0.06523   0.04996   0.05258   0.05889   0.06426   0.02384   0.00376   0.00243   0.00672   0.02340   0.00914   0.00000   0.00935   0.00740   0.00624   0.00372   0.00118   0.00636   0.00738   0.00756   0.01935   0.16167   0.01085   0.02632   0.01982   0.01633   0.00091   0.00850   0.00724   0.00498   0.00159   0.07461   0.20990   0.07143   0.11755   0.01029   0.10772   0.09513   4.16566   1.32765   0.15602   0.09882  
 45 177.5427  10657.856214  x:  0.29177   0.14479   0.09601   0.00274   0.06517   0.05005   0.05259   0.05735   0.06419   0.02391   0.00376   0.00243   0.00669   0.02337   0.00907   0.00000   0.00930   0.00741   0.00623   0.00372   0.00118   0.00637   0.00737   0.00754   0.01920   0.16153   0.01085   0.02635   0.01980   0.01634   0.00091   0.00849   0.00721   0.00498   0.00157   0.07488   0.21183   0.07028   0.11730   0.01026   0.10998   0.09812   4.16823   1.33021   0.15724   0.09929  
 46 42.1910  10657.855464  x:  0.29177   0.14479   0.09601   0.00274   0.06517   0.05005   0.05259   0.05734   0.06419   0.02391   0.00376   0.00243   0.00669   0.02337   0.00907   0.00005   0.00930   0.00741   0.00623   0.00372   0.00118   0.00637   0.00737   0.00754   0.01920   0.16153   0.01085   0.02635   0.01980   0.01634   0.00091   0.00849   0.00721   0.00498   0.00157   0.07488   0.21183   0.07028   0.11730   0.01026   0.10998   0.09812   4.16823   1.33021   0.15724   0.09929  
 47 32.0702  10657.854582  x:  0.29176   0.14473   0.09638   0.00274   0.06517   0.05006   0.05259   0.05719   0.06422   0.02391   0.00376   0.00243   0.00669   0.02337   0.00908   0.00005   0.00930   0.00740   0.00623   0.00372   0.00118   0.00637   0.00737   0.00754   0.01921   0.16151   0.01085   0.02635   0.01980   0.01634   0.00091   0.00849   0.00721   0.00498   0.00157   0.07485   0.21188   0.07043   0.11742   0.01027   0.10979   0.09791   4.16827   1.33025   0.15728   0.09928  
 48  2.9424  10657.266217  x:  0.29825   0.14199   0.09598   0.00282   0.06456   0.05101   0.05303   0.05772   0.06349   0.02464   0.00370   0.00246   0.00665   0.02387   0.01069   0.00007   0.01009   0.00737   0.00619   0.00377   0.00112   0.00629   0.00742   0.00733   0.02227   0.15858   0.01107   0.02644   0.02040   0.01646   0.00095   0.00838   0.00743   0.00484   0.00147   0.07883   0.21161   0.07117   0.11840   0.01051   0.10993   0.09856   4.27849   1.46993   0.31044   0.10317  
 49  0.2787  10657.152615  x:  0.29969   0.14380   0.09669   0.00270   0.06466   0.05122   0.05309   0.05833   0.06448   0.02499   0.00376   0.00246   0.00676   0.02391   0.00986   0.00015   0.00995   0.00742   0.00616   0.00370   0.00105   0.00621   0.00745   0.00745   0.02141   0.15832   0.01108   0.02646   0.02036   0.01636   0.00097   0.00861   0.00751   0.00474   0.00129   0.07940   0.21072   0.07183   0.11867   0.01077   0.10974   0.09904   4.34429   1.62934   0.47003   0.10388  
 50  0.2203  10657.110541  x:  0.29901   0.14358   0.09650   0.00284   0.06479   0.05104   0.05292   0.05822   0.06443   0.02493   0.00378   0.00246   0.00684   0.02386   0.01008   0.00024   0.00988   0.00741   0.00623   0.00369   0.00098   0.00608   0.00747   0.00757   0.02108   0.15907   0.01104   0.02645   0.02019   0.01637   0.00106   0.00853   0.00749   0.00473   0.00153   0.07819   0.21103   0.07163   0.11837   0.01095   0.10965   0.09891   4.37422   1.81504   0.65148   0.10402  
 51  0.2091  10657.069775  x:  0.29827   0.14336   0.09626   0.00274   0.06483   0.05085   0.05293   0.05785   0.06394   0.02471   0.00374   0.00245   0.00666   0.02380   0.01013   0.00037   0.00983   0.00740   0.00619   0.00370   0.00086   0.00626   0.00736   0.00740   0.02151   0.15950   0.01100   0.02645   0.02015   0.01639   0.00111   0.00854   0.00733   0.00479   0.00137   0.07796   0.21117   0.07144   0.11813   0.01129   0.10970   0.09881   4.38316   2.12106   0.95403   0.10307  
 52  0.2618  10657.035715  x:  0.29897   0.14322   0.09647   0.00281   0.06473   0.05097   0.05308   0.05811   0.06419   0.02467   0.00374   0.00245   0.00676   0.02388   0.00994   0.00048   0.01003   0.00742   0.00618   0.00375   0.00073   0.00628   0.00747   0.00744   0.02139   0.15873   0.01109   0.02644   0.02039   0.01641   0.00121   0.00852   0.00761   0.00481   0.00146   0.07931   0.21129   0.07156   0.11838   0.01148   0.10985   0.09886   4.36159   2.46635   1.30548   0.10291  
 53  0.2905  10657.021564  x:  0.29932   0.14350   0.09654   0.00276   0.06470   0.05107   0.05304   0.05827   0.06443   0.02478   0.00376   0.00246   0.00679   0.02385   0.01016   0.00056   0.00988   0.00743   0.00620   0.00372   0.00064   0.00619   0.00747   0.00752   0.02132   0.15866   0.01108   0.02645   0.02028   0.01639   0.00125   0.00854   0.00741   0.00476   0.00142   0.07870   0.21113   0.07162   0.11841   0.01156   0.10976   0.09891   4.34804   2.68964   1.52888   0.10336  
 54  0.2393  10657.016931  x:  0.29880   0.14349   0.09642   0.00273   0.06478   0.05104   0.05299   0.05806   0.06419   0.02484   0.00376   0.00246   0.00674   0.02387   0.01002   0.00062   0.00993   0.00742   0.00620   0.00370   0.00058   0.00616   0.00742   0.00745   0.02145   0.15905   0.01104   0.02645   0.02024   0.01637   0.00127   0.00851   0.00749   0.00474   0.00143   0.07838   0.21104   0.07154   0.11829   0.01152   0.10971   0.09884   4.34648   2.84432   1.68106   0.10370  
 55  0.1533  10657.012871  x:  0.29844   0.14346   0.09644   0.00270   0.06480   0.05101   0.05304   0.05806   0.06421   0.02482   0.00375   0.00245   0.00675   0.02385   0.01009   0.00070   0.00991   0.00742   0.00618   0.00371   0.00050   0.00623   0.00744   0.00744   0.02128   0.15910   0.01104   0.02646   0.02029   0.01639   0.00127   0.00849   0.00744   0.00476   0.00143   0.07897   0.21109   0.07155   0.11834   0.01132   0.10976   0.09886   4.34933   3.04461   1.88109   0.10370  
 56  0.1152  10657.010711  x:  0.29882   0.14339   0.09645   0.00268   0.06474   0.05101   0.05303   0.05818   0.06431   0.02481   0.00376   0.00246   0.00676   0.02386   0.01006   0.00073   0.00992   0.00743   0.00619   0.00372   0.00047   0.00622   0.00745   0.00748   0.02141   0.15891   0.01105   0.02645   0.02028   0.01639   0.00126   0.00854   0.00746   0.00476   0.00143   0.07861   0.21123   0.07156   0.11840   0.01115   0.10978   0.09888   4.35053   3.15326   1.99032   0.10360  
 57  0.1117  10657.010175  x:  0.29892   0.14349   0.09645   0.00268   0.06474   0.05103   0.05302   0.05809   0.06422   0.02480   0.00376   0.00246   0.00674   0.02386   0.01007   0.00073   0.00991   0.00743   0.00620   0.00371   0.00047   0.00618   0.00743   0.00746   0.02137   0.15886   0.01106   0.02645   0.02026   0.01639   0.00124   0.00851   0.00747   0.00475   0.00143   0.07861   0.21105   0.07159   0.11839   0.01110   0.10975   0.09888   4.35063   3.18131   2.01807   0.10359  
 58  0.0277  10657.009404  x:  0.29872   0.14338   0.09644   0.00270   0.06478   0.05104   0.05300   0.05808   0.06424   0.02480   0.00375   0.00245   0.00677   0.02385   0.01006   0.00070   0.00993   0.00742   0.00618   0.00371   0.00050   0.00619   0.00745   0.00747   0.02136   0.15904   0.01105   0.02645   0.02026   0.01638   0.00119   0.00853   0.00746   0.00477   0.00142   0.07865   0.21100   0.07155   0.11835   0.01110   0.10975   0.09884   4.34981   3.21571   2.05208   0.10365  
 59  0.0124  10657.009027  x:  0.29880   0.14346   0.09646   0.00272   0.06475   0.05103   0.05302   0.05814   0.06427   0.02481   0.00376   0.00246   0.00675   0.02386   0.01006   0.00069   0.00991   0.00743   0.00620   0.00371   0.00052   0.00620   0.00744   0.00747   0.02138   0.15892   0.01105   0.02645   0.02028   0.01639   0.00118   0.00852   0.00746   0.00476   0.00143   0.07864   0.21113   0.07157   0.11838   0.01117   0.10976   0.09888   4.34984   3.25242   2.08918   0.10364  
 60  0.0333  10657.008922  x:  0.29886   0.14345   0.09644   0.00273   0.06474   0.05102   0.05302   0.05811   0.06425   0.02481   0.00376   0.00245   0.00676   0.02386   0.01007   0.00069   0.00992   0.00743   0.00619   0.00371   0.00051   0.00620   0.00744   0.00746   0.02137   0.15889   0.01105   0.02645   0.02027   0.01639   0.00119   0.00853   0.00747   0.00476   0.00142   0.07861   0.21112   0.07157   0.11838   0.01120   0.10976   0.09887   4.35012   3.29849   2.13523   0.10363  
 61  0.0442  10657.008886  x:  0.29885   0.14343   0.09645   0.00273   0.06475   0.05102   0.05302   0.05811   0.06425   0.02481   0.00376   0.00246   0.00675   0.02386   0.01006   0.00070   0.00992   0.00743   0.00619   0.00371   0.00051   0.00620   0.00744   0.00747   0.02138   0.15892   0.01105   0.02645   0.02027   0.01639   0.00119   0.00853   0.00746   0.00476   0.00142   0.07863   0.21109   0.07157   0.11837   0.01120   0.10975   0.09887   4.35021   3.33450   2.17118   0.10363  
 62  0.0375  10657.008872  x:  0.29882   0.14344   0.09645   0.00272   0.06475   0.05103   0.05301   0.05812   0.06425   0.02480   0.00375   0.00246   0.00675   0.02386   0.01007   0.00069   0.00992   0.00743   0.00619   0.00371   0.00051   0.00620   0.00744   0.00747   0.02137   0.15893   0.01105   0.02645   0.02027   0.01639   0.00119   0.00852   0.00747   0.00476   0.00142   0.07862   0.21110   0.07157   0.11837   0.01119   0.10976   0.09887   4.35011   3.35134   2.18800   0.10364  
 63  0.0146  10657.008848  x:  0.29882   0.14347   0.09645   0.00272   0.06475   0.05103   0.05302   0.05811   0.06425   0.02480   0.00376   0.00245   0.00676   0.02386   0.01006   0.00067   0.00992   0.00743   0.00620   0.00371   0.00053   0.00620   0.00744   0.00747   0.02138   0.15891   0.01105   0.02645   0.02027   0.01639   0.00119   0.00853   0.00746   0.00476   0.00142   0.07863   0.21112   0.07157   0.11838   0.01118   0.10976   0.09887   4.34995   3.36526   2.20192   0.10364  
 64  0.0060  10657.008834  x:  0.29884   0.14344   0.09644   0.00272   0.06475   0.05102   0.05302   0.05811   0.06425   0.02481   0.00376   0.00246   0.00675   0.02386   0.01006   0.00065   0.00992   0.00743   0.00619   0.00371   0.00055   0.00620   0.00744   0.00747   0.02138   0.15891   0.01105   0.02645   0.02027   0.01639   0.00119   0.00853   0.00746   0.00476   0.00142   0.07863   0.21110   0.07157   0.11837   0.01119   0.10975   0.09887   4.35005   3.36062   2.19727   0.10364  
 65  0.0047  10657.008833  x:  0.29883   0.14344   0.09645   0.00272   0.06475   0.05102   0.05302   0.05811   0.06425   0.02481   0.00376   0.00246   0.00675   0.02386   0.01006   0.00065   0.00992   0.00743   0.00619   0.00371   0.00055   0.00620   0.00744   0.00747   0.02138   0.15892   0.01105   0.02645   0.02027   0.01639   0.00119   0.00852   0.00746   0.00476   0.00142   0.07863   0.21110   0.07157   0.11837   0.01119   0.10975   0.09887   4.35011   3.35696   2.19362   0.10364  
 66  0.0057  10657.008833  x:  0.29883   0.14344   0.09645   0.00272   0.06475   0.05102   0.05301   0.05811   0.06425   0.02481   0.00376   0.00246   0.00675   0.02386   0.01006   0.00065   0.00992   0.00743   0.00619   0.00371   0.00055   0.00620   0.00744   0.00747   0.02138   0.15892   0.01105   0.02645   0.02027   0.01639   0.00119   0.00853   0.00746   0.00476   0.00142   0.07863   0.21110   0.07157   0.11837   0.01119   0.10976   0.09887   4.35012   3.35612   2.19278   0.10364  
 67  0.0012  10657.008833  x:  0.29883   0.14344   0.09645   0.00272   0.06475   0.05102   0.05301   0.05811   0.06425   0.02481   0.00376   0.00246   0.00675   0.02386   0.01006   0.00065   0.00992   0.00743   0.00619   0.00371   0.00055   0.00620   0.00744   0.00747   0.02138   0.15892   0.01105   0.02645   0.02027   0.01639   0.00119   0.00853   0.00746   0.00476   0.00142   0.07863   0.21110   0.07157   0.11837   0.01119   0.10976   0.09887   4.35012   3.35604   2.19270   0.10364  
 68  0.0001  10657.008833  x:  0.29883   0.14344   0.09645   0.00272   0.06475   0.05102   0.05301   0.05811   0.06425   0.02481   0.00376   0.00246   0.00675   0.02386   0.01006   0.00065   0.00992   0.00743   0.00619   0.00371   0.00055   0.00620   0.00744   0.00747   0.02138   0.15892   0.01105   0.02645   0.02027   0.01639   0.00119   0.00853   0.00746   0.00476   0.00142   0.07863   0.21110   0.07157   0.11837   0.01119   0.10976   0.09887   4.35012   3.35612   2.19278   0.10364  
 69  0.0001  10657.008833  x:  0.29883   0.14344   0.09645   0.00272   0.06475   0.05102   0.05301   0.05811   0.06425   0.02481   0.00376   0.00246   0.00675   0.02386   0.01006   0.00065   0.00992   0.00743   0.00619   0.00371   0.00055   0.00620   0.00744   0.00747   0.02138   0.15892   0.01105   0.02645   0.02027   0.01639   0.00119   0.00853   0.00746   0.00476   0.00142   0.07863   0.21110   0.07157   0.11837   0.01119   0.10976   0.09887   4.35012   3.35612   2.19278   0.10364  