

TREE # 1

  0  0.0000  10759.421399  x:  0.26385   0.11577   0.08596   0.00000   0.06063   0.05075   0.04950   0.04981   0.05520   0.02619   0.00368   0.00258   0.00477   0.02271   0.00778   0.00197   0.00852   0.00766   0.00524   0.00418   0.00162   0.00718   0.00615   0.00626   0.01824   0.14125   0.01212   0.02718   0.01864   0.01586   0.00123   0.00887   0.00574   0.00380   0.00237   0.05365   0.19416   0.06079   0.10998   0.00040   0.10813   0.08203   3.00000   1.16374   0.04304   0.25098  
  1 99.0000  10748.752994  x:  0.26399   0.11620   0.08621   0.00460   0.06083   0.05082   0.04975   0.05019   0.05553   0.02612   0.00374   0.00249   0.00570   0.02287   0.00845   0.00034   0.00895   0.00761   0.00573   0.00392   0.00000   0.00685   0.00670   0.00676   0.01864   0.14143   0.01210   0.02712   0.01885   0.01595   0.00165   0.00871   0.00652   0.00435   0.00155   0.05445   0.19428   0.06125   0.11023   0.00825   0.10824   0.08257   3.00012   1.16386   0.04291   0.24912  
  2 3118.0286  10747.523175  x:  0.26406   0.11639   0.08631   0.00539   0.06090   0.05084   0.04983   0.05035   0.05567   0.02608   0.00376   0.00247   0.00600   0.02294   0.00869   0.00145   0.00911   0.00759   0.00588   0.00384   0.00114   0.00673   0.00689   0.00693   0.01880   0.14152   0.01209   0.02710   0.01894   0.01599   0.00164   0.00866   0.00677   0.00451   0.00139   0.05479   0.19434   0.06142   0.11032   0.00999   0.10826   0.08278   3.00018   1.16391   0.04286   0.24830  
  3 3304.2768  10741.703661  x:  0.26473   0.11813   0.08717   0.00249   0.06145   0.05087   0.05039   0.05187   0.05702   0.02573   0.00385   0.00256   0.00745   0.02354   0.01030   0.00134   0.01020   0.00750   0.00663   0.00359   0.00114   0.00597   0.00792   0.00791   0.02022   0.14235   0.01199   0.02692   0.01971   0.01630   0.00000   0.00836   0.00803   0.00510   0.00224   0.05798   0.19486   0.06279   0.11096   0.01171   0.10835   0.08450   3.00071   1.16442   0.04235   0.24049  
  4 958.4870  10737.472777  x:  0.26531   0.11962   0.08790   0.00000   0.06193   0.05089   0.05086   0.05317   0.05817   0.02542   0.00391   0.00262   0.00863   0.02404   0.01162   0.00125   0.01110   0.00742   0.00722   0.00340   0.00114   0.00536   0.00876   0.00870   0.02143   0.14306   0.01190   0.02677   0.02037   0.01658   0.00053   0.00813   0.00906   0.00557   0.00282   0.06070   0.19530   0.06396   0.11151   0.01298   0.10842   0.08597   3.00116   1.16486   0.04192   0.23376  
  5 17568.6303  10704.150965  x:  0.27237   0.13702   0.09676   0.00678   0.06786   0.05182   0.05704   0.06780   0.07113   0.02193   0.00378   0.00249   0.01437   0.02879   0.02083   0.00044   0.01710   0.00723   0.00910   0.00478   0.00140   0.00414   0.01275   0.01253   0.03323   0.15160   0.01066   0.02536   0.02674   0.01918   0.00144   0.00727   0.01376   0.00570   0.00043   0.09163   0.20068   0.07684   0.11759   0.00449   0.10904   0.10254   3.00668   1.17011   0.03671   0.15248  
  6 3436.4877  10700.343180  x:  0.27419   0.14107   0.09877   0.00848   0.06915   0.05207   0.05831   0.07085   0.07386   0.02145   0.00380   0.00249   0.01409   0.02935   0.02133   0.00040   0.01713   0.00741   0.00848   0.00461   0.00159   0.00571   0.01229   0.01209   0.03505   0.15372   0.01034   0.02524   0.02755   0.01942   0.00189   0.00776   0.01329   0.00522   0.00594   0.09848   0.20205   0.07971   0.11908   0.00384   0.10927   0.10633   3.00809   1.17138   0.03545   0.13236  
  7 6185.4983  10689.060063  x:  0.27724   0.14657   0.10124   0.00522   0.07050   0.05238   0.05924   0.07377   0.07652   0.02205   0.00402   0.00274   0.00935   0.02837   0.01734   0.00041   0.01326   0.00801   0.00526   0.00293   0.00178   0.00855   0.00800   0.00801   0.03460   0.15701   0.00994   0.02578   0.02646   0.01852   0.00128   0.00866   0.00851   0.00277   0.00346   0.10671   0.20431   0.08309   0.12135   0.00710   0.10986   0.11119   3.01046   1.17321   0.03363   0.10227  
  8 2541.1066  10687.477235  x:  0.27806   0.14763   0.10159   0.00480   0.07057   0.05241   0.05916   0.07385   0.07661   0.02248   0.00378   0.00231   0.00800   0.02771   0.01540   0.00044   0.01195   0.00782   0.00613   0.00458   0.00177   0.00783   0.00753   0.00757   0.03352   0.15778   0.00992   0.02598   0.02561   0.01809   0.00119   0.00854   0.00772   0.00583   0.00322   0.10795   0.20487   0.08348   0.12178   0.00746   0.10999   0.11194   3.01113   1.17358   0.03327   0.09640  
  9 1169.4758  10686.549839  x:  0.27902   0.14837   0.10162   0.00501   0.07028   0.05234   0.05870   0.07312   0.07599   0.02315   0.00379   0.00304   0.00773   0.02672   0.01305   0.00051   0.01114   0.00736   0.00750   0.00385   0.00170   0.00579   0.00864   0.00863   0.03134   0.15851   0.01003   0.02614   0.02423   0.01762   0.00124   0.00840   0.00861   0.00530   0.00344   0.10831   0.20545   0.08330   0.12201   0.00727   0.11006   0.11214   3.01199   1.17384   0.03301   0.09293  
 10 455.8427  10686.297398  x:  0.27955   0.14871   0.10157   0.00499   0.07006   0.05226   0.05840   0.07261   0.07556   0.02337   0.00378   0.00203   0.00821   0.02637   0.01257   0.00055   0.01136   0.00737   0.00741   0.00404   0.00165   0.00589   0.00900   0.00898   0.03021   0.15886   0.01013   0.02615   0.02368   0.01752   0.00125   0.00828   0.00908   0.00497   0.00343   0.10836   0.20574   0.08311   0.12209   0.00723   0.11006   0.11215   3.01251   1.17395   0.03291   0.09197  
 11 316.4327  10686.034168  x:  0.28055   0.14931   0.10144   0.00499   0.06963   0.05210   0.05784   0.07164   0.07475   0.02357   0.00379   0.00263   0.00922   0.02597   0.01249   0.00062   0.01212   0.00753   0.00685   0.00456   0.00157   0.00666   0.00928   0.00923   0.02830   0.15950   0.01032   0.02610   0.02295   0.01749   0.00126   0.00809   0.00961   0.00506   0.00331   0.10844   0.20629   0.08269   0.12219   0.00716   0.11004   0.11211   3.01353   1.17414   0.03273   0.09080  
 12 342.7792  10685.827532  x:  0.28189   0.15014   0.10130   0.00513   0.06911   0.05189   0.05723   0.07050   0.07382   0.02336   0.00375   0.00251   0.00960   0.02596   0.01353   0.00068   0.01281   0.00754   0.00678   0.00366   0.00150   0.00634   0.00893   0.00889   0.02660   0.16029   0.01052   0.02596   0.02276   0.01768   0.00127   0.00823   0.00938   0.00560   0.00331   0.10861   0.20701   0.08216   0.12228   0.00699   0.10997   0.11205   3.01501   1.17438   0.03250   0.09010  
 13 207.8959  10685.676786  x:  0.28338   0.15107   0.10119   0.00514   0.06863   0.05169   0.05672   0.06942   0.07302   0.02293   0.00384   0.00254   0.00936   0.02619   0.01456   0.00073   0.01292   0.00741   0.00718   0.00434   0.00146   0.00587   0.00873   0.00870   0.02562   0.16111   0.01066   0.02582   0.02304   0.01788   0.00127   0.00839   0.00906   0.00504   0.00339   0.10888   0.20779   0.08162   0.12236   0.00707   0.10987   0.11202   3.01675   1.17464   0.03225   0.08980  
 14 225.1487  10685.469247  x:  0.28627   0.15288   0.10109   0.00512   0.06797   0.05143   0.05612   0.06777   0.07200   0.02230   0.00353   0.00251   0.00849   0.02672   0.01503   0.00076   0.01209   0.00737   0.00749   0.00415   0.00142   0.00670   0.00928   0.00926   0.02553   0.16257   0.01070   0.02567   0.02399   0.01798   0.00126   0.00798   0.00925   0.00508   0.00330   0.10953   0.20926   0.08069   0.12249   0.00711   0.10964   0.11200   3.02038   1.17518   0.03175   0.08994  
 15 187.3081  10685.262117  x:  0.28970   0.15498   0.10107   0.00517   0.06745   0.05128   0.05576   0.06622   0.07124   0.02220   0.00457   0.00249   0.00855   0.02709   0.01452   0.00078   0.01159   0.00760   0.00674   0.00413   0.00140   0.00640   0.00937   0.00934   0.02642   0.16418   0.01062   0.02562   0.02478   0.01789   0.00125   0.00810   0.00951   0.00532   0.00333   0.11033   0.21097   0.07970   0.12263   0.00711   0.10939   0.11201   3.02501   1.17584   0.03112   0.09045  
 16 306.8069  10684.996412  x:  0.29399   0.15755   0.10114   0.00518   0.06703   0.05122   0.05557   0.06462   0.07063   0.02256   0.00354   0.00255   0.00918   0.02728   0.01350   0.00078   0.01168   0.00768   0.00632   0.00423   0.00141   0.00592   0.00903   0.00897   0.02789   0.16609   0.01043   0.02568   0.02525   0.01773   0.00125   0.00844   0.00953   0.00529   0.00339   0.11128   0.21309   0.07857   0.12279   0.00717   0.10912   0.11204   3.03113   1.17672   0.03030   0.09128  
 17 549.6152  10684.811210  x:  0.29726   0.15935   0.10131   0.00517   0.06703   0.05135   0.05575   0.06387   0.07055   0.02317   0.00389   0.00255   0.00950   0.02704   0.01290   0.00076   0.01238   0.00739   0.00744   0.00411   0.00143   0.00646   0.00864   0.00861   0.02895   0.16738   0.01027   0.02582   0.02483   0.01766   0.00125   0.00837   0.00914   0.00518   0.00335   0.11185   0.21465   0.07786   0.12290   0.00717   0.10899   0.11206   3.03635   1.17744   0.02962   0.09202  
 18 393.4051  10684.532659  x:  0.30193   0.16140   0.10187   0.00515   0.06789   0.05199   0.05680   0.06420   0.07142   0.02398   0.00386   0.00253   0.00830   0.02607   0.01368   0.00069   0.01302   0.00762   0.00693   0.00419   0.00151   0.00624   0.00909   0.00911   0.02951   0.16868   0.01019   0.02618   0.02265   0.01785   0.00128   0.00781   0.00861   0.00515   0.00344   0.11204   0.21673   0.07730   0.12304   0.00724   0.10910   0.11203   3.04574   1.17867   0.02846   0.09328  
 19 232.6701  10684.253348  x:  0.30634   0.16268   0.10257   0.00507   0.06917   0.05271   0.05803   0.06558   0.07280   0.02380   0.00385   0.00254   0.00840   0.02554   0.01439   0.00059   0.01183   0.00733   0.00705   0.00421   0.00160   0.00657   0.00888   0.00881   0.02871   0.16937   0.01041   0.02642   0.02154   0.01794   0.00127   0.00920   0.00971   0.00525   0.00332   0.11146   0.21851   0.07721   0.12316   0.00721   0.10952   0.11192   3.05704   1.18008   0.02714   0.09439  
 20 297.7497  10683.767652  x:  0.31293   0.16366   0.10366   0.00500   0.07118   0.05354   0.05962   0.06857   0.07512   0.02273   0.00385   0.00256   0.00967   0.02578   0.01389   0.00052   0.01085   0.00796   0.00725   0.00419   0.00168   0.00632   0.00849   0.00847   0.02624   0.16966   0.01071   0.02651   0.02258   0.01777   0.00128   0.00758   0.00931   0.00513   0.00344   0.10946   0.22089   0.07763   0.12337   0.00720   0.11052   0.11165   3.07789   1.18257   0.02483   0.09573  
 21 452.4093  10683.342926  x:  0.31794   0.16362   0.10430   0.00487   0.07227   0.05368   0.06012   0.07095   0.07660   0.02236   0.00390   0.00256   0.00912   0.02654   0.01273   0.00056   0.01238   0.00709   0.00688   0.00418   0.00165   0.00642   0.00916   0.00919   0.02452   0.16931   0.01075   0.02633   0.02444   0.01763   0.00123   0.00863   0.00850   0.00530   0.00336   0.10709   0.22243   0.07827   0.12356   0.00733   0.11148   0.11139   3.09770   1.18484   0.02273   0.09630  
 22 636.4049  10682.737889  x:  0.32318   0.16193   0.10431   0.00492   0.07200   0.05270   0.05887   0.07295   0.07706   0.02409   0.00387   0.00255   0.00760   0.02751   0.01268   0.00070   0.01371   0.00900   0.00736   0.00420   0.00151   0.00637   0.00874   0.00860   0.02468   0.16781   0.01075   0.02586   0.02567   0.01790   0.00121   0.00877   0.01030   0.00525   0.00333   0.10294   0.22342   0.07952   0.12382   0.00732   0.11270   0.11105   3.12862   1.18815   0.01967   0.09576  
 23 531.4476  10681.435437  x:  0.33173   0.15755   0.10360   0.00517   0.07015   0.05041   0.05548   0.07541   0.07662   0.02678   0.00389   0.00254   0.00843   0.02838   0.01438   0.00095   0.01260   0.00635   0.00678   0.00424   0.00124   0.00624   0.00864   0.00861   0.02737   0.16425   0.01072   0.02535   0.02562   0.01842   0.00124   0.00756   0.01039   0.00520   0.00340   0.09493   0.22422   0.08216   0.12430   0.00709   0.11467   0.11062   3.19262   1.19480   0.01356   0.09394  
 24 1329.9721  10680.610459  x:  0.33591   0.15457   0.10280   0.00524   0.06874   0.04956   0.05385   0.07601   0.07571   0.02555   0.00385   0.00254   0.00994   0.02795   0.01503   0.00102   0.01176   0.00820   0.00743   0.00419   0.00115   0.00640   0.00966   0.00973   0.02950   0.16190   0.01037   0.02554   0.02452   0.01825   0.00125   0.00892   0.00838   0.00522   0.00327   0.09095   0.22394   0.08385   0.12451   0.00696   0.11535   0.11066   3.23622   1.19918   0.00954   0.09286  
 25 1591.1171  10679.271923  x:  0.33895   0.15055   0.10126   0.00521   0.06701   0.05017   0.05371   0.07505   0.07357   0.01918   0.00383   0.00254   0.00945   0.02601   0.01436   0.00088   0.01333   0.00769   0.00728   0.00419   0.00129   0.00615   0.00913   0.00895   0.03191   0.15883   0.00967   0.02639   0.02267   0.01740   0.00127   0.00826   0.00962   0.00520   0.00328   0.08871   0.22190   0.08609   0.12454   0.00697   0.11490   0.11142   3.30353   1.20567   0.00362   0.09211  
 26 1271.4375  10674.871485  x:  0.33666   0.14330   0.09759   0.00496   0.06609   0.05547   0.06000   0.06874   0.06830   0.02159   0.00382   0.00252   0.00924   0.02391   0.01431   0.00000   0.01279   0.00762   0.00718   0.00419   0.00215   0.00617   0.00871   0.00941   0.03045   0.15376   0.01167   0.02622   0.02481   0.01809   0.00121   0.00835   0.00937   0.00518   0.00324   0.09531   0.21228   0.08966   0.12330   0.00701   0.10958   0.11459   3.47899   1.22187  -0.01109   0.09352  
 27 1199.7628  10674.195135  x:  0.33585   0.14304   0.09755   0.00495   0.06625   0.05523   0.06000   0.06842   0.06836   0.02169   0.00382   0.00252   0.00923   0.02455   0.01424   0.00000   0.01266   0.00760   0.00716   0.00419   0.00079   0.00617   0.00901   0.00905   0.03009   0.15366   0.01085   0.02607   0.02442   0.01790   0.00122   0.00833   0.00932   0.00517   0.00324   0.09631   0.21139   0.08962   0.12312   0.00704   0.10918   0.11469   3.49516   1.22330  -0.01238   0.09386  
 28 1912.2604  10672.577468  x:  0.33125   0.14159   0.09737   0.00491   0.06697   0.05333   0.05932   0.06665   0.06872   0.02230   0.00381   0.00250   0.00913   0.02816   0.01376   0.00000   0.01212   0.00750   0.00707   0.00418   0.00143   0.00617   0.01030   0.00754   0.02801   0.15325   0.00674   0.02517   0.02226   0.01688   0.00123   0.00825   0.00911   0.00516   0.00324   0.10161   0.20650   0.08920   0.12210   0.00716   0.10708   0.11508   3.58611   1.23135  -0.01965   0.09561  
 29 3754.1921  10670.488736  x:  0.32235   0.14169   0.09868   0.00495   0.06837   0.04756   0.05486   0.06585   0.07173   0.02155   0.00381   0.00250   0.00871   0.03236   0.01222   0.00000   0.01198   0.00752   0.00699   0.00415   0.00148   0.00614   0.00835   0.00904   0.02631   0.15489   0.01054   0.02469   0.01868   0.01587   0.00126   0.00821   0.00887   0.00514   0.00326   0.10891   0.20078   0.08636   0.12051   0.00743   0.10544   0.11407   3.70341   1.24142  -0.02872   0.09824  
 30 2901.0426  10668.793173  x:  0.31143   0.14412   0.10113   0.00506   0.06890   0.04398   0.04920   0.06685   0.07491   0.02144   0.00380   0.00249   0.00858   0.02629   0.01217   0.00000   0.01177   0.00747   0.00692   0.00414   0.00146   0.00612   0.00961   0.00760   0.02554   0.15873   0.01024   0.02724   0.02103   0.01850   0.00120   0.00823   0.00871   0.00513   0.00327   0.11261   0.19831   0.08077   0.11919   0.00762   0.10638   0.11063   3.79530   1.24880  -0.03529   0.09956  
 31 1350.1921  10668.213573  x:  0.30619   0.14579   0.10212   0.00508   0.06846   0.04484   0.04824   0.06742   0.07545   0.02160   0.00379   0.00248   0.00857   0.02470   0.01279   0.00000   0.01175   0.00746   0.00693   0.00415   0.00138   0.00611   0.00774   0.00944   0.02561   0.16082   0.00858   0.02653   0.02185   0.01697   0.00122   0.00826   0.00891   0.00512   0.00326   0.11233   0.19878   0.07791   0.11890   0.00766   0.10761   0.10853   3.82648   1.25104  -0.03725   0.09946  
 32 947.9914  10667.433916  x:  0.29732   0.14895   0.10336   0.00504   0.06710   0.04804   0.04882   0.06814   0.07529   0.02157   0.00378   0.00248   0.00862   0.02501   0.01333   0.00000   0.01194   0.00744   0.00696   0.00416   0.00143   0.00608   0.00914   0.00822   0.02654   0.16439   0.00966   0.02432   0.02189   0.01469   0.00124   0.00822   0.00883   0.00510   0.00324   0.11002   0.20110   0.07339   0.11877   0.00772   0.11009   0.10492   3.87013   1.25385  -0.03966   0.09866  
 33 976.6915  10666.995874  x:  0.29120   0.15148   0.10375   0.00494   0.06623   0.04961   0.05048   0.06835   0.07458   0.02118   0.00378   0.00248   0.00880   0.02685   0.01275   0.00000   0.01198   0.00746   0.00698   0.00415   0.00142   0.00605   0.00883   0.00860   0.02700   0.16661   0.00936   0.02450   0.02120   0.01765   0.00120   0.00821   0.00888   0.00512   0.00322   0.10763   0.20373   0.07122   0.11898   0.00779   0.11164   0.10301   3.89544   1.25516  -0.04073   0.09804  
 34 697.4886  10666.751690  x:  0.28672   0.15405   0.10325   0.00494   0.06645   0.04809   0.05243   0.06807   0.07362   0.02146   0.00379   0.00248   0.00881   0.02749   0.01310   0.00000   0.01206   0.00746   0.00700   0.00416   0.00143   0.00606   0.00885   0.00865   0.02698   0.16763   0.00940   0.02720   0.02139   0.01667   0.00122   0.00821   0.00897   0.00512   0.00321   0.10552   0.20721   0.07212   0.11966   0.00771   0.11191   0.10342   3.90958   1.25525  -0.04066   0.09806  
 35 205.8377  10666.560728  x:  0.28277   0.15695   0.10240   0.00493   0.06734   0.04645   0.05304   0.06778   0.07302   0.02134   0.00379   0.00248   0.00879   0.02653   0.01293   0.00000   0.01199   0.00746   0.00699   0.00416   0.00143   0.00606   0.00885   0.00859   0.02691   0.16795   0.00939   0.02524   0.02141   0.01694   0.00121   0.00822   0.00891   0.00513   0.00321   0.10378   0.21123   0.07448   0.12049   0.00765   0.11139   0.10516   3.92043   1.25459  -0.03986   0.09859  
 36 162.0768  10666.493707  x:  0.28141   0.15834   0.10197   0.00495   0.06767   0.04803   0.05129   0.06763   0.07348   0.02143   0.00379   0.00248   0.00877   0.02678   0.01288   0.00000   0.01197   0.00747   0.00699   0.00416   0.00143   0.00607   0.00885   0.00859   0.02675   0.16736   0.00944   0.02565   0.02133   0.01696   0.00121   0.00822   0.00891   0.00513   0.00322   0.10326   0.21309   0.07558   0.12063   0.00762   0.11056   0.10641   3.92444   1.25346  -0.03865   0.09885  
 37 57.1287  10666.405697  x:  0.28137   0.15996   0.10235   0.00495   0.06577   0.04778   0.05186   0.06759   0.07516   0.02145   0.00379   0.00248   0.00875   0.02669   0.01290   0.00000   0.01197   0.00747   0.00699   0.00417   0.00143   0.00607   0.00885   0.00859   0.02646   0.16415   0.00948   0.02559   0.02139   0.01695   0.00121   0.00823   0.00892   0.00513   0.00322   0.10304   0.21484   0.07395   0.11948   0.00767   0.10883   0.10725   3.93027   1.24710  -0.03205   0.09817  
 38 21.4133  10666.173406  x:  0.28291   0.16193   0.10325   0.00493   0.07018   0.04770   0.05176   0.06737   0.07314   0.02145   0.00381   0.00249   0.00882   0.02692   0.01301   0.00000   0.01207   0.00750   0.00701   0.00418   0.00144   0.00610   0.00888   0.00864   0.02705   0.16000   0.00960   0.02566   0.02154   0.01701   0.00122   0.00825   0.00896   0.00513   0.00323   0.10363   0.21674   0.07184   0.11884   0.00769   0.10963   0.10635   3.94658   1.22562  -0.00977   0.09592  
 39 61.3518  10665.621583  x:  0.28737   0.16335   0.10442   0.00502   0.06745   0.04858   0.05221   0.06946   0.07324   0.02196   0.00386   0.00253   0.00870   0.02702   0.01276   0.00000   0.01198   0.00759   0.00702   0.00423   0.00146   0.00624   0.00886   0.00860   0.02663   0.16317   0.00979   0.02612   0.02146   0.01717   0.00124   0.00834   0.00889   0.00515   0.00330   0.10690   0.21786   0.07647   0.12274   0.00750   0.11516   0.10571   3.98515   1.17234   0.04554   0.09360  
 40 167.2218  10665.458978  x:  0.28876   0.16138   0.10372   0.00501   0.06897   0.04873   0.05281   0.06816   0.07579   0.02194   0.00387   0.00253   0.00877   0.02717   0.01299   0.00000   0.01210   0.00762   0.00705   0.00424   0.00147   0.00625   0.00891   0.00866   0.02700   0.16821   0.00969   0.02608   0.02179   0.01725   0.00124   0.00835   0.00897   0.00516   0.00329   0.10455   0.21734   0.07589   0.12308   0.00748   0.11321   0.10766   3.99659   1.15636   0.06220   0.09186  
 41 115.8260  10665.447871  x:  0.28884   0.16118   0.10431   0.00501   0.06885   0.04874   0.05274   0.06906   0.07495   0.02196   0.00387   0.00253   0.00876   0.02719   0.01296   0.00000   0.01210   0.00762   0.00705   0.00424   0.00147   0.00625   0.00891   0.00866   0.02702   0.16888   0.00970   0.02611   0.02174   0.01724   0.00124   0.00836   0.00897   0.00516   0.00329   0.10440   0.21733   0.07580   0.12251   0.00750   0.11244   0.10820   3.99728   1.15547   0.06318   0.09187  
 42 12.7196  10665.394479  x:  0.28880   0.16003   0.10478   0.00498   0.06884   0.04878   0.05278   0.06809   0.07523   0.02196   0.00387   0.00253   0.00874   0.02715   0.01294   0.00000   0.01208   0.00762   0.00704   0.00424   0.00147   0.00625   0.00890   0.00865   0.02700   0.16940   0.00968   0.02609   0.02174   0.01724   0.00123   0.00836   0.00895   0.00516   0.00328   0.10464   0.21857   0.07708   0.11877   0.00755   0.11327   0.10758   3.99863   1.15644   0.06399   0.09178  
 43  1.1454  10663.097736  x:  0.28798   0.13355   0.10401   0.00439   0.06760   0.04895   0.05205   0.06532   0.07195   0.02276   0.00384   0.00250   0.00797   0.02590   0.01161   0.00000   0.01117   0.00748   0.00674   0.00409   0.00139   0.00629   0.00843   0.00819   0.02430   0.16727   0.00995   0.02625   0.02108   0.01695   0.00115   0.00837   0.00844   0.00508   0.00284   0.10645   0.23771   0.06911   0.12425   0.00836   0.11214   0.10476   4.05266   1.20795   0.08957   0.09488  
 44 10.0869  10657.972789  x:  0.29181   0.14213   0.09148   0.00297   0.06505   0.05002   0.05240   0.05985   0.06420   0.02424   0.00374   0.00242   0.00651   0.02335   0.00913   0.00000   0.00946   0.00716   0.00614   0.00376   0.00121   0.00626   0.00752   0.00728   0.01932   0.16223   0.01058   0.02631   0.01989   0.01635   0.00094   0.00836   0.00749   0.00494   0.00178   0.07759   0.21559   0.06947   0.11740   0.01022   0.10829   0.09582   4.16879   1.31937   0.14484   0.09945  
 45 164.8574  10657.846269  x:  0.29174   0.14240   0.09614   0.00289   0.06502   0.05021   0.05250   0.05736   0.06418   0.02430   0.00374   0.00242   0.00648   0.02332   0.00909   0.00000   0.00943   0.00716   0.00613   0.00376   0.00120   0.00626   0.00751   0.00727   0.01921   0.16162   0.01059   0.02632   0.01991   0.01637   0.00093   0.00837   0.00749   0.00494   0.00175   0.07585   0.21426   0.06954   0.11813   0.01019   0.10984   0.09810   4.17192   1.32239   0.14627   0.09989  
 46 47.7419  10657.846003  x:  0.29174   0.14240   0.09614   0.00289   0.06502   0.05021   0.05250   0.05736   0.06418   0.02430   0.00374   0.00242   0.00648   0.02332   0.00909   0.00003   0.00943   0.00716   0.00613   0.00376   0.00120   0.00626   0.00751   0.00727   0.01921   0.16162   0.01059   0.02632   0.01991   0.01637   0.00093   0.00837   0.00749   0.00494   0.00175   0.07585   0.21426   0.06954   0.11813   0.01019   0.10984   0.09810   4.17192   1.32239   0.14627   0.09989  
 47 18.8231  10657.845485  x:  0.29174   0.14240   0.09631   0.00289   0.06502   0.05021   0.05251   0.05730   0.06419   0.02430   0.00374   0.00242   0.00648   0.02332   0.00910   0.00003   0.00943   0.00716   0.00613   0.00376   0.00120   0.00626   0.00752   0.00727   0.01922   0.16162   0.01059   0.02632   0.01991   0.01637   0.00093   0.00837   0.00749   0.00494   0.00175   0.07582   0.21427   0.06967   0.11821   0.01019   0.10963   0.09786   4.17195   1.32243   0.14631   0.09987  
 48  2.0526  10657.264569  x:  0.29829   0.14341   0.09585   0.00280   0.06449   0.05105   0.05302   0.05762   0.06352   0.02470   0.00372   0.00246   0.00671   0.02389   0.01065   0.00003   0.00999   0.00743   0.00621   0.00376   0.00115   0.00633   0.00727   0.00742   0.02234   0.15846   0.01100   0.02646   0.02041   0.01642   0.00095   0.00853   0.00726   0.00484   0.00145   0.07786   0.21015   0.07144   0.11819   0.01050   0.11031   0.09897   4.28134   1.45564   0.29144   0.10346  
 49  0.3011  10657.154795  x:  0.29965   0.14358   0.09654   0.00275   0.06469   0.05120   0.05309   0.05844   0.06446   0.02492   0.00376   0.00246   0.00680   0.02392   0.00986   0.00012   0.00996   0.00750   0.00618   0.00370   0.00108   0.00621   0.00749   0.00751   0.02128   0.15834   0.01110   0.02648   0.02033   0.01638   0.00099   0.00848   0.00754   0.00471   0.00137   0.07964   0.21068   0.07179   0.11851   0.01075   0.10991   0.09917   4.34438   1.60834   0.44509   0.10423  
 50  0.2086  10657.104873  x:  0.29880   0.14319   0.09634   0.00283   0.06483   0.05096   0.05286   0.05832   0.06436   0.02486   0.00376   0.00246   0.00675   0.02381   0.01019   0.00026   0.00987   0.00740   0.00621   0.00369   0.00099   0.00608   0.00750   0.00747   0.02115   0.15938   0.01106   0.02643   0.02013   0.01639   0.00108   0.00843   0.00749   0.00471   0.00150   0.07782   0.21157   0.07140   0.11837   0.01104   0.10951   0.09879   4.37977   1.85000   0.68154   0.10407  
 51  0.1999  10657.064778  x:  0.29842   0.14335   0.09644   0.00273   0.06477   0.05093   0.05299   0.05782   0.06397   0.02471   0.00374   0.00245   0.00665   0.02380   0.00992   0.00038   0.00988   0.00738   0.00616   0.00372   0.00087   0.00626   0.00730   0.00740   0.02158   0.15932   0.01101   0.02644   0.02027   0.01638   0.00116   0.00852   0.00733   0.00479   0.00138   0.07869   0.21143   0.07151   0.11834   0.01137   0.10969   0.09879   4.37964   2.17381   1.00645   0.10307  
 52  0.2496  10657.035526  x:  0.29904   0.14360   0.09651   0.00283   0.06468   0.05103   0.05309   0.05805   0.06417   0.02473   0.00375   0.00245   0.00687   0.02390   0.01009   0.00047   0.01000   0.00747   0.00622   0.00376   0.00075   0.00628   0.00749   0.00752   0.02136   0.15862   0.01103   0.02646   0.02041   0.01642   0.00126   0.00850   0.00755   0.00481   0.00150   0.07902   0.21075   0.07173   0.11834   0.01151   0.10996   0.09893   4.35624   2.49245   1.33094   0.10315  
 53  0.3166  10657.023650  x:  0.29922   0.14339   0.09645   0.00274   0.06473   0.05106   0.05302   0.05836   0.06442   0.02482   0.00376   0.00246   0.00672   0.02386   0.01012   0.00053   0.00988   0.00745   0.00620   0.00371   0.00067   0.00620   0.00747   0.00747   0.02136   0.15880   0.01105   0.02646   0.02023   0.01638   0.00128   0.00849   0.00745   0.00473   0.00142   0.07849   0.21109   0.07157   0.11834   0.01158   0.10975   0.09893   4.34680   2.67778   1.51448   0.10354  
 54  0.1943  10657.019225  x:  0.29868   0.14341   0.09640   0.00272   0.06479   0.05103   0.05299   0.05801   0.06416   0.02483   0.00375   0.00246   0.00677   0.02385   0.00999   0.00060   0.00994   0.00743   0.00619   0.00370   0.00060   0.00615   0.00740   0.00745   0.02143   0.15911   0.01105   0.02645   0.02024   0.01637   0.00130   0.00847   0.00746   0.00472   0.00145   0.07867   0.21125   0.07148   0.11832   0.01150   0.10970   0.09883   4.34620   2.83422   1.66940   0.10386  
 55  0.1312  10657.014536  x:  0.29848   0.14349   0.09646   0.00268   0.06476   0.05102   0.05304   0.05805   0.06420   0.02481   0.00376   0.00245   0.00676   0.02386   0.01012   0.00070   0.00990   0.00742   0.00618   0.00372   0.00051   0.00623   0.00746   0.00748   0.02128   0.15904   0.01107   0.02645   0.02032   0.01640   0.00129   0.00851   0.00747   0.00476   0.00143   0.07880   0.21109   0.07160   0.11837   0.01125   0.10978   0.09885   4.34876   3.05058   1.88625   0.10379  
 56  0.1281  10657.012716  x:  0.29882   0.14347   0.09647   0.00267   0.06474   0.05102   0.05304   0.05821   0.06431   0.02481   0.00376   0.00246   0.00675   0.02386   0.01005   0.00072   0.00993   0.00743   0.00620   0.00372   0.00048   0.00621   0.00745   0.00747   0.02142   0.15891   0.01105   0.02646   0.02028   0.01639   0.00127   0.00849   0.00747   0.00475   0.00145   0.07857   0.21107   0.07161   0.11840   0.01111   0.10979   0.09890   4.34998   3.13274   1.96882   0.10368  
 57  0.1002  10657.012054  x:  0.29895   0.14340   0.09642   0.00267   0.06475   0.05104   0.05301   0.05809   0.06422   0.02480   0.00376   0.00246   0.00676   0.02386   0.01007   0.00072   0.00991   0.00744   0.00620   0.00371   0.00048   0.00618   0.00742   0.00746   0.02135   0.15887   0.01105   0.02645   0.02024   0.01638   0.00125   0.00849   0.00745   0.00474   0.00144   0.07866   0.21112   0.07155   0.11838   0.01106   0.10974   0.09888   4.35056   3.16638   2.00191   0.10366  
 58  0.0275  10657.010932  x:  0.29877   0.14340   0.09640   0.00270   0.06476   0.05104   0.05299   0.05808   0.06420   0.02480   0.00376   0.00246   0.00674   0.02385   0.01005   0.00071   0.00991   0.00743   0.00618   0.00371   0.00050   0.00619   0.00745   0.00748   0.02139   0.15899   0.01105   0.02644   0.02029   0.01638   0.00120   0.00851   0.00748   0.00476   0.00143   0.07858   0.21108   0.07154   0.11836   0.01111   0.10974   0.09885   4.34993   3.22256   2.05789   0.10371  
 59  0.0225  10657.010538  x:  0.29879   0.14346   0.09646   0.00272   0.06475   0.05103   0.05302   0.05815   0.06428   0.02480   0.00375   0.00246   0.00676   0.02386   0.01007   0.00070   0.00992   0.00743   0.00620   0.00371   0.00050   0.00620   0.00744   0.00746   0.02137   0.15894   0.01105   0.02645   0.02028   0.01639   0.00119   0.00851   0.00745   0.00476   0.00143   0.07865   0.21110   0.07158   0.11839   0.01117   0.10977   0.09887   4.34947   3.26424   2.10014   0.10371  
 60  0.0472  10657.010416  x:  0.29887   0.14342   0.09644   0.00273   0.06474   0.05102   0.05301   0.05812   0.06425   0.02481   0.00376   0.00245   0.00675   0.02386   0.01007   0.00071   0.00992   0.00744   0.00620   0.00371   0.00049   0.00620   0.00744   0.00747   0.02138   0.15889   0.01105   0.02646   0.02026   0.01639   0.00120   0.00850   0.00747   0.00475   0.00143   0.07862   0.21111   0.07157   0.11838   0.01120   0.10976   0.09888   4.34974   3.32109   2.15693   0.10370  
 61  0.0465  10657.010373  x:  0.29884   0.14343   0.09644   0.00273   0.06475   0.05103   0.05301   0.05813   0.06425   0.02481   0.00376   0.00246   0.00675   0.02385   0.01006   0.00072   0.00992   0.00744   0.00619   0.00371   0.00049   0.00620   0.00744   0.00747   0.02138   0.15893   0.01105   0.02645   0.02027   0.01639   0.00120   0.00851   0.00746   0.00475   0.00143   0.07863   0.21110   0.07157   0.11837   0.01120   0.10975   0.09887   4.34992   3.36075   2.19652   0.10370  
 62  0.0350  10657.010345  x:  0.29881   0.14344   0.09644   0.00272   0.06475   0.05103   0.05301   0.05813   0.06426   0.02480   0.00375   0.00246   0.00675   0.02386   0.01007   0.00071   0.00992   0.00744   0.00619   0.00371   0.00050   0.00620   0.00743   0.00746   0.02137   0.15894   0.01105   0.02645   0.02027   0.01639   0.00120   0.00851   0.00747   0.00476   0.00143   0.07863   0.21111   0.07157   0.11838   0.01119   0.10976   0.09887   4.34979   3.38846   2.22426   0.10370  
 63  0.0160  10657.010294  x:  0.29882   0.14344   0.09644   0.00272   0.06475   0.05103   0.05301   0.05812   0.06425   0.02480   0.00376   0.00245   0.00676   0.02386   0.01006   0.00067   0.00991   0.00743   0.00620   0.00371   0.00054   0.00620   0.00744   0.00747   0.02138   0.15891   0.01105   0.02645   0.02026   0.01639   0.00120   0.00851   0.00746   0.00476   0.00143   0.07864   0.21111   0.07158   0.11838   0.01118   0.10976   0.09887   4.34957   3.40611   2.24195   0.10371  
 64  0.0092  10657.010280  x:  0.29884   0.14343   0.09644   0.00272   0.06475   0.05103   0.05301   0.05813   0.06425   0.02481   0.00376   0.00246   0.00675   0.02386   0.01006   0.00065   0.00992   0.00744   0.00619   0.00371   0.00055   0.00620   0.00744   0.00747   0.02138   0.15892   0.01105   0.02645   0.02027   0.01639   0.00120   0.00851   0.00746   0.00476   0.00143   0.07863   0.21110   0.07157   0.11837   0.01119   0.10976   0.09887   4.34975   3.39519   2.23098   0.10371  
 65  0.0135  10657.010280  x:  0.29883   0.14343   0.09644   0.00272   0.06475   0.05103   0.05301   0.05813   0.06425   0.02481   0.00376   0.00246   0.00675   0.02386   0.01006   0.00065   0.00992   0.00744   0.00619   0.00371   0.00055   0.00620   0.00744   0.00747   0.02138   0.15892   0.01105   0.02645   0.02027   0.01639   0.00120   0.00851   0.00746   0.00476   0.00143   0.07863   0.21110   0.07157   0.11837   0.01119   0.10976   0.09887   4.34982   3.39126   2.22705   0.10371  
 66  0.0059  10657.010280  x:  0.29883   0.14343   0.09644   0.00272   0.06475   0.05103   0.05301   0.05813   0.06425   0.02481   0.00376   0.00246   0.00675   0.02386   0.01006   0.00065   0.00992   0.00744   0.00619   0.00371   0.00055   0.00620   0.00744   0.00747   0.02138   0.15892   0.01105   0.02645   0.02027   0.01639   0.00120   0.00851   0.00746   0.00476   0.00143   0.07863   0.21110   0.07157   0.11837   0.01119   0.10976   0.09887   4.34982   3.39064   2.22644   0.10371  
 67  0.0008  10657.010280  x:  0.29883   0.14343   0.09644   0.00272   0.06475   0.05103   0.05301   0.05813   0.06425   0.02481   0.00376   0.00246   0.00675   0.02386   0.01006   0.00065   0.00992   0.00744   0.00619   0.00371   0.00055   0.00620   0.00744   0.00747   0.02138   0.15892   0.01105   0.02645   0.02027   0.01639   0.00120   0.00851   0.00746   0.00476   0.00143   0.07863   0.21110   0.07157   0.11837   0.01119   0.10976   0.09887   4.34982   3.39074   2.22653   0.10371  
 68  0.0001  10657.010280  x:  0.29883   0.14343   0.09644   0.00272   0.06475   0.05103   0.05301   0.05813   0.06425   0.02481   0.00376   0.00246   0.00675   0.02386   0.01006   0.00065   0.00992   0.00744   0.00619   0.00371   0.00055   0.00620   0.00744   0.00747   0.02138   0.15892   0.01105   0.02645   0.02027   0.01639   0.00120   0.00851   0.00746   0.00476   0.00143   0.07863   0.21110   0.07157   0.11837   0.01119   0.10976   0.09887   4.34982   3.39073   2.22652   0.10371  
 69  0.0000  10657.010280  x:  0.29883   0.14343   0.09644   0.00272   0.06475   0.05103   0.05301   0.05813   0.06425   0.02481   0.00376   0.00246   0.00675   0.02386   0.01006   0.00065   0.00992   0.00744   0.00619   0.00371   0.00055   0.00620   0.00744   0.00747   0.02138   0.15892   0.01105   0.02645   0.02027   0.01639   0.00120   0.00851   0.00746   0.00476   0.00143   0.07863   0.21110   0.07157   0.11837   0.01119   0.10976   0.09887   4.34982   3.39073   2.22652   0.10371  