

TREE # 1

  0  0.0000  13457.028104  x:  0.36826   0.07062   0.00720   0.13921   0.12976   0.10564   0.17512   0.07302   0.07041   0.01860   0.03711   0.00956   0.01947   0.01673   0.00903   0.01422   0.02413   0.01472   0.01167   0.01334   0.06697   0.30034   0.00000   0.03920   0.06707   0.03865   0.03363   0.00938   0.02524   0.01451   0.00507   0.01040   0.12469   0.00873   0.10201   0.08664   0.06768   3.00000   1.39835   0.16116   0.29812  
  1 99.0000  13424.670556  x:  0.36977   0.07644   0.01350   0.14189   0.12999   0.10643   0.17857   0.07617   0.07061   0.02358   0.03598   0.01113   0.02062   0.01781   0.00488   0.00671   0.02111   0.01386   0.00611   0.00998   0.06663   0.30214   0.00606   0.04137   0.06828   0.03816   0.03223   0.00893   0.02087   0.01579   0.00000   0.00886   0.12728   0.01407   0.10252   0.08802   0.06937   3.00106   1.39921   0.16035   0.28517  
  2 1981.1956  13405.798377  x:  0.37099   0.08112   0.01855   0.14406   0.13018   0.10707   0.18135   0.07871   0.07077   0.02757   0.03507   0.01238   0.02155   0.01868   0.00158   0.00066   0.01868   0.01317   0.00168   0.00729   0.06635   0.30360   0.01081   0.04312   0.06926   0.03776   0.03112   0.00857   0.01736   0.01682   0.00050   0.00767   0.12937   0.01834   0.10293   0.08913   0.07072   3.00192   1.39990   0.15970   0.27471  
  3 33954.4031  13398.199375  x:  0.37153   0.08304   0.02019   0.14496   0.13024   0.10730   0.18253   0.07975   0.07083   0.02888   0.03469   0.01272   0.02193   0.01897   0.00292   0.00000   0.01784   0.01303   0.00267   0.00675   0.06615   0.30423   0.01163   0.04379   0.06966   0.03762   0.03070   0.00852   0.01608   0.01713   0.00057   0.00751   0.13025   0.01960   0.10310   0.08959   0.07123   3.00230   1.40021   0.15941   0.27008  
  4 4415.6825  13358.505996  x:  0.37624   0.09996   0.03492   0.15296   0.13078   0.10936   0.19297   0.08900   0.07129   0.04067   0.03130   0.01591   0.02524   0.02150   0.01232   0.00185   0.01041   0.01178   0.00913   0.00170   0.06441   0.30978   0.01961   0.04977   0.07321   0.03632   0.02695   0.00809   0.00467   0.01990   0.00125   0.00593   0.13798   0.03111   0.10456   0.09363   0.07574   3.00565   1.40292   0.15685   0.22930  
  5 75846.9569  13325.807897  x:  0.38188   0.11908   0.04967   0.16218   0.13133   0.11150   0.20513   0.09946   0.07174   0.05218   0.02771   0.01841   0.02835   0.02359   0.01820   0.00289   0.00563   0.01143   0.01269   0.01674   0.06216   0.31641   0.02520   0.05624   0.07721   0.03509   0.02328   0.00846   0.00133   0.02233   0.00173   0.00664   0.14690   0.04199   0.10624   0.09823   0.08054   3.00970   1.40617   0.15379   0.18040  
  6 10351.8212  13297.208791  x:  0.38760   0.13816   0.06411   0.17143   0.13190   0.11361   0.21736   0.10986   0.07217   0.06332   0.02433   0.02069   0.03128   0.02549   0.02396   0.00388   0.00376   0.01134   0.01613   0.02437   0.05989   0.32314   0.03032   0.06260   0.08119   0.03396   0.01997   0.00900   0.01110   0.02462   0.00217   0.00732   0.15585   0.05250   0.10792   0.10281   0.08523   3.01382   1.40946   0.15071   0.13116  
  7 25089.0216  13283.143979  x:  0.39074   0.14713   0.06930   0.17599   0.13218   0.11441   0.22353   0.11468   0.07230   0.06685   0.02362   0.02067   0.03189   0.02550   0.02517   0.00404   0.01511   0.01251   0.01668   0.02550   0.05867   0.32679   0.02983   0.06518   0.08297   0.03378   0.02004   0.00967   0.01098   0.02468   0.00225   0.00850   0.16024   0.05557   0.10872   0.10496   0.08699   3.01612   1.41114   0.14913   0.10709  
  8 6004.2071  13264.340111  x:  0.39759   0.15928   0.06718   0.18325   0.13258   0.11426   0.23437   0.12057   0.07190   0.06181   0.02772   0.01483   0.02808   0.02065   0.02042   0.00327   0.00986   0.01504   0.01302   0.02037   0.05654   0.33453   0.01230   0.06633   0.08465   0.03533   0.02807   0.01162   0.00858   0.01937   0.00172   0.01147   0.16714   0.04897   0.10978   0.10757   0.08669   3.02137   1.41396   0.14659   0.07997  
  9 1314.9842  13256.467209  x:  0.40386   0.17123   0.06738   0.18974   0.13252   0.11403   0.24451   0.12599   0.07131   0.05962   0.02685   0.01458   0.02735   0.02095   0.01807   0.00302   0.01000   0.01193   0.01239   0.01965   0.05554   0.34150   0.00139   0.06754   0.08572   0.03467   0.02355   0.00755   0.00834   0.01976   0.00153   0.00538   0.17334   0.04538   0.11022   0.10942   0.08685   3.02664   1.41618   0.14462   0.07884  
 10 750.7078  13253.724018  x:  0.40609   0.17542   0.06740   0.19197   0.13246   0.11391   0.24808   0.12780   0.07108   0.05890   0.02657   0.01471   0.02723   0.02114   0.01746   0.00296   0.00998   0.01170   0.01241   0.01936   0.05557   0.34400   0.00000   0.06791   0.08603   0.03442   0.02244   0.00780   0.00828   0.01997   0.00149   0.00706   0.17545   0.04413   0.11032   0.11000   0.08689   3.02861   1.41697   0.14393   0.07982  
 11 1335.3832  13233.625292  x:  0.43867   0.23223   0.05942   0.22299   0.13153   0.11119   0.29860   0.15148   0.06772   0.04150   0.02759   0.01172   0.02288   0.01947   0.01184   0.00280   0.01054   0.01505   0.01694   0.01875   0.05818   0.38078   0.00793   0.07114   0.08963   0.03317   0.01935   0.01446   0.00838   0.01806   0.00148   0.00761   0.20473   0.01794   0.11179   0.11747   0.08549   3.05769   1.42848   0.13387   0.09218  
 12 2787.4609  13229.563590  x:  0.44706   0.24392   0.05449   0.22886   0.13174   0.11065   0.31019   0.15424   0.06790   0.03972   0.03030   0.01723   0.02698   0.02185   0.01383   0.00285   0.01098   0.01419   0.01530   0.01934   0.06037   0.39031   0.00862   0.07086   0.08955   0.03499   0.02939   0.00883   0.00875   0.02045   0.00147   0.00890   0.21013   0.01651   0.11255   0.11824   0.08649   3.06735   1.43180   0.13104   0.09559  
 13 749.7587  13226.763674  x:  0.45579   0.25043   0.04462   0.23106   0.13316   0.11102   0.31959   0.15091   0.06975   0.04304   0.03045   0.01528   0.03064   0.02281   0.01765   0.00292   0.01123   0.01527   0.01142   0.01973   0.06467   0.40030   0.00667   0.06839   0.08818   0.03847   0.03173   0.01433   0.00889   0.02106   0.00145   0.00674   0.21177   0.02441   0.11408   0.11721   0.08957   3.08177   1.43580   0.12782   0.09821  
 14 365.5151  13223.823892  x:  0.46572   0.25420   0.03169   0.23145   0.13565   0.11254   0.32863   0.14376   0.07249   0.04620   0.03015   0.01221   0.03003   0.02115   0.01888   0.00294   0.01116   0.01500   0.01025   0.01956   0.06890   0.41166   0.00858   0.06490   0.08613   0.04093   0.02797   0.00885   0.00886   0.01938   0.00145   0.00895   0.21138   0.03039   0.11581   0.11531   0.09191   3.10109   1.44064   0.12404   0.09770  
 15 581.2258  13221.376138  x:  0.47597   0.25487   0.02227   0.22994   0.13921   0.11627   0.33649   0.13351   0.07545   0.04846   0.03026   0.02032   0.02706   0.02153   0.01541   0.00283   0.01093   0.01347   0.01335   0.01914   0.06982   0.42320   0.00906   0.06176   0.08435   0.03992   0.02488   0.01075   0.00862   0.02084   0.00145   0.00896   0.20884   0.03199   0.11698   0.11309   0.09225   3.12556   1.44624   0.11978   0.09545  
 16 515.5909  13217.137072  x:  0.49393   0.25233   0.02563   0.22525   0.14670   0.12725   0.34847   0.11374   0.07944   0.05216   0.02413   0.01704   0.02838   0.02610   0.01189   0.00277   0.01056   0.01833   0.01683   0.01909   0.06472   0.44262   0.00854   0.06018   0.08387   0.03360   0.02782   0.00977   0.00859   0.02409   0.00145   0.00861   0.20225   0.03022   0.11732   0.11042   0.09029   3.17915   1.45754   0.11145   0.09569  
 17 472.2146  13213.462673  x:  0.50821   0.24808   0.03392   0.22069   0.15158   0.13532   0.35706   0.09979   0.08136   0.05361   0.02914   0.01504   0.03045   0.02371   0.01469   0.00293   0.01120   0.01117   0.01508   0.01972   0.05995   0.45733   0.00942   0.06115   0.08553   0.03314   0.02782   0.01124   0.00884   0.02138   0.00150   0.00916   0.19713   0.02781   0.11685   0.10975   0.08850   3.22962   1.46765   0.10413   0.09673  
 18 872.1504  13211.214051  x:  0.51681   0.24313   0.04030   0.21713   0.15261   0.13789   0.36122   0.09499   0.08112   0.05303   0.03284   0.01859   0.03016   0.02060   0.01803   0.00300   0.01106   0.01714   0.01218   0.02003   0.05863   0.46530   0.00880   0.06338   0.08760   0.03697   0.02484   0.01024   0.00896   0.01975   0.00152   0.00871   0.19493   0.02730   0.11609   0.11079   0.08813   3.26917   1.47507   0.09892   0.09776  
 19 777.2624  13202.490550  x:  0.54151   0.21543   0.05212   0.20344   0.14575   0.13135   0.36751   0.10109   0.07399   0.04269   0.02333   0.01945   0.02027   0.02390   0.02102   0.00312   0.01111   0.01342   0.00996   0.02008   0.06671   0.48368   0.00916   0.07225   0.09338   0.05158   0.02473   0.01028   0.00881   0.02589   0.00153   0.00931   0.19387   0.02836   0.11275   0.11912   0.09056   3.43053   1.50307   0.08004   0.09646  
 20 724.2628  13191.509754  x:  0.56970   0.17773   0.06012   0.18945   0.13331   0.11539   0.37097   0.12075   0.06330   0.03840   0.02783   0.01834   0.03648   0.02484   0.01066   0.00292   0.01072   0.01367   0.02023   0.01968   0.07631   0.50062   0.00848   0.07924   0.09366   0.04683   0.02134   0.01005   0.00863   0.02191   0.00160   0.00909   0.19706   0.03216   0.10942   0.12804   0.09458   3.65911   1.54109   0.05506   0.09483  
 21 1832.2935  13183.122981  x:  0.58238   0.15933   0.06207   0.18937   0.12728   0.10431   0.36889   0.13860   0.06139   0.05037   0.02838   0.01957   0.02706   0.01807   0.01495   0.00309   0.01109   0.01412   0.01693   0.02042   0.07286   0.50294   0.00785   0.07913   0.08804   0.02811   0.02582   0.00969   0.00898   0.01890   0.00163   0.00856   0.20195   0.03379   0.10915   0.12836   0.09498   3.82122   1.56614   0.03945   0.09743  
 22 1450.4072  13174.233390  x:  0.58540   0.15077   0.05570   0.20262   0.12764   0.09792   0.35784   0.15634   0.06839   0.06056   0.03445   0.01693   0.02675   0.03262   0.02038   0.00309   0.01060   0.01520   0.01037   0.01988   0.05458   0.48981   0.01012   0.06996   0.08007   0.03140   0.02056   0.01009   0.00868   0.02203   0.00155   0.00935   0.20689   0.02420   0.11091   0.11779   0.08836   4.02025   1.59393   0.02356   0.09565  
 23 1165.3399  13164.232822  x:  0.57981   0.15700   0.05352   0.22229   0.13310   0.10158   0.34224   0.16934   0.07846   0.06633   0.02421   0.01857   0.03241   0.01964   0.01556   0.00299   0.01065   0.01360   0.01499   0.01974   0.04195   0.46534   0.01090   0.05909   0.07791   0.04551   0.02341   0.01041   0.00868   0.02097   0.00157   0.00930   0.21032   0.02295   0.11400   0.10456   0.08362   4.23450   1.62171   0.00886   0.09785  
 24 1725.2246  13150.009253  x:  0.55582   0.19122   0.05561   0.25286   0.14552   0.12242   0.31339   0.17120   0.09026   0.05475   0.03383   0.01577   0.02480   0.02213   0.01186   0.00303   0.01090   0.01466   0.01936   0.02017   0.06781   0.41267   0.00878   0.04656   0.08450   0.04133   0.02526   0.00943   0.00890   0.02064   0.00160   0.00830   0.20925   0.02851   0.11783   0.09343   0.08302   4.57261   1.66177  -0.01000   0.09975  
 25 1553.0485  13143.423745  x:  0.53780   0.21392   0.04505   0.25906   0.14580   0.12611   0.30167   0.16118   0.08727   0.04105   0.02572   0.01926   0.03249   0.02086   0.01856   0.00292   0.01042   0.01385   0.01060   0.01910   0.06771   0.38865   0.01000   0.05081   0.08573   0.03091   0.02202   0.01009   0.00843   0.01874   0.00147   0.00877   0.20610   0.02578   0.11756   0.10226   0.08613   4.71853   1.67627  -0.01494   0.09708  
 26 1168.9787  13137.092337  x:  0.50976   0.24781   0.03298   0.25647   0.13893   0.12222   0.29358   0.14295   0.07375   0.04433   0.03163   0.01506   0.02861   0.02040   0.01419   0.00284   0.01054   0.01445   0.01441   0.01889   0.05626   0.36597   0.01034   0.06657   0.08557   0.03218   0.02434   0.00977   0.00843   0.02327   0.00143   0.00859   0.20252   0.02704   0.11311   0.11930   0.09360   4.86756   1.68786  -0.01616   0.09904  
 27 933.9058  13135.780674  x:  0.50053   0.25614   0.03271   0.25267   0.13650   0.11959   0.29366   0.13880   0.06973   0.04805   0.02964   0.01610   0.02786   0.02335   0.01370   0.00282   0.01059   0.01429   0.01473   0.01892   0.05750   0.36388   0.00991   0.06746   0.08411   0.03396   0.02532   0.00983   0.00849   0.01674   0.00144   0.00830   0.20255   0.02476   0.11076   0.11901   0.09319   4.89723   1.68891  -0.01484   0.09917  
 28 458.5962  13134.067306  x:  0.48239   0.26846   0.03390   0.24267   0.13226   0.11335   0.29607   0.13321   0.06446   0.05204   0.02889   0.01559   0.02949   0.02076   0.01452   0.00279   0.01049   0.01417   0.01344   0.01873   0.06267   0.36496   0.00929   0.06454   0.08004   0.03495   0.02474   0.01007   0.00838   0.02018   0.00140   0.00804   0.20385   0.01856   0.10654   0.11284   0.09003   4.93867   1.68856  -0.01067   0.09748  
 29 427.4385  13132.431697  x:  0.45757   0.27996   0.03641   0.22829   0.12947   0.10618   0.30199   0.13140   0.06817   0.04422   0.02994   0.01532   0.02788   0.02114   0.01432   0.00282   0.01051   0.01435   0.01393   0.01883   0.05802   0.37206   0.00951   0.06056   0.07813   0.03355   0.02509   0.00983   0.00843   0.01944   0.00142   0.00811   0.20770   0.02384   0.10650   0.10394   0.08872   4.97899   1.68558  -0.00305   0.09707  
 30 258.0561  13131.715305  x:  0.44042   0.28114   0.03444   0.22179   0.13287   0.10758   0.30685   0.13460   0.07554   0.04677   0.02998   0.01511   0.02852   0.02115   0.01425   0.00280   0.01054   0.01444   0.01376   0.01878   0.05914   0.37929   0.00933   0.06140   0.08281   0.03361   0.02532   0.01001   0.00843   0.01951   0.00141   0.00805   0.20927   0.02108   0.11196   0.10800   0.08822   4.99821   1.68136   0.00458   0.09747  
 31 112.6264  13131.283346  x:  0.42853   0.27827   0.03337   0.22308   0.13766   0.11404   0.31201   0.13818   0.07094   0.04671   0.03025   0.01525   0.02836   0.02127   0.01446   0.00281   0.01057   0.01449   0.01360   0.01882   0.05848   0.38578   0.00944   0.05848   0.08090   0.03413   0.02536   0.00998   0.00845   0.01960   0.00141   0.00813   0.20925   0.02141   0.11197   0.11146   0.09034   5.01042   1.67548   0.01397   0.09747  
 32 77.7668  13130.985292  x:  0.42205   0.27425   0.03173   0.22886   0.13808   0.11710   0.31735   0.13913   0.07124   0.04653   0.03025   0.01527   0.02865   0.02125   0.01448   0.00280   0.01059   0.01447   0.01353   0.01881   0.05927   0.38999   0.00938   0.06439   0.08038   0.03394   0.02540   0.01004   0.00845   0.01960   0.00140   0.00814   0.20767   0.02193   0.10798   0.10890   0.09057   5.01974   1.66779   0.02583   0.09713  
 33 61.3184  13130.586020  x:  0.42044   0.26920   0.03230   0.23812   0.13331   0.11519   0.32551   0.13612   0.06978   0.04674   0.03023   0.01542   0.02874   0.02143   0.01448   0.00282   0.01064   0.01453   0.01373   0.01890   0.05951   0.39232   0.00940   0.06263   0.08575   0.03361   0.02554   0.00999   0.00850   0.01980   0.00142   0.00821   0.20468   0.02298   0.11142   0.10898   0.08919   5.03341   1.65191   0.05028   0.09632  
 34 57.5705  13130.138578  x:  0.42558   0.26646   0.03511   0.24168   0.13252   0.11364   0.33231   0.13426   0.07435   0.04615   0.03038   0.01556   0.02874   0.02132   0.01432   0.00284   0.01074   0.01463   0.01421   0.01909   0.06126   0.39167   0.00924   0.06204   0.07949   0.03493   0.02575   0.01014   0.00859   0.01982   0.00143   0.00820   0.20440   0.02264   0.11445   0.11321   0.09052   5.04916   1.63115   0.08278   0.09540  
 35 91.8258  13129.254841  x:  0.44480   0.26556   0.03380   0.23572   0.14035   0.11577   0.33895   0.13716   0.07611   0.04734   0.03094   0.01566   0.02914   0.02171   0.01464   0.00287   0.01090   0.01492   0.01410   0.01932   0.06105   0.38881   0.00937   0.06077   0.08500   0.03507   0.02630   0.01032   0.00871   0.02012   0.00144   0.00835   0.21022   0.02202   0.11006   0.11350   0.09447   5.08096   1.58739   0.15309   0.09361  
 36 134.9914  13129.036131  x:  0.45030   0.26706   0.03273   0.23381   0.14052   0.11919   0.33549   0.13899   0.07333   0.04723   0.03113   0.01566   0.02924   0.02181   0.01484   0.00288   0.01097   0.01496   0.01401   0.01942   0.06132   0.39158   0.00935   0.06416   0.08421   0.03521   0.02644   0.01037   0.00876   0.02018   0.00144   0.00839   0.21181   0.02320   0.11511   0.11192   0.09010   5.08875   1.57755   0.17139   0.09323  
 37 67.8147  13128.863088  x:  0.45368   0.27011   0.03314   0.23623   0.13824   0.11954   0.32347   0.13941   0.07458   0.04726   0.03124   0.01566   0.02926   0.02184   0.01482   0.00289   0.01100   0.01502   0.01409   0.01946   0.06147   0.40168   0.00921   0.06336   0.08466   0.03532   0.02653   0.01041   0.00879   0.02019   0.00145   0.00838   0.21187   0.02269   0.11402   0.11309   0.09195   5.09438   1.57362   0.18655   0.09296  
 38 25.2556  13128.800572  x:  0.45399   0.27043   0.03357   0.23758   0.14240   0.11599   0.32144   0.13886   0.07377   0.04698   0.03123   0.01568   0.02924   0.02181   0.01476   0.00289   0.01102   0.01501   0.01421   0.01949   0.06182   0.40354   0.00916   0.06407   0.08474   0.03531   0.02656   0.01041   0.00880   0.02019   0.00145   0.00837   0.21138   0.02301   0.11431   0.11335   0.09118   5.09574   1.57687   0.19184   0.09293  
 39  9.9976  13121.559595  x:  0.46408   0.25876   0.02863   0.23204   0.14540   0.11417   0.32623   0.13745   0.06746   0.04119   0.03147   0.01387   0.02782   0.02097   0.01349   0.00257   0.01069   0.01497   0.01200   0.01742   0.06120   0.40910   0.00755   0.06889   0.08343   0.03518   0.02782   0.01083   0.00814   0.01895   0.00132   0.00736   0.19399   0.00689   0.13104   0.09654   0.12443   5.20505   2.18772   0.75166   0.09387  
 40 16.6664  13104.549131  x:  0.48637   0.22865   0.00842   0.22087   0.14063   0.12079   0.33967   0.12912   0.07387   0.02749   0.03273   0.00902   0.02433   0.01815   0.01075   0.00199   0.01013   0.01486   0.00882   0.01355   0.06059   0.42127   0.00399   0.05512   0.08126   0.03533   0.03170   0.01046   0.00695   0.01625   0.00114   0.00521   0.17773   0.00573   0.10332   0.11750   0.09452   5.46454   3.64163   2.08190   0.09540  
 41 2714.8517  13103.218082  x:  0.48505   0.21710   0.00769   0.22493   0.14064   0.12273   0.33745   0.11264   0.07267   0.02664   0.03242   0.00895   0.02422   0.01807   0.01047   0.00195   0.01008   0.01475   0.00868   0.01322   0.06156   0.42210   0.00379   0.05681   0.08167   0.03556   0.03177   0.01046   0.00682   0.01627   0.00113   0.00511   0.20995   0.00466   0.10443   0.11786   0.09652   5.48655   3.76497   2.19389   0.09565  
 42 299.8129  13091.636381  x:  0.50850   0.17109   0.02564   0.21235   0.13806   0.11912   0.33402   0.10410   0.07238   0.03237   0.03026   0.01364   0.02186   0.01657   0.00534   0.00141   0.01246   0.01360   0.00738   0.01090   0.06476   0.43275   0.00164   0.05405   0.08050   0.03800   0.03085   0.00977   0.00714   0.01706   0.00080   0.00820   0.20815   0.01700   0.10054   0.11634   0.08800   5.85127   4.90101   3.27667   0.10149  
 43  2.2086  13089.284609  x:  0.50992   0.16917   0.02154   0.20837   0.13895   0.11813   0.32665   0.10860   0.07231   0.03411   0.03016   0.01357   0.02290   0.01887   0.00707   0.00129   0.01373   0.01350   0.00359   0.01016   0.06360   0.43138   0.00161   0.05400   0.07903   0.03750   0.02965   0.00931   0.00767   0.01772   0.00074   0.00914   0.20063   0.01519   0.10495   0.11160   0.08921   6.01869   5.09636   3.46491   0.10297  
 44  0.5848  13087.824765  x:  0.50906   0.17083   0.01784   0.20568   0.13977   0.11738   0.31961   0.11285   0.07237   0.03483   0.03040   0.01286   0.02394   0.02035   0.00436   0.00119   0.01486   0.01351   0.00546   0.00971   0.06246   0.42896   0.00162   0.05388   0.07796   0.03680   0.02845   0.00894   0.00830   0.01795   0.00077   0.00967   0.19395   0.01279   0.10862   0.10734   0.09035   6.16385   5.24247   3.60804   0.10375  
 45  0.8489  13086.940456  x:  0.50599   0.17564   0.02021   0.20733   0.13920   0.11609   0.31614   0.11307   0.07253   0.03158   0.03122   0.01213   0.02343   0.01914   0.00615   0.00140   0.01636   0.01374   0.00571   0.01039   0.06206   0.42607   0.00162   0.05344   0.07829   0.03682   0.02778   0.00921   0.00967   0.01727   0.00099   0.00969   0.19279   0.01044   0.10832   0.10559   0.08864   6.30756   5.40857   3.77131   0.10345  
 46  0.3062  13086.353865  x:  0.50477   0.17503   0.01641   0.21055   0.13864   0.11745   0.32147   0.11052   0.07140   0.03223   0.03109   0.01227   0.02301   0.01742   0.00520   0.00129   0.01725   0.01383   0.00501   0.00948   0.06122   0.42567   0.00145   0.05432   0.07884   0.03650   0.02781   0.00971   0.01081   0.01674   0.00104   0.00931   0.19697   0.01114   0.10615   0.10711   0.08978   6.42456   5.69015   4.03298   0.10178  
 47  0.3008  13086.064445  x:  0.50886   0.17536   0.01857   0.21163   0.13892   0.11822   0.32752   0.11100   0.07210   0.03287   0.03103   0.01219   0.02340   0.01946   0.00501   0.00132   0.01762   0.01379   0.00518   0.00933   0.06166   0.42961   0.00213   0.05420   0.07910   0.03646   0.02820   0.00956   0.01184   0.01723   0.00114   0.00912   0.20089   0.01127   0.10515   0.11002   0.09008   6.43529   5.90023   4.24977   0.10073  
 48  0.2619  13085.835645  x:  0.51234   0.17613   0.01972   0.20930   0.13985   0.11798   0.32548   0.11349   0.07245   0.03224   0.03077   0.01247   0.02349   0.01910   0.00506   0.00135   0.01757   0.01387   0.00516   0.00895   0.06312   0.43190   0.00135   0.05422   0.07891   0.03704   0.02892   0.00920   0.01291   0.01713   0.00129   0.00839   0.19858   0.01192   0.10782   0.10879   0.09071   6.39861   6.06387   4.42189   0.10056  
 49  0.1495  13085.672058  x:  0.51184   0.17719   0.01852   0.20927   0.13995   0.11774   0.32310   0.11322   0.07268   0.03307   0.03062   0.01270   0.02339   0.01832   0.00528   0.00139   0.01730   0.01367   0.00513   0.00857   0.06267   0.43122   0.00212   0.05407   0.07879   0.03705   0.02875   0.00911   0.01382   0.01700   0.00146   0.00872   0.19671   0.01171   0.10824   0.10785   0.09007   6.34369   6.23112   4.59722   0.10107  
 50  0.2119  13085.589301  x:  0.50854   0.17474   0.01871   0.21002   0.13925   0.11741   0.32175   0.11112   0.07245   0.03268   0.03101   0.01229   0.02324   0.01882   0.00503   0.00138   0.01695   0.01383   0.00504   0.00824   0.06220   0.42881   0.00182   0.05396   0.07872   0.03664   0.02877   0.00950   0.01425   0.01698   0.00155   0.00880   0.19636   0.01122   0.10682   0.10778   0.08935   6.30907   6.36167   4.72310   0.10158  
 51  0.1766  13085.561011  x:  0.50645   0.17484   0.01833   0.20971   0.13919   0.11775   0.32252   0.11126   0.07205   0.03242   0.03107   0.01228   0.02341   0.01891   0.00515   0.00142   0.01677   0.01381   0.00514   0.00851   0.06208   0.42769   0.00173   0.05433   0.07880   0.03659   0.02859   0.00943   0.01442   0.01702   0.00162   0.00885   0.19765   0.01175   0.10657   0.10821   0.09019   6.29009   6.43051   4.79076   0.10185  
 52  0.0783  13085.535102  x:  0.50559   0.17567   0.01883   0.20914   0.13911   0.11774   0.32289   0.11226   0.07213   0.03263   0.03101   0.01251   0.02338   0.01867   0.00492   0.00141   0.01658   0.01372   0.00503   0.00867   0.06216   0.42720   0.00162   0.05405   0.07877   0.03658   0.02834   0.00924   0.01451   0.01693   0.00169   0.00894   0.19815   0.01121   0.10653   0.10867   0.09003   6.29012   6.54996   4.90649   0.10177  
 53  0.1024  13085.496662  x:  0.50822   0.17520   0.01849   0.21005   0.13939   0.11744   0.32304   0.11202   0.07220   0.03236   0.03088   0.01221   0.02323   0.01875   0.00486   0.00143   0.01634   0.01373   0.00486   0.00895   0.06225   0.42854   0.00171   0.05410   0.07874   0.03663   0.02829   0.00937   0.01447   0.01702   0.00184   0.00918   0.19710   0.01161   0.10766   0.10801   0.08949   6.31056   6.73823   5.09290   0.10136  
 54  0.1169  13085.462700  x:  0.50965   0.17542   0.01839   0.21016   0.13934   0.11763   0.32315   0.11116   0.07247   0.03312   0.03084   0.01251   0.02334   0.01891   0.00502   0.00147   0.01625   0.01389   0.00491   0.00915   0.06224   0.42968   0.00164   0.05411   0.07883   0.03674   0.02847   0.00951   0.01423   0.01700   0.00201   0.00903   0.19717   0.01130   0.10657   0.10812   0.09007   6.32305   6.95034   5.31334   0.10140  
 55  0.1398  13085.426475  x:  0.50891   0.17557   0.01880   0.20959   0.13926   0.11784   0.32307   0.11159   0.07233   0.03212   0.03097   0.01252   0.02340   0.01881   0.00484   0.00148   0.01621   0.01384   0.00489   0.00892   0.06200   0.42932   0.00181   0.05420   0.07886   0.03678   0.02858   0.00940   0.01382   0.01697   0.00219   0.00881   0.19761   0.01141   0.10614   0.10806   0.09047   6.33248   7.20235   5.56641   0.10161  
 56  0.2267  13085.408955  x:  0.50776   0.17514   0.01864   0.20972   0.13929   0.11779   0.32285   0.11202   0.07220   0.03268   0.03106   0.01219   0.02330   0.01876   0.00490   0.00150   0.01629   0.01379   0.00493   0.00876   0.06216   0.42852   0.00175   0.05412   0.07877   0.03667   0.02858   0.00932   0.01360   0.01700   0.00230   0.00868   0.19776   0.01152   0.10681   0.10821   0.08972   6.32709   7.34264   5.70235   0.10168  
 57  0.1640  13085.403051  x:  0.50736   0.17572   0.01855   0.20977   0.13926   0.11752   0.32278   0.11173   0.07220   0.03259   0.03097   0.01242   0.02335   0.01882   0.00491   0.00150   0.01642   0.01378   0.00492   0.00867   0.06223   0.42823   0.00174   0.05418   0.07878   0.03663   0.02847   0.00940   0.01353   0.01702   0.00235   0.00876   0.19725   0.01144   0.10711   0.10828   0.08994   6.32013   7.42666   5.78372   0.10161  
 58  0.0845  13085.400573  x:  0.50777   0.17558   0.01867   0.20981   0.13926   0.11763   0.32299   0.11183   0.07226   0.03260   0.03095   0.01234   0.02335   0.01879   0.00492   0.00150   0.01658   0.01378   0.00493   0.00868   0.06220   0.42853   0.00172   0.05419   0.07883   0.03668   0.02842   0.00938   0.01351   0.01700   0.00238   0.00886   0.19741   0.01146   0.10677   0.10817   0.08998   6.31462   7.48604   5.84479   0.10157  
 59  0.0483  13085.399986  x:  0.50793   0.17563   0.01861   0.20988   0.13931   0.11768   0.32307   0.11183   0.07223   0.03258   0.03098   0.01238   0.02331   0.01881   0.00490   0.00149   0.01665   0.01378   0.00493   0.00870   0.06217   0.42863   0.00171   0.05418   0.07880   0.03667   0.02846   0.00938   0.01352   0.01702   0.00238   0.00885   0.19759   0.01149   0.10690   0.10824   0.08985   6.31337   7.50569   5.86599   0.10159  
 60  0.0164  13085.399444  x:  0.50785   0.17552   0.01863   0.20984   0.13932   0.11765   0.32296   0.11176   0.07223   0.03261   0.03099   0.01234   0.02337   0.01879   0.00489   0.00149   0.01670   0.01378   0.00491   0.00873   0.06221   0.42855   0.00172   0.05416   0.07881   0.03668   0.02850   0.00938   0.01353   0.01701   0.00238   0.00883   0.19748   0.01145   0.10700   0.10825   0.09003   6.31162   7.54020   5.90039   0.10161  
 61  0.0197  13085.398471  x:  0.50736   0.17541   0.01859   0.20962   0.13925   0.11760   0.32258   0.11180   0.07225   0.03256   0.03098   0.01236   0.02332   0.01880   0.00491   0.00147   0.01671   0.01379   0.00490   0.00877   0.06223   0.42821   0.00174   0.05418   0.07881   0.03666   0.02851   0.00938   0.01352   0.01698   0.00237   0.00880   0.19724   0.01147   0.10675   0.10813   0.08983   6.30828   7.62791   5.98590   0.10160  
 62  0.0361  13085.394841  x:  0.50725   0.17540   0.01869   0.20995   0.13915   0.11755   0.32298   0.11159   0.07217   0.03260   0.03093   0.01236   0.02331   0.01878   0.00489   0.00139   0.01661   0.01381   0.00496   0.00877   0.06212   0.42836   0.00174   0.05414   0.07866   0.03665   0.02834   0.00938   0.01351   0.01710   0.00237   0.00878   0.19746   0.01146   0.10682   0.10822   0.08994   6.30861   8.07051   6.42933   0.10156  
 63  0.0783  13085.393226  x:  0.50780   0.17557   0.01860   0.20974   0.13931   0.11765   0.32294   0.11185   0.07222   0.03260   0.03095   0.01236   0.02337   0.01881   0.00493   0.00137   0.01662   0.01378   0.00494   0.00873   0.06218   0.42858   0.00172   0.05419   0.07882   0.03669   0.02844   0.00940   0.01353   0.01698   0.00237   0.00882   0.19749   0.01147   0.10691   0.10820   0.08990   6.31233   8.20263   6.56236   0.10158  
 64  0.1257  13085.392894  x:  0.50784   0.17560   0.01863   0.20987   0.13930   0.11764   0.32295   0.11180   0.07227   0.03260   0.03098   0.01236   0.02332   0.01879   0.00495   0.00136   0.01663   0.01377   0.00494   0.00872   0.06220   0.42851   0.00172   0.05418   0.07882   0.03667   0.02849   0.00937   0.01354   0.01702   0.00237   0.00884   0.19742   0.01146   0.10688   0.10822   0.08997   6.31367   8.29072   6.65013   0.10161  
 65  0.0639  13085.391968  x:  0.50757   0.17566   0.01868   0.20993   0.13924   0.11763   0.32308   0.11173   0.07223   0.03262   0.03099   0.01238   0.02344   0.01877   0.00493   0.00136   0.01661   0.01380   0.00496   0.00872   0.06222   0.42832   0.00172   0.05412   0.07874   0.03665   0.02855   0.00938   0.01355   0.01703   0.00237   0.00886   0.19756   0.01151   0.10682   0.10820   0.08979   6.31501   8.53032   6.88904   0.10161  
 66  0.0565  13085.388060  x:  0.50723   0.17539   0.01868   0.20958   0.13926   0.11762   0.32296   0.11188   0.07206   0.03268   0.03099   0.01238   0.02325   0.01885   0.00489   0.00143   0.01661   0.01379   0.00496   0.00874   0.06208   0.42822   0.00174   0.05428   0.07875   0.03665   0.02854   0.00939   0.01357   0.01693   0.00236   0.00887   0.19753   0.01146   0.10696   0.10814   0.09010   6.31535   9.33621   7.69465   0.10161  
 67  0.2234  13085.385498  x:  0.50777   0.17554   0.01860   0.20979   0.13930   0.11762   0.32276   0.11180   0.07227   0.03257   0.03096   0.01236   0.02337   0.01880   0.00493   0.00146   0.01663   0.01377   0.00492   0.00872   0.06219   0.42857   0.00172   0.05417   0.07886   0.03668   0.02846   0.00936   0.01354   0.01704   0.00233   0.00882   0.19735   0.01147   0.10688   0.10820   0.08987   6.31262  10.00851   8.36809   0.10160  
 68  0.5379  13085.384827  x:  0.50775   0.17562   0.01863   0.20986   0.13928   0.11765   0.32307   0.11180   0.07222   0.03259   0.03098   0.01235   0.02331   0.01879   0.00492   0.00145   0.01662   0.01379   0.00494   0.00872   0.06220   0.42849   0.00172   0.05416   0.07875   0.03667   0.02846   0.00941   0.01352   0.01699   0.00231   0.00883   0.19750   0.01145   0.10689   0.10821   0.08995   6.31200  10.71864   9.07793   0.10159  
 69  0.4461  13085.384442  x:  0.50774   0.17548   0.01859   0.20977   0.13930   0.11763   0.32288   0.11179   0.07222   0.03259   0.03098   0.01236   0.02336   0.01881   0.00492   0.00145   0.01663   0.01378   0.00493   0.00872   0.06218   0.42845   0.00172   0.05422   0.07884   0.03667   0.02847   0.00936   0.01352   0.01702   0.00232   0.00884   0.19744   0.01145   0.10689   0.10818   0.08992   6.31236  11.52925   9.88838   0.10160  
 70  0.4258  13085.384246  x:  0.50772   0.17564   0.01864   0.20980   0.13928   0.11762   0.32290   0.11180   0.07224   0.03259   0.03097   0.01235   0.02333   0.01879   0.00493   0.00145   0.01662   0.01378   0.00493   0.00872   0.06219   0.42849   0.00172   0.05415   0.07879   0.03667   0.02848   0.00939   0.01353   0.01701   0.00232   0.00883   0.19743   0.01147   0.10689   0.10821   0.08992   6.31220  12.35877  10.71821   0.10160  
 71  0.5096  13085.384173  x:  0.50774   0.17549   0.01861   0.20984   0.13930   0.11765   0.32297   0.11181   0.07222   0.03259   0.03097   0.01236   0.02334   0.01880   0.00492   0.00145   0.01662   0.01378   0.00494   0.00872   0.06219   0.42850   0.00172   0.05420   0.07880   0.03667   0.02847   0.00938   0.01353   0.01701   0.00232   0.00883   0.19745   0.01145   0.10689   0.10820   0.08993   6.31260  13.09129  11.45059   0.10160  
 72  0.5022  13085.384139  x:  0.50773   0.17561   0.01861   0.20977   0.13929   0.11763   0.32290   0.11178   0.07223   0.03259   0.03097   0.01235   0.02334   0.01880   0.00492   0.00145   0.01662   0.01378   0.00493   0.00872   0.06219   0.42849   0.00172   0.05418   0.07881   0.03667   0.02847   0.00938   0.01353   0.01701   0.00232   0.00883   0.19745   0.01146   0.10688   0.10820   0.08993   6.31259  13.86552  12.22478   0.10160  
 73  0.5472  13085.384121  x:  0.50774   0.17556   0.01862   0.20982   0.13929   0.11763   0.32292   0.11181   0.07224   0.03259   0.03097   0.01236   0.02334   0.01880   0.00492   0.00145   0.01662   0.01378   0.00493   0.00872   0.06219   0.42849   0.00172   0.05417   0.07880   0.03667   0.02847   0.00938   0.01353   0.01701   0.00232   0.00883   0.19744   0.01146   0.10689   0.10820   0.08993   6.31240  14.50687  12.86622   0.10160  
 74  0.5669  13085.384114  x:  0.50773   0.17556   0.01861   0.20980   0.13929   0.11764   0.32295   0.11179   0.07222   0.03259   0.03097   0.01236   0.02334   0.01880   0.00492   0.00145   0.01662   0.01378   0.00493   0.00872   0.06219   0.42849   0.00172   0.05419   0.07880   0.03667   0.02847   0.00938   0.01353   0.01701   0.00232   0.00883   0.19745   0.01146   0.10689   0.10820   0.08993   6.31245  15.30852  13.66781   0.10160  
 75  0.4916  13085.384110  x:  0.50773   0.17556   0.01861   0.20980   0.13929   0.11764   0.32292   0.11181   0.07223   0.03259   0.03097   0.01236   0.02334   0.01880   0.00492   0.00145   0.01662   0.01378   0.00493   0.00872   0.06219   0.42849   0.00172   0.05417   0.07881   0.03667   0.02847   0.00938   0.01353   0.01701   0.00232   0.00883   0.19745   0.01146   0.10689   0.10820   0.08993   6.31245  16.01325  14.37257   0.10160  
 76  0.4693  13085.384109  x:  0.50773   0.17556   0.01862   0.20981   0.13929   0.11763   0.32293   0.11180   0.07223   0.03259   0.03097   0.01236   0.02334   0.01880   0.00492   0.00145   0.01662   0.01378   0.00493   0.00872   0.06219   0.42849   0.00172   0.05418   0.07880   0.03667   0.02847   0.00938   0.01353   0.01701   0.00232   0.00883   0.19744   0.01146   0.10689   0.10820   0.08993   6.31245  16.27259  14.63190   0.10160  
 77  0.2292  13085.384108  x:  0.50773   0.17556   0.01862   0.20981   0.13929   0.11763   0.32294   0.11179   0.07223   0.03259   0.03097   0.01236   0.02334   0.01880   0.00492   0.00145   0.01662   0.01378   0.00493   0.00872   0.06219   0.42849   0.00172   0.05418   0.07880   0.03667   0.02847   0.00938   0.01353   0.01701   0.00232   0.00883   0.19744   0.01146   0.10689   0.10820   0.08992   6.31245  16.72402  15.08334   0.10160  
 78  1.3334  13085.384108  x:  0.50773   0.17556   0.01862   0.20981   0.13929   0.11763   0.32293   0.11179   0.07223   0.03259   0.03097   0.01236   0.02334   0.01880   0.00492   0.00145   0.01662   0.01378   0.00493   0.00872   0.06219   0.42849   0.00172   0.05418   0.07880   0.03667   0.02847   0.00938   0.01353   0.01701   0.00232   0.00883   0.19744   0.01146   0.10689   0.10820   0.08993   6.31244  16.61116  14.97048   0.10160  
 79  0.6389  13085.384108  x:  0.50773   0.17556   0.01861   0.20981   0.13929   0.11764   0.32293   0.11180   0.07223   0.03259   0.03097   0.01236   0.02334   0.01880   0.00492   0.00145   0.01662   0.01378   0.00493   0.00872   0.06219   0.42849   0.00172   0.05418   0.07880   0.03667   0.02847   0.00938   0.01353   0.01701   0.00232   0.00883   0.19744   0.01146   0.10689   0.10820   0.08993   6.31244  16.61031  14.96963   0.10160  
 80  0.0009  13085.384108  x:  0.50773   0.17556   0.01861   0.20981   0.13929   0.11764   0.32293   0.11180   0.07223   0.03259   0.03097   0.01236   0.02334   0.01880   0.00492   0.00145   0.01662   0.01378   0.00493   0.00872   0.06219   0.42849   0.00172   0.05418   0.07880   0.03667   0.02847   0.00938   0.01353   0.01701   0.00232   0.00883   0.19744   0.01146   0.10689   0.10820   0.08993   6.31243  16.61116  14.97048   0.10160  
 81  0.0036  13085.384108  x:  0.50773   0.17556   0.01861   0.20981   0.13929   0.11764   0.32293   0.11180   0.07223   0.03259   0.03097   0.01236   0.02334   0.01880   0.00492   0.00145   0.01662   0.01378   0.00493   0.00872   0.06219   0.42849   0.00172   0.05418   0.07880   0.03667   0.02847   0.00938   0.01353   0.01701   0.00232   0.00883   0.19744   0.01146   0.10689   0.10820   0.08993   6.31243  16.61138  14.97069   0.10160  
 82  0.0043  13085.384108  x:  0.50773   0.17556   0.01861   0.20981   0.13929   0.11764   0.32293   0.11180   0.07223   0.03259   0.03097   0.01236   0.02334   0.01880   0.00492   0.00145   0.01662   0.01378   0.00493   0.00872   0.06219   0.42849   0.00172   0.05418   0.07880   0.03667   0.02847   0.00938   0.01353   0.01701   0.00232   0.00883   0.19744   0.01146   0.10689   0.10820   0.08993   6.31243  16.61134  14.97066   0.10160  