

TREE # 1

  0  0.0000  10759.635843  x:  0.26385   0.11577   0.08596   0.00000   0.06063   0.05075   0.04950   0.04981   0.05520   0.02619   0.00368   0.00258   0.00477   0.02271   0.00778   0.00197   0.00852   0.00766   0.00524   0.00418   0.00162   0.00718   0.00615   0.00626   0.01824   0.14125   0.01212   0.02718   0.01864   0.01586   0.00123   0.00887   0.00574   0.00380   0.00237   0.05365   0.19416   0.06079   0.10998   0.00040   0.10813   0.08203   3.00000   1.16374   0.04304   0.25098  
  1 99.0000  10748.967323  x:  0.26399   0.11620   0.08621   0.00460   0.06083   0.05082   0.04975   0.05018   0.05553   0.02611   0.00374   0.00249   0.00570   0.02287   0.00845   0.00034   0.00895   0.00761   0.00573   0.00392   0.00000   0.00685   0.00668   0.00676   0.01864   0.14143   0.01210   0.02712   0.01885   0.01595   0.00158   0.00875   0.00652   0.00438   0.00151   0.05445   0.19428   0.06125   0.11023   0.00826   0.10824   0.08257   3.00013   1.16386   0.04291   0.24911  
  2 3118.0482  10747.736766  x:  0.26406   0.11639   0.08631   0.00540   0.06090   0.05084   0.04983   0.05034   0.05567   0.02608   0.00376   0.00247   0.00599   0.02294   0.00869   0.00145   0.00910   0.00759   0.00588   0.00384   0.00114   0.00673   0.00686   0.00693   0.01880   0.14152   0.01209   0.02710   0.01894   0.01599   0.00157   0.00871   0.00677   0.00454   0.00134   0.05479   0.19434   0.06142   0.11032   0.01000   0.10826   0.08278   3.00018   1.16391   0.04286   0.24830  
  3 3326.7966  10741.836669  x:  0.26474   0.11815   0.08718   0.00246   0.06146   0.05086   0.05039   0.05188   0.05703   0.02572   0.00385   0.00256   0.00747   0.02354   0.01031   0.00134   0.01021   0.00749   0.00663   0.00358   0.00115   0.00596   0.00784   0.00792   0.02024   0.14235   0.01199   0.02692   0.01972   0.01630   0.00000   0.00853   0.00805   0.00517   0.00225   0.05801   0.19486   0.06280   0.11096   0.01173   0.10834   0.08452   3.00071   1.16443   0.04235   0.24040  
  4 954.5933  10737.695123  x:  0.26531   0.11962   0.08790   0.00000   0.06193   0.05088   0.05086   0.05316   0.05817   0.02541   0.00391   0.00262   0.00863   0.02403   0.01162   0.00125   0.01110   0.00742   0.00722   0.00340   0.00115   0.00536   0.00862   0.00870   0.02143   0.14305   0.01190   0.02677   0.02037   0.01657   0.00054   0.00839   0.00906   0.00566   0.00286   0.06071   0.19530   0.06395   0.11150   0.01300   0.10841   0.08597   3.00117   1.16486   0.04193   0.23374  
  5 18626.8631  10704.035306  x:  0.27246   0.13730   0.09689   0.00682   0.06794   0.05177   0.05713   0.06795   0.07133   0.02185   0.00378   0.00248   0.01445   0.02885   0.02096   0.00042   0.01718   0.00722   0.00912   0.00481   0.00142   0.00412   0.01228   0.01258   0.03341   0.15171   0.01061   0.02530   0.02683   0.01921   0.00148   0.00801   0.01383   0.00578   0.00046   0.09213   0.20073   0.07703   0.11765   0.00445   0.10901   0.10278   3.00677   1.17018   0.03667   0.15109  
  6 3426.4573  10699.953256  x:  0.27437   0.14153   0.09898   0.00851   0.06927   0.05201   0.05843   0.07106   0.07411   0.02140   0.00381   0.00250   0.01392   0.02934   0.02124   0.00041   0.01700   0.00743   0.00831   0.00454   0.00163   0.00605   0.01153   0.01192   0.03516   0.15393   0.01028   0.02521   0.02756   0.01939   0.00195   0.00838   0.01310   0.00517   0.00633   0.09921   0.20217   0.07998   0.11921   0.00400   0.10926   0.10671   3.00827   1.17151   0.03535   0.12996  
  7 5437.2103  10689.165682  x:  0.27732   0.14678   0.10131   0.00515   0.07052   0.05230   0.05925   0.07373   0.07657   0.02206   0.00400   0.00271   0.00917   0.02829   0.01714   0.00042   0.01309   0.00800   0.00521   0.00294   0.00179   0.00833   0.00735   0.00786   0.03453   0.15710   0.00992   0.02577   0.02637   0.01845   0.00130   0.00860   0.00834   0.00287   0.00350   0.10699   0.20434   0.08316   0.12137   0.00724   0.10982   0.11131   3.01056   1.17326   0.03363   0.10110  
  8 2495.0321  10687.696890  x:  0.27811   0.14776   0.10162   0.00477   0.07056   0.05231   0.05914   0.07374   0.07660   0.02250   0.00377   0.00232   0.00787   0.02761   0.01520   0.00045   0.01181   0.00781   0.00616   0.00460   0.00178   0.00777   0.00725   0.00753   0.03340   0.15782   0.00990   0.02596   0.02550   0.01803   0.00122   0.00860   0.00766   0.00581   0.00325   0.10810   0.20487   0.08348   0.12176   0.00754   0.10993   0.11199   3.01122   1.17360   0.03330   0.09561  
  9 1080.1800  10686.810871  x:  0.27908   0.14850   0.10164   0.00497   0.07025   0.05224   0.05866   0.07296   0.07595   0.02317   0.00380   0.00304   0.00770   0.02661   0.01283   0.00052   0.01107   0.00736   0.00748   0.00379   0.00171   0.00616   0.00870   0.00867   0.03115   0.15855   0.01002   0.02612   0.02410   0.01756   0.00127   0.00879   0.00866   0.00531   0.00345   0.10843   0.20545   0.08327   0.12199   0.00734   0.10999   0.11217   3.01210   1.17386   0.03305   0.09221  
 10 442.9546  10686.577868  x:  0.27959   0.14882   0.10158   0.00496   0.07004   0.05217   0.05838   0.07246   0.07553   0.02337   0.00378   0.00205   0.00820   0.02630   0.01244   0.00055   0.01133   0.00739   0.00733   0.00401   0.00166   0.00617   0.00895   0.00897   0.03006   0.15889   0.01011   0.02612   0.02358   0.01748   0.00127   0.00872   0.00909   0.00497   0.00345   0.10848   0.20574   0.08308   0.12205   0.00730   0.10999   0.11217   3.01261   1.17396   0.03295   0.09131  
 11 306.1286  10686.313347  x:  0.28064   0.14947   0.10145   0.00496   0.06958   0.05199   0.05779   0.07143   0.07467   0.02354   0.00378   0.00264   0.00928   0.02591   0.01253   0.00063   0.01220   0.00757   0.00667   0.00460   0.00158   0.00673   0.00892   0.00915   0.02807   0.15956   0.01032   0.02606   0.02287   0.01748   0.00128   0.00847   0.00958   0.00502   0.00334   0.10855   0.20631   0.08264   0.12215   0.00724   0.10996   0.11212   3.01371   1.17416   0.03277   0.09015  
 12 327.1686  10686.127101  x:  0.28186   0.15022   0.10133   0.00509   0.06912   0.05181   0.05725   0.07039   0.07384   0.02333   0.00378   0.00252   0.00957   0.02592   0.01345   0.00068   0.01276   0.00753   0.00682   0.00368   0.00151   0.00660   0.00859   0.00888   0.02657   0.16027   0.01050   0.02593   0.02273   0.01765   0.00130   0.00847   0.00937   0.00557   0.00333   0.10870   0.20695   0.08215   0.12223   0.00708   0.10989   0.11207   3.01505   1.17437   0.03258   0.08953  
 13 215.5599  10685.961630  x:  0.28354   0.15128   0.10121   0.00511   0.06859   0.05159   0.05670   0.06918   0.07295   0.02281   0.00381   0.00255   0.00915   0.02621   0.01459   0.00073   0.01278   0.00737   0.00734   0.00427   0.00147   0.00610   0.00855   0.00868   0.02555   0.16119   0.01064   0.02577   0.02310   0.01787   0.00130   0.00871   0.00897   0.00500   0.00343   0.10902   0.20782   0.08154   0.12232   0.00716   0.10976   0.11204   3.01704   1.17466   0.03230   0.08924  
 14 211.9675  10685.734232  x:  0.28680   0.15334   0.10112   0.00507   0.06787   0.05132   0.05607   0.06737   0.07187   0.02218   0.00361   0.00251   0.00833   0.02679   0.01492   0.00077   0.01184   0.00753   0.00695   0.00415   0.00143   0.00690   0.00938   0.00933   0.02563   0.16282   0.01067   0.02561   0.02417   0.01795   0.00127   0.00851   0.00934   0.00515   0.00329   0.10978   0.20947   0.08051   0.12245   0.00721   0.10949   0.11203   3.02120   1.17526   0.03175   0.08946  
 15 184.9520  10685.451959  x:  0.29153   0.15626   0.10115   0.00516   0.06725   0.05116   0.05569   0.06535   0.07097   0.02233   0.00466   0.00250   0.00891   0.02717   0.01388   0.00079   0.01153   0.00756   0.00649   0.00416   0.00142   0.00629   0.00880   0.00911   0.02711   0.16501   0.01050   0.02560   0.02504   0.01777   0.00128   0.00846   0.00953   0.00533   0.00341   0.11088   0.21181   0.07918   0.12262   0.00720   0.10914   0.11206   3.02777   1.17618   0.03091   0.09027  
 16 287.2153  10685.230568  x:  0.29510   0.15838   0.10124   0.00516   0.06697   0.05115   0.05562   0.06411   0.07055   0.02275   0.00355   0.00257   0.00942   0.02722   0.01304   0.00078   0.01183   0.00750   0.00680   0.00413   0.00143   0.00620   0.00833   0.00877   0.02834   0.16656   0.01034   0.02568   0.02522   0.01764   0.00128   0.00856   0.00941   0.00522   0.00344   0.11165   0.21355   0.07827   0.12274   0.00724   0.10892   0.11209   3.03302   1.17690   0.03024   0.09099  
 17 607.2656  10685.058501  x:  0.29812   0.15995   0.10149   0.00509   0.06719   0.05140   0.05600   0.06376   0.07073   0.02338   0.00401   0.00255   0.00911   0.02676   0.01293   0.00075   0.01261   0.00743   0.00761   0.00411   0.00146   0.00703   0.00874   0.00870   0.02912   0.16762   0.01020   0.02588   0.02428   0.01766   0.00128   0.00872   0.00887   0.00511   0.00332   0.11204   0.21495   0.07771   0.12284   0.00728   0.10886   0.11209   3.03834   1.17761   0.02960   0.09173  
 18 274.6326  10684.812832  x:  0.30216   0.16167   0.10200   0.00511   0.06801   0.05198   0.05695   0.06418   0.07157   0.02397   0.00382   0.00254   0.00816   0.02593   0.01370   0.00068   0.01292   0.00763   0.00664   0.00415   0.00153   0.00633   0.00909   0.00894   0.02944   0.16869   0.01018   0.02619   0.02242   0.01785   0.00130   0.00867   0.00872   0.00521   0.00345   0.11213   0.21672   0.07728   0.12295   0.00732   0.10900   0.11206   3.04679   1.17868   0.02862   0.09282  
 19 321.3847  10684.485423  x:  0.30710   0.16303   0.10282   0.00504   0.06950   0.05278   0.05833   0.06587   0.07318   0.02361   0.00389   0.00255   0.00861   0.02546   0.01439   0.00058   0.01128   0.00734   0.00722   0.00420   0.00163   0.00674   0.00803   0.00887   0.02834   0.16938   0.01046   0.02644   0.02146   0.01791   0.00131   0.00848   0.00982   0.00512   0.00341   0.11134   0.21868   0.07725   0.12310   0.00727   0.10953   0.11192   3.05997   1.18027   0.02718   0.09403  
 20 304.7828  10683.932489  x:  0.31450   0.16395   0.10401   0.00489   0.07170   0.05360   0.05996   0.06932   0.07575   0.02239   0.00385   0.00257   0.00973   0.02597   0.01330   0.00052   0.01124   0.00809   0.00699   0.00415   0.00170   0.00661   0.00922   0.00843   0.02545   0.16954   0.01070   0.02645   0.02323   0.01762   0.00127   0.00911   0.00861   0.00525   0.00338   0.10882   0.22129   0.07781   0.12335   0.00734   0.11076   0.11158   3.08455   1.18311   0.02463   0.09541  
 21 470.8950  10683.539317  x:  0.31866   0.16361   0.10442   0.00484   0.07234   0.05348   0.06002   0.07122   0.07678   0.02259   0.00390   0.00256   0.00858   0.02671   0.01250   0.00058   0.01279   0.00678   0.00684   0.00416   0.00165   0.00660   0.00845   0.00920   0.02439   0.16903   0.01071   0.02621   0.02475   0.01763   0.00125   0.00835   0.00896   0.00524   0.00342   0.10650   0.22246   0.07845   0.12353   0.00743   0.11163   0.11133   3.10294   1.18511   0.02284   0.09564  
 22 557.8223  10682.870824  x:  0.32427   0.16157   0.10430   0.00493   0.07180   0.05227   0.05843   0.07321   0.07707   0.02463   0.00398   0.00256   0.00751   0.02766   0.01284   0.00074   0.01348   0.00927   0.00753   0.00419   0.00148   0.00647   0.00777   0.00918   0.02499   0.16727   0.01075   0.02572   0.02571   0.01799   0.00124   0.00856   0.01033   0.00516   0.00340   0.10180   0.22341   0.07985   0.12384   0.00737   0.11296   0.11096   3.13803   1.18874   0.01963   0.09487  
 23 675.5872  10681.510765  x:  0.33322   0.15689   0.10345   0.00515   0.06975   0.04985   0.05484   0.07565   0.07648   0.02714   0.00382   0.00254   0.00895   0.02844   0.01468   0.00099   0.01208   0.00711   0.00685   0.00418   0.00121   0.00659   0.00936   0.00827   0.02805   0.16349   0.01068   0.02525   0.02537   0.01849   0.00126   0.00918   0.00993   0.00528   0.00332   0.09333   0.22420   0.08265   0.12437   0.00712   0.11502   0.11051   3.20697   1.19566   0.01352   0.09287  
 24 1647.1928  10680.460264  x:  0.33731   0.15337   0.10233   0.00525   0.06805   0.04946   0.05357   0.07574   0.07505   0.02329   0.00381   0.00255   0.00999   0.02730   0.01486   0.00100   0.01205   0.00788   0.00737   0.00415   0.00118   0.00633   0.00857   0.01057   0.03058   0.16076   0.00998   0.02584   0.02372   0.01787   0.00130   0.00743   0.00800   0.00507   0.00341   0.08963   0.22336   0.08468   0.12458   0.00703   0.11539   0.11082   3.26120   1.20086   0.00897   0.09180  
 25 1132.9929  10679.432149  x:  0.33916   0.15030   0.10107   0.00514   0.06684   0.05023   0.05387   0.07472   0.07331   0.01889   0.00383   0.00255   0.00931   0.02579   0.01428   0.00086   0.01335   0.00758   0.00709   0.00412   0.00132   0.00647   0.00849   0.00953   0.03210   0.15845   0.00969   0.02640   0.02262   0.01732   0.00128   0.00966   0.00971   0.00532   0.00322   0.08857   0.22147   0.08639   0.12453   0.00707   0.11476   0.11153   3.31575   1.20591   0.00456   0.09137  
 26 1614.3622  10676.810278  x:  0.33778   0.14475   0.09835   0.00505   0.06603   0.05402   0.05819   0.07025   0.06943   0.01946   0.00381   0.00253   0.00877   0.02412   0.01400   0.00024   0.01339   0.00770   0.00741   0.00414   0.00195   0.00611   0.00999   0.00621   0.03128   0.15460   0.01075   0.02640   0.02380   0.01770   0.00128   0.00593   0.01062   0.00494   0.00343   0.09310   0.21452   0.08920   0.12366   0.00704   0.11091   0.11392   3.44736   1.21768  -0.00563   0.09231  
 27 1567.0895  10675.138642  x:  0.33665   0.14274   0.09737   0.00496   0.06592   0.05533   0.05987   0.06841   0.06808   0.02065   0.00380   0.00252   0.00886   0.02397   0.01403   0.00000   0.01302   0.00761   0.00725   0.00413   0.00217   0.00620   0.00956   0.00718   0.03056   0.15328   0.01094   0.02623   0.02431   0.01786   0.00126   0.00682   0.01016   0.00502   0.00336   0.09549   0.21153   0.09011   0.12323   0.00708   0.10925   0.11483   3.50161   1.22249  -0.00978   0.09287  
 28 6812.1040  10674.559362  x:  0.33583   0.14265   0.09744   0.00495   0.06608   0.05491   0.05965   0.06826   0.06831   0.02062   0.00380   0.00252   0.00883   0.02453   0.01392   0.00000   0.01295   0.00761   0.00725   0.00413   0.00085   0.00620   0.00956   0.00710   0.03030   0.15334   0.01053   0.02611   0.02390   0.01769   0.00126   0.00680   0.01016   0.00502   0.00336   0.09633   0.21086   0.08994   0.12307   0.00710   0.10899   0.11483   3.51434   1.22356  -0.01070   0.09317  
 29 1605.9465  10672.269499  x:  0.32728   0.14193   0.09828   0.00495   0.06741   0.04976   0.05627   0.06683   0.07064   0.02050   0.00380   0.00250   0.00850   0.03015   0.01273   0.00000   0.01247   0.00759   0.00715   0.00410   0.00147   0.00621   0.00961   0.00646   0.02748   0.15424   0.00695   0.02485   0.01987   0.01611   0.00129   0.00661   0.01013   0.00499   0.00337   0.10429   0.20434   0.08781   0.12140   0.00734   0.10675   0.11440   3.64325   1.23439  -0.01995   0.09594  
 30 2855.0059  10670.951434  x:  0.31999   0.14272   0.09969   0.00501   0.06819   0.04564   0.05238   0.06683   0.07322   0.01985   0.00381   0.00250   0.00824   0.03068   0.01172   0.00000   0.01252   0.00760   0.00711   0.00407   0.00150   0.00621   0.00948   0.00651   0.02680   0.15623   0.01202   0.02527   0.01857   0.01625   0.00129   0.00664   0.00974   0.00499   0.00338   0.10875   0.20102   0.08482   0.12024   0.00754   0.10632   0.11290   3.72274   1.24084  -0.02543   0.09750  
 31 2643.9331  10669.463945  x:  0.30943   0.14545   0.10204   0.00512   0.06827   0.04366   0.04777   0.06791   0.07583   0.02004   0.00380   0.00249   0.00820   0.02424   0.01227   0.00000   0.01229   0.00755   0.00706   0.00407   0.00144   0.00620   0.00936   0.00648   0.02628   0.16019   0.00993   0.02730   0.02147   0.01768   0.00125   0.00665   0.00982   0.00498   0.00339   0.11094   0.19967   0.07910   0.11913   0.00767   0.10783   0.10916   3.80223   1.24685  -0.03044   0.09823  
 32 1329.8900  10668.400702  x:  0.29765   0.14962   0.10375   0.00505   0.06645   0.04823   0.04854   0.06877   0.07568   0.02007   0.00378   0.00248   0.00826   0.02470   0.01308   0.00000   0.01250   0.00751   0.00709   0.00407   0.00144   0.00615   0.00944   0.00659   0.02744   0.16497   0.01018   0.02448   0.02157   0.01472   0.00129   0.00660   0.00989   0.00496   0.00336   0.10787   0.20248   0.07285   0.11888   0.00775   0.11118   0.10423   3.86071   1.25054  -0.03336   0.09707  
 33 604.9450  10668.035037  x:  0.29250   0.15179   0.10403   0.00496   0.06581   0.04926   0.05005   0.06887   0.07505   0.01969   0.00378   0.00248   0.00844   0.02621   0.01248   0.00000   0.01252   0.00753   0.00711   0.00406   0.00145   0.00613   0.00947   0.00665   0.02781   0.16681   0.00999   0.02493   0.02100   0.01772   0.00125   0.00659   0.00987   0.00498   0.00333   0.10586   0.20469   0.07118   0.11909   0.00782   0.11242   0.10276   3.88207   1.25161  -0.03412   0.09659  
 34 610.1426  10667.763998  x:  0.28751   0.15473   0.10346   0.00497   0.06613   0.04736   0.05228   0.06858   0.07388   0.01997   0.00378   0.00248   0.00844   0.02677   0.01285   0.00000   0.01260   0.00753   0.00712   0.00407   0.00145   0.00613   0.00951   0.00665   0.02778   0.16793   0.01004   0.02748   0.02119   0.01666   0.00126   0.00660   0.00998   0.00498   0.00333   0.10354   0.20857   0.07231   0.11989   0.00773   0.11272   0.10332   3.89767   1.25169  -0.03396   0.09666  
 35 208.3376  10667.585908  x:  0.28384   0.15746   0.10270   0.00495   0.06698   0.04613   0.05259   0.06839   0.07331   0.01985   0.00378   0.00248   0.00842   0.02581   0.01266   0.00000   0.01253   0.00753   0.00711   0.00407   0.00145   0.00614   0.00947   0.00665   0.02772   0.16821   0.01004   0.02536   0.02119   0.01693   0.00125   0.00661   0.00991   0.00499   0.00333   0.10199   0.21229   0.07452   0.12068   0.00768   0.11225   0.10495   3.90772   1.25110  -0.03318   0.09718  
 36 162.1372  10667.518574  x:  0.28245   0.15885   0.10227   0.00497   0.06727   0.04766   0.05086   0.06827   0.07375   0.01995   0.00379   0.00248   0.00840   0.02610   0.01262   0.00000   0.01252   0.00754   0.00711   0.00407   0.00145   0.00615   0.00947   0.00663   0.02755   0.16765   0.01009   0.02588   0.02112   0.01694   0.00125   0.00662   0.00991   0.00499   0.00333   0.10148   0.21415   0.07562   0.12084   0.00764   0.11147   0.10615   3.91173   1.25007  -0.03204   0.09745  
 37 60.5898  10667.440275  x:  0.28233   0.16025   0.10250   0.00498   0.06546   0.04743   0.05141   0.06814   0.07547   0.01997   0.00379   0.00248   0.00839   0.02601   0.01263   0.00000   0.01251   0.00754   0.00711   0.00407   0.00145   0.00615   0.00947   0.00664   0.02726   0.16468   0.01013   0.02581   0.02118   0.01694   0.00125   0.00663   0.00991   0.00499   0.00333   0.10127   0.21595   0.07418   0.11978   0.00769   0.10980   0.10688   3.91682   1.24463  -0.02625   0.09684  
 38 21.0612  10667.239784  x:  0.28362   0.16188   0.10331   0.00495   0.06951   0.04734   0.05130   0.06793   0.07366   0.01995   0.00380   0.00249   0.00845   0.02622   0.01274   0.00000   0.01260   0.00757   0.00713   0.00409   0.00146   0.00617   0.00949   0.00667   0.02781   0.16060   0.01023   0.02587   0.02130   0.01699   0.00126   0.00663   0.00996   0.00500   0.00334   0.10187   0.21800   0.07199   0.11902   0.00772   0.11022   0.10606   3.93062   1.22625  -0.00677   0.09481  
 39 54.2929  10666.709831  x:  0.28798   0.16334   0.10484   0.00504   0.06687   0.04819   0.05170   0.07035   0.07313   0.02046   0.00385   0.00252   0.00834   0.02632   0.01247   0.00000   0.01252   0.00766   0.00713   0.00413   0.00148   0.00632   0.00944   0.00663   0.02739   0.16299   0.01044   0.02634   0.02120   0.01713   0.00128   0.00679   0.00990   0.00502   0.00341   0.10544   0.21947   0.07613   0.12268   0.00754   0.11587   0.10548   3.96697   1.17512   0.04749   0.09262  
 40 148.1979  10666.522576  x:  0.28963   0.16157   0.10390   0.00504   0.06850   0.04837   0.05236   0.06868   0.07615   0.02045   0.00387   0.00253   0.00841   0.02648   0.01271   0.00000   0.01265   0.00769   0.00717   0.00414   0.00149   0.00633   0.00948   0.00669   0.02778   0.16828   0.01035   0.02630   0.02156   0.01723   0.00128   0.00680   0.00998   0.00503   0.00341   0.10303   0.21880   0.07596   0.12334   0.00751   0.11428   0.10732   3.97994   1.15669   0.06713   0.09071  
 41 130.8492  10666.508099  x:  0.28976   0.16145   0.10453   0.00503   0.06839   0.04839   0.05230   0.06968   0.07529   0.02047   0.00387   0.00253   0.00840   0.02650   0.01269   0.00000   0.01264   0.00770   0.00717   0.00414   0.00149   0.00634   0.00947   0.00669   0.02780   0.16912   0.01035   0.02633   0.02153   0.01723   0.00128   0.00680   0.00997   0.00503   0.00341   0.10269   0.21862   0.07582   0.12269   0.00753   0.11325   0.10795   3.98083   1.15551   0.06849   0.09067  
 42 15.3054  10666.443661  x:  0.28988   0.16227   0.10479   0.00500   0.06838   0.04845   0.05240   0.06870   0.07549   0.02047   0.00386   0.00253   0.00839   0.02646   0.01268   0.00000   0.01262   0.00769   0.00716   0.00414   0.00149   0.00633   0.00946   0.00669   0.02780   0.16954   0.01033   0.02630   0.02153   0.01723   0.00127   0.00681   0.00995   0.00503   0.00339   0.10199   0.21797   0.07772   0.11851   0.00758   0.11395   0.10708   3.98243   1.15692   0.06974   0.09053  
 43  1.1842  10663.271857  x:  0.29253   0.17940   0.10253   0.00403   0.06723   0.04946   0.05318   0.06304   0.07084   0.02185   0.00383   0.00249   0.00776   0.02531   0.01140   0.00000   0.01148   0.00752   0.00679   0.00398   0.00137   0.00632   0.00874   0.00670   0.02455   0.16244   0.01067   0.02627   0.02103   0.01693   0.00112   0.00728   0.00907   0.00503   0.00263   0.07957   0.19137   0.07714   0.12239   0.00850   0.11284   0.10692   4.05611   1.23923   0.11869   0.09388  
 44 13.2361  10658.352864  x:  0.29249   0.14944   0.09259   0.00274   0.06524   0.05016   0.05291   0.05921   0.06445   0.02393   0.00379   0.00242   0.00660   0.02327   0.00915   0.00000   0.00952   0.00724   0.00613   0.00372   0.00120   0.00637   0.00751   0.00663   0.01931   0.16126   0.01096   0.02624   0.02000   0.01635   0.00090   0.00803   0.00751   0.00498   0.00152   0.07439   0.20801   0.07265   0.11874   0.01037   0.10531   0.09265   4.16891   1.36684   0.19306   0.09850  
 45 227.3528  10658.071870  x:  0.29216   0.14594   0.09557   0.00264   0.06508   0.05033   0.05296   0.05711   0.06405   0.02413   0.00379   0.00242   0.00652   0.02318   0.00898   0.00000   0.00939   0.00724   0.00610   0.00371   0.00119   0.00639   0.00744   0.00663   0.01890   0.16094   0.01099   0.02630   0.01994   0.01634   0.00089   0.00809   0.00742   0.00499   0.00146   0.07403   0.20973   0.07043   0.11753   0.01036   0.10969   0.09817   4.17579   1.37468   0.19750   0.09940  
 46 93.1259  10658.071206  x:  0.29216   0.14594   0.09557   0.00264   0.06508   0.05033   0.05296   0.05710   0.06405   0.02413   0.00379   0.00242   0.00652   0.02318   0.00898   0.00005   0.00939   0.00724   0.00610   0.00371   0.00119   0.00639   0.00744   0.00663   0.01890   0.16094   0.01099   0.02630   0.01994   0.01634   0.00089   0.00809   0.00742   0.00499   0.00146   0.07403   0.20973   0.07043   0.11753   0.01036   0.10969   0.09817   4.17579   1.37469   0.19751   0.09940  
 47 30.3896  10658.069832  x:  0.29214   0.14587   0.09611   0.00263   0.06509   0.05034   0.05296   0.05687   0.06409   0.02412   0.00379   0.00242   0.00652   0.02318   0.00898   0.00005   0.00939   0.00724   0.00610   0.00371   0.00119   0.00639   0.00744   0.00663   0.01891   0.16091   0.01098   0.02629   0.01995   0.01634   0.00089   0.00809   0.00742   0.00499   0.00146   0.07397   0.20977   0.07059   0.11768   0.01036   0.10954   0.09802   4.17585   1.37476   0.19756   0.09940  
 48  3.7845  10657.426736  x:  0.29773   0.14126   0.09591   0.00287   0.06458   0.05104   0.05310   0.05760   0.06351   0.02461   0.00371   0.00246   0.00674   0.02381   0.01065   0.00009   0.00992   0.00739   0.00621   0.00377   0.00113   0.00625   0.00726   0.00755   0.02213   0.15875   0.01109   0.02644   0.02033   0.01644   0.00096   0.00824   0.00725   0.00486   0.00156   0.07894   0.21158   0.07102   0.11816   0.01051   0.11005   0.09853   4.27520   1.54232   0.38004   0.10326  
 49  0.3357  10657.281365  x:  0.29976   0.14378   0.09663   0.00270   0.06466   0.05120   0.05309   0.05838   0.06452   0.02496   0.00374   0.00246   0.00673   0.02396   0.00992   0.00016   0.01001   0.00752   0.00616   0.00371   0.00106   0.00624   0.00741   0.00753   0.02158   0.15829   0.01108   0.02648   0.02035   0.01637   0.00097   0.00863   0.00750   0.00475   0.00123   0.07951   0.21116   0.07182   0.11867   0.01078   0.10984   0.09898   4.34437   1.75325   0.59311   0.10397  
 50  0.2873  10657.220525  x:  0.29933   0.14399   0.09661   0.00285   0.06477   0.05103   0.05291   0.05824   0.06454   0.02497   0.00378   0.00245   0.00683   0.02390   0.00998   0.00024   0.00993   0.00746   0.00621   0.00370   0.00098   0.00603   0.00754   0.00751   0.02101   0.15887   0.01103   0.02644   0.02024   0.01638   0.00106   0.00866   0.00761   0.00471   0.00155   0.07829   0.21102   0.07176   0.11848   0.01096   0.10966   0.09893   4.37908   1.99936   0.83561   0.10433  
 51  0.2969  10657.149687  x:  0.29815   0.14320   0.09627   0.00273   0.06486   0.05082   0.05290   0.05768   0.06388   0.02476   0.00377   0.00245   0.00666   0.02370   0.01022   0.00037   0.00975   0.00729   0.00618   0.00369   0.00085   0.00625   0.00733   0.00738   0.02143   0.15958   0.01098   0.02642   0.02014   0.01639   0.00113   0.00863   0.00727   0.00479   0.00139   0.07773   0.21057   0.07148   0.11813   0.01137   0.10949   0.09872   4.39327   2.45839   1.28842   0.10333  
 52  0.3694  10657.087486  x:  0.29893   0.14286   0.09654   0.00278   0.06474   0.05094   0.05307   0.05811   0.06421   0.02464   0.00373   0.00245   0.00681   0.02391   0.00984   0.00052   0.01007   0.00752   0.00620   0.00375   0.00070   0.00633   0.00742   0.00752   0.02146   0.15878   0.01107   0.02646   0.02036   0.01639   0.00124   0.00840   0.00757   0.00482   0.00144   0.07932   0.21139   0.07148   0.11835   0.01157   0.10993   0.09883   4.36227   2.98725   1.82528   0.10293  
 53  0.4015  10657.062240  x:  0.29943   0.14390   0.09653   0.00275   0.06470   0.05107   0.05304   0.05834   0.06448   0.02474   0.00376   0.00246   0.00675   0.02390   0.01024   0.00062   0.00987   0.00746   0.00620   0.00371   0.00058   0.00616   0.00748   0.00747   0.02127   0.15860   0.01110   0.02646   0.02027   0.01640   0.00130   0.00849   0.00747   0.00475   0.00142   0.07860   0.21132   0.07164   0.11840   0.01165   0.10984   0.09897   4.34559   3.37296   2.21167   0.10353  
 54  0.3678  10657.051601  x:  0.29871   0.14339   0.09636   0.00272   0.06478   0.05106   0.05300   0.05802   0.06417   0.02486   0.00376   0.00246   0.00676   0.02381   0.00997   0.00072   0.00993   0.00740   0.00619   0.00370   0.00049   0.00613   0.00743   0.00743   0.02154   0.15913   0.01103   0.02646   0.02023   0.01637   0.00133   0.00855   0.00743   0.00473   0.00144   0.07844   0.21094   0.07153   0.11826   0.01162   0.10964   0.09881   4.34421   3.71532   2.55055   0.10397  
 55  0.3026  10657.042440  x:  0.29831   0.14317   0.09645   0.00268   0.06479   0.05100   0.05303   0.05802   0.06416   0.02487   0.00375   0.00245   0.00676   0.02389   0.01009   0.00082   0.00991   0.00744   0.00618   0.00372   0.00038   0.00627   0.00740   0.00751   0.02115   0.15910   0.01104   0.02644   0.02029   0.01639   0.00134   0.00849   0.00749   0.00475   0.00143   0.07892   0.21092   0.07154   0.11833   0.01140   0.10970   0.09878   4.34818   4.14511   2.98050   0.10390  
 56  0.2705  10657.035188  x:  0.29895   0.14365   0.09654   0.00265   0.06474   0.05100   0.05306   0.05823   0.06439   0.02482   0.00375   0.00246   0.00673   0.02387   0.01007   0.00090   0.00992   0.00745   0.00619   0.00372   0.00030   0.00623   0.00747   0.00748   0.02147   0.15880   0.01105   0.02646   0.02028   0.01639   0.00132   0.00852   0.00747   0.00475   0.00145   0.07851   0.21134   0.07158   0.11845   0.01110   0.10987   0.09894   4.35031   4.56064   3.39763   0.10363  
 57  0.3299  10657.032341  x:  0.29892   0.14339   0.09638   0.00263   0.06474   0.05105   0.05303   0.05805   0.06417   0.02479   0.00376   0.00246   0.00679   0.02383   0.01006   0.00091   0.00992   0.00743   0.00620   0.00371   0.00029   0.00615   0.00742   0.00745   0.02135   0.15886   0.01107   0.02645   0.02026   0.01638   0.00129   0.00852   0.00744   0.00474   0.00144   0.07871   0.21099   0.07161   0.11837   0.01097   0.10970   0.09887   4.35109   4.78541   3.62085   0.10375  
 58  0.1785  10657.028936  x:  0.29858   0.14318   0.09639   0.00265   0.06476   0.05102   0.05295   0.05810   0.06420   0.02478   0.00375   0.00245   0.00669   0.02388   0.01007   0.00086   0.00992   0.00742   0.00620   0.00372   0.00034   0.00620   0.00745   0.00748   0.02136   0.15910   0.01105   0.02644   0.02026   0.01638   0.00122   0.00850   0.00752   0.00476   0.00142   0.07847   0.21095   0.07152   0.11833   0.01094   0.10972   0.09878   4.34970   5.07567   3.91032   0.10393  
 59  0.1338  10657.025649  x:  0.29865   0.14356   0.09652   0.00270   0.06478   0.05103   0.05302   0.05815   0.06433   0.02479   0.00375   0.00245   0.00677   0.02385   0.01005   0.00079   0.00990   0.00743   0.00619   0.00372   0.00041   0.00623   0.00743   0.00747   0.02137   0.15896   0.01105   0.02645   0.02028   0.01639   0.00115   0.00851   0.00743   0.00477   0.00143   0.07869   0.21112   0.07156   0.11842   0.01106   0.10980   0.09889   4.34867   5.33887   4.17470   0.10388  
 60  0.2181  10657.024319  x:  0.29891   0.14345   0.09642   0.00274   0.06473   0.05102   0.05303   0.05809   0.06422   0.02482   0.00376   0.00246   0.00676   0.02386   0.01008   0.00077   0.00994   0.00745   0.00620   0.00371   0.00044   0.00619   0.00745   0.00745   0.02139   0.15883   0.01106   0.02645   0.02027   0.01639   0.00115   0.00855   0.00748   0.00476   0.00142   0.07860   0.21115   0.07158   0.11838   0.01119   0.10975   0.09888   4.34919   5.52893   4.36482   0.10377  
 61  0.1692  10657.023325  x:  0.29887   0.14335   0.09642   0.00276   0.06474   0.05102   0.05300   0.05813   0.06424   0.02481   0.00375   0.00246   0.00674   0.02386   0.01004   0.00079   0.00988   0.00742   0.00619   0.00371   0.00042   0.00618   0.00743   0.00750   0.02138   0.15894   0.01105   0.02646   0.02027   0.01638   0.00118   0.00852   0.00745   0.00475   0.00142   0.07864   0.21101   0.07158   0.11833   0.01126   0.10971   0.09885   4.35068   5.94501   4.78078   0.10375  
 62  0.2424  10657.022230  x:  0.29871   0.14348   0.09646   0.00275   0.06478   0.05103   0.05300   0.05811   0.06428   0.02479   0.00375   0.00245   0.00677   0.02385   0.01008   0.00081   0.00995   0.00743   0.00619   0.00372   0.00039   0.00622   0.00744   0.00746   0.02137   0.15900   0.01105   0.02644   0.02027   0.01639   0.00119   0.00853   0.00746   0.00478   0.00142   0.07858   0.21107   0.07152   0.11835   0.01121   0.10978   0.09885   4.35039   6.71178   5.54757   0.10381  
 63  0.4442  10657.021574  x:  0.29884   0.14345   0.09645   0.00273   0.06474   0.05103   0.05303   0.05810   0.06421   0.02480   0.00376   0.00245   0.00673   0.02387   0.01006   0.00080   0.00990   0.00744   0.00620   0.00371   0.00041   0.00620   0.00744   0.00745   0.02138   0.15885   0.01106   0.02645   0.02028   0.01639   0.00118   0.00852   0.00747   0.00476   0.00142   0.07869   0.21112   0.07160   0.11839   0.01119   0.10975   0.09888   4.34934   7.43880   6.27458   0.10381  
 64  0.5150  10657.021141  x:  0.29888   0.14337   0.09642   0.00273   0.06473   0.05101   0.05301   0.05814   0.06428   0.02481   0.00376   0.00246   0.00677   0.02385   0.01006   0.00076   0.00992   0.00744   0.00619   0.00371   0.00044   0.00619   0.00744   0.00748   0.02137   0.15891   0.01105   0.02646   0.02026   0.01639   0.00118   0.00852   0.00745   0.00476   0.00142   0.07854   0.21110   0.07157   0.11836   0.01121   0.10974   0.09886   4.34953   8.26490   7.10066   0.10379  
 65  0.5407  10657.020789  x:  0.29877   0.14348   0.09645   0.00272   0.06477   0.05103   0.05302   0.05810   0.06426   0.02481   0.00375   0.00246   0.00675   0.02385   0.01007   0.00071   0.00993   0.00742   0.00619   0.00371   0.00049   0.00620   0.00744   0.00746   0.02138   0.15896   0.01105   0.02645   0.02028   0.01639   0.00119   0.00853   0.00746   0.00477   0.00143   0.07868   0.21106   0.07155   0.11835   0.01121   0.10976   0.09886   4.35006   9.31249   8.14837   0.10379  
 66  0.6875  10657.020634  x:  0.29881   0.14344   0.09644   0.00272   0.06475   0.05102   0.05301   0.05811   0.06423   0.02481   0.00376   0.00245   0.00676   0.02387   0.01006   0.00067   0.00991   0.00744   0.00620   0.00371   0.00054   0.00620   0.00744   0.00747   0.02138   0.15890   0.01105   0.02645   0.02027   0.01639   0.00119   0.00853   0.00747   0.00476   0.00142   0.07862   0.21109   0.07157   0.11837   0.01119   0.10975   0.09887   4.34975  10.14166   8.97742   0.10380  
 67  0.6889  10657.020605  x:  0.29882   0.14343   0.09644   0.00272   0.06475   0.05102   0.05302   0.05812   0.06425   0.02480   0.00376   0.00245   0.00675   0.02386   0.01006   0.00065   0.00992   0.00744   0.00619   0.00371   0.00056   0.00620   0.00744   0.00747   0.02137   0.15891   0.01105   0.02645   0.02027   0.01639   0.00119   0.00852   0.00746   0.00476   0.00142   0.07863   0.21109   0.07157   0.11837   0.01119   0.10975   0.09887   4.34974  10.48661   9.32236   0.10380  
 68  0.4405  10657.020601  x:  0.29881   0.14344   0.09644   0.00272   0.06475   0.05102   0.05301   0.05811   0.06425   0.02481   0.00375   0.00246   0.00675   0.02386   0.01006   0.00064   0.00992   0.00744   0.00619   0.00371   0.00056   0.00620   0.00744   0.00747   0.02138   0.15892   0.01105   0.02645   0.02027   0.01639   0.00119   0.00853   0.00746   0.00476   0.00142   0.07863   0.21109   0.07157   0.11837   0.01119   0.10975   0.09887   4.34980  10.62351   9.45927   0.10380  
 69  0.1688  10657.020600  x:  0.29881   0.14343   0.09644   0.00272   0.06475   0.05102   0.05301   0.05811   0.06425   0.02481   0.00376   0.00246   0.00675   0.02386   0.01006   0.00064   0.00992   0.00744   0.00619   0.00371   0.00056   0.00620   0.00744   0.00747   0.02138   0.15891   0.01105   0.02645   0.02027   0.01639   0.00119   0.00852   0.00746   0.00476   0.00142   0.07863   0.21108   0.07157   0.11837   0.01118   0.10975   0.09887   4.34982  10.76899   9.60474   0.10380  
 70  0.0545  10657.020594  x:  0.29881   0.14343   0.09644   0.00273   0.06475   0.05102   0.05301   0.05811   0.06425   0.02481   0.00376   0.00245   0.00675   0.02385   0.01006   0.00065   0.00991   0.00744   0.00619   0.00371   0.00055   0.00620   0.00744   0.00747   0.02138   0.15891   0.01105   0.02645   0.02027   0.01639   0.00119   0.00852   0.00746   0.00476   0.00142   0.07863   0.21109   0.07157   0.11837   0.01118   0.10975   0.09887   4.34979  11.27932  10.11506   0.10380  
 71  0.1430  10657.020588  x:  0.29882   0.14344   0.09645   0.00272   0.06475   0.05102   0.05301   0.05811   0.06425   0.02481   0.00375   0.00246   0.00675   0.02386   0.01006   0.00066   0.00992   0.00743   0.00619   0.00371   0.00055   0.00620   0.00744   0.00747   0.02138   0.15892   0.01105   0.02645   0.02027   0.01639   0.00119   0.00853   0.00746   0.00476   0.00142   0.07863   0.21109   0.07156   0.11836   0.01119   0.10975   0.09887   4.34978  12.12076  10.95652   0.10380  
 72  0.4347  10657.020584  x:  0.29881   0.14343   0.09644   0.00272   0.06475   0.05102   0.05301   0.05811   0.06425   0.02480   0.00376   0.00246   0.00675   0.02386   0.01006   0.00065   0.00992   0.00744   0.00619   0.00371   0.00055   0.00620   0.00744   0.00747   0.02138   0.15891   0.01105   0.02645   0.02027   0.01639   0.00119   0.00853   0.00746   0.00476   0.00142   0.07863   0.21108   0.07157   0.11837   0.01119   0.10975   0.09887   4.34980  12.83029  11.66605   0.10380  
 73  0.4919  10657.020583  x:  0.29882   0.14344   0.09644   0.00272   0.06475   0.05102   0.05301   0.05811   0.06425   0.02481   0.00375   0.00246   0.00675   0.02386   0.01006   0.00065   0.00992   0.00744   0.00619   0.00371   0.00055   0.00620   0.00744   0.00747   0.02138   0.15891   0.01105   0.02645   0.02027   0.01639   0.00119   0.00852   0.00746   0.00476   0.00142   0.07863   0.21109   0.07157   0.11837   0.01119   0.10975   0.09887   4.34979  14.07859  12.91434   0.10380  
 74  0.6006  10657.020582  x:  0.29881   0.14343   0.09644   0.00272   0.06475   0.05102   0.05301   0.05811   0.06425   0.02481   0.00376   0.00246   0.00675   0.02386   0.01006   0.00065   0.00992   0.00744   0.00619   0.00371   0.00055   0.00620   0.00744   0.00747   0.02138   0.15891   0.01105   0.02645   0.02027   0.01639   0.00119   0.00853   0.00746   0.00476   0.00142   0.07863   0.21109   0.07157   0.11837   0.01119   0.10975   0.09887   4.34980  14.90292  13.73868   0.10380  
 75  0.7286  10657.020582  x:  0.29881   0.14343   0.09644   0.00272   0.06475   0.05102   0.05301   0.05811   0.06425   0.02481   0.00376   0.00246   0.00675   0.02386   0.01006   0.00065   0.00992   0.00744   0.00619   0.00371   0.00055   0.00620   0.00744   0.00747   0.02138   0.15891   0.01105   0.02645   0.02027   0.01639   0.00119   0.00853   0.00746   0.00476   0.00142   0.07863   0.21109   0.07157   0.11837   0.01119   0.10975   0.09887   4.34980  16.25854  15.09431   0.10380  
 76  0.9688  10657.020582  x:  0.29881   0.14343   0.09644   0.00272   0.06475   0.05102   0.05301   0.05811   0.06425   0.02481   0.00376   0.00246   0.00675   0.02386   0.01006   0.00065   0.00992   0.00744   0.00619   0.00371   0.00055   0.00620   0.00744   0.00747   0.02138   0.15891   0.01105   0.02645   0.02027   0.01639   0.00119   0.00853   0.00746   0.00476   0.00142   0.07863   0.21109   0.07157   0.11837   0.01119   0.10975   0.09887   4.34979  16.05186  14.88762   0.10380  
 77  0.3399  10657.020582  x:  0.29881   0.14343   0.09644   0.00272   0.06475   0.05102   0.05301   0.05811   0.06425   0.02481   0.00376   0.00246   0.00675   0.02386   0.01006   0.00065   0.00992   0.00744   0.00619   0.00371   0.00055   0.00620   0.00744   0.00747   0.02138   0.15891   0.01105   0.02645   0.02027   0.01639   0.00119   0.00853   0.00746   0.00476   0.00142   0.07863   0.21109   0.07157   0.11837   0.01119   0.10975   0.09887   4.34979  16.25855  15.09431   0.10380  
 78  0.3451  10657.020582  x:  0.29881   0.14343   0.09644   0.00272   0.06475   0.05102   0.05301   0.05811   0.06425   0.02481   0.00376   0.00246   0.00675   0.02386   0.01006   0.00065   0.00992   0.00744   0.00619   0.00371   0.00055   0.00620   0.00744   0.00747   0.02138   0.15891   0.01105   0.02645   0.02027   0.01639   0.00119   0.00853   0.00746   0.00476   0.00142   0.07863   0.21109   0.07157   0.11837   0.01119   0.10975   0.09887   4.34979  16.22471  15.06047   0.10380  
 79  0.1048  10657.020582  x:  0.29881   0.14343   0.09644   0.00272   0.06475   0.05102   0.05301   0.05811   0.06425   0.02481   0.00376   0.00246   0.00675   0.02386   0.01006   0.00065   0.00992   0.00744   0.00619   0.00371   0.00055   0.00620   0.00744   0.00747   0.02138   0.15891   0.01105   0.02645   0.02027   0.01639   0.00119   0.00853   0.00746   0.00476   0.00142   0.07863   0.21109   0.07157   0.11837   0.01119   0.10975   0.09887   4.34979  16.24085  15.07661   0.10380  
 80  0.0497  10657.020582  x:  0.29881   0.14343   0.09644   0.00272   0.06475   0.05102   0.05301   0.05811   0.06425   0.02481   0.00376   0.00246   0.00675   0.02386   0.01006   0.00065   0.00992   0.00744   0.00619   0.00371   0.00055   0.00620   0.00744   0.00747   0.02138   0.15891   0.01105   0.02645   0.02027   0.01639   0.00119   0.00853   0.00746   0.00476   0.00142   0.07863   0.21109   0.07157   0.11837   0.01119   0.10975   0.09887   4.34979  16.56298  15.39874   0.10380  
 81  0.0569  10657.020582  x:  0.29881   0.14343   0.09644   0.00272   0.06475   0.05102   0.05301   0.05811   0.06425   0.02481   0.00376   0.00246   0.00675   0.02386   0.01006   0.00065   0.00992   0.00744   0.00619   0.00371   0.00055   0.00620   0.00744   0.00747   0.02138   0.15891   0.01105   0.02645   0.02027   0.01639   0.00119   0.00853   0.00746   0.00476   0.00142   0.07863   0.21109   0.07157   0.11837   0.01119   0.10975   0.09887   4.34980  19.17715  18.01291   0.10380  
 82  1.3459  10657.020582  x:  0.29881   0.14343   0.09644   0.00272   0.06475   0.05102   0.05301   0.05811   0.06425   0.02481   0.00376   0.00246   0.00675   0.02386   0.01006   0.00065   0.00992   0.00744   0.00619   0.00371   0.00055   0.00620   0.00744   0.00747   0.02138   0.15891   0.01105   0.02645   0.02027   0.01639   0.00119   0.00853   0.00746   0.00476   0.00142   0.07863   0.21109   0.07157   0.11837   0.01119   0.10975   0.09887   4.34980  18.41794  17.25370   0.10380  
 83  3.6773  10657.020582  x:  0.29881   0.14343   0.09644   0.00272   0.06475   0.05102   0.05301   0.05811   0.06425   0.02481   0.00376   0.00246   0.00675   0.02386   0.01006   0.00065   0.00992   0.00744   0.00619   0.00371   0.00055   0.00620   0.00744   0.00747   0.02138   0.15891   0.01105   0.02645   0.02027   0.01639   0.00119   0.00853   0.00746   0.00476   0.00142   0.07863   0.21109   0.07157   0.11837   0.01119   0.10975   0.09887   4.34980  18.41795  17.25371   0.10380  