

TREE # 1

  0  0.0000  14006.616661  x:  0.36826   0.07062   0.00720   0.13921   0.12976   0.10564   0.17512   0.07302   0.07041   0.01860   0.03711   0.00956   0.01947   0.01673   0.00903   0.01422   0.02413   0.01472   0.01167   0.01334   0.06697   0.30034   0.00000   0.03920   0.06707   0.03865   0.03363   0.00938   0.02524   0.01451   0.00507   0.01040   0.12469   0.00873   0.10201   0.08664   0.06768   3.00000   1.00000  
  1 99.0000  13984.007078  x:  0.36905   0.07498   0.01360   0.14083   0.12928   0.10566   0.17726   0.07522   0.07000   0.02261   0.03580   0.01052   0.01999   0.01729   0.00505   0.00739   0.02113   0.01368   0.00657   0.01011   0.06619   0.30146   0.00938   0.04055   0.06769   0.03775   0.03198   0.00864   0.02105   0.01522   0.00042   0.00870   0.12608   0.01350   0.10207   0.08733   0.06867   3.00087   0.99345  
  2 1973.1299  13974.213276  x:  0.36973   0.07860   0.01830   0.14217   0.12885   0.10564   0.17906   0.07705   0.06964   0.02566   0.03471   0.01121   0.02043   0.01772   0.00236   0.00172   0.01873   0.01292   0.00276   0.00769   0.06540   0.30240   0.01461   0.04164   0.06821   0.03701   0.03063   0.00815   0.01762   0.01576   0.00433   0.00757   0.12725   0.01693   0.10211   0.08790   0.06945   3.00161   0.98782  
  3 7125.2078  13970.314360  x:  0.37005   0.08020   0.01952   0.14279   0.12861   0.10555   0.17990   0.07787   0.06945   0.02658   0.03421   0.01136   0.02065   0.01784   0.00384   0.00024   0.01788   0.01281   0.00348   0.00736   0.06489   0.30284   0.01435   0.04208   0.06843   0.03671   0.03009   0.00816   0.01630   0.01590   0.00444   0.00755   0.12777   0.01767   0.10212   0.08815   0.06974   3.00199   0.98497  
  4 1977.4410  13953.932118  x:  0.37255   0.09249   0.02904   0.14748   0.12673   0.10487   0.18637   0.08420   0.06803   0.03369   0.03041   0.01256   0.02236   0.01876   0.01152   0.00291   0.01144   0.01197   0.00694   0.00483   0.06098   0.30623   0.01306   0.04548   0.07019   0.03441   0.02591   0.00822   0.00621   0.01694   0.00572   0.00727   0.13181   0.02348   0.10215   0.09008   0.07196   3.00488   0.96304  
  5 7170.6851  13915.599874  x:  0.37793   0.11674   0.04172   0.15714   0.12235   0.10263   0.19987   0.09664   0.06486   0.04299   0.02399   0.01298   0.02440   0.01926   0.00902   0.00249   0.00840   0.01275   0.00396   0.01465   0.05257   0.31361   0.00000   0.05151   0.07357   0.03071   0.01951   0.00979   0.00924   0.01798   0.00388   0.00940   0.13996   0.02911   0.10206   0.09386   0.07571   3.01147   0.91279  
  6 2871.8092  13826.883281  x:  0.40480   0.22455   0.06256   0.20228   0.09883   0.08698   0.26428   0.15026   0.04940   0.05829   0.01274   0.00747   0.02638   0.01547   0.00150   0.00478   0.05799   0.02365   0.04057   0.02207   0.02187   0.35218   0.01639   0.07327   0.08700   0.02182   0.01722   0.01525   0.03470   0.01422   0.00992   0.01469   0.17682   0.01980   0.10045   0.10999   0.08791   3.04768   0.63407  
  7 4095.2027  13620.269548  x:  0.43513   0.34158   0.07155   0.25099   0.07432   0.06865   0.33597   0.20354   0.03660   0.06011   0.04603   0.02105   0.02227   0.01650   0.02693   0.00879   0.09656   0.02056   0.02582   0.01594   0.02584   0.39762   0.02051   0.09122   0.09768   0.02587   0.03425   0.00900   0.05954   0.01290   0.01192   0.00491   0.21492   0.00000   0.09781   0.12497   0.09761   3.09468   0.26611  
  8 9615.9249  13570.077486  x:  0.44193   0.36785   0.06772   0.26143   0.07133   0.06570   0.35244   0.21388   0.03561   0.05512   0.04821   0.01763   0.02104   0.01645   0.02559   0.00851   0.10377   0.01770   0.02450   0.00906   0.03170   0.40846   0.01698   0.09349   0.09833   0.02828   0.03691   0.00832   0.05920   0.01348   0.01103   0.01122   0.22284   0.00186   0.09721   0.12738   0.09945   3.10768   0.16396  
  9 14602.7689  13566.545186  x:  0.44273   0.37043   0.06597   0.26233   0.07252   0.06647   0.35429   0.21440   0.03598   0.05321   0.04711   0.01624   0.02136   0.01645   0.02405   0.00823   0.10385   0.01748   0.02495   0.00980   0.03177   0.40972   0.01594   0.09320   0.09776   0.02851   0.03666   0.00859   0.05694   0.01335   0.01073   0.00509   0.22343   0.00081   0.09718   0.12730   0.09927   3.10971   0.15658  
 10 979.3418  13561.230294  x:  0.44950   0.38841   0.05338   0.26895   0.08203   0.07387   0.36843   0.21776   0.03748   0.04016   0.05129   0.01878   0.02322   0.01721   0.02213   0.00739   0.10643   0.01895   0.02119   0.01956   0.02828   0.41927   0.01773   0.09077   0.09348   0.02974   0.03939   0.00673   0.04317   0.01158   0.01017   0.00670   0.22791   0.00179   0.09731   0.12692   0.09751   3.12496   0.15174  
 11 347.8444  13558.609952  x:  0.45260   0.39697   0.04815   0.27190   0.08439   0.07625   0.37510   0.21943   0.03761   0.03719   0.05229   0.01891   0.02257   0.01674   0.02088   0.00696   0.10760   0.01901   0.01925   0.01830   0.02915   0.42363   0.01669   0.08986   0.09209   0.02977   0.03972   0.00947   0.03951   0.01384   0.00952   0.00724   0.22997   0.00000   0.09736   0.12685   0.09688   3.13217   0.15200  
 12 832.3754  13555.313587  x:  0.45882   0.41400   0.03655   0.27764   0.08763   0.08014   0.38862   0.22259   0.03751   0.03267   0.05476   0.01864   0.02064   0.01575   0.01920   0.00640   0.11174   0.01914   0.01651   0.01376   0.03200   0.43245   0.01343   0.08794   0.08962   0.02983   0.04048   0.01132   0.03577   0.01550   0.00837   0.00548   0.23406   0.00420   0.09751   0.12677   0.09596   3.14712   0.15372  
 13 2109.1770  13552.678451  x:  0.46307   0.42599   0.02864   0.28113   0.08921   0.08282   0.39831   0.22401   0.03770   0.03233   0.05507   0.01711   0.02029   0.01641   0.01726   0.00586   0.11346   0.01825   0.01455   0.00938   0.03463   0.43866   0.01071   0.08629   0.08796   0.02989   0.03968   0.00689   0.03320   0.01241   0.00735   0.00556   0.23639   0.00237   0.09753   0.12636   0.09501   3.15896   0.15527  
 14 1213.9370  13551.171483  x:  0.46536   0.43273   0.02245   0.28098   0.08834   0.08468   0.40524   0.22080   0.03903   0.03776   0.05494   0.01469   0.02233   0.01807   0.01766   0.00594   0.11308   0.01561   0.01454   0.01216   0.03872   0.44296   0.01238   0.08312   0.08703   0.03187   0.03948   0.00795   0.03295   0.01182   0.00760   0.00574   0.23555   0.00262   0.09747   0.12460   0.09392   3.17270   0.15548  
 15 317.3959  13548.895163  x:  0.46770   0.44041   0.01712   0.27736   0.08698   0.08872   0.41568   0.21023   0.04196   0.04296   0.05438   0.01511   0.02232   0.01498   0.01816   0.00604   0.11029   0.01692   0.01468   0.01216   0.03557   0.44911   0.01361   0.07633   0.08573   0.03376   0.03963   0.00489   0.03484   0.01619   0.00775   0.00570   0.23097   0.00279   0.09741   0.12048   0.09198   3.20106   0.15435  
 16 409.0168  13545.565373  x:  0.47075   0.45108   0.01334   0.27105   0.08556   0.09473   0.43130   0.19278   0.04592   0.04700   0.05408   0.01705   0.02110   0.01481   0.01886   0.00617   0.10560   0.01929   0.01435   0.00931   0.02932   0.45808   0.01451   0.06647   0.08431   0.03499   0.04038   0.00841   0.03844   0.01214   0.00782   0.00575   0.22322   0.00318   0.09742   0.11458   0.08944   3.24645   0.15255  
 17 1446.8255  13540.666755  x:  0.47464   0.46713   0.02126   0.26114   0.08482   0.10036   0.45613   0.16508   0.04939   0.04105   0.05366   0.01687   0.01784   0.02230   0.01917   0.00672   0.10123   0.01914   0.01893   0.00946   0.03331   0.47138   0.01617   0.05757   0.08434   0.03007   0.04129   0.00693   0.04535   0.01419   0.00872   0.00568   0.21122   0.00345   0.09812   0.10943   0.08838   3.32389   0.15197  
 18 951.5392  13537.040094  x:  0.47624   0.47653   0.02682   0.25437   0.08388   0.09865   0.47235   0.14710   0.05013   0.03519   0.05397   0.01576   0.02261   0.01440   0.01947   0.00694   0.09886   0.01664   0.02062   0.00979   0.03724   0.47923   0.01696   0.05769   0.08613   0.02919   0.04149   0.00721   0.04807   0.01186   0.00915   0.00585   0.20367   0.00328   0.09884   0.10923   0.08939   3.38083   0.15231  
 19 1209.9179  13531.377397  x:  0.47512   0.48442   0.02485   0.24302   0.08267   0.08160   0.49483   0.12230   0.04748   0.03099   0.05457   0.01399   0.02283   0.01846   0.01840   0.00665   0.09844   0.01607   0.01968   0.00945   0.03310   0.48739   0.01630   0.07182   0.09120   0.03770   0.04139   0.00684   0.04540   0.01324   0.00874   0.00574   0.19403   0.00317   0.09984   0.11658   0.09372   3.48562   0.15284  
 20 819.3337  13528.216879  x:  0.47224   0.48324   0.02295   0.23768   0.08627   0.07597   0.50356   0.11561   0.04477   0.03526   0.05467   0.01658   0.01617   0.01592   0.01733   0.00638   0.10052   0.01962   0.01946   0.01202   0.03623   0.48861   0.01570   0.07742   0.09102   0.03295   0.04183   0.00704   0.04115   0.01149   0.00855   0.00586   0.19232   0.00283   0.09932   0.12103   0.09477   3.54784   0.15184  
 21 836.1389  13522.788610  x:  0.46479   0.47525   0.02115   0.22999   0.09458   0.07435   0.51540   0.11354   0.04039   0.04211   0.05653   0.02011   0.02477   0.01837   0.01655   0.00602   0.10857   0.02172   0.01750   0.01001   0.03615   0.48730   0.01250   0.08294   0.08830   0.02206   0.04380   0.00751   0.03768   0.01316   0.00783   0.00573   0.19420   0.00317   0.09724   0.12777   0.09462   3.66561   0.14975  
 22 1345.2266  13505.535426  x:  0.43913   0.44539   0.03409   0.21518   0.11128   0.09039   0.54633   0.13286   0.03688   0.05238   0.05801   0.01485   0.02032   0.01614   0.02088   0.00637   0.13302   0.00941   0.01160   0.00838   0.03215   0.47745   0.00645   0.09065   0.08236   0.03281   0.04303   0.00758   0.03253   0.01399   0.00714   0.00608   0.21226   0.00340   0.09047   0.14207   0.09177   4.04045   0.14670  
 23 2081.4886  13497.177957  x:  0.42376   0.42717   0.03836   0.21217   0.10743   0.09563   0.56201   0.15155   0.04053   0.05082   0.05613   0.01064   0.02366   0.01691   0.02465   0.00662   0.13768   0.02632   0.00682   0.00828   0.03828   0.46956   0.00673   0.09182   0.08220   0.04088   0.03718   0.00800   0.03084   0.01342   0.00720   0.00620   0.22546   0.00309   0.08928   0.14531   0.09173   4.26733   0.14552  
 24 3458.5608  13479.408574  x:  0.39713   0.39295   0.02925   0.22051   0.07759   0.09000   0.58299   0.19502   0.04684   0.03672   0.05401   0.02906   0.02364   0.01834   0.01861   0.00593   0.12375   0.02068   0.01310   0.01051   0.04082   0.45154   0.01035   0.08558   0.08590   0.03752   0.02813   0.00772   0.03106   0.01259   0.00740   0.00569   0.25126   0.00165   0.09385   0.14002   0.09550   4.68328   0.14411  
 25 3010.1956  13472.158082  x:  0.39010   0.38114   0.02564   0.23399   0.07163   0.08281   0.58604   0.21292   0.04185   0.03211   0.05279   0.01550   0.02076   0.01740   0.02041   0.00617   0.10953   0.01935   0.01157   0.01159   0.03594   0.44372   0.01391   0.08104   0.08997   0.02909   0.04350   0.00696   0.03397   0.01210   0.00769   0.00611   0.25902   0.00106   0.09792   0.13274   0.09921   4.84738   0.14436  
 26 1828.9173  13468.146403  x:  0.39311   0.37611   0.02503   0.25594   0.08800   0.07777   0.57824   0.22153   0.03764   0.03389   0.05834   0.01581   0.02161   0.01734   0.01698   0.00630   0.09513   0.02146   0.01955   0.00972   0.03752   0.43900   0.01622   0.08176   0.09492   0.03402   0.04543   0.00679   0.04273   0.01205   0.00845   0.00600   0.25783   0.00084   0.10162   0.12337   0.10212   4.94670   0.14384  
 27 677.5877  13465.518691  x:  0.40640   0.37506   0.02261   0.27877   0.08905   0.08075   0.55833   0.22112   0.04303   0.03343   0.06069   0.01137   0.02009   0.01694   0.02046   0.00683   0.09450   0.01985   0.01762   0.00961   0.03512   0.43746   0.01881   0.09058   0.09336   0.02861   0.03643   0.00736   0.04614   0.01221   0.00894   0.00625   0.24806   0.00122   0.10044   0.12073   0.10052   5.00899   0.14297  
 28 299.3690  13461.603872  x:  0.43617   0.37731   0.02474   0.31688   0.07917   0.08967   0.51563   0.21814   0.03727   0.03506   0.05304   0.01711   0.02132   0.01737   0.02029   0.00662   0.10045   0.02074   0.01623   0.00979   0.03736   0.43736   0.01631   0.09798   0.08945   0.03169   0.04230   0.00716   0.04274   0.01209   0.00854   0.00609   0.22843   0.00165   0.09769   0.12161   0.09699   5.10714   0.14257  
 29 532.4916  13459.812615  x:  0.45630   0.38353   0.02846   0.32318   0.07776   0.08227   0.48548   0.21893   0.03608   0.03614   0.05796   0.01511   0.02152   0.01717   0.01901   0.00629   0.10694   0.02089   0.01549   0.01054   0.03619   0.44141   0.01384   0.08292   0.09177   0.03223   0.03772   0.00723   0.03746   0.01233   0.00807   0.00615   0.22440   0.00155   0.10022   0.12808   0.09917   5.15078   0.14275  
 30 193.4998  13459.009663  x:  0.46769   0.38948   0.02995   0.32104   0.07967   0.07816   0.46768   0.22096   0.04487   0.03698   0.05637   0.01614   0.02171   0.01718   0.01881   0.00626   0.10853   0.02058   0.01554   0.01028   0.03635   0.44463   0.01297   0.08003   0.09332   0.03225   0.04124   0.00713   0.03713   0.01229   0.00798   0.00609   0.22583   0.00141   0.10046   0.13049   0.10087   5.17160   0.14315  
 31 222.4815  13457.551926  x:  0.48986   0.40498   0.02674   0.30320   0.08333   0.07794   0.42893   0.22532   0.04035   0.03389   0.05074   0.01719   0.02140   0.01728   0.02191   0.00679   0.10418   0.02001   0.01455   0.01018   0.03678   0.45213   0.01624   0.08227   0.09370   0.03192   0.04000   0.00704   0.04230   0.01218   0.00858   0.00613   0.23503   0.00120   0.09728   0.12875   0.10232   5.20760   0.14303  
 32 161.1542  13457.103809  x:  0.49636   0.41056   0.02697   0.29629   0.08132   0.08037   0.41610   0.22631   0.03974   0.03453   0.05633   0.01546   0.02129   0.01722   0.01922   0.00653   0.10190   0.02088   0.01722   0.01016   0.03662   0.45444   0.01552   0.08636   0.09269   0.03187   0.04130   0.00709   0.04184   0.01209   0.00847   0.00612   0.23895   0.00118   0.09856   0.12656   0.10142   5.21858   0.14308  
 33 141.4204  13456.987846  x:  0.49523   0.41265   0.02759   0.29600   0.08155   0.07918   0.41347   0.22489   0.03954   0.03461   0.05558   0.01573   0.02134   0.01721   0.01965   0.00655   0.10371   0.02069   0.01652   0.01021   0.03667   0.45367   0.01521   0.08700   0.09213   0.03191   0.04101   0.00712   0.04123   0.01212   0.00842   0.00612   0.24104   0.00127   0.10298   0.12310   0.09860   5.22022   0.14311  
 34 15.3549  13456.342300  x:  0.48086   0.42480   0.02789   0.30051   0.08108   0.07835   0.40300   0.21347   0.04016   0.03469   0.05648   0.01588   0.02146   0.01724   0.01924   0.00639   0.10770   0.02053   0.01574   0.01041   0.03688   0.44516   0.01397   0.08528   0.09449   0.03198   0.04069   0.00712   0.03872   0.01222   0.00813   0.00610   0.25177   0.00127   0.09594   0.11665   0.09926   5.22471   0.14382  
 35 15.8192  13455.373391  x:  0.46105   0.44017   0.02517   0.30625   0.08124   0.08362   0.38983   0.19999   0.04112   0.03443   0.05614   0.01593   0.02136   0.01731   0.01970   0.00652   0.10599   0.02052   0.01592   0.01013   0.03712   0.43409   0.01496   0.08274   0.09162   0.03238   0.04081   0.00710   0.04059   0.01221   0.00827   0.00607   0.26240   0.00083   0.10104   0.12605   0.10315   5.23029   0.14434  
 36 77.6206  13453.099505  x:  0.44440   0.44964   0.02547   0.30554   0.08242   0.07843   0.38095   0.20347   0.04185   0.03258   0.05683   0.01490   0.02136   0.01719   0.01848   0.00649   0.09985   0.02087   0.01804   0.01010   0.03718   0.43183   0.01593   0.07998   0.08480   0.03325   0.04161   0.00719   0.04258   0.01224   0.00846   0.00605   0.25340   0.00179   0.09445   0.13472   0.08338   5.23837   0.14570  
 37 22.6492  13434.019056  x:  0.35963   0.47423   0.01622   0.27879   0.09034   0.08871   0.33396   0.24674   0.04386   0.02976   0.05560   0.01517   0.02088   0.01753   0.01439   0.00538   0.09808   0.01946   0.01525   0.01095   0.03840   0.43782   0.01351   0.07685   0.09471   0.03146   0.04125   0.00725   0.03333   0.01270   0.00708   0.00586   0.15446   0.00232   0.09951   0.12232   0.09179   5.29736   0.15321  
 38 100.4077  13398.742028  x:  0.36698   0.41090   0.02089   0.27135   0.09431   0.07946   0.31382   0.23381   0.04651   0.02974   0.04793   0.01345   0.02161   0.01724   0.00842   0.00416   0.07590   0.01946   0.01648   0.01208   0.03647   0.44068   0.01236   0.06934   0.03720   0.03639   0.03885   0.00799   0.02737   0.01283   0.00621   0.00555   0.15140   0.00113   0.09457   0.10696   0.11448   5.38771   0.16232  
 39 98.1980  13350.990435  x:  0.38920   0.32368   0.01692   0.26439   0.09998   0.09056   0.29320   0.20772   0.04885   0.03011   0.03769   0.01236   0.02160   0.01719   0.00000   0.00231   0.04613   0.01891   0.01685   0.01344   0.03490   0.44182   0.01118   0.06256   0.04458   0.03499   0.03727   0.00828   0.01769   0.01349   0.00474   0.00518   0.16306   0.00106   0.09572   0.10684   0.10699   5.49573   0.17162  
 40 1168.6532  13348.191406  x:  0.36972   0.30277   0.01807   0.27486   0.09928   0.09171   0.28095   0.20056   0.04846   0.03117   0.03503   0.01233   0.02173   0.01713   0.00004   0.00227   0.04233   0.01901   0.01677   0.01374   0.03415   0.49395   0.01114   0.06355   0.04571   0.03466   0.03653   0.00834   0.01755   0.01350   0.00478   0.00515   0.17539   0.00093   0.09544   0.10810   0.10683   5.50450   0.17261  
 41 41.9213  13325.853943  x:  0.44237   0.29726   0.01361   0.23905   0.10594   0.09631   0.30025   0.19985   0.05114   0.02929   0.02979   0.01115   0.02151   0.01704   0.00019   0.00192   0.03488   0.01803   0.01393   0.01422   0.03438   0.34539   0.01246   0.05623   0.04793   0.03437   0.03637   0.00848   0.01449   0.01402   0.00426   0.00502   0.14902   0.00147   0.09711   0.10403   0.10208   5.55865   0.17705  
 42 14.4454  13303.727027  x:  0.45356   0.21775   0.01281   0.23496   0.11074   0.10503   0.28049   0.17245   0.05296   0.03086   0.01543   0.00984   0.02181   0.01686   0.00013   0.00135   0.01256   0.01716   0.01061   0.01534   0.03256   0.36367   0.01360   0.05178   0.05393   0.03299   0.03325   0.00892   0.01109   0.01472   0.00378   0.00505   0.16270   0.00177   0.09802   0.10387   0.09627   5.64754   0.18441  
 43  4.0329  13284.372559  x:  0.45322   0.18015   0.01803   0.22196   0.11463   0.10922   0.28216   0.13365   0.05705   0.03309   0.02043   0.00973   0.02229   0.01718   0.00012   0.00077   0.02124   0.01468   0.00446   0.01289   0.03660   0.37007   0.00769   0.05048   0.06172   0.03136   0.02422   0.01004   0.00392   0.01627   0.00229   0.00731   0.17876   0.00384   0.09992   0.10232   0.09160   5.71294   0.18035  
 44  0.3452  13271.366559  x:  0.44923   0.15970   0.02253   0.20546   0.11735   0.11150   0.28784   0.10187   0.06099   0.03488   0.02889   0.00989   0.02288   0.01749   0.00012   0.00094   0.01610   0.01263   0.00399   0.00836   0.04113   0.37111   0.00603   0.05064   0.06747   0.03079   0.01686   0.01102   0.01174   0.01781   0.00196   0.00966   0.19028   0.00600   0.10101   0.10208   0.08831   5.77071   0.17405  
 45  0.8489  13266.427276  x:  0.44148   0.17078   0.02439   0.19401   0.11978   0.11224   0.28941   0.09997   0.06262   0.03361   0.02745   0.00983   0.02344   0.01855   0.00014   0.00109   0.01804   0.01275   0.00455   0.00655   0.04778   0.37785   0.00285   0.05318   0.07121   0.03305   0.02900   0.01041   0.01292   0.01805   0.00168   0.01062   0.18745   0.00764   0.10143   0.10360   0.08736   5.82334   0.16578  
 46  0.1410  13264.504684  x:  0.44074   0.16477   0.02238   0.19442   0.12424   0.11495   0.28596   0.10971   0.06365   0.03102   0.03053   0.01194   0.02408   0.01969   0.00015   0.00123   0.01435   0.01331   0.00563   0.00904   0.05097   0.38252   0.00377   0.05546   0.07345   0.03444   0.02982   0.00972   0.01281   0.01737   0.00205   0.01025   0.17875   0.00868   0.10126   0.10609   0.08685   5.89178   0.16575  
 47  0.1294  13263.299051  x:  0.43761   0.16747   0.01975   0.20052   0.12761   0.11666   0.27542   0.10782   0.06501   0.02983   0.02941   0.01318   0.02464   0.02075   0.00017   0.00129   0.01660   0.01315   0.00464   0.00871   0.05612   0.38098   0.00198   0.05389   0.07486   0.03613   0.02815   0.00874   0.01304   0.01641   0.00185   0.00917   0.17316   0.00974   0.10109   0.10672   0.08702   5.95954   0.16774  
 48  0.0997  13262.805309  x:  0.43083   0.16811   0.01752   0.19728   0.12962   0.11727   0.28437   0.10330   0.06524   0.02998   0.03050   0.01108   0.02459   0.02065   0.00020   0.00137   0.01552   0.01333   0.00476   0.00869   0.05890   0.37896   0.00219   0.05277   0.07435   0.03680   0.02757   0.00832   0.01294   0.01604   0.00202   0.00846   0.17667   0.01050   0.10103   0.10547   0.08731   5.98964   0.16867  
 49  0.0429  13262.527053  x:  0.43724   0.16015   0.01841   0.19569   0.12997   0.11586   0.28216   0.10720   0.06458   0.03091   0.03037   0.01086   0.02419   0.01999   0.00022   0.00147   0.01630   0.01324   0.00514   0.00820   0.06054   0.37952   0.00206   0.05430   0.07340   0.03649   0.02701   0.00834   0.01318   0.01614   0.00223   0.00817   0.17836   0.01131   0.10090   0.10488   0.08709   6.01273   0.16850  
 50  0.0326  13262.213881  x:  0.44225   0.16463   0.01829   0.19647   0.12995   0.11462   0.27828   0.10510   0.06420   0.03057   0.03025   0.01200   0.02361   0.01906   0.00027   0.00149   0.01572   0.01298   0.00433   0.00790   0.06174   0.38088   0.00277   0.05450   0.07184   0.03583   0.02701   0.00851   0.01327   0.01629   0.00241   0.00818   0.18020   0.01242   0.10075   0.10495   0.08596   6.02821   0.16734  
 51  0.0196  13261.850315  x:  0.43918   0.16507   0.02118   0.20114   0.12911   0.11375   0.28348   0.10079   0.06438   0.03057   0.03028   0.01235   0.02316   0.01860   0.00034   0.00161   0.01624   0.01344   0.00512   0.00825   0.06171   0.38296   0.00251   0.05250   0.07142   0.03523   0.02754   0.00850   0.01340   0.01624   0.00266   0.00815   0.17750   0.01384   0.10048   0.10567   0.08452   6.02568   0.16775  
 52  0.0092  13261.234458  x:  0.42934   0.16660   0.02192   0.19716   0.12759   0.11317   0.28816   0.10823   0.06364   0.03049   0.03116   0.01139   0.02283   0.01894   0.00046   0.00162   0.01561   0.01346   0.00411   0.00808   0.06018   0.38589   0.00176   0.05306   0.07208   0.03443   0.02835   0.00837   0.01342   0.01588   0.00250   0.00834   0.17263   0.01582   0.10055   0.10563   0.08485   6.01591   0.16874  
 53  0.0151  13260.680618  x:  0.43007   0.17267   0.02076   0.19367   0.12660   0.11425   0.27438   0.10673   0.06305   0.03098   0.03091   0.01098   0.02299   0.01952   0.00059   0.00168   0.01596   0.01321   0.00499   0.00869   0.05799   0.38341   0.00205   0.05550   0.07351   0.03460   0.02809   0.00827   0.01328   0.01578   0.00254   0.00849   0.17960   0.01730   0.10056   0.10560   0.08583   6.00149   0.16928  
 54  0.0245  13260.168074  x:  0.43251   0.16382   0.01818   0.20158   0.12573   0.11612   0.28373   0.10495   0.06324   0.03113   0.02923   0.01188   0.02338   0.01964   0.00075   0.00162   0.01573   0.01284   0.00478   0.00848   0.05628   0.38210   0.00254   0.05636   0.07412   0.03559   0.02751   0.00831   0.01301   0.01599   0.00238   0.00872   0.18154   0.01876   0.10069   0.10582   0.08608   5.98747   0.16753  
 55  0.0209  13259.756392  x:  0.44140   0.16336   0.01923   0.19709   0.12683   0.11619   0.27981   0.10539   0.06464   0.03077   0.02881   0.01146   0.02324   0.01857   0.00095   0.00155   0.01539   0.01365   0.00469   0.00822   0.05581   0.38474   0.00251   0.05104   0.07448   0.03642   0.02638   0.00842   0.01276   0.01622   0.00219   0.00865   0.17722   0.02004   0.10076   0.10547   0.08387   5.97932   0.16757  
 56  0.0110  13259.143747  x:  0.43332   0.16637   0.02051   0.19621   0.12989   0.11682   0.28308   0.10435   0.06484   0.03046   0.02938   0.01149   0.02240   0.01713   0.00133   0.00140   0.01655   0.01318   0.00444   0.00851   0.05633   0.37975   0.00249   0.05621   0.07376   0.03581   0.02691   0.00845   0.01273   0.01612   0.00188   0.00814   0.17656   0.02062   0.10021   0.10434   0.08177   5.96892   0.17070  
 57  0.0070  13258.290863  x:  0.42806   0.16921   0.01967   0.20425   0.13230   0.11585   0.27834   0.10868   0.06547   0.03063   0.03127   0.01066   0.02196   0.01830   0.00185   0.00115   0.01607   0.01246   0.00524   0.00786   0.05812   0.38290   0.00246   0.05320   0.07241   0.03564   0.02787   0.00840   0.01272   0.01590   0.00164   0.00861   0.17921   0.01862   0.09956   0.10613   0.08694   5.97639   0.16737  
 58  0.0080  13257.468733  x:  0.43277   0.16250   0.01970   0.19327   0.13354   0.11610   0.28156   0.10359   0.06491   0.03173   0.03005   0.01282   0.02274   0.01956   0.00242   0.00095   0.01622   0.01364   0.00516   0.00835   0.05886   0.38876   0.00256   0.05335   0.07223   0.03584   0.02817   0.00832   0.01262   0.01599   0.00170   0.00873   0.18138   0.01494   0.10077   0.10589   0.08766   5.95613   0.16755  
 59  0.0161  13256.847891  x:  0.44005   0.16252   0.02036   0.19935   0.13021   0.11535   0.27717   0.10332   0.06348   0.03118   0.03001   0.01107   0.02291   0.01849   0.00303   0.00104   0.01566   0.01359   0.00484   0.00845   0.05937   0.38478   0.00275   0.05532   0.07328   0.03578   0.02790   0.00856   0.01270   0.01646   0.00203   0.00866   0.17688   0.01195   0.10181   0.10519   0.08465   5.95950   0.16815  
 60  0.0095  13256.603454  x:  0.43386   0.16642   0.01952   0.19759   0.12844   0.11503   0.28207   0.10641   0.06355   0.03020   0.02944   0.01178   0.02241   0.01771   0.00341   0.00122   0.01631   0.01284   0.00495   0.00829   0.05931   0.38266   0.00257   0.05355   0.07389   0.03570   0.02715   0.00861   0.01284   0.01651   0.00220   0.00853   0.17835   0.01140   0.10123   0.10509   0.08545   5.96442   0.16843  
 61  0.0125  13256.466008  x:  0.43187   0.16428   0.01939   0.19843   0.12745   0.11553   0.27935   0.10472   0.06402   0.03069   0.02981   0.01165   0.02207   0.01765   0.00378   0.00137   0.01567   0.01312   0.00466   0.00827   0.05824   0.38241   0.00204   0.05356   0.07402   0.03564   0.02740   0.00853   0.01290   0.01624   0.00222   0.00839   0.18031   0.01191   0.10030   0.10576   0.08699   5.97630   0.16901  
 62  0.0120  13256.393366  x:  0.43277   0.16523   0.01891   0.19820   0.12738   0.11598   0.28064   0.10531   0.06438   0.03096   0.02992   0.01139   0.02208   0.01811   0.00417   0.00148   0.01601   0.01326   0.00467   0.00842   0.05773   0.38626   0.00232   0.05425   0.07366   0.03580   0.02729   0.00846   0.01305   0.01607   0.00228   0.00844   0.17837   0.01233   0.10059   0.10567   0.08670   5.98054   0.16809  
 63  0.0053  13256.360400  x:  0.43389   0.16443   0.01943   0.19786   0.12807   0.11574   0.28027   0.10516   0.06458   0.03066   0.02987   0.01162   0.02227   0.01812   0.00452   0.00149   0.01581   0.01316   0.00477   0.00832   0.05788   0.38361   0.00237   0.05385   0.07330   0.03579   0.02746   0.00853   0.01311   0.01618   0.00226   0.00853   0.17884   0.01239   0.10110   0.10534   0.08600   5.98618   0.16831  
 64  0.0046  13256.354471  x:  0.43377   0.16490   0.01934   0.19807   0.12838   0.11567   0.28040   0.10507   0.06438   0.03072   0.02983   0.01154   0.02233   0.01798   0.00465   0.00147   0.01594   0.01317   0.00475   0.00832   0.05809   0.38404   0.00234   0.05390   0.07339   0.03577   0.02743   0.00855   0.01311   0.01626   0.00220   0.00850   0.17887   0.01248   0.10072   0.10560   0.08632   5.98531   0.16840  
 65  0.0010  13256.353633  x:  0.43350   0.16491   0.01936   0.19803   0.12838   0.11567   0.28039   0.10511   0.06424   0.03075   0.02981   0.01156   0.02231   0.01803   0.00467   0.00145   0.01590   0.01315   0.00476   0.00832   0.05812   0.38414   0.00233   0.05398   0.07348   0.03573   0.02740   0.00853   0.01307   0.01623   0.00218   0.00850   0.17884   0.01251   0.10080   0.10547   0.08622   5.98362   0.16834  
 66  0.0013  13256.353494  x:  0.43358   0.16484   0.01939   0.19805   0.12832   0.11565   0.28038   0.10516   0.06422   0.03076   0.02981   0.01156   0.02231   0.01804   0.00467   0.00144   0.01590   0.01316   0.00475   0.00834   0.05811   0.38408   0.00235   0.05394   0.07350   0.03572   0.02741   0.00853   0.01306   0.01622   0.00218   0.00850   0.17890   0.01251   0.10081   0.10552   0.08623   5.98299   0.16836  
 67  0.0006  13256.353444  x:  0.43364   0.16486   0.01940   0.19804   0.12825   0.11565   0.28038   0.10513   0.06424   0.03074   0.02981   0.01156   0.02231   0.01803   0.00467   0.00143   0.01590   0.01317   0.00476   0.00833   0.05813   0.38407   0.00234   0.05396   0.07349   0.03573   0.02740   0.00853   0.01306   0.01623   0.00219   0.00850   0.17886   0.01252   0.10080   0.10553   0.08624   5.98278   0.16836  
 68  0.0002  13256.353435  x:  0.43362   0.16485   0.01939   0.19804   0.12825   0.11565   0.28038   0.10512   0.06425   0.03075   0.02982   0.01156   0.02231   0.01803   0.00467   0.00143   0.01590   0.01316   0.00475   0.00833   0.05813   0.38408   0.00234   0.05395   0.07349   0.03573   0.02741   0.00853   0.01306   0.01623   0.00219   0.00850   0.17886   0.01252   0.10080   0.10551   0.08623   5.98290   0.16836  
 69  0.0001  13256.353434  x:  0.43360   0.16486   0.01939   0.19804   0.12825   0.11565   0.28038   0.10513   0.06425   0.03075   0.02982   0.01156   0.02231   0.01803   0.00467   0.00143   0.01590   0.01316   0.00475   0.00833   0.05813   0.38408   0.00234   0.05395   0.07349   0.03573   0.02741   0.00853   0.01306   0.01623   0.00219   0.00850   0.17887   0.01252   0.10080   0.10551   0.08623   5.98293   0.16836  
 70  0.0000  13256.353434  x:  0.43361   0.16485   0.01939   0.19804   0.12826   0.11565   0.28038   0.10513   0.06425   0.03075   0.02982   0.01156   0.02231   0.01803   0.00467   0.00143   0.01590   0.01316   0.00475   0.00833   0.05813   0.38408   0.00234   0.05395   0.07349   0.03573   0.02741   0.00853   0.01306   0.01623   0.00219   0.00850   0.17886   0.01252   0.10080   0.10551   0.08623   5.98294   0.16836  
 71  0.0000  13256.353434  x:  0.43361   0.16486   0.01939   0.19804   0.12826   0.11565   0.28038   0.10513   0.06425   0.03075   0.02982   0.01156   0.02231   0.01803   0.00467   0.00143   0.01590   0.01316   0.00475   0.00833   0.05813   0.38408   0.00234   0.05395   0.07349   0.03573   0.02741   0.00853   0.01306   0.01623   0.00219   0.00850   0.17886   0.01252   0.10080   0.10551   0.08623   5.98295   0.16836  
 72  0.0000  13256.353434  x:  0.43361   0.16486   0.01939   0.19804   0.12826   0.11565   0.28038   0.10513   0.06425   0.03075   0.02982   0.01156   0.02231   0.01803   0.00467   0.00143   0.01590   0.01316   0.00475   0.00833   0.05813   0.38408   0.00234   0.05395   0.07349   0.03573   0.02741   0.00853   0.01306   0.01623   0.00219   0.00850   0.17886   0.01252   0.10080   0.10551   0.08623   5.98296   0.16836  
 73  0.0000  13256.353434  x:  0.43361   0.16486   0.01939   0.19804   0.12826   0.11565   0.28038   0.10513   0.06425   0.03075   0.02982   0.01156   0.02231   0.01803   0.00467   0.00143   0.01590   0.01316   0.00475   0.00833   0.05813   0.38408   0.00234   0.05395   0.07349   0.03573   0.02741   0.00853   0.01306   0.01623   0.00219   0.00850   0.17886   0.01252   0.10080   0.10551   0.08623   5.98297   0.16836  
 74  0.0000  13256.353434  x:  0.43361   0.16486   0.01939   0.19804   0.12826   0.11565   0.28038   0.10513   0.06425   0.03075   0.02982   0.01156   0.02231   0.01803   0.00467   0.00143   0.01590   0.01316   0.00475   0.00833   0.05813   0.38408   0.00234   0.05395   0.07349   0.03573   0.02741   0.00853   0.01306   0.01623   0.00219   0.00850   0.17886   0.01252   0.10080   0.10551   0.08623   5.98296   0.16836  