

TREE # 1

  0  0.0000  13747.324348  x:  0.36826   0.07062   0.00720   0.13921   0.12976   0.10564   0.17512   0.07302   0.07041   0.01860   0.03711   0.00956   0.01947   0.01673   0.00903   0.01422   0.02413   0.01472   0.01167   0.01334   0.06697   0.30034   0.00000   0.03920   0.06707   0.03865   0.03363   0.00938   0.02524   0.01451   0.00507   0.01040   0.12469   0.00873   0.10201   0.08664   0.06768   0.80054   0.83160   0.93099   0.88607   1.00391   0.93161  
  1 99.0000  13712.813173  x:  0.36888   0.07518   0.01399   0.14109   0.12958   0.10590   0.17763   0.07565   0.07025   0.02317   0.03579   0.01033   0.01985   0.01729   0.00475   0.00709   0.02088   0.01367   0.00630   0.00992   0.06600   0.30107   0.00254   0.04050   0.06779   0.03762   0.03179   0.00857   0.02076   0.01545   0.00027   0.00857   0.12622   0.01575   0.10223   0.08727   0.06834   0.81071   0.83079   0.93148   0.88629   0.99759   0.93158  
  2 2067.6317  13693.482814  x:  0.36942   0.07915   0.01964   0.14273   0.12941   0.10610   0.17983   0.07794   0.07010   0.02700   0.03465   0.01096   0.02019   0.01777   0.00132   0.00090   0.01810   0.01279   0.00183   0.00706   0.06512   0.30172   0.00442   0.04162   0.06841   0.03673   0.03021   0.00792   0.01688   0.01624   0.00210   0.00709   0.12755   0.02151   0.10241   0.08781   0.06888   0.81967   0.83007   0.93192   0.88648   0.99202   0.93156  
  3 19878.7184  13688.269638  x:  0.36960   0.08041   0.02104   0.14326   0.12934   0.10613   0.18055   0.07869   0.07005   0.02798   0.03428   0.01109   0.02033   0.01789   0.00271   0.00000   0.01733   0.01263   0.00227   0.00656   0.06479   0.30193   0.00456   0.04196   0.06862   0.03646   0.02973   0.00783   0.01575   0.01643   0.00231   0.00691   0.12797   0.02284   0.10246   0.08798   0.06901   0.82273   0.82982   0.93207   0.88654   0.99009   0.93156  
  4 4719.8967  13658.418188  x:  0.37119   0.09161   0.03379   0.14799   0.12872   0.10636   0.18691   0.08527   0.06957   0.03680   0.03107   0.01235   0.02158   0.01901   0.01212   0.00141   0.01048   0.01109   0.00450   0.00191   0.06191   0.30381   0.00615   0.04498   0.07040   0.03406   0.02549   0.00697   0.00559   0.01812   0.00439   0.00507   0.13176   0.03502   0.10292   0.08948   0.07019   0.84978   0.82764   0.93339   0.88712   0.97305   0.93150  
  5 33280.6699  13633.930920  x:  0.37293   0.10332   0.04502   0.15303   0.12793   0.10629   0.19373   0.09219   0.06898   0.04432   0.02797   0.01304   0.02267   0.01974   0.01659   0.00206   0.00644   0.01061   0.00597   0.01396   0.05867   0.30587   0.00572   0.04794   0.07226   0.03178   0.02164   0.00725   0.00170   0.01933   0.00575   0.00636   0.13578   0.04523   0.10334   0.09101   0.07109   0.88017   0.82516   0.93489   0.88778   0.95361   0.93143  
  6 7820.2395  13587.222287  x:  0.37737   0.13302   0.07241   0.16593   0.12580   0.10583   0.21116   0.10972   0.06741   0.06235   0.02059   0.01438   0.02518   0.02127   0.02748   0.00359   0.00223   0.01013   0.00927   0.02963   0.05043   0.31118   0.00374   0.05527   0.07695   0.02627   0.01287   0.00842   0.02028   0.02199   0.00895   0.00904   0.14600   0.06982   0.10437   0.09486   0.07314   0.95924   0.81869   0.93881   0.88949   0.90270   0.93125  
  7 17433.5684  13548.138670  x:  0.38239   0.16606   0.10083   0.18042   0.12319   0.10470   0.23082   0.12906   0.06552   0.08028   0.01458   0.01503   0.02731   0.02219   0.03801   0.00497   0.02845   0.01124   0.01189   0.04244   0.04159   0.31732   0.00038   0.06297   0.08199   0.02123   0.00822   0.01009   0.03064   0.02375   0.01201   0.01110   0.15737   0.09467   0.10537   0.09901   0.07482   1.05178   0.81103   0.94343   0.89151   0.84216   0.93103  
  8 19659.4743  13372.838766  x:  0.40089   0.28256   0.15260   0.23359   0.10814   0.08578   0.30500   0.19233   0.05589   0.09478   0.07335   0.00000   0.01855   0.00709   0.05722   0.00749   0.04656   0.02961   0.01481   0.06429   0.03162   0.34380   0.01348   0.07907   0.09479   0.03858   0.16230   0.01979   0.04889   0.00339   0.01735   0.01074   0.19628   0.12250   0.10509   0.10992   0.06553   1.48479   0.77335   0.96588   0.90151   0.53447   0.92996  
  9 5569.8854  13283.893677  x:  0.41255   0.36062   0.17247   0.26867   0.09701   0.06880   0.35547   0.23181   0.04930   0.08987   0.10986   0.06974   0.01569   0.02185   0.06541   0.00830   0.05711   0.03449   0.01503   0.07543   0.03346   0.36241   0.00718   0.08547   0.09972   0.04962   0.26385   0.01851   0.05884   0.04240   0.01916   0.01074   0.22089   0.12217   0.10333   0.11540   0.05499   1.81416   0.74400   0.98303   0.90948   0.28769   0.92908  
 10 18072.8834  13230.911551  x:  0.41284   0.36678   0.16893   0.27082   0.09658   0.06681   0.35952   0.23337   0.04899   0.08348   0.10595   0.06904   0.01878   0.02156   0.06363   0.00806   0.05605   0.02960   0.01358   0.07358   0.03675   0.36397   0.00000   0.08424   0.09818   0.04783   0.26485   0.01324   0.05768   0.04055   0.01838   0.01040   0.22197   0.11530   0.10258   0.11502   0.05343   1.85543   0.74013   0.98486   0.91090   0.25159   0.92895  
 11 4947.0774  13145.989281  x:  0.41319   0.38034   0.15658   0.27515   0.09621   0.06250   0.36865   0.23571   0.04859   0.06495   0.09193   0.06776   0.02335   0.02148   0.06061   0.00769   0.05564   0.01663   0.01270   0.07094   0.04638   0.36765   0.01370   0.08049   0.09373   0.04266   0.26037   0.00000   0.05606   0.03663   0.01738   0.01118   0.22387   0.09418   0.10070   0.11380   0.05007   1.95701   0.73062   0.98900   0.91473   0.16369   0.92864  
 12 17790.7451  13091.326318  x:  0.41466   0.39248   0.13564   0.27852   0.10066   0.06541   0.37860   0.23526   0.05005   0.04068   0.06813   0.06525   0.00481   0.02117   0.05008   0.00646   0.04938   0.02057   0.01202   0.05992   0.04136   0.37202   0.01406   0.07608   0.09088   0.04823   0.24324   0.03596   0.04844   0.03539   0.01458   0.00913   0.22587   0.06333   0.10056   0.11351   0.05419   2.06866   0.72103   0.99010   0.92173   0.14118   0.92821  
 13 1847.9498  13033.430313  x:  0.41719   0.40903   0.10624   0.28334   0.10677   0.07006   0.39263   0.23479   0.05217   0.01098   0.04076   0.06276   0.02736   0.02180   0.03545   0.00468   0.04199   0.02776   0.01197   0.04570   0.03507   0.37827   0.01877   0.07062   0.08742   0.05576   0.22539   0.07616   0.03899   0.03413   0.01098   0.00913   0.22899   0.02127   0.10095   0.11351   0.06093   2.22068   0.70812   0.99112   0.93160   0.13097   0.92764  
 14 8515.3229  12992.290926  x:  0.41788   0.41403   0.08715   0.28422   0.10933   0.07172   0.39792   0.23237   0.05358   0.01826   0.03359   0.06200   0.02813   0.02145   0.02887   0.00396   0.03963   0.02545   0.01314   0.04029   0.04084   0.38086   0.01927   0.06744   0.08463   0.05573   0.21845   0.07974   0.03566   0.03280   0.00947   0.01188   0.22927   0.00000   0.10132   0.11300   0.06472   2.29197   0.70189   0.99139   0.93647   0.13663   0.92738  
 15 4183.7782  12892.140125  x:  0.41734   0.41583   0.00000   0.28009   0.11839   0.07698   0.40773   0.21408   0.05912   0.00724   0.02040   0.06075   0.02404   0.02044   0.01058   0.00221   0.03425   0.01369   0.02319   0.02830   0.06195   0.38716   0.01990   0.05192   0.07207   0.05420   0.19840   0.07595   0.02815   0.02802   0.00661   0.01550   0.22508   0.00547   0.10354   0.10979   0.08420   2.51600   0.68159   0.99119   0.95307   0.16470   0.92650  
 16 4872.3797  12892.140125  x:  0.41734   0.41583   0.00000   0.28009   0.11839   0.07698   0.40773   0.21408   0.05912   0.00724   0.02040   0.06075   0.02404   0.02044   0.01058   0.00221   0.03425   0.01369   0.02319   0.02830   0.06195   0.38716   0.01990   0.05192   0.07207   0.05420   0.19840   0.07595   0.02815   0.02802   0.00661   0.01550   0.22508   0.00547   0.10354   0.10979   0.08420   2.51600   0.68159   0.99119   0.95307   0.16470   0.92650  
 17 1916.5445  12845.807737  x:  0.41665   0.41384   0.00614   0.27886   0.11950   0.08018   0.40664   0.21209   0.05995   0.02251   0.02317   0.05553   0.02338   0.01954   0.00651   0.00000   0.03018   0.01328   0.01726   0.02307   0.06183   0.38667   0.01584   0.05241   0.07220   0.05205   0.19279   0.07010   0.02403   0.02505   0.00179   0.01217   0.22410   0.00761   0.10357   0.10962   0.08446   2.51715   0.68132   0.99083   0.95353   0.16843   0.92649  
 18 2740.9201  12833.530730  x:  0.41638   0.41304   0.00853   0.27837   0.11995   0.08145   0.40620   0.21129   0.06027   0.02834   0.02424   0.05343   0.02313   0.01919   0.00492   0.00129   0.02855   0.01312   0.01488   0.02098   0.06176   0.38648   0.01420   0.05260   0.07225   0.05118   0.19053   0.06774   0.02238   0.02386   0.00000   0.01086   0.22370   0.00844   0.10358   0.10954   0.08456   2.51761   0.68121   0.99068   0.95372   0.16991   0.92648  
 19 53515.3654  12806.075489  x:  0.41550   0.41050   0.01540   0.27679   0.12129   0.08530   0.40482   0.20876   0.06123   0.04435   0.02732   0.04684   0.02239   0.01815   0.00048   0.00414   0.02352   0.01270   0.00752   0.01450   0.06148   0.38587   0.00905   0.05314   0.07241   0.04850   0.18340   0.06031   0.01734   0.02036   0.00534   0.00729   0.22244   0.01088   0.10360   0.10931   0.08486   2.51908   0.68086   0.99022   0.95430   0.17447   0.92647  
 20 17693.0073  12789.736790  x:  0.41472   0.40824   0.02033   0.27538   0.12236   0.08836   0.40358   0.20653   0.06196   0.05499   0.02945   0.04108   0.02194   0.01756   0.00701   0.00591   0.01942   0.01247   0.00174   0.00922   0.06112   0.38532   0.00463   0.05352   0.07253   0.04622   0.17710   0.05377   0.01330   0.01762   0.00845   0.00508   0.22133   0.01261   0.10360   0.10909   0.08506   2.52037   0.68055   0.98982   0.95482   0.17817   0.92645  
 21 10602.7529  12772.730450  x:  0.41366   0.40513   0.02312   0.27343   0.12338   0.09115   0.40186   0.20355   0.06255   0.05831   0.03027   0.03371   0.02168   0.01739   0.00882   0.00651   0.01580   0.01279   0.00867   0.00549   0.06035   0.38458   0.00000   0.05368   0.07270   0.04363   0.16862   0.04516   0.01032   0.01581   0.00941   0.00775   0.21980   0.01344   0.10355   0.10878   0.08511   2.52210   0.68013   0.98932   0.95548   0.18185   0.92644  
 22 2730.8619  12715.947418  x:  0.40896   0.39135   0.02766   0.26481   0.12676   0.10033   0.39425   0.19061   0.06434   0.05339   0.03030   0.00337   0.02139   0.01788   0.00838   0.00624   0.00748   0.01459   0.00716   0.00920   0.05770   0.38146   0.00518   0.05371   0.07351   0.03401   0.13158   0.00829   0.00753   0.01377   0.00884   0.01447   0.21309   0.01403   0.10321   0.10737   0.08483   2.52963   0.67826   0.98717   0.95833   0.19458   0.92637  
 23 3175.5550  12706.051034  x:  0.40771   0.38764   0.02825   0.26254   0.12748   0.10230   0.39220   0.18722   0.06478   0.05166   0.03104   0.00275   0.02144   0.01793   0.00803   0.00607   0.01027   0.01461   0.00637   0.00820   0.05694   0.38061   0.00318   0.05366   0.07385   0.03242   0.12184   0.00081   0.00909   0.01407   0.00859   0.01397   0.21134   0.01404   0.10313   0.10702   0.08472   2.53163   0.67775   0.98662   0.95907   0.19716   0.92635  
 24 2856.8157  12677.423645  x:  0.40365   0.37555   0.03021   0.25514   0.12981   0.10870   0.38553   0.17620   0.06617   0.04647   0.03306   0.00246   0.02151   0.01809   0.00717   0.00559   0.00986   0.01468   0.00466   0.00729   0.05486   0.37785   0.00000   0.05349   0.07519   0.02866   0.09059   0.00258   0.01001   0.01436   0.00789   0.01326   0.20567   0.01414   0.10285   0.10590   0.08436   2.53816   0.67609   0.98484   0.96147   0.20536   0.92629  
 25 2361.6621  12641.083724  x:  0.39518   0.35013   0.03485   0.23979   0.13445   0.12157   0.37154   0.15335   0.06911   0.04098   0.03730   0.01028   0.02147   0.01798   0.00722   0.00531   0.00868   0.01435   0.00645   0.00495   0.05200   0.37218   0.00656   0.05324   0.07783   0.02231   0.02609   0.00290   0.00808   0.01376   0.00768   0.01061   0.19404   0.01494   0.10234   0.10369   0.08371   2.55187   0.67256   0.98114   0.96649   0.22139   0.92615  
 26 15977.9579  12636.972152  x:  0.39336   0.34428   0.03526   0.23664   0.13492   0.12312   0.36840   0.14877   0.06961   0.04367   0.03679   0.00788   0.02134   0.01764   0.00802   0.00566   0.01338   0.01391   0.00834   0.00796   0.05241   0.37095   0.00762   0.05329   0.07809   0.02409   0.01842   0.00449   0.00871   0.01378   0.00827   0.00931   0.19187   0.01536   0.10230   0.10342   0.08363   2.55497   0.67169   0.98040   0.96756   0.22258   0.92611  
 27 1396.7132  12627.341257  x:  0.38619   0.32006   0.03093   0.22435   0.13524   0.12529   0.35552   0.13143   0.07086   0.04604   0.03203   0.00541   0.02141   0.01732   0.00805   0.00575   0.01250   0.01237   0.00847   0.00281   0.05459   0.36600   0.00929   0.05324   0.07816   0.03442   0.01593   0.00465   0.01200   0.01715   0.00834   0.00897   0.18400   0.01530   0.10216   0.10268   0.08307   2.56776   0.66801   0.97756   0.97180   0.22159   0.92595  
 28 751.1731  12615.370065  x:  0.37486   0.28146   0.02489   0.20498   0.13598   0.12921   0.33506   0.10420   0.07280   0.05002   0.02691   0.00814   0.02154   0.01708   0.00831   0.00597   0.00760   0.01137   0.00839   0.00768   0.05709   0.35815   0.00605   0.05308   0.07798   0.04673   0.01583   0.00208   0.01235   0.01986   0.00861   0.00927   0.17176   0.01546   0.10196   0.10154   0.08227   2.58823   0.66211   0.97298   0.97860   0.22108   0.92569  
 29 5005.0887  12604.412962  x:  0.36493   0.24604   0.02046   0.18811   0.13709   0.13348   0.31658   0.08135   0.07410   0.04979   0.02669   0.00848   0.02168   0.01773   0.00786   0.00581   0.01233   0.01470   0.00697   0.00681   0.05781   0.35116   0.00638   0.05261   0.07698   0.04760   0.02123   0.00257   0.00550   0.01667   0.00833   0.01213   0.16177   0.01583   0.10180   0.10066   0.08182   2.60739   0.65658   0.96863   0.98502   0.22349   0.92544  
 30 2893.4526  12599.564584  x:  0.35954   0.22455   0.01934   0.17929   0.13787   0.13596   0.30576   0.07127   0.07440   0.05091   0.02968   0.00840   0.02155   0.01791   0.00834   0.00599   0.01238   0.01550   0.00828   0.00699   0.05768   0.34719   0.00828   0.05227   0.07586   0.04258   0.02586   0.00349   0.01177   0.01258   0.00867   0.01150   0.15769   0.01673   0.10178   0.10048   0.08190   2.61955   0.65300   0.96588   0.98909   0.22606   0.92528  
 31 1944.5416  12595.852613  x:  0.35648   0.20697   0.01827   0.17515   0.13789   0.13566   0.29769   0.07189   0.07374   0.05048   0.03170   0.00717   0.02142   0.01727   0.00855   0.00597   0.01212   0.01117   0.00995   0.00711   0.05737   0.34444   0.00886   0.05214   0.07472   0.03702   0.02791   0.00381   0.01080   0.01733   0.00875   0.00630   0.15851   0.01733   0.10187   0.10107   0.08230   2.63073   0.64953   0.96352   0.99271   0.22652   0.92512  
 32 760.5436  12590.066294  x:  0.35204   0.16908   0.01734   0.17097   0.13701   0.13171   0.28133   0.08506   0.07149   0.05417   0.03245   0.00804   0.02114   0.01590   0.00882   0.00629   0.01292   0.00926   0.00849   0.00724   0.05769   0.33920   0.00895   0.05249   0.07316   0.03149   0.02644   0.00431   0.01167   0.02222   0.00894   0.01401   0.16577   0.01837   0.10223   0.10323   0.08335   2.65737   0.64097   0.95817   1.00114   0.22433   0.92472  
 33 914.6016  12585.625928  x:  0.34979   0.14001   0.01712   0.16974   0.13615   0.12765   0.26895   0.09747   0.06961   0.05395   0.03079   0.00767   0.02139   0.01728   0.00864   0.00619   0.01183   0.01673   0.00888   0.00692   0.05784   0.33542   0.00825   0.05290   0.07294   0.03191   0.02445   0.00400   0.01132   0.01951   0.00890   0.01028   0.17258   0.01789   0.10246   0.10486   0.08382   2.68029   0.63353   0.95364   1.00833   0.22243   0.92437  
 34 1459.1363  12583.766058  x:  0.35020   0.13047   0.01890   0.17079   0.13611   0.12646   0.26465   0.10171   0.06919   0.05191   0.03002   0.00754   0.02158   0.01775   0.00834   0.00601   0.01185   0.01268   0.00869   0.00679   0.05763   0.33425   0.00793   0.05308   0.07370   0.03461   0.02425   0.00373   0.01056   0.01375   0.00870   0.00927   0.17513   0.01692   0.10249   0.10510   0.08360   2.69165   0.62983   0.95141   1.01186   0.22329   0.92420  
 35 632.6166  12580.566384  x:  0.35726   0.12057   0.03194   0.17881   0.13780   0.12757   0.25789   0.10410   0.07021   0.04805   0.03222   0.00801   0.02121   0.01662   0.00853   0.00598   0.01270   0.01346   0.00912   0.00731   0.05654   0.33311   0.00908   0.05325   0.07735   0.04254   0.02801   0.00362   0.01118   0.01716   0.00867   0.00983   0.17838   0.01446   0.10239   0.10347   0.08182   2.72897   0.61766   0.94414   1.02336   0.23384   0.92360  
 36 322.4429  12568.803126  x:  0.39509   0.11997   0.03445   0.20603   0.13610   0.11913   0.24195   0.09426   0.07206   0.04902   0.01922   0.00949   0.02309   0.02679   0.00838   0.00604   0.01320   0.01228   0.00887   0.00719   0.06037   0.33227   0.00843   0.04705   0.07450   0.03635   0.02787   0.00400   0.01182   0.01849   0.00871   0.01006   0.18198   0.02643   0.10387   0.09707   0.08009   2.89946   0.56183   0.91363   1.07362   0.23510   0.92081  
 37 447.6106  12555.146502  x:  0.43828   0.12432   0.02581   0.23153   0.13180   0.10688   0.22657   0.08392   0.07398   0.04890   0.03360   0.00729   0.02117   0.01469   0.00837   0.00595   0.01182   0.01363   0.00862   0.00693   0.06480   0.33207   0.00779   0.04314   0.07152   0.03688   0.02451   0.00358   0.01053   0.01592   0.00856   0.00992   0.18453   0.03024   0.10519   0.09251   0.07695   3.10840   0.49405   0.87733   1.13429   0.22478   0.91735  
 38 3020.2066  12547.008007  x:  0.45367   0.13335   0.02118   0.22552   0.13118   0.11162   0.22904   0.08779   0.07660   0.05327   0.03835   0.00666   0.02091   0.02545   0.00855   0.00625   0.01188   0.01279   0.00894   0.00704   0.05836   0.33387   0.00851   0.05379   0.07514   0.03555   0.02443   0.00371   0.01069   0.01690   0.00891   0.01054   0.18277   0.01165   0.10482   0.09965   0.07565   3.24074   0.45531   0.85684   1.17053   0.21706   0.91508  
 39 1061.3546  12539.279897  x:  0.46026   0.14371   0.02076   0.20980   0.13268   0.12166   0.23848   0.09632   0.07662   0.05359   0.02848   0.00770   0.02289   0.01399   0.00863   0.00620   0.01245   0.01368   0.00910   0.00700   0.05126   0.33689   0.00892   0.06149   0.07869   0.03327   0.02641   0.00391   0.01122   0.01554   0.00887   0.00939   0.18101   0.00707   0.10470   0.10845   0.08106   3.36193   0.42376   0.83996   1.20215   0.21400   0.91294  
 40 1580.1213  12533.737166  x:  0.45918   0.15356   0.02125   0.18990   0.13491   0.13075   0.25279   0.10714   0.07323   0.05028   0.03223   0.00762   0.01992   0.01718   0.00852   0.00604   0.01277   0.01374   0.00923   0.00723   0.05059   0.34109   0.00947   0.06320   0.08079   0.03936   0.02826   0.00364   0.01118   0.01544   0.00865   0.00929   0.18050   0.02129   0.10456   0.11515   0.08961   3.47215   0.40012   0.82705   1.22901   0.21236   0.91093  
 41 1479.7921  12529.725781  x:  0.44755   0.15917   0.02402   0.17830   0.13788   0.13144   0.26954   0.11323   0.06610   0.04972   0.03372   0.00764   0.02787   0.01824   0.00845   0.00602   0.01284   0.01379   0.00925   0.00732   0.06380   0.34662   0.00884   0.05110   0.07529   0.04070   0.02874   0.00356   0.01118   0.01540   0.00866   0.00926   0.18181   0.01754   0.10186   0.11015   0.08775   3.55224   0.39506   0.82297   1.24467   0.21421   0.90931  
 42 568.7434  12527.286554  x:  0.43722   0.16130   0.02509   0.17567   0.13955   0.12906   0.28022   0.11491   0.06518   0.04962   0.03193   0.00795   0.01842   0.01798   0.00850   0.00604   0.01293   0.01385   0.00918   0.00729   0.06753   0.35041   0.00848   0.04605   0.07288   0.04011   0.02889   0.00358   0.01123   0.01508   0.00864   0.00903   0.18320   0.01460   0.10094   0.10528   0.08519   3.59806   0.39751   0.82316   1.25190   0.21518   0.90831  
 43 720.0274  12519.495097  x:  0.38620   0.16461   0.02485   0.18568   0.14377   0.11029   0.32109   0.11292   0.08109   0.05076   0.03255   0.00764   0.02219   0.01761   0.00857   0.00612   0.01292   0.01393   0.00936   0.00731   0.05717   0.36571   0.00912   0.05125   0.07520   0.03937   0.02899   0.00369   0.01129   0.01500   0.00875   0.00905   0.19063   0.01854   0.10404   0.08793   0.07751   3.76976   0.42841   0.83514   1.27162   0.21479   0.90427  
 44 618.8654  12514.775826  x:  0.35726   0.16716   0.02799   0.20699   0.13991   0.11124   0.33711   0.10456   0.07217   0.05035   0.03331   0.00749   0.02215   0.01797   0.00856   0.00613   0.01279   0.01394   0.00928   0.00727   0.05668   0.37107   0.00905   0.04746   0.07799   0.03866   0.02838   0.00362   0.01115   0.01517   0.00874   0.00923   0.19368   0.01606   0.11014   0.11189   0.08511   3.88507   0.46486   0.85549   1.27779   0.20984   0.90118  
 45 425.5394  12511.607538  x:  0.35419   0.17244   0.01946   0.21561   0.13230   0.12562   0.33399   0.10746   0.06849   0.05033   0.03324   0.00788   0.02140   0.01726   0.00847   0.00605   0.01300   0.01398   0.00923   0.00732   0.06637   0.36747   0.00860   0.06111   0.07308   0.03990   0.02913   0.00361   0.01122   0.01475   0.00864   0.00890   0.19609   0.01631   0.09857   0.11164   0.09047   3.96762   0.50331   0.88387   1.27462   0.21564   0.89847  
 46 263.5653  12508.482060  x:  0.36443   0.18023   0.01993   0.21116   0.12982   0.13698   0.32196   0.11339   0.06160   0.05083   0.03386   0.00776   0.02217   0.01754   0.00854   0.00608   0.01317   0.01407   0.00943   0.00740   0.05528   0.35978   0.00956   0.05414   0.07534   0.04157   0.02992   0.00356   0.01131   0.01475   0.00869   0.00887   0.19622   0.01693   0.09492   0.10240   0.08799   4.05013   0.54614   0.92325   1.26555   0.20922   0.89530  
 47 324.2598  12505.975492  x:  0.38129   0.18768   0.02007   0.19780   0.13511   0.13195   0.31004   0.12019   0.07254   0.05033   0.03394   0.00778   0.02202   0.01732   0.00853   0.00606   0.01328   0.01421   0.00948   0.00744   0.06013   0.35395   0.00945   0.05020   0.07720   0.04160   0.03050   0.00356   0.01136   0.01439   0.00869   0.00863   0.19501   0.01664   0.10907   0.10670   0.08454   4.12053   0.58198   0.96468   1.25368   0.21327   0.89213  
 48 319.9647  12505.170585  x:  0.38930   0.18774   0.02406   0.19180   0.14003   0.11933   0.30939   0.11918   0.06938   0.05008   0.03396   0.00781   0.02201   0.01744   0.00853   0.00608   0.01320   0.01424   0.00944   0.00741   0.05801   0.35629   0.00946   0.05337   0.07352   0.04172   0.03002   0.00358   0.01133   0.01443   0.00870   0.00871   0.19233   0.01600   0.10281   0.11021   0.08827   4.14278   0.58755   0.98528   1.24622   0.21572   0.89055  
 49 108.7387  12504.692710  x:  0.39327   0.18406   0.02470   0.19118   0.13978   0.11755   0.31333   0.11808   0.06759   0.04996   0.03379   0.00773   0.02177   0.01726   0.00854   0.00608   0.01317   0.01420   0.00943   0.00739   0.06134   0.36164   0.00925   0.05475   0.08181   0.03982   0.03001   0.00356   0.01131   0.01450   0.00871   0.00872   0.19036   0.01635   0.10063   0.10942   0.08835   4.15676   0.58113   1.00801   1.23672   0.21536   0.88870  
 50 63.0888  12502.851546  x:  0.40297   0.16832   0.02146   0.19520   0.13455   0.12515   0.33193   0.11566   0.06832   0.05022   0.03390   0.00792   0.02193   0.01723   0.00849   0.00605   0.01322   0.01404   0.00934   0.00739   0.05845   0.38177   0.00933   0.05401   0.07480   0.04104   0.02981   0.00357   0.01136   0.01483   0.00867   0.00885   0.18617   0.01644   0.10578   0.10870   0.08558   4.21060   0.54111   1.10817   1.19364   0.22040   0.88024  
 51 166.9550  12501.508229  x:  0.38949   0.17210   0.02297   0.20015   0.14151   0.12725   0.33122   0.11331   0.07681   0.04921   0.03406   0.00795   0.02188   0.01753   0.00845   0.00601   0.01326   0.01407   0.00931   0.00740   0.05986   0.36852   0.00940   0.05034   0.07381   0.04081   0.02978   0.00358   0.01137   0.01481   0.00863   0.00882   0.19411   0.01503   0.09964   0.10869   0.09052   4.25034   0.49894   1.18700   1.15780   0.22034   0.87262  
 52 120.4202  12500.823951  x:  0.37949   0.17726   0.01914   0.20156   0.14067   0.12374   0.32812   0.11287   0.07116   0.05044   0.03376   0.00806   0.02192   0.01753   0.00845   0.00602   0.01328   0.01404   0.00929   0.00740   0.05808   0.35916   0.00952   0.05104   0.07590   0.04141   0.02992   0.00355   0.01137   0.01479   0.00865   0.00879   0.19768   0.01510   0.10175   0.10820   0.08821   4.27053   0.47611   1.22656   1.13916   0.22846   0.86837  
 53 226.4440  12500.643087  x:  0.37557   0.17951   0.02242   0.20149   0.13805   0.12253   0.32568   0.11296   0.06902   0.04952   0.03358   0.00810   0.02180   0.01741   0.00843   0.00600   0.01328   0.01410   0.00927   0.00738   0.05924   0.35708   0.00944   0.05420   0.07472   0.04089   0.02976   0.00357   0.01136   0.01473   0.00862   0.00876   0.19695   0.01578   0.10388   0.10736   0.08582   4.27611   0.46965   1.23698   1.13360   0.22756   0.86693  
 54 93.6458  12500.581314  x:  0.37283   0.18122   0.02290   0.20178   0.13519   0.12153   0.32203   0.11469   0.07027   0.04950   0.03358   0.00810   0.02182   0.01748   0.00843   0.00600   0.01328   0.01411   0.00928   0.00739   0.05906   0.35953   0.00944   0.05304   0.07487   0.04085   0.02980   0.00358   0.01137   0.01470   0.00863   0.00875   0.19381   0.01565   0.10311   0.10735   0.08666   4.27828   0.46735   1.23922   1.13048   0.22843   0.86561  
 55 17.6094  12500.544111  x:  0.37124   0.18218   0.02236   0.20264   0.13802   0.12204   0.31915   0.11568   0.06962   0.04952   0.03357   0.00811   0.02181   0.01745   0.00843   0.00599   0.01330   0.01411   0.00928   0.00739   0.05920   0.36239   0.00943   0.05342   0.07477   0.04092   0.02988   0.00358   0.01138   0.01468   0.00862   0.00872   0.19233   0.01582   0.10343   0.10714   0.08627   4.27991   0.46621   1.23905   1.12701   0.22833   0.86378  
 56 11.4309  12500.284861  x:  0.37055   0.18409   0.02276   0.19967   0.13672   0.12280   0.31309   0.11166   0.06942   0.04910   0.03343   0.00818   0.02182   0.01751   0.00836   0.00595   0.01328   0.01411   0.00917   0.00738   0.05894   0.37093   0.00933   0.05383   0.07509   0.04095   0.02964   0.00358   0.01135   0.01473   0.00856   0.00875   0.20319   0.01535   0.10345   0.10729   0.08654   4.29372   0.46176   1.22467   1.08988   0.22883   0.84224  
 57  9.3271  12498.734764  x:  0.37589   0.17935   0.02227   0.20319   0.13657   0.12337   0.31472   0.11236   0.06991   0.04754   0.03325   0.00843   0.02189   0.01750   0.00807   0.00576   0.01332   0.01401   0.00876   0.00735   0.05846   0.36406   0.00919   0.05342   0.07567   0.03991   0.02924   0.00369   0.01137   0.01488   0.00827   0.00877   0.19668   0.01619   0.10140   0.10876   0.08340   4.37008   0.43999   1.13954   0.88392   0.23123   0.71968  
 58 75.0430  12498.667147  x:  0.37619   0.17909   0.02238   0.20348   0.13665   0.12321   0.31485   0.11229   0.06924   0.04750   0.03335   0.00843   0.02185   0.01764   0.00805   0.00575   0.01332   0.01399   0.00873   0.00735   0.05858   0.36362   0.00917   0.05380   0.07570   0.03988   0.02919   0.00369   0.01136   0.01491   0.00826   0.00878   0.19620   0.01518   0.10345   0.10674   0.08697   4.37348   0.43910   1.13611   0.87563   0.23125   0.71347  
 59 58.2412  12491.927567  x:  0.38042   0.17752   0.02114   0.20315   0.13761   0.12488   0.31225   0.11161   0.06954   0.04050   0.03297   0.00963   0.02183   0.01782   0.00673   0.00490   0.01341   0.01368   0.00688   0.00724   0.05794   0.36232   0.00803   0.05422   0.07655   0.03714   0.02760   0.00414   0.01131   0.01524   0.00695   0.00875   0.19401   0.01450   0.10345   0.10666   0.08715   4.50396   0.43413   1.15433   0.92053   0.23261   0.18188  
 60  7.1720  12483.069673  x:  0.39006   0.17428   0.01826   0.20304   0.13944   0.12778   0.30699   0.11051   0.06980   0.02583   0.03208   0.01221   0.02180   0.01819   0.00390   0.00308   0.01369   0.01301   0.00291   0.00705   0.05680   0.35935   0.00543   0.05495   0.07864   0.03155   0.02479   0.00522   0.01086   0.01614   0.00418   0.00861   0.18993   0.01292   0.10358   0.10651   0.08767   4.79091   0.42079   1.19492   1.00870   0.23506   0.51757  
 61  3.9786  12479.399873  x:  0.40541   0.17667   0.01175   0.21118   0.13700   0.11781   0.30542   0.11651   0.06897   0.02883   0.03057   0.01265   0.02201   0.01801   0.00393   0.00288   0.01525   0.01308   0.00442   0.00826   0.05947   0.36227   0.00256   0.05504   0.07711   0.03704   0.02872   0.00648   0.01192   0.01800   0.00378   0.00737   0.19652   0.01116   0.10421   0.10807   0.08714   5.02926   0.39726   1.21368   1.04267   0.22724   0.53882  
 62  0.2918  12477.853059  x:  0.40664   0.17454   0.01769   0.20653   0.13964   0.12198   0.30458   0.11525   0.07054   0.02810   0.03106   0.01047   0.02241   0.01836   0.00404   0.00255   0.01559   0.01346   0.00552   0.00899   0.05768   0.36135   0.00297   0.05410   0.07846   0.03412   0.02807   0.00774   0.01240   0.01813   0.00318   0.00900   0.19552   0.01149   0.10388   0.10770   0.08627   5.28857   0.39409   1.23230   1.06535   0.23072   0.52544  
 63  0.2184  12477.464746  x:  0.40637   0.17423   0.01583   0.20650   0.13969   0.12214   0.30603   0.11457   0.07028   0.02965   0.03120   0.01045   0.02231   0.01822   0.00379   0.00228   0.01573   0.01349   0.00478   0.00894   0.05864   0.36289   0.00164   0.05440   0.07784   0.03480   0.02750   0.00821   0.01249   0.01732   0.00267   0.00918   0.19648   0.01224   0.10396   0.10773   0.08648   5.38735   0.38512   1.24644   1.04965   0.23119   0.48927  
 64  0.0950  12477.249746  x:  0.40488   0.17445   0.01567   0.20682   0.13969   0.12314   0.30745   0.11422   0.07017   0.03190   0.03207   0.01010   0.02214   0.01832   0.00398   0.00216   0.01553   0.01355   0.00484   0.00855   0.05800   0.36358   0.00258   0.05470   0.07758   0.03514   0.02727   0.00864   0.01246   0.01649   0.00249   0.00856   0.19610   0.01264   0.10407   0.10755   0.08705   5.41384   0.38220   1.25717   1.02923   0.23259   0.47127  
 65  0.0325  12477.161793  x:  0.40601   0.17494   0.01770   0.20734   0.13918   0.12197   0.30657   0.11455   0.07014   0.03182   0.03206   0.01050   0.02217   0.01829   0.00405   0.00191   0.01563   0.01343   0.00475   0.00829   0.05828   0.36337   0.00234   0.05452   0.07771   0.03541   0.02756   0.00877   0.01254   0.01679   0.00216   0.00820   0.19584   0.01222   0.10407   0.10766   0.08709   5.40265   0.38044   1.25469   1.01591   0.23217   0.45415  
 66  0.0178  12477.112205  x:  0.40588   0.17455   0.01725   0.20657   0.13939   0.12239   0.30579   0.11444   0.07034   0.03256   0.03182   0.01052   0.02223   0.01816   0.00432   0.00181   0.01568   0.01330   0.00480   0.00817   0.05806   0.36251   0.00229   0.05452   0.07793   0.03495   0.02756   0.00875   0.01257   0.01737   0.00209   0.00871   0.19530   0.01213   0.10402   0.10763   0.08683   5.36386   0.38271   1.24634   1.01815   0.23197   0.45787  
 67  0.0255  12477.091931  x:  0.40572   0.17449   0.01676   0.20679   0.13951   0.12272   0.30624   0.11449   0.07032   0.03215   0.03188   0.01031   0.02221   0.01820   0.00442   0.00165   0.01562   0.01344   0.00490   0.00819   0.05789   0.36282   0.00228   0.05461   0.07780   0.03491   0.02746   0.00873   0.01251   0.01716   0.00200   0.00856   0.19582   0.01232   0.10402   0.10761   0.08677   5.34605   0.38467   1.24306   1.02605   0.23213   0.46191  
 68  0.0127  12477.081887  x:  0.40513   0.17480   0.01706   0.20694   0.13931   0.12216   0.30650   0.11465   0.07023   0.03231   0.03192   0.01029   0.02217   0.01826   0.00455   0.00164   0.01563   0.01344   0.00487   0.00826   0.05809   0.36291   0.00226   0.05455   0.07766   0.03524   0.02749   0.00867   0.01249   0.01694   0.00213   0.00857   0.19593   0.01225   0.10403   0.10761   0.08689   5.33605   0.38656   1.24341   1.03269   0.23175   0.46802  
 69  0.0082  12477.070430  x:  0.40481   0.17451   0.01703   0.20667   0.13935   0.12234   0.30622   0.11451   0.07033   0.03229   0.03190   0.01038   0.02219   0.01822   0.00460   0.00149   0.01567   0.01340   0.00472   0.00833   0.05808   0.36271   0.00230   0.05447   0.07779   0.03512   0.02751   0.00871   0.01251   0.01694   0.00213   0.00858   0.19549   0.01225   0.10398   0.10761   0.08688   5.35075   0.38386   1.24760   1.03215   0.23176   0.46520  
 70  0.0064  12477.065639  x:  0.40538   0.17457   0.01698   0.20667   0.13942   0.12243   0.30606   0.11448   0.07031   0.03226   0.03186   0.01044   0.02220   0.01820   0.00459   0.00145   0.01567   0.01343   0.00473   0.00836   0.05801   0.36274   0.00231   0.05452   0.07782   0.03496   0.02752   0.00869   0.01252   0.01705   0.00220   0.00852   0.19560   0.01228   0.10401   0.10764   0.08681   5.35690   0.38599   1.24697   1.03151   0.23183   0.46591  
 71  0.0051  12477.062771  x:  0.40587   0.17453   0.01700   0.20694   0.13942   0.12245   0.30632   0.11439   0.07029   0.03223   0.03187   0.01042   0.02220   0.01821   0.00456   0.00144   0.01564   0.01342   0.00479   0.00836   0.05798   0.36297   0.00233   0.05458   0.07778   0.03499   0.02751   0.00865   0.01251   0.01712   0.00227   0.00853   0.19586   0.01226   0.10402   0.10764   0.08683   5.35812   0.38383   1.24723   1.02740   0.23203   0.46641  
 72  0.0036  12477.061115  x:  0.40562   0.17469   0.01698   0.20688   0.13939   0.12237   0.30636   0.11456   0.07029   0.03228   0.03189   0.01037   0.02219   0.01822   0.00450   0.00140   0.01561   0.01339   0.00480   0.00831   0.05804   0.36287   0.00230   0.05456   0.07775   0.03515   0.02750   0.00865   0.01250   0.01707   0.00227   0.00858   0.19577   0.01224   0.10404   0.10761   0.08688   5.35779   0.38414   1.24631   1.02538   0.23200   0.46447  
 73  0.0018  12477.060630  x:  0.40541   0.17463   0.01700   0.20678   0.13939   0.12239   0.30631   0.11457   0.07030   0.03234   0.03187   0.01039   0.02220   0.01822   0.00447   0.00140   0.01562   0.01342   0.00482   0.00828   0.05802   0.36282   0.00229   0.05454   0.07779   0.03504   0.02749   0.00864   0.01250   0.01705   0.00227   0.00856   0.19568   0.01226   0.10402   0.10761   0.08687   5.35624   0.38417   1.24597   1.02627   0.23195   0.46439  
 74  0.0014  12477.060504  x:  0.40548   0.17460   0.01702   0.20681   0.13940   0.12240   0.30627   0.11453   0.07029   0.03234   0.03188   0.01039   0.02220   0.01822   0.00445   0.00140   0.01563   0.01342   0.00481   0.00828   0.05800   0.36286   0.00230   0.05455   0.07778   0.03506   0.02751   0.00865   0.01251   0.01706   0.00227   0.00857   0.19574   0.01226   0.10402   0.10763   0.08685   5.35519   0.38445   1.24597   1.02776   0.23192   0.46445  
 75  0.0012  12477.060488  x:  0.40549   0.17460   0.01702   0.20682   0.13939   0.12239   0.30628   0.11452   0.07030   0.03235   0.03189   0.01038   0.02220   0.01822   0.00445   0.00140   0.01563   0.01341   0.00481   0.00829   0.05802   0.36283   0.00230   0.05455   0.07777   0.03506   0.02750   0.00866   0.01251   0.01706   0.00227   0.00856   0.19573   0.01226   0.10402   0.10762   0.08686   5.35480   0.38450   1.24622   1.02802   0.23193   0.46452  
 76  0.0003  12477.060483  x:  0.40548   0.17461   0.01702   0.20681   0.13940   0.12240   0.30628   0.11452   0.07030   0.03235   0.03189   0.01038   0.02220   0.01822   0.00445   0.00140   0.01563   0.01341   0.00481   0.00829   0.05801   0.36284   0.00230   0.05455   0.07778   0.03506   0.02750   0.00866   0.01251   0.01706   0.00227   0.00856   0.19573   0.01227   0.10402   0.10762   0.08685   5.35462   0.38449   1.24621   1.02791   0.23193   0.46454  
 77  0.0001  12477.060483  x:  0.40548   0.17461   0.01702   0.20681   0.13940   0.12240   0.30628   0.11452   0.07030   0.03235   0.03189   0.01038   0.02220   0.01822   0.00445   0.00140   0.01563   0.01341   0.00481   0.00829   0.05801   0.36284   0.00230   0.05455   0.07778   0.03506   0.02750   0.00866   0.01251   0.01706   0.00227   0.00856   0.19573   0.01226   0.10402   0.10762   0.08685   5.35460   0.38449   1.24615   1.02786   0.23193   0.46455  
 78  0.0001  12477.060482  x:  0.40548   0.17461   0.01702   0.20681   0.13940   0.12240   0.30628   0.11452   0.07030   0.03235   0.03189   0.01038   0.02220   0.01822   0.00445   0.00140   0.01564   0.01341   0.00481   0.00829   0.05801   0.36284   0.00230   0.05455   0.07777   0.03506   0.02750   0.00867   0.01251   0.01706   0.00227   0.00856   0.19573   0.01226   0.10402   0.10762   0.08686   5.35460   0.38449   1.24612   1.02784   0.23193   0.46455  
 79  0.0000  12477.060482  x:  0.40548   0.17461   0.01702   0.20681   0.13940   0.12240   0.30628   0.11452   0.07030   0.03235   0.03189   0.01038   0.02220   0.01822   0.00445   0.00140   0.01564   0.01341   0.00481   0.00829   0.05801   0.36284   0.00230   0.05455   0.07778   0.03506   0.02750   0.00867   0.01251   0.01706   0.00228   0.00856   0.19573   0.01226   0.10402   0.10762   0.08685   5.35461   0.38449   1.24613   1.02785   0.23193   0.46455  
 80  0.0000  12477.060482  x:  0.40548   0.17461   0.01702   0.20681   0.13940   0.12240   0.30628   0.11452   0.07030   0.03235   0.03189   0.01038   0.02220   0.01822   0.00445   0.00140   0.01564   0.01341   0.00481   0.00829   0.05801   0.36284   0.00230   0.05455   0.07778   0.03506   0.02750   0.00867   0.01251   0.01706   0.00228   0.00856   0.19573   0.01226   0.10402   0.10762   0.08685   5.35461   0.38449   1.24613   1.02785   0.23193   0.46455  
 81  0.0000  12477.060482  x:  0.40548   0.17461   0.01702   0.20681   0.13940   0.12240   0.30628   0.11452   0.07030   0.03235   0.03189   0.01038   0.02220   0.01822   0.00445   0.00140   0.01564   0.01341   0.00481   0.00829   0.05801   0.36284   0.00230   0.05455   0.07778   0.03506   0.02750   0.00867   0.01251   0.01706   0.00228   0.00856   0.19573   0.01226   0.10402   0.10762   0.08685   5.35461   0.38449   1.24614   1.02785   0.23193   0.46455  
 82  0.0000  12477.060482  x:  0.40548   0.17461   0.01702   0.20681   0.13940   0.12240   0.30628   0.11452   0.07030   0.03235   0.03189   0.01038   0.02220   0.01822   0.00445   0.00140   0.01564   0.01341   0.00481   0.00829   0.05801   0.36284   0.00230   0.05455   0.07778   0.03506   0.02750   0.00867   0.01251   0.01706   0.00228   0.00856   0.19573   0.01226   0.10402   0.10762   0.08685   5.35461   0.38449   1.24614   1.02785   0.23193   0.46455  
 83  0.0000  12477.060482  x:  0.40548   0.17461   0.01702   0.20681   0.13940   0.12240   0.30628   0.11452   0.07030   0.03235   0.03189   0.01038   0.02220   0.01822   0.00445   0.00140   0.01564   0.01341   0.00481   0.00829   0.05801   0.36284   0.00230   0.05455   0.07778   0.03506   0.02750   0.00867   0.01251   0.01706   0.00228   0.00856   0.19573   0.01226   0.10402   0.10762   0.08685   5.35461   0.38449   1.24614   1.02785   0.23193   0.46455  