Supplemental results for CODEML (seqf: Human_TAS1R1_breaks2_2nd_attempt.txt  treef: TAS1R1_revised_tree_following_error_message.txt)


MLEs of dN/dS (w) for site classes (K=4)

site class             0        1       2a       2b
proportion       0.75397  0.23566  0.00790  0.00247
background w     0.10355  1.00000  0.10355  1.00000
foreground w     0.10355  1.00000  4.70574  4.70574

Naive Empirical Bayes (NEB) probabilities for 4 classes
(amino acids refer to 1st sequence: 1.Tarsier)

   1 M   0.98233 0.00798 0.00960 0.00008 ( 1)
   2 F   0.66895 0.32101 0.00677 0.00327 ( 1)
   3 H   0.47714 0.51309 0.00467 0.00509 ( 2)
   4 H   0.00044 0.98967 0.00000 0.00989 ( 2)
   5 V   0.00001 0.98974 0.00000 0.01025 ( 2)
   6 A   0.62633 0.36359 0.00636 0.00371 ( 1)
   7 H   0.00687 0.98324 0.00007 0.00983 ( 2)
   8 L   0.94381 0.04617 0.00955 0.00047 ( 1)
   9 V   0.43300 0.55692 0.00439 0.00569 ( 2)
  10 G   0.89136 0.09889 0.00876 0.00098 ( 1)
  11 L   0.93711 0.05286 0.00949 0.00054 ( 1)
  12 Q   0.94062 0.04940 0.00947 0.00050 ( 1)
  13 L   0.93097 0.05896 0.00947 0.00060 ( 1)
  14 S   0.05515 0.93502 0.00054 0.00928 ( 2)
  15 I   0.59364 0.39633 0.00600 0.00403 ( 1)
  16 S   0.88929 0.10095 0.00875 0.00101 ( 1)
  17 C   0.86723 0.12297 0.00857 0.00123 ( 1)
  18 C   0.97598 0.01423 0.00964 0.00014 ( 1)
  19 W   0.67756 0.31240 0.00685 0.00318 ( 1)
  20 A   0.97148 0.01885 0.00948 0.00019 ( 1)
  21 F   0.78925 0.20072 0.00799 0.00205 ( 1)
  22 S   0.47413 0.51613 0.00463 0.00511 ( 2)
  23 C   0.97628 0.01393 0.00965 0.00014 ( 1)
  24 H   0.97308 0.01686 0.00988 0.00017 ( 1)
  25 N   0.08493 0.90523 0.00083 0.00900 ( 2)
  26 T   0.01631 0.97356 0.00017 0.00996 ( 2)
  27 E   0.82554 0.16462 0.00819 0.00165 ( 1)
  28 F   0.03805 0.95182 0.00039 0.00974 ( 2)
  29 S   0.92308 0.06683 0.00941 0.00068 ( 1)
  30 P   0.94615 0.04377 0.00963 0.00045 ( 1)
  31 D   0.91541 0.07490 0.00895 0.00074 ( 1)
  32 F   0.98313 0.00721 0.00958 0.00007 ( 1)
  33 S   0.89401 0.09628 0.00876 0.00096 ( 1)
  34 L   0.97950 0.01079 0.00960 0.00011 ( 1)
  35 P   0.78339 0.20687 0.00769 0.00206 ( 1)
  36 G   0.96162 0.02850 0.00959 0.00029 ( 1)
  37 N   0.68979 0.30016 0.00699 0.00306 ( 1)
  38 Y   0.97540 0.01480 0.00965 0.00015 ( 1)
  39 L   0.97928 0.01102 0.00959 0.00011 ( 1)
  40 L   0.94180 0.04818 0.00953 0.00049 ( 1)
  41 A   0.41323 0.57654 0.00426 0.00597 ( 2)
  42 G   0.97805 0.01221 0.00962 0.00012 ( 1)
  43 F   0.19464 0.79529 0.00197 0.00810 ( 2)
  44 F   0.98307 0.00727 0.00958 0.00007 ( 1)
  45 P   0.59886 0.39104 0.00610 0.00400 ( 1)
  46 L   0.98049 0.00981 0.00960 0.00010 ( 1)
  47 H   0.94034 0.04960 0.00955 0.00051 ( 1)
  48 G   0.13207 0.85780 0.00135 0.00879 ( 2)
  49 D   0.28772 0.70246 0.00283 0.00699 ( 2)
  50 C   0.13149 0.85837 0.00134 0.00880 ( 2)
  51 L   0.66261 0.32735 0.00671 0.00334 ( 1)
  52 Q   0.95362 0.03641 0.00960 0.00037 ( 1)
  53 V   0.97442 0.01576 0.00966 0.00016 ( 1)
  54 R   0.94529 0.04483 0.00943 0.00045 ( 1)
  55 H   0.46304 0.52716 0.00455 0.00525 ( 2)
  56 R   0.87934 0.11046 0.00906 0.00114 ( 1)
  57 P   0.97282 0.01746 0.00955 0.00017 ( 1)
  58 E   0.97167 0.01817 0.00997 0.00019 ( 1)
  59 V   0.97356 0.01663 0.00965 0.00017 ( 1)
  60 T   0.81968 0.17059 0.00803 0.00169 ( 1)
  61 L   0.95159 0.03839 0.00963 0.00039 ( 1)
  62 C   0.91549 0.07441 0.00933 0.00076 ( 1)
  63 D   0.97937 0.01095 0.00957 0.00011 ( 1)
  64 R   0.95795 0.03217 0.00956 0.00032 ( 1)
  65 T   0.00045 0.98942 0.00000 0.01012 ( 2)
  66 C   0.04147 0.94839 0.00042 0.00972 ( 2)
  67 G   0.06807 0.92209 0.00067 0.00917 ( 2)
  68 F   0.98075 0.00959 0.00956 0.00009 ( 1)
  69 N   0.94634 0.04361 0.00961 0.00045 ( 1)
  70 G   0.28702 0.70308 0.00285 0.00705 ( 2)
  71 H   0.96955 0.02040 0.00985 0.00021 ( 1)
  72 G   0.83926 0.15099 0.00825 0.00150 ( 1)
  73 Y   0.40120 0.58894 0.00397 0.00589 ( 2)
  74 H   0.37008 0.62011 0.00364 0.00617 ( 2)
  75 L   0.88261 0.10767 0.00865 0.00107 ( 1)
  76 F   0.91969 0.07065 0.00897 0.00070 ( 1)
  77 Q   0.21531 0.77466 0.00217 0.00786 ( 2)
  78 A   0.33445 0.65546 0.00340 0.00670 ( 2)
  79 M   0.41008 0.58016 0.00401 0.00575 ( 2)
  80 R   0.73818 0.25186 0.00741 0.00255 ( 1)
  81 L   0.67804 0.31188 0.00690 0.00319 ( 1)
  82 S   0.00056 0.98947 0.00001 0.00997 ( 2)
  83 I   0.18361 0.80629 0.00186 0.00823 ( 2)
  84 E   0.18967 0.80042 0.00188 0.00803 ( 2)
  85 A   0.76427 0.22589 0.00758 0.00227 ( 1)
  86 I   0.94071 0.04927 0.00952 0.00050 ( 1)
  87 N   0.97785 0.01244 0.00959 0.00012 ( 1)
  88 N   0.97785 0.01244 0.00959 0.00012 ( 1)
  89 S   0.97527 0.01497 0.00960 0.00015 ( 1)
  90 T   0.96240 0.02775 0.00957 0.00028 ( 1)
  91 V   0.47911 0.51065 0.00495 0.00529 ( 2)
  92 L   0.93459 0.05539 0.00946 0.00056 ( 1)
  93 L   0.93434 0.05564 0.00946 0.00057 ( 1)
  94 P   0.97925 0.01103 0.00961 0.00011 ( 1)
  95 N   0.78282 0.20744 0.00768 0.00206 ( 1)
  96 V   0.10640 0.88383 0.00104 0.00874 ( 2)
  97 T   0.90397 0.08632 0.00885 0.00086 ( 1)
  98 L   0.53402 0.45593 0.00541 0.00465 ( 1)
  99 G   0.96899 0.02113 0.00967 0.00021 ( 1)
 100 Y   0.19153 0.79858 0.00189 0.00799 ( 2)
 101 E   0.00377 0.98619 0.00004 0.01001 ( 2)
 102 L   0.94186 0.04812 0.00953 0.00049 ( 1)
 103 Y   0.08537 0.90447 0.00087 0.00929 ( 2)
 104 D   0.94953 0.04044 0.00962 0.00041 ( 1)
 105 V   0.96919 0.02100 0.00960 0.00021 ( 1)
 106 C   0.97016 0.02006 0.00958 0.00020 ( 1)
 107 S   0.93932 0.05059 0.00958 0.00052 ( 1)
 108 E   0.84863 0.14167 0.00830 0.00140 ( 1)
 109 S   0.91994 0.06996 0.00938 0.00072 ( 1)
 110 A   0.98004 0.01030 0.00956 0.00010 ( 1)
 111 N   0.94120 0.04874 0.00955 0.00050 ( 1)
 112 V   0.96919 0.02100 0.00960 0.00021 ( 1)
 113 Y   0.91768 0.07251 0.00908 0.00073 ( 1)
 114 A   0.97884 0.01149 0.00955 0.00011 ( 1)
 115 T   0.96258 0.02757 0.00957 0.00028 ( 1)
 116 L   0.93459 0.05539 0.00946 0.00056 ( 1)
 117 S   0.09018 0.89998 0.00089 0.00895 ( 2)
 118 V   0.81903 0.17114 0.00812 0.00171 ( 1)
 119 L   0.97781 0.01248 0.00958 0.00012 ( 1)
 120 S   0.97440 0.01585 0.00959 0.00016 ( 1)
 121 L   0.14241 0.84731 0.00148 0.00881 ( 2)
 122 P   0.42423 0.56553 0.00438 0.00586 ( 2)
 123 G   0.96644 0.02368 0.00964 0.00024 ( 1)
 124 T   0.07774 0.91201 0.00080 0.00945 ( 2)
 125 R   0.00001 0.95504 0.00000 0.04495 ( 2)
 126 H   0.97642 0.01385 0.00959 0.00014 ( 1)
 127 I   0.93784 0.05214 0.00949 0.00053 ( 1)
 128 D   0.31402 0.67609 0.00312 0.00678 ( 2)
 129 I   0.89106 0.09922 0.00873 0.00098 ( 1)
 130 Q   0.90593 0.08387 0.00934 0.00087 ( 1)
 131 G   0.44878 0.54097 0.00464 0.00561 ( 2)
 132 D   0.84805 0.14225 0.00829 0.00141 ( 1)
 133 F   0.12607 0.86381 0.00128 0.00884 ( 2)
 134 L   0.97781 0.01248 0.00958 0.00012 ( 1)
 135 H   0.00548 0.98463 0.00005 0.00984 ( 2)
 136 Y   0.91643 0.07346 0.00936 0.00075 ( 1)
 137 S   0.03782 0.95231 0.00037 0.00949 ( 2)
 138 P   0.96288 0.02704 0.00980 0.00028 ( 1)
 139 K   0.78574 0.20438 0.00782 0.00205 ( 1)
 140 I   0.70473 0.28543 0.00698 0.00286 ( 1)
 141 V   0.73386 0.25609 0.00743 0.00261 ( 1)
 142 A   0.95791 0.03227 0.00950 0.00032 ( 1)
 143 V   0.96936 0.02082 0.00960 0.00021 ( 1)
 144 I   0.53366 0.45630 0.00539 0.00464 ( 1)
 145 G   0.80830 0.18181 0.00806 0.00183 ( 1)
 146 P   0.63846 0.35145 0.00650 0.00360 ( 1)
 147 D   0.45711 0.53314 0.00447 0.00528 ( 2)
 148 S   0.00032 0.98985 0.00000 0.00982 ( 2)
 149 T   0.89191 0.09838 0.00874 0.00098 ( 1)
 150 D   0.09574 0.89444 0.00094 0.00888 ( 2)
 151 H   0.00014 0.98970 0.00000 0.01016 ( 2)
 152 A   0.62925 0.36068 0.00639 0.00368 ( 1)
 153 A   0.74512 0.24519 0.00727 0.00243 ( 1)
 154 T   0.63898 0.35128 0.00626 0.00349 ( 1)
 155 T   0.08408 0.90567 0.00087 0.00938 ( 2)
 156 A   0.96036 0.02997 0.00937 0.00030 ( 1)
 157 A   0.87853 0.11179 0.00857 0.00111 ( 1)
 158 L   0.93056 0.05941 0.00942 0.00061 ( 1)
 159 L   0.93890 0.05108 0.00950 0.00052 ( 1)
 160 S   0.87204 0.11822 0.00857 0.00118 ( 1)
 161 P   0.91988 0.07004 0.00936 0.00072 ( 1)
 162 F   0.39761 0.59265 0.00388 0.00586 ( 2)
 163 L   0.93204 0.05793 0.00943 0.00059 ( 1)
 164 V   0.36038 0.62986 0.00352 0.00624 ( 2)
 165 P   0.97894 0.01134 0.00961 0.00011 ( 1)
 166 L   0.16954 0.82039 0.00172 0.00836 ( 2)
 167 I   0.98344 0.00694 0.00955 0.00007 ( 1)
 168 S   0.98010 0.01018 0.00963 0.00010 ( 1)
 169 Y   0.94705 0.04284 0.00968 0.00044 ( 1)
 170 E   0.00385 0.98618 0.00004 0.00993 ( 2)
 171 A   0.98273 0.00760 0.00959 0.00008 ( 1)
 172 S   0.98010 0.01018 0.00963 0.00010 ( 1)
 173 S   0.97941 0.01087 0.00962 0.00011 ( 1)
 174 T   0.00038 0.98969 0.00000 0.00993 ( 2)
 175 T   0.02532 0.96474 0.00025 0.00969 ( 2)
 176 L   0.97578 0.01452 0.00956 0.00014 ( 1)
 177 S   0.46470 0.52551 0.00456 0.00523 ( 2)
 178 V   0.00058 0.98950 0.00001 0.00991 ( 2)
 179 K   0.96999 0.02015 0.00966 0.00020 ( 1)
 180 R   0.23098 0.75901 0.00232 0.00769 ( 2)
 181 Q   0.66779 0.32222 0.00673 0.00327 ( 1)
 182 Y   0.92427 0.06561 0.00944 0.00067 ( 1)
 183 P   0.98039 0.00990 0.00962 0.00010 ( 1)
 184 S   0.93156 0.05834 0.00950 0.00060 ( 1)
 185 F   0.97586 0.01448 0.00951 0.00014 ( 1)
 186 L   0.94186 0.04812 0.00953 0.00049 ( 1)
 187 R   0.97608 0.01414 0.00964 0.00014 ( 1)
 188 T   0.98139 0.00891 0.00961 0.00009 ( 1)
 189 I   0.93620 0.05418 0.00909 0.00053 ( 1)
 190 P   0.98039 0.00990 0.00962 0.00010 ( 1)
 191 S   0.32006 0.67015 0.00314 0.00666 ( 2)
 192 D   0.98172 0.00860 0.00960 0.00009 ( 1)
 193 R   0.33023 0.65985 0.00329 0.00663 ( 2)
 194 H   0.06944 0.92066 0.00069 0.00921 ( 2)
 195 Q   0.95362 0.03641 0.00960 0.00037 ( 1)
 196 V   0.97356 0.01663 0.00965 0.00017 ( 1)
 197 E   0.97290 0.01728 0.00965 0.00017 ( 1)
 198 V   0.53411 0.45613 0.00523 0.00453 ( 1)
 199 M   0.91187 0.07844 0.00891 0.00078 ( 1)
 200 V   0.97356 0.01663 0.00965 0.00017 ( 1)
 201 L   0.65435 0.33561 0.00662 0.00342 ( 1)
 202 L   0.94186 0.04812 0.00953 0.00049 ( 1)
 203 L   0.94165 0.04832 0.00953 0.00049 ( 1)
 204 Q   0.01817 0.97179 0.00018 0.00986 ( 2)
 205 R   0.28578 0.70427 0.00285 0.00709 ( 2)
 206 F   0.98328 0.00706 0.00959 0.00007 ( 1)
 207 R   0.00045 0.98958 0.00000 0.00997 ( 2)
 208 W   0.94429 0.04569 0.00955 0.00047 ( 1)
 209 V   0.45174 0.53849 0.00442 0.00534 ( 2)
 210 W   0.94429 0.04569 0.00955 0.00047 ( 1)
 211 I   0.98460 0.00579 0.00956 0.00006 ( 1)
 212 S   0.93215 0.05776 0.00950 0.00059 ( 1)
 213 L   0.94186 0.04812 0.00953 0.00049 ( 1)
 214 V   0.27054 0.71937 0.00275 0.00735 ( 2)
 215 G   0.97923 0.01103 0.00963 0.00011 ( 1)
 216 S   0.97950 0.01077 0.00962 0.00011 ( 1)
 217 Y   0.00136 0.98852 0.00001 0.01010 ( 2)
 218 G   0.78936 0.20088 0.00776 0.00200 ( 1)
 219 D   0.98216 0.00816 0.00960 0.00008 ( 1)
 220 Y   0.94705 0.04284 0.00968 0.00044 ( 1)
 221 G   0.96925 0.02087 0.00967 0.00021 ( 1)
 222 Q   0.75292 0.23709 0.00758 0.00241 ( 1)
 223 Q   0.11688 0.87283 0.00121 0.00907 ( 2)
 224 G   0.78348 0.20662 0.00782 0.00208 ( 1)
 225 V   0.97109 0.01910 0.00962 0.00019 ( 1)
 226 Q   0.72230 0.26771 0.00727 0.00272 ( 1)
 227 A   0.64226 0.34752 0.00663 0.00360 ( 1)
 228 L   0.94375 0.04622 0.00955 0.00047 ( 1)
 229 E   0.36994 0.62017 0.00367 0.00622 ( 2)
 230 N   0.00928 0.98076 0.00009 0.00986 ( 2)
 231 Q   0.72089 0.26912 0.00726 0.00273 ( 1)
 232 A   0.98273 0.00760 0.00959 0.00008 ( 1)
 233 T   0.96784 0.02209 0.00984 0.00023 ( 1)
 234 D   0.00151 0.98840 0.00002 0.01008 ( 2)
 235 Q   0.70077 0.28924 0.00706 0.00294 ( 1)
 236 G   0.35339 0.63668 0.00353 0.00641 ( 2)
 237 I   0.93527 0.05511 0.00908 0.00054 ( 1)
 238 C   0.97660 0.01362 0.00965 0.00014 ( 1)
 239 I   0.94695 0.04304 0.00957 0.00044 ( 1)
 240 A   0.93787 0.05207 0.00952 0.00053 ( 1)
 241 F   0.98328 0.00706 0.00959 0.00007 ( 1)
 242 K   0.96999 0.02015 0.00966 0.00020 ( 1)
 243 D   0.91113 0.07898 0.00909 0.00080 ( 1)
 244 I   0.42454 0.56577 0.00412 0.00557 ( 2)
 245 V   0.84037 0.14981 0.00833 0.00150 ( 1)
 246 P   0.97796 0.01232 0.00960 0.00012 ( 1)
 247 L   0.91432 0.07601 0.00891 0.00075 ( 1)
 248 S   0.59576 0.39413 0.00607 0.00404 ( 1)
 249 A   0.98273 0.00760 0.00959 0.00008 ( 1)
 250 R   0.00023 0.98973 0.00000 0.01004 ( 2)
 251 V   0.96790 0.02188 0.00999 0.00023 ( 1)
 252 G   0.95746 0.03280 0.00941 0.00033 ( 1)
 253 D   0.94543 0.04454 0.00958 0.00045 ( 1)
 254 E   0.36334 0.62664 0.00366 0.00636 ( 2)
 255 R   0.77464 0.21547 0.00773 0.00217 ( 1)
 256 M   0.98233 0.00798 0.00960 0.00008 ( 1)
 257 Q   0.72305 0.26695 0.00728 0.00271 ( 1)
 258 G   0.00466 0.98544 0.00005 0.00985 ( 2)
 259 M   0.07907 0.91085 0.00080 0.00928 ( 2)
 260 M   0.98233 0.00798 0.00960 0.00008 ( 1)
 261 N   0.00067 0.98943 0.00001 0.00989 ( 2)
 262 R   0.08544 0.90472 0.00084 0.00900 ( 2)
 263 L   0.94186 0.04812 0.00953 0.00049 ( 1)
 264 A   0.92100 0.06933 0.00899 0.00069 ( 1)
 265 R   0.02406 0.96589 0.00024 0.00980 ( 2)
 266 A   0.98123 0.00910 0.00958 0.00009 ( 1)
 267 G   0.00467 0.98538 0.00005 0.00990 ( 2)
 268 T   0.90667 0.08365 0.00885 0.00083 ( 1)
 269 T   0.82857 0.16171 0.00812 0.00160 ( 1)
 270 V   0.97999 0.00996 0.00995 0.00010 ( 1)
 271 V   0.97356 0.01663 0.00965 0.00017 ( 1)
 272 V   0.32519 0.66507 0.00317 0.00658 ( 2)
 273 V   0.93904 0.05091 0.00953 0.00052 ( 1)
 274 F   0.97249 0.01749 0.00984 0.00018 ( 1)
 275 S   0.97877 0.01148 0.00964 0.00011 ( 1)
 276 S   0.00601 0.98416 0.00006 0.00978 ( 2)
 277 R   0.11500 0.87498 0.00116 0.00886 ( 2)
 278 R   0.00030 0.98974 0.00000 0.00996 ( 2)
 279 L   0.08894 0.90098 0.00090 0.00918 ( 2)
 280 A   0.98273 0.00760 0.00959 0.00008 ( 1)
 281 R   0.80885 0.18125 0.00807 0.00183 ( 1)
 282 V   0.97356 0.01663 0.00965 0.00017 ( 1)
 283 F   0.97794 0.01204 0.00990 0.00012 ( 1)
 284 F   0.98008 0.01026 0.00955 0.00010 ( 1)
 285 E   0.97290 0.01728 0.00965 0.00017 ( 1)
 286 S   0.97368 0.01657 0.00959 0.00017 ( 1)
 287 V   0.97356 0.01663 0.00965 0.00017 ( 1)
 288 V   0.97356 0.01663 0.00965 0.00017 ( 1)
 289 L   0.94091 0.04882 0.00976 0.00051 ( 1)
 290 A   0.92024 0.07008 0.00898 0.00069 ( 1)
 291 N   0.90616 0.08412 0.00889 0.00084 ( 1)
 292 L   0.66297 0.32698 0.00671 0.00333 ( 1)
 293 T   0.93150 0.05843 0.00947 0.00060 ( 1)
 294 G   0.97923 0.01103 0.00963 0.00011 ( 1)
 295 K   0.96999 0.02015 0.00966 0.00020 ( 1)
 296 V   0.97356 0.01663 0.00965 0.00017 ( 1)
 297 W   0.94429 0.04569 0.00955 0.00047 ( 1)
 298 I   0.46982 0.52045 0.00458 0.00515 ( 2)
 299 A   0.98273 0.00760 0.00959 0.00008 ( 1)
 300 S   0.86509 0.12466 0.00896 0.00129 ( 1)
 301 E   0.90969 0.08047 0.00903 0.00081 ( 1)
 302 D   0.50029 0.48998 0.00488 0.00485 ( 1)
 303 W   0.94429 0.04569 0.00955 0.00047 ( 1)
 304 A   0.90961 0.08073 0.00887 0.00080 ( 1)
 305 I   0.91225 0.07804 0.00894 0.00077 ( 1)
 306 S   0.97877 0.01148 0.00964 0.00011 ( 1)
 307 R   0.04614 0.94389 0.00046 0.00951 ( 2)
 308 H   0.88530 0.10495 0.00870 0.00104 ( 1)
 309 I   0.98460 0.00579 0.00956 0.00006 ( 1)
 310 T   0.64010 0.34981 0.00651 0.00358 ( 1)
 311 G   0.28502 0.70504 0.00284 0.00710 ( 2)
 312 V   0.97082 0.01937 0.00962 0.00019 ( 1)
 313 P   0.97027 0.02001 0.00952 0.00020 ( 1)
 314 G   0.96740 0.02273 0.00965 0.00023 ( 1)
 315 I   0.98460 0.00579 0.00956 0.00006 ( 1)
 316 Q   0.19667 0.79330 0.00198 0.00805 ( 2)
 317 G   0.42668 0.56347 0.00422 0.00563 ( 2)
 318 I   0.95989 0.03010 0.00970 0.00031 ( 1)
 319 G   0.96679 0.02334 0.00964 0.00024 ( 1)
 320 T   0.00027 0.95475 0.00012 0.04485 ( 2)
 321 V   0.97419 0.01600 0.00965 0.00016 ( 1)
 322 L   0.94186 0.04812 0.00953 0.00049 ( 1)
 323 G   0.94930 0.04095 0.00933 0.00041 ( 1)
 324 V   0.97319 0.01699 0.00964 0.00017 ( 1)
 325 A   0.98273 0.00760 0.00959 0.00008 ( 1)
 326 I   0.98460 0.00579 0.00956 0.00006 ( 1)
 327 Q   0.95362 0.03641 0.00960 0.00037 ( 1)
 328 L   0.02791 0.96213 0.00028 0.00967 ( 2)
 329 R   0.31042 0.67964 0.00310 0.00684 ( 2)
 330 L   0.00012 0.98975 0.00000 0.01012 ( 2)
 331 V   0.91709 0.07325 0.00894 0.00072 ( 1)
 332 P   0.93914 0.05078 0.00956 0.00052 ( 1)
 333 G   0.89263 0.09762 0.00878 0.00097 ( 1)
 334 L   0.94155 0.04843 0.00953 0.00049 ( 1)
 335 K   0.82467 0.16546 0.00821 0.00166 ( 1)
 336 E   0.79899 0.19079 0.00825 0.00197 ( 1)
 337 F   0.67139 0.31857 0.00679 0.00325 ( 1)
 338 E   0.89821 0.09163 0.00922 0.00094 ( 1)
 339 E   0.95134 0.03850 0.00976 0.00040 ( 1)
 340 A   0.98273 0.00760 0.00959 0.00008 ( 1)
 341 Y   0.91549 0.07439 0.00935 0.00076 ( 1)
 342 A   0.92144 0.06888 0.00899 0.00068 ( 1)
 343 Q   0.00088 0.98909 0.00001 0.01002 ( 2)
 344 A   0.52231 0.46747 0.00539 0.00484 ( 1)
 345 D   0.98216 0.00816 0.00960 0.00008 ( 1)
 346 K   0.96999 0.02015 0.00966 0.00020 ( 1)
 347 G   0.00403 0.98571 0.00004 0.01022 ( 2)
 348 A   0.91125 0.07907 0.00889 0.00078 ( 1)
 349 P   0.03683 0.90265 0.01704 0.04348 ( 2)
 350 L   0.14241 0.84763 0.00142 0.00854 ( 2)
 351 P   0.46614 0.52375 0.00474 0.00536 ( 2)
 352 C   0.97476 0.01546 0.00963 0.00015 ( 1)
 353 P   0.00853 0.98162 0.00008 0.00977 ( 2)
 354 T   0.03129 0.95876 0.00031 0.00964 ( 2)
 355 G   0.89188 0.09838 0.00876 0.00098 ( 1)
 356 A   0.87500 0.11524 0.00861 0.00115 ( 1)
 357 W   0.69602 0.29416 0.00688 0.00294 ( 1)
 358 C   0.97660 0.01362 0.00965 0.00014 ( 1)
 359 S   0.98010 0.01018 0.00963 0.00010 ( 1)
 360 S   0.98010 0.01018 0.00963 0.00010 ( 1)
 361 N   0.93607 0.05388 0.00950 0.00055 ( 1)
 362 Q   0.95362 0.03641 0.00960 0.00037 ( 1)
 363 L   0.47203 0.51824 0.00460 0.00512 ( 2)
 364 C   0.97476 0.01546 0.00963 0.00015 ( 1)
 365 R   0.89059 0.09921 0.00917 0.00103 ( 1)
 366 E   0.08690 0.90290 0.00089 0.00930 ( 2)
 367 C   0.97434 0.01557 0.00993 0.00016 ( 1)
 368 C   0.00022 0.98958 0.00000 0.01019 ( 2)
 369 A   0.66615 0.32378 0.00676 0.00331 ( 1)
 370 F   0.98328 0.00706 0.00959 0.00007 ( 1)
 371 T   0.00004 0.99001 0.00000 0.00995 ( 2)
 372 A   0.06718 0.92258 0.00069 0.00955 ( 2)
 373 H   0.97946 0.01081 0.00962 0.00011 ( 1)
 374 T   0.00003 0.99003 0.00000 0.00995 ( 2)
 375 T   0.91213 0.07818 0.00892 0.00077 ( 1)
 376 P   0.97987 0.01042 0.00961 0.00010 ( 1)
 377 T   0.02519 0.96486 0.00025 0.00970 ( 2)
 378 L   0.97278 0.01751 0.00953 0.00017 ( 1)
 379 G   0.00008 0.98971 0.00000 0.01021 ( 2)
 380 P   0.51169 0.47851 0.00503 0.00476 ( 1)
 381 F   0.92077 0.06957 0.00898 0.00069 ( 1)
 382 S   0.97877 0.01148 0.00964 0.00011 ( 1)
 383 M   0.98233 0.00798 0.00960 0.00008 ( 1)
 384 S   0.93456 0.05537 0.00950 0.00057 ( 1)
 385 S   0.59348 0.39641 0.00605 0.00406 ( 1)
 386 A   0.98273 0.00760 0.00959 0.00008 ( 1)
 387 Y   0.97540 0.01480 0.00965 0.00015 ( 1)
 388 N   0.98067 0.00962 0.00962 0.00010 ( 1)
 389 V   0.23437 0.75573 0.00232 0.00758 ( 2)
 390 Y   0.96913 0.02107 0.00959 0.00021 ( 1)
 391 Q   0.01932 0.97066 0.00019 0.00983 ( 2)
 392 A   0.92527 0.06468 0.00940 0.00066 ( 1)
 393 V   0.97356 0.01663 0.00965 0.00017 ( 1)
 394 Y   0.94808 0.04180 0.00969 0.00043 ( 1)
 395 T   0.01767 0.97209 0.00018 0.01006 ( 2)
 396 V   0.97356 0.01663 0.00965 0.00017 ( 1)
 397 A   0.98245 0.00788 0.00959 0.00008 ( 1)
 398 H   0.93675 0.05319 0.00951 0.00054 ( 1)
 399 G   0.97923 0.01103 0.00963 0.00011 ( 1)
 400 L   0.98088 0.00942 0.00961 0.00009 ( 1)
 401 H   0.97968 0.01059 0.00963 0.00011 ( 1)
 402 Q   0.95362 0.03641 0.00960 0.00037 ( 1)
 403 L   0.98088 0.00942 0.00961 0.00009 ( 1)
 404 L   0.94186 0.04812 0.00953 0.00049 ( 1)
 405 G   0.97923 0.01103 0.00963 0.00011 ( 1)
 406 C   0.95186 0.03805 0.00970 0.00039 ( 1)
 407 A   0.90178 0.08854 0.00880 0.00088 ( 1)
 408 S   0.93729 0.05261 0.00955 0.00054 ( 1)
 409 G   0.87019 0.11957 0.00900 0.00124 ( 1)
 410 A   0.82601 0.16394 0.00838 0.00167 ( 1)
 411 C   0.92338 0.06653 0.00941 0.00068 ( 1)
 412 S   0.97877 0.01148 0.00964 0.00011 ( 1)
 413 R   0.96777 0.02236 0.00965 0.00023 ( 1)
 414 S   0.47219 0.51801 0.00464 0.00516 ( 2)
 415 Q   0.00689 0.98281 0.00007 0.01023 ( 2)
 416 V   0.98283 0.00752 0.00958 0.00007 ( 1)
 417 Y   0.35893 0.63120 0.00355 0.00632 ( 2)
 418 P   0.97978 0.01051 0.00961 0.00010 ( 1)
 419 W   0.94429 0.04569 0.00955 0.00047 ( 1)
 420 Q   0.95362 0.03641 0.00960 0.00037 ( 1)
 421 L   0.92974 0.06018 0.00946 0.00062 ( 1)
 422 L   0.93786 0.05211 0.00950 0.00053 ( 1)
 423 E   0.84179 0.14837 0.00835 0.00149 ( 1)
 424 Q   0.95362 0.03641 0.00960 0.00037 ( 1)
 425 I   0.98460 0.00579 0.00956 0.00006 ( 1)
 426 H   0.00732 0.98283 0.00007 0.00978 ( 2)
 427 K   0.96937 0.02077 0.00965 0.00021 ( 1)
 428 A   0.85549 0.13468 0.00848 0.00135 ( 1)
 429 N   0.63466 0.35527 0.00644 0.00363 ( 1)
 430 F   0.98307 0.00727 0.00958 0.00007 ( 1)
 431 L   0.92974 0.06018 0.00946 0.00062 ( 1)
 432 L   0.84528 0.14445 0.00877 0.00150 ( 1)
 433 H   0.97724 0.01303 0.00960 0.00013 ( 1)
 434 E   0.00465 0.98540 0.00005 0.00991 ( 2)
 435 D   0.98216 0.00816 0.00960 0.00008 ( 1)
 436 T   0.93932 0.05061 0.00955 0.00052 ( 1)
 437 V   0.97356 0.01663 0.00965 0.00017 ( 1)
 438 T   0.00157 0.98862 0.00002 0.00980 ( 2)
 439 F   0.66829 0.32167 0.00676 0.00328 ( 1)
 440 N   0.15392 0.83598 0.00156 0.00854 ( 2)
 441 D   0.98216 0.00816 0.00960 0.00008 ( 1)
 442 N   0.95349 0.03646 0.00968 0.00037 ( 1)
 443 G   0.14502 0.84472 0.00150 0.00876 ( 2)
 444 D   0.31488 0.67535 0.00308 0.00669 ( 2)
 445 P   0.89527 0.09500 0.00878 0.00094 ( 1)
 446 L   0.40440 0.58582 0.00396 0.00581 ( 2)
 447 S   0.93328 0.05666 0.00948 0.00058 ( 1)
 448 G   0.88385 0.10641 0.00868 0.00106 ( 1)
 449 Y   0.91549 0.07439 0.00935 0.00076 ( 1)
 450 N   0.08671 0.90347 0.00085 0.00897 ( 2)
 451 I   0.94694 0.04305 0.00958 0.00044 ( 1)
 452 I   0.94695 0.04304 0.00957 0.00044 ( 1)
 453 A   0.92014 0.07019 0.00898 0.00069 ( 1)
 454 W   0.94429 0.04569 0.00955 0.00047 ( 1)
 455 D   0.98216 0.00816 0.00960 0.00008 ( 1)
 456 W   0.94429 0.04569 0.00955 0.00047 ( 1)
 457 I   0.01685 0.97303 0.00017 0.00995 ( 2)
 458 G   0.96481 0.02531 0.00962 0.00025 ( 1)
 459 F   0.48792 0.50217 0.00486 0.00505 ( 2)
 460 K   0.84137 0.14876 0.00838 0.00150 ( 1)
 461 W   0.94429 0.04569 0.00955 0.00047 ( 1)
 462 T   0.98139 0.00891 0.00961 0.00009 ( 1)
 463 F   0.98215 0.00819 0.00957 0.00008 ( 1)
 464 T   0.95933 0.03045 0.00991 0.00032 ( 1)
 465 V   0.39118 0.59909 0.00381 0.00592 ( 2)
 466 I   0.02367 0.96651 0.00023 0.00959 ( 2)
 467 G   0.97058 0.01933 0.00989 0.00020 ( 1)
 468 S   0.97814 0.01211 0.00963 0.00012 ( 1)
 469 S   0.97877 0.01148 0.00964 0.00011 ( 1)
 470 T   0.88920 0.10057 0.00918 0.00104 ( 1)
 471 A   0.15151 0.83841 0.00153 0.00854 ( 2)
 472 S   0.58068 0.40921 0.00592 0.00419 ( 1)
 473 P   0.86172 0.12805 0.00890 0.00133 ( 1)
 474 V   0.62612 0.36381 0.00635 0.00372 ( 1)
 475 R   0.00097 0.98898 0.00001 0.01004 ( 2)
 476 L   0.88137 0.10837 0.00914 0.00113 ( 1)
 477 D   0.89301 0.09729 0.00873 0.00096 ( 1)
 478 I   0.94497 0.04501 0.00956 0.00046 ( 1)
 479 N   0.93607 0.05388 0.00950 0.00055 ( 1)
 480 E   0.84193 0.14823 0.00835 0.00149 ( 1)
 481 T   0.98137 0.00893 0.00961 0.00009 ( 1)
 482 K   0.88851 0.10131 0.00914 0.00105 ( 1)
 483 I   0.98419 0.00619 0.00955 0.00006 ( 1)
 484 Q   0.95362 0.03641 0.00960 0.00037 ( 1)
 485 W   0.94429 0.04569 0.00955 0.00047 ( 1)
 486 H   0.86766 0.12228 0.00881 0.00125 ( 1)
 487 R   0.06664 0.92309 0.00069 0.00957 ( 2)
 488 K   0.96999 0.02015 0.00966 0.00020 ( 1)
 489 D   0.91625 0.07405 0.00896 0.00073 ( 1)
 490 N   0.98091 0.00938 0.00962 0.00009 ( 1)
 491 Q   0.95362 0.03641 0.00960 0.00037 ( 1)
 492 V   0.97319 0.01699 0.00964 0.00017 ( 1)
 493 P   0.93528 0.05464 0.00952 0.00056 ( 1)
 494 Q   0.31167 0.67841 0.00310 0.00682 ( 2)
 495 S   0.92308 0.06683 0.00941 0.00068 ( 1)
 496 V   0.97356 0.01663 0.00965 0.00017 ( 1)
 497 C   0.96106 0.02885 0.00980 0.00030 ( 1)
 498 S   0.97877 0.01148 0.00964 0.00011 ( 1)
 499 S   0.96719 0.02275 0.00983 0.00023 ( 1)
 500 D   0.98165 0.00867 0.00960 0.00009 ( 1)
 501 C   0.92853 0.06138 0.00947 0.00063 ( 1)
 502 L   0.92974 0.06018 0.00946 0.00062 ( 1)
 503 E   0.49593 0.49390 0.00509 0.00509 ( 1)
 504 G   0.96395 0.02617 0.00962 0.00026 ( 1)
 505 H   0.89398 0.09628 0.00878 0.00096 ( 1)
 506 Q   0.95362 0.03641 0.00960 0.00037 ( 1)
 507 R   0.05391 0.93579 0.00056 0.00974 ( 2)
 508 V   0.97356 0.01663 0.00965 0.00017 ( 1)
 509 V   0.94060 0.04935 0.00955 0.00050 ( 1)
 510 V   0.00031 0.98944 0.00000 0.01025 ( 2)
 511 G   0.58985 0.40004 0.00601 0.00410 ( 1)
 512 S   0.92237 0.06796 0.00899 0.00067 ( 1)
 513 H   0.17871 0.81119 0.00182 0.00829 ( 2)
 514 H   0.89640 0.09387 0.00880 0.00093 ( 1)
 515 C   0.92605 0.06385 0.00944 0.00065 ( 1)
 516 C   0.97660 0.01362 0.00965 0.00014 ( 1)
 517 F   0.95381 0.03617 0.00965 0.00037 ( 1)
 518 E   0.84423 0.14593 0.00838 0.00146 ( 1)
 519 C   0.92338 0.06653 0.00941 0.00068 ( 1)
 520 V   0.96377 0.02642 0.00955 0.00026 ( 1)
 521 P   0.97722 0.01306 0.00959 0.00013 ( 1)
 522 C   0.92421 0.06569 0.00942 0.00067 ( 1)
 523 E   0.27756 0.71250 0.00277 0.00718 ( 2)
 524 S   0.60493 0.38500 0.00614 0.00393 ( 1)
 525 G   0.96642 0.02370 0.00964 0.00024 ( 1)
 526 T   0.32476 0.66546 0.00318 0.00660 ( 2)
 527 F   0.56353 0.42676 0.00549 0.00422 ( 1)
 528 L   0.44269 0.54721 0.00450 0.00560 ( 2)
 529 N   0.51013 0.48010 0.00500 0.00477 ( 1)
 530 K   0.32728 0.66280 0.00326 0.00666 ( 2)
 531 S   0.92564 0.06429 0.00941 0.00066 ( 1)
 532 D   0.97937 0.01095 0.00957 0.00011 ( 1)
 533 L   0.87221 0.11807 0.00854 0.00117 ( 1)
 534 Y   0.83341 0.15677 0.00825 0.00157 ( 1)
 535 R   0.11021 0.87957 0.00114 0.00909 ( 2)
 536 C   0.97193 0.01829 0.00960 0.00018 ( 1)
 537 Q   0.95362 0.03641 0.00960 0.00037 ( 1)
 538 P   0.59714 0.39276 0.00608 0.00402 ( 1)
 539 C   0.92338 0.06653 0.00941 0.00068 ( 1)
 540 G   0.96740 0.02273 0.00965 0.00023 ( 1)
 541 K   0.89898 0.09084 0.00924 0.00094 ( 1)
 542 E   0.89821 0.09163 0.00922 0.00094 ( 1)
 543 E   0.97287 0.01730 0.00965 0.00017 ( 1)
 544 W   0.94429 0.04569 0.00955 0.00047 ( 1)
 545 A   0.86848 0.12131 0.00896 0.00126 ( 1)
 546 P   0.93966 0.05026 0.00956 0.00051 ( 1)
 547 E   0.05152 0.93856 0.00051 0.00941 ( 2)
 548 G   0.38431 0.60543 0.00398 0.00628 ( 2)
 549 S   0.98010 0.01018 0.00963 0.00010 ( 1)
 550 Q   0.95362 0.03641 0.00960 0.00037 ( 1)
 551 T   0.89787 0.09242 0.00879 0.00092 ( 1)
 552 C   0.97660 0.01362 0.00965 0.00014 ( 1)
 553 F   0.98245 0.00789 0.00958 0.00008 ( 1)
 554 P   0.50573 0.48403 0.00523 0.00501 ( 1)
 555 R   0.96857 0.02165 0.00957 0.00022 ( 1)
 556 T   0.94062 0.04931 0.00957 0.00050 ( 1)
 557 V   0.97086 0.01933 0.00962 0.00019 ( 1)
 558 V   0.84973 0.14044 0.00842 0.00141 ( 1)
 559 F   0.15876 0.83117 0.00161 0.00847 ( 2)
 560 L   0.94111 0.04886 0.00953 0.00050 ( 1)
 561 A   0.13637 0.85352 0.00138 0.00872 ( 2)
 562 W   0.16986 0.82001 0.00173 0.00840 ( 2)
 563 H   0.15820 0.83157 0.00163 0.00860 ( 2)
 564 E   0.97290 0.01728 0.00965 0.00017 ( 1)
 565 C   0.00854 0.98161 0.00008 0.00977 ( 2)
 566 I   0.91479 0.07550 0.00896 0.00075 ( 1)
 567 S   0.92308 0.06683 0.00941 0.00068 ( 1)
 568 W   0.94429 0.04569 0.00955 0.00047 ( 1)
 569 V   0.97356 0.01663 0.00965 0.00017 ( 1)
 570 L   0.93843 0.05155 0.00950 0.00053 ( 1)
 571 L   0.94150 0.04848 0.00953 0.00049 ( 1)
 572 A   0.41123 0.57854 0.00424 0.00599 ( 2)
 573 A   0.65238 0.33754 0.00662 0.00345 ( 1)
 574 N   0.96591 0.02438 0.00947 0.00024 ( 1)
 575 T   0.77489 0.21488 0.00800 0.00223 ( 1)
 576 L   0.16647 0.82346 0.00169 0.00839 ( 2)
 577 L   0.94014 0.04984 0.00952 0.00051 ( 1)
 578 L   0.94174 0.04824 0.00953 0.00049 ( 1)
 579 V   0.66303 0.32693 0.00671 0.00333 ( 1)
 580 V   0.66211 0.32785 0.00670 0.00334 ( 1)
 581 V   0.67412 0.31583 0.00682 0.00322 ( 1)
 582 V   0.13978 0.85010 0.00142 0.00870 ( 2)
 583 G   0.96840 0.02172 0.00966 0.00022 ( 1)
 584 T   0.60989 0.38002 0.00620 0.00389 ( 1)
 585 V   0.62794 0.36199 0.00638 0.00370 ( 1)
 586 G   0.97676 0.01350 0.00960 0.00013 ( 1)
 587 L   0.94186 0.04812 0.00953 0.00049 ( 1)
 588 F   0.94354 0.04644 0.00955 0.00047 ( 1)
 589 A   0.98225 0.00808 0.00959 0.00008 ( 1)
 590 W   0.94429 0.04569 0.00955 0.00047 ( 1)
 591 H   0.97972 0.01055 0.00963 0.00010 ( 1)
 592 Q   0.34852 0.64119 0.00362 0.00667 ( 2)
 593 D   0.98216 0.00816 0.00960 0.00008 ( 1)
 594 T   0.98051 0.00979 0.00960 0.00010 ( 1)
 595 P   0.92766 0.06226 0.00944 0.00064 ( 1)
 596 V   0.97356 0.01663 0.00965 0.00017 ( 1)
 597 V   0.97295 0.01724 0.00964 0.00017 ( 1)
 598 R   0.96777 0.02236 0.00965 0.00023 ( 1)
 599 S   0.84708 0.14267 0.00877 0.00148 ( 1)
 600 A   0.91077 0.07901 0.00940 0.00082 ( 1)
 601 G   0.96740 0.02273 0.00965 0.00023 ( 1)
 602 G   0.97923 0.01103 0.00963 0.00011 ( 1)
 603 W   0.00353 0.98657 0.00003 0.00986 ( 2)
 604 L   0.94186 0.04812 0.00953 0.00049 ( 1)
 605 C   0.97644 0.01378 0.00965 0.00014 ( 1)
 606 F   0.97249 0.01749 0.00984 0.00018 ( 1)
 607 L   0.96830 0.02163 0.00985 0.00022 ( 1)
 608 M   0.98233 0.00798 0.00960 0.00008 ( 1)
 609 L   0.93890 0.05108 0.00950 0.00052 ( 1)
 610 G   0.97805 0.01221 0.00962 0.00012 ( 1)
 611 S   0.97799 0.01226 0.00963 0.00012 ( 1)
 612 L   0.94186 0.04812 0.00953 0.00049 ( 1)
 613 A   0.88395 0.10583 0.00912 0.00110 ( 1)
 614 G   0.00967 0.98009 0.00010 0.01014 ( 2)
 615 A   0.56814 0.42175 0.00579 0.00432 ( 1)
 616 S   0.97717 0.01310 0.00960 0.00013 ( 1)
 617 C   0.00772 0.98242 0.00008 0.00978 ( 2)
 618 S   0.98010 0.01018 0.00963 0.00010 ( 1)
 619 L   0.90114 0.08915 0.00883 0.00088 ( 1)
 620 Y   0.91549 0.07439 0.00935 0.00076 ( 1)
 621 G   0.97894 0.01132 0.00963 0.00011 ( 1)
 622 F   0.98289 0.00746 0.00958 0.00007 ( 1)
 623 F   0.94354 0.04644 0.00955 0.00047 ( 1)
 624 G   0.96395 0.02617 0.00962 0.00026 ( 1)
 625 E   0.96306 0.02711 0.00956 0.00027 ( 1)
 626 P   0.97889 0.01139 0.00961 0.00011 ( 1)
 627 T   0.51601 0.47409 0.00513 0.00476 ( 1)
 628 L   0.13808 0.85197 0.00138 0.00858 ( 2)
 629 P   0.72326 0.26665 0.00736 0.00273 ( 1)
 630 A   0.47420 0.51557 0.00489 0.00534 ( 2)
 631 C   0.97476 0.01546 0.00963 0.00015 ( 1)
 632 L   0.92957 0.06041 0.00941 0.00062 ( 1)
 633 L   0.94159 0.04838 0.00953 0.00049 ( 1)
 634 R   0.97621 0.01401 0.00965 0.00014 ( 1)
 635 Q   0.95008 0.03995 0.00957 0.00041 ( 1)
 636 A   0.89765 0.09267 0.00876 0.00092 ( 1)
 637 I   0.89212 0.09817 0.00874 0.00097 ( 1)
 638 F   0.94354 0.04644 0.00955 0.00047 ( 1)
 639 A   0.98150 0.00884 0.00958 0.00009 ( 1)
 640 L   0.93725 0.05268 0.00953 0.00054 ( 1)
 641 G   0.92664 0.06327 0.00944 0.00065 ( 1)
 642 F   0.97586 0.01448 0.00951 0.00014 ( 1)
 643 T   0.88646 0.10382 0.00868 0.00103 ( 1)
 644 I   0.93657 0.05381 0.00909 0.00053 ( 1)
 645 F   0.98303 0.00731 0.00958 0.00007 ( 1)
 646 L   0.94160 0.04837 0.00953 0.00049 ( 1)
 647 S   0.97862 0.01163 0.00963 0.00012 ( 1)
 648 C   0.97660 0.01362 0.00965 0.00014 ( 1)
 649 L   0.66297 0.32698 0.00671 0.00333 ( 1)
 650 T   0.86703 0.12274 0.00895 0.00127 ( 1)
 651 V   0.93582 0.05413 0.00950 0.00055 ( 1)
 652 R   0.97583 0.01438 0.00964 0.00014 ( 1)
 653 S   0.97358 0.01667 0.00958 0.00017 ( 1)
 654 F   0.98328 0.00706 0.00959 0.00007 ( 1)
 655 Q   0.87970 0.11009 0.00907 0.00114 ( 1)
 656 L   0.90429 0.08544 0.00938 0.00089 ( 1)
 657 V   0.90730 0.08307 0.00881 0.00082 ( 1)
 658 I   0.98460 0.00579 0.00956 0.00006 ( 1)
 659 I   0.98388 0.00651 0.00955 0.00006 ( 1)
 660 F   0.98328 0.00706 0.00959 0.00007 ( 1)
 661 K   0.96999 0.02015 0.00966 0.00020 ( 1)
 662 F   0.94354 0.04644 0.00955 0.00047 ( 1)
 663 S   0.97795 0.01230 0.00963 0.00012 ( 1)
 664 T   0.53598 0.45429 0.00523 0.00450 ( 1)
 665 K   0.96850 0.02165 0.00964 0.00022 ( 1)
 666 V   0.08390 0.90585 0.00087 0.00938 ( 2)
 667 P   0.96601 0.02391 0.00983 0.00024 ( 1)
 668 T   0.12078 0.86940 0.00118 0.00863 ( 2)
 669 F   0.98328 0.00706 0.00959 0.00007 ( 1)
 670 Y   0.40325 0.58689 0.00399 0.00587 ( 2)
 671 H   0.16033 0.82979 0.00158 0.00829 ( 2)
 672 T   0.55919 0.43109 0.00545 0.00426 ( 1)
 673 W   0.94429 0.04569 0.00955 0.00047 ( 1)
 674 V   0.98168 0.00866 0.00957 0.00009 ( 1)
 675 Q   0.87503 0.11477 0.00902 0.00119 ( 1)
 676 N   0.98091 0.00938 0.00962 0.00009 ( 1)
 677 H   0.97511 0.01484 0.00990 0.00015 ( 1)
 678 G   0.92472 0.06519 0.00942 0.00067 ( 1)
 679 A   0.94615 0.04380 0.00961 0.00045 ( 1)
 680 A   0.06075 0.92940 0.00060 0.00925 ( 2)
 681 L   0.94186 0.04812 0.00953 0.00049 ( 1)
 682 F   0.94354 0.04644 0.00955 0.00047 ( 1)
 683 I   0.64081 0.34934 0.00635 0.00350 ( 1)
 684 M   0.37065 0.61959 0.00362 0.00614 ( 2)
 685 I   0.98422 0.00616 0.00955 0.00006 ( 1)
 686 S   0.89923 0.09103 0.00883 0.00091 ( 1)
 687 S   0.84708 0.14267 0.00877 0.00148 ( 1)
 688 M   0.00611 0.98397 0.00006 0.00986 ( 2)
 689 A   0.06883 0.92106 0.00070 0.00941 ( 2)
 690 Q   0.95362 0.03641 0.00960 0.00037 ( 1)
 691 L   0.93839 0.05159 0.00950 0.00053 ( 1)
 692 L   0.93406 0.05587 0.00950 0.00057 ( 1)
 693 I   0.98460 0.00579 0.00956 0.00006 ( 1)
 694 C   0.92401 0.06590 0.00942 0.00068 ( 1)
 695 L   0.84528 0.14445 0.00877 0.00150 ( 1)
 696 T   0.94025 0.04968 0.00956 0.00051 ( 1)
 697 W   0.94429 0.04569 0.00955 0.00047 ( 1)
 698 L   0.93503 0.05495 0.00946 0.00056 ( 1)
 699 A   0.32078 0.66933 0.00318 0.00670 ( 2)
 700 V   0.61724 0.10170 0.27629 0.00477 ( 1)
 701 W   0.94429 0.04569 0.00955 0.00047 ( 1)
 702 T   0.97867 0.01126 0.00995 0.00012 ( 1)
 703 P   0.86172 0.12805 0.00890 0.00133 ( 1)
 704 L   0.94186 0.04812 0.00953 0.00049 ( 1)
 705 P   0.97879 0.01149 0.00960 0.00011 ( 1)
 706 T   0.81293 0.17699 0.00827 0.00181 ( 1)
 707 R   0.94553 0.04459 0.00943 0.00045 ( 1)
 708 E   0.89821 0.09163 0.00922 0.00094 ( 1)
 709 Y   0.97350 0.01670 0.00963 0.00017 ( 1)
 710 Q   0.20886 0.78111 0.00210 0.00793 ( 2)
 711 R   0.97625 0.01397 0.00965 0.00014 ( 1)
 712 F   0.98245 0.00789 0.00958 0.00008 ( 1)
 713 P   0.97889 0.01139 0.00961 0.00011 ( 1)
 714 Q   0.69394 0.29599 0.00705 0.00302 ( 1)
 715 L   0.94186 0.04812 0.00953 0.00049 ( 1)
 716 V   0.97086 0.01933 0.00962 0.00019 ( 1)
 717 V   0.50740 0.48286 0.00496 0.00478 ( 1)
 718 L   0.92974 0.06018 0.00946 0.00062 ( 1)
 719 E   0.82738 0.16277 0.00821 0.00163 ( 1)
 720 C   0.97660 0.01362 0.00965 0.00014 ( 1)
 721 T   0.86421 0.12556 0.00893 0.00130 ( 1)
 722 E   0.97290 0.01728 0.00965 0.00017 ( 1)
 723 T   0.00068 0.98952 0.00001 0.00979 ( 2)
 724 N   0.86080 0.12947 0.00844 0.00129 ( 1)
 725 S   0.95519 0.03506 0.00940 0.00035 ( 1)
 726 L   0.94186 0.04812 0.00953 0.00049 ( 1)
 727 G   0.97923 0.01103 0.00963 0.00011 ( 1)
 728 F   0.98328 0.00706 0.00959 0.00007 ( 1)
 729 M   0.28077 0.70917 0.00284 0.00722 ( 2)
 730 L   0.94160 0.04838 0.00953 0.00049 ( 1)
 731 A   0.98273 0.00760 0.00959 0.00008 ( 1)
 732 F   0.97919 0.01079 0.00991 0.00011 ( 1)
 733 G   0.00085 0.98932 0.00001 0.00982 ( 2)
 734 Y   0.97540 0.01480 0.00965 0.00015 ( 1)
 735 N   0.93607 0.05388 0.00950 0.00055 ( 1)
 736 G   0.88022 0.11003 0.00866 0.00110 ( 1)
 737 L   0.97885 0.01108 0.00996 0.00011 ( 1)
 738 L   0.97999 0.01031 0.00960 0.00010 ( 1)
 739 S   0.97163 0.01862 0.00957 0.00019 ( 1)
 740 V   0.09203 0.89822 0.00089 0.00885 ( 2)
 741 S   0.97017 0.01977 0.00986 0.00020 ( 1)
 742 A   0.98182 0.00852 0.00958 0.00008 ( 1)
 743 F   0.94354 0.04644 0.00955 0.00047 ( 1)
 744 A   0.98099 0.00935 0.00957 0.00009 ( 1)
 745 C   0.97528 0.01493 0.00964 0.00015 ( 1)
 746 S   0.89872 0.09154 0.00883 0.00091 ( 1)
 747 Y   0.97540 0.01480 0.00965 0.00015 ( 1)
 748 L   0.66314 0.32682 0.00671 0.00333 ( 1)
 749 G   0.97887 0.01139 0.00963 0.00011 ( 1)
 750 K   0.96850 0.02165 0.00964 0.00022 ( 1)
 751 D   0.98216 0.00816 0.00960 0.00008 ( 1)
 752 L   0.94053 0.04944 0.00952 0.00050 ( 1)
 753 P   0.86172 0.12805 0.00890 0.00133 ( 1)
 754 E   0.97290 0.01728 0.00965 0.00017 ( 1)
 755 N   0.98091 0.00938 0.00962 0.00009 ( 1)
 756 Y   0.95426 0.03594 0.00944 0.00036 ( 1)
 757 N   0.89667 0.09361 0.00879 0.00093 ( 1)
 758 E   0.97290 0.01728 0.00965 0.00017 ( 1)
 759 A   0.98225 0.00808 0.00959 0.00008 ( 1)
 760 K   0.88851 0.10131 0.00914 0.00105 ( 1)
 761 C   0.92338 0.06653 0.00941 0.00068 ( 1)
 762 V   0.98283 0.00752 0.00958 0.00007 ( 1)
 763 T   0.97899 0.01130 0.00959 0.00011 ( 1)
 764 F   0.98008 0.01026 0.00955 0.00010 ( 1)
 765 G   0.47726 0.51295 0.00469 0.00510 ( 2)
 766 L   0.94167 0.04831 0.00953 0.00049 ( 1)
 767 L   0.98088 0.00942 0.00961 0.00009 ( 1)
 768 L   0.90283 0.08750 0.00880 0.00087 ( 1)
 769 N   0.88085 0.10942 0.00864 0.00109 ( 1)
 770 F   0.98245 0.00789 0.00958 0.00008 ( 1)
 771 V   0.38766 0.60258 0.00379 0.00597 ( 2)
 772 S   0.97877 0.01148 0.00964 0.00011 ( 1)
 773 W   0.94429 0.04569 0.00955 0.00047 ( 1)
 774 I   0.98460 0.00579 0.00956 0.00006 ( 1)
 775 A   0.54248 0.44779 0.00529 0.00443 ( 1)
 776 F   0.92190 0.06844 0.00899 0.00068 ( 1)
 777 F   0.98285 0.00749 0.00958 0.00007 ( 1)
 778 T   0.98116 0.00914 0.00961 0.00009 ( 1)
 779 V   0.04108 0.94897 0.00041 0.00953 ( 2)
 780 A   0.98151 0.00844 0.00997 0.00009 ( 1)
 781 S   0.88992 0.10001 0.00904 0.00102 ( 1)
 782 V   0.92119 0.06915 0.00898 0.00068 ( 1)
 783 Y   0.85423 0.13596 0.00845 0.00136 ( 1)
 784 Q   0.33178 0.65845 0.00324 0.00652 ( 2)
 785 G   0.88868 0.10157 0.00874 0.00101 ( 1)
 786 K   0.96999 0.02015 0.00966 0.00020 ( 1)
 787 Y   0.97292 0.01697 0.00994 0.00017 ( 1)
 788 L   0.66293 0.32703 0.00671 0.00333 ( 1)
 789 P   0.89180 0.09847 0.00875 0.00098 ( 1)
 790 A   0.80519 0.18497 0.00799 0.00185 ( 1)
 791 V   0.89870 0.09163 0.00876 0.00091 ( 1)
 792 N   0.97210 0.01818 0.00953 0.00018 ( 1)
 793 V   0.41613 0.57412 0.00407 0.00569 ( 2)
 794 L   0.70685 0.28311 0.00716 0.00289 ( 1)
 795 A   0.97013 0.01981 0.00985 0.00020 ( 1)
 796 V   0.00271 0.98731 0.00003 0.00994 ( 2)
 797 L   0.70225 0.28771 0.00711 0.00293 ( 1)
 798 S   0.98010 0.01018 0.00963 0.00010 ( 1)
 799 S   0.98010 0.01018 0.00963 0.00010 ( 1)
 800 L   0.94178 0.04820 0.00953 0.00049 ( 1)
 801 S   0.89952 0.09074 0.00884 0.00090 ( 1)
 802 S   0.97767 0.01261 0.00960 0.00013 ( 1)
 803 G   0.97923 0.01103 0.00963 0.00011 ( 1)
 804 F   0.98328 0.00706 0.00959 0.00007 ( 1)
 805 S   0.81436 0.17588 0.00801 0.00175 ( 1)
 806 G   0.97143 0.01869 0.00969 0.00019 ( 1)
 807 Y   0.91549 0.07439 0.00935 0.00076 ( 1)
 808 F   0.97249 0.01749 0.00984 0.00018 ( 1)
 809 L   0.96962 0.02035 0.00981 0.00021 ( 1)
 810 P   0.97919 0.01110 0.00961 0.00011 ( 1)
 811 K   0.96794 0.02220 0.00964 0.00022 ( 1)
 812 C   0.97660 0.01362 0.00965 0.00014 ( 1)
 813 Y   0.94114 0.04906 0.00931 0.00049 ( 1)
 814 V   0.96873 0.02146 0.00960 0.00021 ( 1)
 815 I   0.98460 0.00579 0.00956 0.00006 ( 1)
 816 V   0.88715 0.10314 0.00869 0.00102 ( 1)
 817 C   0.87252 0.11769 0.00862 0.00118 ( 1)
 818 R   0.97305 0.01716 0.00961 0.00017 ( 1)
 819 P   0.45292 0.53683 0.00468 0.00556 ( 2)
 820 D   0.96994 0.02038 0.00948 0.00020 ( 1)
 821 L   0.97490 0.01540 0.00955 0.00015 ( 1)
 822 N   0.97990 0.01039 0.00961 0.00010 ( 1)
 823 S   0.89924 0.09102 0.00883 0.00091 ( 1)
 824 T   0.87939 0.11038 0.00908 0.00114 ( 1)
 825 E   0.97290 0.01728 0.00965 0.00017 ( 1)
 826 H   0.97972 0.01055 0.00963 0.00010 ( 1)
 827 F   0.98215 0.00819 0.00957 0.00008 ( 1)
 828 Q   0.95362 0.03641 0.00960 0.00037 ( 1)
 829 A   0.98263 0.00771 0.00959 0.00008 ( 1)
 830 S   0.97877 0.01148 0.00964 0.00011 ( 1)
 831 I   0.97469 0.01531 0.00985 0.00016 ( 1)
 832 Q   0.95362 0.03641 0.00960 0.00037 ( 1)
 833 D   0.91445 0.07586 0.00894 0.00075 ( 1)
 834 Y   0.97540 0.01480 0.00965 0.00015 ( 1)
 835 T   0.96861 0.02154 0.00963 0.00022 ( 1)
 836 R   0.96777 0.02236 0.00965 0.00023 ( 1)
 837 R   0.87056 0.11969 0.00855 0.00119 ( 1)
 838 W   0.01784 0.97227 0.00018 0.00972 ( 2)
 839 G   0.05427 0.93588 0.00053 0.00932 ( 2)
 840 S   0.85237 0.13786 0.00839 0.00137 ( 1)
 841 T   0.97689 0.01341 0.00957 0.00013 ( 1)


lnL = -10656.986350

Bayes Empirical Bayes (BEB) probabilities for 4 classes (class)
(amino acids refer to 1st sequence: 1.Tarsier)

   1 M   0.87664 0.00658 0.11588 0.00089 ( 1)
   2 F   0.69005 0.19111 0.09268 0.02616 ( 1)
   3 H   0.60327 0.27947 0.07948 0.03778 ( 1)
   4 H   0.00291 0.87871 0.00038 0.11800 ( 2)
   5 V   0.00012 0.87979 0.00002 0.12008 ( 2)
   6 A   0.66186 0.21912 0.08901 0.03002 ( 1)
   7 H   0.02993 0.85171 0.00391 0.11444 ( 2)
   8 L   0.84653 0.03475 0.11397 0.00476 ( 1)
   9 V   0.56861 0.31234 0.07632 0.04274 ( 1)
  10 G   0.82548 0.05736 0.10938 0.00778 ( 1)
  11 L   0.84175 0.03952 0.11331 0.00542 ( 1)
  12 Q   0.84450 0.03705 0.11338 0.00507 ( 1)
  13 L   0.83716 0.04384 0.11298 0.00602 ( 1)
  14 S   0.15090 0.73123 0.01969 0.09818 ( 2)
  15 I   0.64141 0.23981 0.08600 0.03279 ( 1)
  16 S   0.82430 0.05847 0.10929 0.00793 ( 1)
  17 C   0.81158 0.07099 0.10779 0.00964 ( 1)
  18 C   0.87127 0.01137 0.11582 0.00154 ( 1)
  19 W   0.69588 0.18531 0.09345 0.02536 ( 1)
  20 A   0.86844 0.01486 0.11468 0.00201 ( 1)
  21 F   0.76471 0.11651 0.10282 0.01596 ( 1)
  22 S   0.60146 0.28146 0.07908 0.03800 ( 1)
  23 C   0.87150 0.01114 0.11585 0.00151 ( 1)
  24 H   0.86775 0.01335 0.11707 0.00183 ( 1)
  25 N   0.21357 0.66854 0.02795 0.08995 ( 2)
  26 T   0.05291 0.82762 0.00703 0.11244 ( 2)
  27 E   0.78720 0.09510 0.10476 0.01294 ( 1)
  28 F   0.10991 0.77062 0.01464 0.10483 ( 2)
  29 S   0.83148 0.04939 0.11235 0.00678 ( 1)
  30 P   0.84797 0.03299 0.11451 0.00453 ( 1)
  31 D   0.83942 0.04375 0.11090 0.00592 ( 1)
  32 F   0.87739 0.00598 0.11582 0.00081 ( 1)
  33 S   0.82720 0.05585 0.10938 0.00757 ( 1)
  34 L   0.87434 0.00877 0.11570 0.00119 ( 1)
  35 P   0.76251 0.12035 0.10083 0.01631 ( 1)
  36 G   0.86012 0.02197 0.11491 0.00300 ( 1)
  37 N   0.70360 0.17753 0.09456 0.02431 ( 1)
  38 Y   0.87076 0.01180 0.11584 0.00160 ( 1)
  39 L   0.87416 0.00895 0.11568 0.00121 ( 1)
  40 L   0.84508 0.03619 0.11377 0.00496 ( 1)
  41 A   0.50095 0.37914 0.06777 0.05214 ( 1)
  42 G   0.87305 0.00984 0.11577 0.00134 ( 1)
  43 F   0.33539 0.54552 0.04475 0.07434 ( 2)
  44 F   0.87734 0.00603 0.11581 0.00082 ( 1)
  45 P   0.64301 0.23783 0.08656 0.03260 ( 1)
  46 L   0.87509 0.00802 0.11580 0.00109 ( 1)
  47 H   0.84390 0.03718 0.11382 0.00510 ( 1)
  48 G   0.25045 0.63010 0.03348 0.08597 ( 2)
  49 D   0.44081 0.44153 0.05801 0.05965 ( 2)
  50 C   0.24970 0.63085 0.03338 0.08607 ( 2)
  51 L   0.68594 0.19522 0.09212 0.02672 ( 1)
  52 Q   0.85387 0.02769 0.11465 0.00379 ( 1)
  53 V   0.86993 0.01255 0.11582 0.00171 ( 1)
  54 R   0.84828 0.03380 0.11331 0.00461 ( 1)
  55 H   0.59296 0.28961 0.07823 0.03919 ( 1)
  56 R   0.80023 0.08005 0.10868 0.01103 ( 1)
  57 P   0.86918 0.01383 0.11512 0.00187 ( 1)
  58 E   0.86621 0.01431 0.11751 0.00197 ( 1)
  59 V   0.86927 0.01320 0.11573 0.00180 ( 1)
  60 T   0.78614 0.09686 0.10389 0.01312 ( 1)
  61 L   0.85209 0.02919 0.11472 0.00400 ( 1)
  62 C   0.82612 0.05475 0.11161 0.00752 ( 1)
  63 D   0.87434 0.00889 0.11557 0.00120 ( 1)
  64 R   0.85746 0.02463 0.11455 0.00336 ( 1)
  65 T   0.00298 0.87752 0.00040 0.11910 ( 2)
  66 C   0.11826 0.76224 0.01576 0.10374 ( 2)
  67 G   0.17904 0.70302 0.02341 0.09453 ( 2)
  68 F   0.87553 0.00784 0.11557 0.00106 ( 1)
  69 N   0.84825 0.03287 0.11437 0.00451 ( 1)
  70 G   0.43982 0.44210 0.05816 0.05991 ( 2)
  71 H   0.86510 0.01599 0.11671 0.00219 ( 1)
  72 G   0.79555 0.08725 0.10537 0.01183 ( 1)
  73 Y   0.54475 0.33743 0.07207 0.04574 ( 1)
  74 H   0.51902 0.36346 0.06838 0.04914 ( 1)
  75 L   0.82045 0.06259 0.10849 0.00848 ( 1)
  76 F   0.84199 0.04133 0.11109 0.00559 ( 1)
  77 Q   0.36104 0.52013 0.04806 0.07078 ( 2)
  78 A   0.48522 0.39565 0.06504 0.05409 ( 1)
  79 M   0.55375 0.32902 0.07280 0.04442 ( 1)
  80 R   0.73407 0.14753 0.09825 0.02015 ( 1)
  81 L   0.69584 0.18508 0.09371 0.02538 ( 1)
  82 S   0.00363 0.87762 0.00048 0.11828 ( 2)
  83 I   0.32124 0.55955 0.04291 0.07631 ( 2)
  84 E   0.33334 0.54847 0.04398 0.07421 ( 2)
  85 A   0.75076 0.13151 0.09985 0.01789 ( 1)
  86 I   0.84424 0.03707 0.11361 0.00508 ( 1)
  87 N   0.87304 0.01001 0.11559 0.00136 ( 1)
  88 N   0.87304 0.01001 0.11559 0.00136 ( 1)
  89 S   0.87089 0.01194 0.11555 0.00162 ( 1)
  90 T   0.86084 0.02142 0.11482 0.00292 ( 1)
  91 V   0.60321 0.27687 0.08179 0.03813 ( 1)
  92 L   0.83993 0.04133 0.11307 0.00566 ( 1)
  93 L   0.83975 0.04152 0.11304 0.00569 ( 1)
  94 P   0.87407 0.00895 0.11577 0.00121 ( 1)
  95 N   0.76251 0.12039 0.10079 0.01631 ( 1)
  96 V   0.25314 0.62934 0.03302 0.08451 ( 2)
  97 T   0.83286 0.05020 0.11014 0.00680 ( 1)
  98 L   0.59670 0.28439 0.08001 0.03889 ( 1)
  99 G   0.86556 0.01654 0.11565 0.00226 ( 1)
 100 Y   0.33212 0.54982 0.04375 0.07431 ( 2)
 101 E   0.01715 0.86375 0.00227 0.11684 ( 2)
 102 L   0.84513 0.03614 0.11378 0.00495 ( 1)
 103 Y   0.17893 0.70149 0.02391 0.09567 ( 2)
 104 D   0.85057 0.03066 0.11457 0.00420 ( 1)
 105 V   0.86600 0.01647 0.11529 0.00224 ( 1)
 106 C   0.86689 0.01574 0.11523 0.00214 ( 1)
 107 S   0.84298 0.03790 0.11392 0.00521 ( 1)
 108 E   0.80129 0.08183 0.10580 0.01108 ( 1)
 109 S   0.82924 0.05163 0.11204 0.00709 ( 1)
 110 A   0.87492 0.00839 0.11555 0.00114 ( 1)
 111 N   0.84452 0.03659 0.11387 0.00502 ( 1)
 112 V   0.86600 0.01647 0.11529 0.00224 ( 1)
 113 Y   0.82902 0.05349 0.11022 0.00727 ( 1)
 114 A   0.87400 0.00931 0.11543 0.00126 ( 1)
 115 T   0.86098 0.02128 0.11484 0.00290 ( 1)
 116 L   0.83993 0.04133 0.11307 0.00566 ( 1)
 117 S   0.18467 0.69739 0.02415 0.09378 ( 2)
 118 V   0.78330 0.09908 0.10415 0.01347 ( 1)
 119 L   0.87303 0.01008 0.11553 0.00137 ( 1)
 120 S   0.87023 0.01259 0.11546 0.00171 ( 1)
 121 L   0.26514 0.61462 0.03581 0.08442 ( 2)
 122 P   0.51016 0.36987 0.06907 0.05090 ( 1)
 123 G   0.86367 0.01843 0.11539 0.00251 ( 1)
 124 T   0.16300 0.71693 0.02191 0.09815 ( 2)
 125 R   0.00009 0.74606 0.00021 0.25364 ( 2)
 126 H   0.87184 0.01109 0.11556 0.00151 ( 1)
 127 I   0.84235 0.03896 0.11336 0.00534 ( 1)
 128 D   0.46689 0.41507 0.06178 0.05627 ( 1)
 129 I   0.82534 0.05770 0.10914 0.00782 ( 1)
 130 Q   0.81884 0.06140 0.11129 0.00847 ( 1)
 131 G   0.53011 0.34987 0.07185 0.04817 ( 1)
 132 D   0.80112 0.08201 0.10578 0.01110 ( 1)
 133 F   0.24155 0.63910 0.03225 0.08711 ( 2)
 134 L   0.87303 0.01008 0.11553 0.00137 ( 1)
 135 H   0.02429 0.85735 0.00317 0.11519 ( 2)
 136 Y   0.82665 0.05410 0.11182 0.00744 ( 1)
 137 S   0.10976 0.77212 0.01435 0.10377 ( 2)
 138 P   0.86007 0.02090 0.11616 0.00287 ( 1)
 139 K   0.76359 0.11852 0.10175 0.01614 ( 1)
 140 I   0.71391 0.16839 0.09482 0.02288 ( 1)
 141 V   0.73098 0.15020 0.09826 0.02057 ( 1)
 142 A   0.85764 0.02477 0.11422 0.00337 ( 1)
 143 V   0.86613 0.01634 0.11531 0.00222 ( 1)
 144 I   0.59970 0.28148 0.08034 0.03847 ( 1)
 145 G   0.77687 0.10514 0.10366 0.01433 ( 1)
 146 P   0.66989 0.21097 0.09022 0.02893 ( 1)
 147 D   0.58859 0.29424 0.07743 0.03974 ( 1)
 148 S   0.00223 0.87971 0.00029 0.11777 ( 2)
 149 T   0.82595 0.05710 0.10922 0.00774 ( 1)
 150 D   0.23432 0.64788 0.03065 0.08715 ( 2)
 151 H   0.00101 0.87935 0.00013 0.11952 ( 2)
 152 A   0.66383 0.21715 0.08927 0.02975 ( 1)
 153 A   0.74703 0.13610 0.09847 0.01840 ( 1)
 154 T   0.68667 0.19619 0.09059 0.02655 ( 1)
 155 T   0.17413 0.70582 0.02341 0.09664 ( 2)
 156 A   0.86023 0.02306 0.11359 0.00312 ( 1)
 157 A   0.81847 0.06476 0.10800 0.00876 ( 1)
 158 L   0.83707 0.04420 0.11268 0.00606 ( 1)
 159 L   0.84300 0.03827 0.11349 0.00524 ( 1)
 160 S   0.81456 0.06832 0.10786 0.00926 ( 1)
 161 P   0.82927 0.05168 0.11195 0.00709 ( 1)
 162 F   0.54159 0.34130 0.07108 0.04603 ( 1)
 163 L   0.83812 0.04314 0.11282 0.00591 ( 1)
 164 V   0.50951 0.37320 0.06693 0.05036 ( 1)
 165 P   0.87383 0.00918 0.11574 0.00125 ( 1)
 166 L   0.30304 0.57785 0.04040 0.07871 ( 2)
 167 I   0.87782 0.00579 0.11561 0.00078 ( 1)
 168 S   0.87468 0.00828 0.11592 0.00112 ( 1)
 169 Y   0.84841 0.03235 0.11479 0.00445 ( 1)
 170 E   0.01752 0.86374 0.00230 0.11644 ( 2)
 171 A   0.87702 0.00630 0.11583 0.00085 ( 1)
 172 S   0.87468 0.00828 0.11592 0.00112 ( 1)
 173 S   0.87415 0.00881 0.11585 0.00119 ( 1)
 174 T   0.00253 0.87892 0.00033 0.11822 ( 2)
 175 T   0.07710 0.80434 0.01013 0.10843 ( 2)
 176 L   0.87148 0.01163 0.11532 0.00158 ( 1)
 177 S   0.59448 0.28812 0.07842 0.03898 ( 1)
 178 V   0.00382 0.87768 0.00050 0.11800 ( 2)
 179 K   0.86642 0.01580 0.11563 0.00215 ( 1)
 180 R   0.37925 0.50205 0.05043 0.06827 ( 2)
 181 Q   0.68964 0.19179 0.09237 0.02620 ( 1)
 182 Y   0.83220 0.04855 0.11258 0.00667 ( 1)
 183 P   0.87494 0.00807 0.11589 0.00109 ( 1)
 184 S   0.83748 0.04340 0.11316 0.00596 ( 1)
 185 F   0.87179 0.01158 0.11507 0.00157 ( 1)
 186 L   0.84513 0.03614 0.11378 0.00495 ( 1)
 187 R   0.87133 0.01131 0.11583 0.00154 ( 1)
 188 T   0.87581 0.00731 0.11589 0.00099 ( 1)
 189 I   0.85155 0.03202 0.11211 0.00433 ( 1)
 190 P   0.87494 0.00807 0.11589 0.00109 ( 1)
 191 S   0.47302 0.40950 0.06219 0.05529 ( 1)
 192 D   0.87616 0.00707 0.11582 0.00096 ( 1)
 193 R   0.48244 0.39938 0.06397 0.05422 ( 1)
 194 H   0.18188 0.69988 0.02388 0.09435 ( 2)
 195 Q   0.85387 0.02769 0.11465 0.00379 ( 1)
 196 V   0.86927 0.01320 0.11573 0.00180 ( 1)
 197 E   0.86873 0.01366 0.11575 0.00186 ( 1)
 198 V   0.64352 0.23928 0.08484 0.03236 ( 1)
 199 M   0.83747 0.04570 0.11064 0.00619 ( 1)
 200 V   0.86927 0.01320 0.11573 0.00180 ( 1)
 201 L   0.68052 0.20063 0.09139 0.02746 ( 1)
 202 L   0.84513 0.03614 0.11378 0.00495 ( 1)
 203 L   0.84498 0.03629 0.11376 0.00497 ( 1)
 204 Q   0.05731 0.82362 0.00758 0.11150 ( 2)
 205 R   0.43888 0.44280 0.05821 0.06012 ( 2)
 206 F   0.87751 0.00587 0.11583 0.00079 ( 1)
 207 R   0.00299 0.87826 0.00039 0.11836 ( 2)
 208 W   0.84694 0.03436 0.11399 0.00471 ( 1)
 209 V   0.58440 0.29832 0.07696 0.04032 ( 1)
 210 W   0.84694 0.03436 0.11399 0.00471 ( 1)
 211 I   0.87874 0.00486 0.11573 0.00066 ( 1)
 212 S   0.83786 0.04302 0.11322 0.00591 ( 1)
 213 L   0.84513 0.03614 0.11378 0.00495 ( 1)
 214 V   0.42186 0.45900 0.05646 0.06269 ( 2)
 215 G   0.87395 0.00895 0.11589 0.00121 ( 1)
 216 S   0.87422 0.00874 0.11586 0.00118 ( 1)
 217 Y   0.00661 0.87393 0.00088 0.11858 ( 2)
 218 G   0.76611 0.11666 0.10142 0.01582 ( 1)
 219 D   0.87650 0.00673 0.11586 0.00091 ( 1)
 220 Y   0.84841 0.03235 0.11479 0.00445 ( 1)
 221 G   0.86575 0.01634 0.11567 0.00223 ( 1)
 222 Q   0.74326 0.13821 0.09964 0.01889 ( 1)
 223 Q   0.22724 0.65252 0.03067 0.08957 ( 2)
 224 G   0.76211 0.11989 0.10167 0.01634 ( 1)
 225 V   0.86742 0.01505 0.11548 0.00205 ( 1)
 226 Q   0.72443 0.15703 0.09708 0.02146 ( 1)
 227 A   0.67159 0.20855 0.09113 0.02873 ( 1)
 228 L   0.84648 0.03479 0.11396 0.00477 ( 1)
 229 E   0.51816 0.36385 0.06863 0.04936 ( 1)
 230 N   0.03945 0.84192 0.00518 0.11346 ( 2)
 231 Q   0.72356 0.15790 0.09696 0.02158 ( 1)
 232 A   0.87702 0.00630 0.11583 0.00085 ( 1)
 233 T   0.86377 0.01725 0.11662 0.00237 ( 1)
 234 D   0.00733 0.87333 0.00097 0.11837 ( 2)
 235 Q   0.71088 0.17057 0.09525 0.02331 ( 1)
 236 G   0.50308 0.37866 0.06681 0.05146 ( 1)
 237 I   0.85102 0.03255 0.11204 0.00440 ( 1)
 238 C   0.87174 0.01090 0.11588 0.00148 ( 1)
 239 I   0.84890 0.03247 0.11418 0.00445 ( 1)
 240 A   0.84216 0.03893 0.11357 0.00534 ( 1)
 241 F   0.87751 0.00587 0.11583 0.00079 ( 1)
 242 K   0.86642 0.01580 0.11563 0.00215 ( 1)
 243 D   0.83603 0.04602 0.11167 0.00628 ( 1)
 244 I   0.55787 0.32524 0.07307 0.04381 ( 1)
 245 V   0.79573 0.08666 0.10582 0.01178 ( 1)
 246 P   0.87308 0.00993 0.11564 0.00135 ( 1)
 247 L   0.83896 0.04436 0.11068 0.00600 ( 1)
 248 S   0.64084 0.23993 0.08633 0.03290 ( 1)
 249 A   0.87702 0.00630 0.11583 0.00085 ( 1)
 250 R   0.00156 0.87932 0.00021 0.11891 ( 2)
 251 V   0.86312 0.01709 0.11743 0.00236 ( 1)
 252 G   0.85774 0.02514 0.11371 0.00341 ( 1)
 253 D   0.84768 0.03355 0.11417 0.00460 ( 1)
 254 E   0.51201 0.36928 0.06836 0.05035 ( 1)
 255 R   0.75700 0.12499 0.10098 0.01703 ( 1)
 256 M   0.87664 0.00658 0.11588 0.00089 ( 1)
 257 Q   0.72490 0.15656 0.09715 0.02140 ( 1)
 258 G   0.02116 0.86048 0.00277 0.11560 ( 2)
 259 M   0.20137 0.67945 0.02679 0.09239 ( 2)
 260 M   0.87664 0.00658 0.11588 0.00089 ( 1)
 261 N   0.00435 0.87726 0.00057 0.11782 ( 2)
 262 R   0.21443 0.66766 0.02807 0.08984 ( 2)
 263 L   0.84513 0.03614 0.11378 0.00495 ( 1)
 264 A   0.84264 0.04062 0.11124 0.00550 ( 1)
 265 R   0.07371 0.80723 0.00975 0.10931 ( 2)
 266 A   0.87585 0.00746 0.11568 0.00101 ( 1)
 267 G   0.02099 0.86039 0.00275 0.11587 ( 2)
 268 T   0.83455 0.04871 0.11015 0.00659 ( 1)
 269 T   0.78950 0.09350 0.10434 0.01266 ( 1)
 270 V   0.87301 0.00814 0.11774 0.00112 ( 1)
 271 V   0.86927 0.01320 0.11573 0.00180 ( 1)
 272 V   0.47714 0.40565 0.06254 0.05466 ( 1)
 273 V   0.84301 0.03812 0.11365 0.00523 ( 1)
 274 F   0.86747 0.01383 0.11681 0.00189 ( 1)
 275 S   0.87355 0.00928 0.11591 0.00126 ( 1)
 276 S   0.02658 0.85535 0.00346 0.11461 ( 2)
 277 R   0.22802 0.65315 0.03022 0.08861 ( 2)
 278 R   0.00202 0.87929 0.00026 0.11843 ( 2)
 279 L   0.18287 0.69792 0.02432 0.09488 ( 2)
 280 A   0.87702 0.00630 0.11583 0.00085 ( 1)
 281 R   0.77725 0.10476 0.10371 0.01428 ( 1)
 282 V   0.86927 0.01320 0.11573 0.00180 ( 1)
 283 F   0.87160 0.00970 0.11737 0.00133 ( 1)
 284 F   0.87501 0.00836 0.11550 0.00113 ( 1)
 285 E   0.86873 0.01366 0.11575 0.00186 ( 1)
 286 S   0.86968 0.01314 0.11539 0.00178 ( 1)
 287 V   0.86927 0.01320 0.11573 0.00180 ( 1)
 288 V   0.86927 0.01320 0.11573 0.00180 ( 1)
 289 L   0.84328 0.03659 0.11507 0.00506 ( 1)
 290 A   0.84222 0.04105 0.11118 0.00556 ( 1)
 291 N   0.83407 0.04893 0.11037 0.00663 ( 1)
 292 L   0.68619 0.19497 0.09216 0.02668 ( 1)
 293 T   0.83755 0.04345 0.11304 0.00596 ( 1)
 294 G   0.87395 0.00895 0.11589 0.00121 ( 1)
 295 K   0.86642 0.01580 0.11563 0.00215 ( 1)
 296 V   0.86927 0.01320 0.11573 0.00180 ( 1)
 297 W   0.84694 0.03436 0.11399 0.00471 ( 1)
 298 I   0.59819 0.28479 0.07859 0.03844 ( 1)
 299 A   0.87702 0.00630 0.11583 0.00085 ( 1)
 300 S   0.78995 0.09003 0.10759 0.01243 ( 1)
 301 E   0.82324 0.05910 0.10961 0.00804 ( 1)
 302 D   0.62001 0.26294 0.08154 0.03551 ( 1)
 303 W   0.84694 0.03436 0.11399 0.00471 ( 1)
 304 A   0.83624 0.04708 0.11031 0.00637 ( 1)
 305 I   0.83734 0.04572 0.11075 0.00619 ( 1)
 306 S   0.87355 0.00928 0.11591 0.00126 ( 1)
 307 R   0.10555 0.77580 0.01390 0.10475 ( 2)
 308 H   0.82205 0.06082 0.10888 0.00825 ( 1)
 309 I   0.87874 0.00486 0.11573 0.00066 ( 1)
 310 T   0.67096 0.20994 0.09032 0.02878 ( 1)
 311 G   0.43797 0.44371 0.05809 0.06024 ( 2)
 312 V   0.86722 0.01525 0.11545 0.00208 ( 1)
 313 P   0.86728 0.01573 0.11486 0.00213 ( 1)
 314 G   0.86438 0.01772 0.11549 0.00242 ( 1)
 315 I   0.87874 0.00486 0.11573 0.00066 ( 1)
 316 Q   0.33820 0.54294 0.04500 0.07386 ( 2)
 317 G   0.56489 0.31738 0.07471 0.04302 ( 1)
 318 I   0.85821 0.02316 0.11545 0.00317 ( 1)
 319 G   0.86392 0.01817 0.11543 0.00248 ( 1)
 320 T   0.00163 0.74275 0.00364 0.25198 ( 2)
 321 V   0.86975 0.01273 0.11579 0.00173 ( 1)
 322 L   0.84513 0.03614 0.11378 0.00495 ( 1)
 323 G   0.85186 0.03101 0.11292 0.00421 ( 1)
 324 V   0.86900 0.01348 0.11569 0.00183 ( 1)
 325 A   0.87702 0.00630 0.11583 0.00085 ( 1)
 326 I   0.87874 0.00486 0.11573 0.00066 ( 1)
 327 Q   0.85387 0.02769 0.11465 0.00379 ( 1)
 328 L   0.08411 0.79730 0.01106 0.10753 ( 2)
 329 R   0.46349 0.41821 0.06150 0.05680 ( 1)
 330 L   0.00086 0.87964 0.00011 0.11939 ( 2)
 331 V   0.84036 0.04296 0.11086 0.00581 ( 1)
 332 P   0.84293 0.03803 0.11382 0.00522 ( 1)
 333 G   0.82620 0.05664 0.10948 0.00768 ( 1)
 334 L   0.84490 0.03637 0.11374 0.00498 ( 1)
 335 K   0.78661 0.09553 0.10486 0.01301 ( 1)
 336 E   0.76979 0.11037 0.10461 0.01522 ( 1)
 337 F   0.69168 0.18949 0.09289 0.02593 ( 1)
 338 E   0.81366 0.06684 0.11030 0.00920 ( 1)
 339 E   0.85130 0.02921 0.11546 0.00402 ( 1)
 340 A   0.87702 0.00630 0.11583 0.00085 ( 1)
 341 Y   0.82602 0.05473 0.11173 0.00752 ( 1)
 342 A   0.84290 0.04036 0.11127 0.00546 ( 1)
 343 Q   0.00455 0.87643 0.00060 0.11842 ( 2)
 344 A   0.58750 0.29261 0.07961 0.04028 ( 1)
 345 D   0.87650 0.00673 0.11586 0.00091 ( 1)
 346 K   0.86642 0.01580 0.11563 0.00215 ( 1)
 347 G   0.01823 0.86162 0.00244 0.11771 ( 2)
 348 A   0.83711 0.04615 0.11050 0.00625 ( 1)
 349 P   0.08079 0.55802 0.17677 0.18441 ( 2)
 350 L   0.26837 0.61314 0.03546 0.08303 ( 2)
 351 P   0.54383 0.33695 0.07308 0.04614 ( 1)
 352 C   0.87035 0.01229 0.11569 0.00167 ( 1)
 353 P   0.03646 0.84540 0.00475 0.11339 ( 2)
 354 T   0.09287 0.78855 0.01221 0.10637 ( 2)
 355 G   0.82581 0.05708 0.10936 0.00774 ( 1)
 356 A   0.81613 0.06663 0.10820 0.00904 ( 1)
 357 W   0.70865 0.17380 0.09396 0.02359 ( 1)
 358 C   0.87174 0.01090 0.11588 0.00148 ( 1)
 359 S   0.87468 0.00828 0.11592 0.00112 ( 1)
 360 S   0.87468 0.00828 0.11592 0.00112 ( 1)
 361 N   0.84091 0.04020 0.11337 0.00551 ( 1)
 362 Q   0.85387 0.02769 0.11465 0.00379 ( 1)
 363 L   0.59965 0.28333 0.07878 0.03824 ( 1)
 364 C   0.87035 0.01229 0.11569 0.00167 ( 1)
 365 R   0.80809 0.07220 0.10976 0.00995 ( 1)
 366 E   0.18015 0.70008 0.02414 0.09563 ( 2)
 367 C   0.86854 0.01236 0.11741 0.00170 ( 1)
 368 C   0.00131 0.87885 0.00018 0.11967 ( 2)
 369 A   0.68815 0.19285 0.09258 0.02642 ( 1)
 370 F   0.87751 0.00587 0.11583 0.00079 ( 1)
 371 T   0.00041 0.88095 0.00005 0.11859 ( 2)
 372 A   0.14424 0.73574 0.01937 0.10065 ( 2)
 373 H   0.87416 0.00877 0.11587 0.00119 ( 1)
 374 T   0.00026 0.88110 0.00003 0.11861 ( 2)
 375 T   0.83762 0.04555 0.11066 0.00617 ( 1)
 376 P   0.87454 0.00847 0.11584 0.00115 ( 1)
 377 T   0.07682 0.80459 0.01010 0.10850 ( 2)
 378 L   0.86922 0.01388 0.11502 0.00188 ( 1)
 379 G   0.00058 0.87950 0.00008 0.11984 ( 2)
 380 P   0.62777 0.25482 0.08291 0.03450 ( 1)
 381 F   0.84260 0.04072 0.11117 0.00551 ( 1)
 382 S   0.87355 0.00928 0.11591 0.00126 ( 1)
 383 M   0.87664 0.00658 0.11588 0.00089 ( 1)
 384 S   0.83979 0.04126 0.11328 0.00566 ( 1)
 385 S   0.63922 0.24154 0.08611 0.03313 ( 1)
 386 A   0.87702 0.00630 0.11583 0.00085 ( 1)
 387 Y   0.87076 0.01180 0.11584 0.00160 ( 1)
 388 N   0.87520 0.00785 0.11588 0.00106 ( 1)
 389 V   0.38379 0.49810 0.05068 0.06743 ( 2)
 390 Y   0.86606 0.01650 0.11520 0.00224 ( 1)
 391 Q   0.06036 0.82067 0.00797 0.11100 ( 2)
 392 A   0.83319 0.04789 0.11234 0.00657 ( 1)
 393 V   0.86927 0.01320 0.11573 0.00180 ( 1)
 394 Y   0.84916 0.03160 0.11490 0.00434 ( 1)
 395 T   0.05583 0.82412 0.00748 0.11257 ( 2)
 396 V   0.86927 0.01320 0.11573 0.00180 ( 1)
 397 A   0.87680 0.00651 0.11580 0.00088 ( 1)
 398 H   0.84136 0.03972 0.11347 0.00545 ( 1)
 399 G   0.87395 0.00895 0.11589 0.00121 ( 1)
 400 L   0.87539 0.00772 0.11584 0.00105 ( 1)
 401 H   0.87434 0.00860 0.11590 0.00117 ( 1)
 402 Q   0.85387 0.02769 0.11465 0.00379 ( 1)
 403 L   0.87539 0.00772 0.11584 0.00105 ( 1)
 404 L   0.84513 0.03614 0.11378 0.00495 ( 1)
 405 G   0.87395 0.00895 0.11589 0.00121 ( 1)
 406 C   0.85202 0.02886 0.11515 0.00396 ( 1)
 407 A   0.83160 0.05165 0.10976 0.00699 ( 1)
 408 S   0.84154 0.03934 0.11372 0.00540 ( 1)
 409 G   0.79357 0.08648 0.10802 0.01194 ( 1)
 410 A   0.78630 0.09479 0.10592 0.01300 ( 1)
 411 C   0.83170 0.04917 0.11237 0.00675 ( 1)
 412 S   0.87355 0.00928 0.11591 0.00126 ( 1)
 413 R   0.86467 0.01743 0.11552 0.00238 ( 1)
 414 S   0.59986 0.28269 0.07918 0.03827 ( 1)
 415 Q   0.02353 0.85614 0.00316 0.11717 ( 2)
 416 V   0.87713 0.00625 0.11578 0.00085 ( 1)
 417 Y   0.50903 0.37311 0.06730 0.05056 ( 1)
 418 P   0.87447 0.00854 0.11583 0.00116 ( 1)
 419 W   0.84694 0.03436 0.11399 0.00471 ( 1)
 420 Q   0.85387 0.02769 0.11465 0.00379 ( 1)
 421 L   0.83629 0.04471 0.11286 0.00614 ( 1)
 422 L   0.84225 0.03899 0.11341 0.00534 ( 1)
 423 E   0.79667 0.08565 0.10603 0.01165 ( 1)
 424 Q   0.85387 0.02769 0.11465 0.00379 ( 1)
 425 I   0.87874 0.00486 0.11573 0.00066 ( 1)
 426 H   0.03173 0.85012 0.00414 0.11401 ( 2)
 427 K   0.86596 0.01626 0.11557 0.00222 ( 1)
 428 A   0.80455 0.07785 0.10701 0.01059 ( 1)
 429 N   0.66755 0.21345 0.08976 0.02924 ( 1)
 430 F   0.87734 0.00603 0.11581 0.00082 ( 1)
 431 L   0.83629 0.04471 0.11286 0.00614 ( 1)
 432 L   0.77595 0.10391 0.10578 0.01436 ( 1)
 433 H   0.87246 0.01047 0.11564 0.00142 ( 1)
 434 E   0.02085 0.86050 0.00274 0.11592 ( 2)
 435 D   0.87650 0.00673 0.11586 0.00091 ( 1)
 436 T   0.84311 0.03790 0.11379 0.00520 ( 1)
 437 V   0.86927 0.01320 0.11573 0.00180 ( 1)
 438 T   0.00761 0.87442 0.00099 0.11699 ( 2)
 439 F   0.68986 0.19132 0.09264 0.02618 ( 1)
 440 N   0.28195 0.59881 0.03763 0.08161 ( 2)
 441 D   0.87650 0.00673 0.11586 0.00091 ( 1)
 442 N   0.85339 0.02773 0.11507 0.00380 ( 1)
 443 G   0.26885 0.61105 0.03625 0.08384 ( 2)
 444 D   0.46732 0.41533 0.06133 0.05601 ( 1)
 445 P   0.82780 0.05516 0.10957 0.00748 ( 1)
 446 L   0.54639 0.33627 0.07190 0.04543 ( 1)
 447 S   0.83888 0.04218 0.11316 0.00579 ( 1)
 448 G   0.82125 0.06164 0.10875 0.00836 ( 1)
 449 Y   0.82602 0.05473 0.11173 0.00752 ( 1)
 450 N   0.21672 0.66546 0.02834 0.08948 ( 2)
 451 I   0.84877 0.03254 0.11423 0.00446 ( 1)
 452 I   0.84890 0.03247 0.11418 0.00445 ( 1)
 453 A   0.84216 0.04110 0.11117 0.00556 ( 1)
 454 W   0.84694 0.03436 0.11399 0.00471 ( 1)
 455 D   0.87650 0.00673 0.11586 0.00091 ( 1)
 456 W   0.84694 0.03436 0.11399 0.00471 ( 1)
 457 I   0.05355 0.82702 0.00712 0.11231 ( 2)
 458 G   0.86247 0.01963 0.11523 0.00268 ( 1)
 459 F   0.61095 0.27097 0.08123 0.03685 ( 1)
 460 K   0.79632 0.08582 0.10617 0.01169 ( 1)
 461 W   0.84694 0.03436 0.11399 0.00471 ( 1)
 462 T   0.87581 0.00731 0.11589 0.00099 ( 1)
 463 F   0.87663 0.00675 0.11571 0.00091 ( 1)
 464 T   0.85676 0.02339 0.11662 0.00323 ( 1)
 465 V   0.53549 0.34739 0.07027 0.04685 ( 1)
 466 I   0.07654 0.80550 0.00997 0.10800 ( 2)
 467 G   0.86572 0.01520 0.11699 0.00209 ( 1)
 468 S   0.87307 0.00976 0.11584 0.00133 ( 1)
 469 S   0.87355 0.00928 0.11591 0.00126 ( 1)
 470 T   0.80702 0.07311 0.10978 0.01009 ( 1)
 471 A   0.27865 0.60225 0.03712 0.08198 ( 2)
 472 S   0.63030 0.25046 0.08490 0.03435 ( 1)
 473 P   0.78772 0.09239 0.10715 0.01275 ( 1)
 474 V   0.66167 0.21934 0.08895 0.03004 ( 1)
 475 R   0.00504 0.87584 0.00067 0.11845 ( 2)
 476 L   0.80127 0.07865 0.10922 0.01087 ( 1)
 477 D   0.82664 0.05651 0.10919 0.00765 ( 1)
 478 I   0.84745 0.03386 0.11405 0.00464 ( 1)
 479 N   0.84091 0.04020 0.11337 0.00551 ( 1)
 480 E   0.79675 0.08557 0.10604 0.01164 ( 1)
 481 T   0.87580 0.00732 0.11589 0.00099 ( 1)
 482 K   0.80675 0.07363 0.10947 0.01014 ( 1)
 483 I   0.87842 0.00519 0.11569 0.00070 ( 1)
 484 Q   0.85387 0.02769 0.11465 0.00379 ( 1)
 485 W   0.84694 0.03436 0.11399 0.00471 ( 1)
 486 H   0.81047 0.07059 0.10926 0.00968 ( 1)
 487 R   0.14325 0.73663 0.01926 0.10086 ( 2)
 488 K   0.86642 0.01580 0.11563 0.00215 ( 1)
 489 D   0.83991 0.04326 0.11097 0.00586 ( 1)
 490 N   0.87539 0.00766 0.11591 0.00104 ( 1)
 491 Q   0.85387 0.02769 0.11465 0.00379 ( 1)
 492 V   0.86900 0.01348 0.11569 0.00183 ( 1)
 493 P   0.84018 0.04078 0.11344 0.00560 ( 1)
 494 Q   0.46480 0.41700 0.06161 0.05659 ( 1)
 495 S   0.83148 0.04939 0.11235 0.00678 ( 1)
 496 V   0.86927 0.01320 0.11573 0.00180 ( 1)
 497 C   0.85870 0.02219 0.11606 0.00305 ( 1)
 498 S   0.87355 0.00928 0.11591 0.00126 ( 1)
 499 S   0.86332 0.01775 0.11649 0.00244 ( 1)
 500 D   0.87610 0.00712 0.11581 0.00096 ( 1)
 501 C   0.83534 0.04553 0.11287 0.00625 ( 1)
 502 L   0.83629 0.04471 0.11286 0.00614 ( 1)
 503 E   0.56779 0.31260 0.07666 0.04294 ( 1)
 504 G   0.86184 0.02025 0.11514 0.00276 ( 1)
 505 H   0.82703 0.05584 0.10955 0.00757 ( 1)
 506 Q   0.85387 0.02769 0.11465 0.00379 ( 1)
 507 R   0.11942 0.76026 0.01609 0.10422 ( 2)
 508 V   0.86927 0.01320 0.11573 0.00180 ( 1)
 509 V   0.84410 0.03702 0.11380 0.00508 ( 1)
 510 V   0.00210 0.87780 0.00028 0.11982 ( 2)
 511 G   0.63671 0.24408 0.08574 0.03347 ( 1)
 512 S   0.84353 0.03979 0.11129 0.00538 ( 1)
 513 H   0.31499 0.56576 0.04208 0.07717 ( 2)
 514 H   0.82847 0.05448 0.10966 0.00739 ( 1)
 515 C   0.83360 0.04727 0.11263 0.00649 ( 1)
 516 C   0.87174 0.01090 0.11588 0.00148 ( 1)
 517 F   0.85373 0.02755 0.11494 0.00378 ( 1)
 518 E   0.79808 0.08424 0.10622 0.01146 ( 1)
 519 C   0.83170 0.04917 0.11237 0.00675 ( 1)
 520 V   0.86200 0.02047 0.11475 0.00278 ( 1)
 521 P   0.87251 0.01050 0.11556 0.00142 ( 1)
 522 C   0.83228 0.04860 0.11245 0.00667 ( 1)
 523 E   0.43018 0.45148 0.05704 0.06129 ( 2)
 524 S   0.64717 0.23379 0.08701 0.03202 ( 1)
 525 G   0.86366 0.01844 0.11539 0.00251 ( 1)
 526 T   0.48123 0.40135 0.06324 0.05417 ( 1)
 527 F   0.66278 0.22029 0.08718 0.02975 ( 1)
 528 L   0.57629 0.30455 0.07745 0.04171 ( 1)
 529 N   0.62711 0.25562 0.08270 0.03458 ( 1)
 530 K   0.47963 0.40218 0.06359 0.05459 ( 1)
 531 S   0.83345 0.04760 0.11242 0.00653 ( 1)
 532 D   0.87434 0.00889 0.11557 0.00120 ( 1)
 533 L   0.81455 0.06848 0.10770 0.00928 ( 1)
 534 Y   0.79193 0.09054 0.10523 0.01230 ( 1)
 535 R   0.21631 0.66377 0.02907 0.09085 ( 2)
 536 C   0.86822 0.01442 0.11541 0.00196 ( 1)
 537 Q   0.85387 0.02769 0.11465 0.00379 ( 1)
 538 P   0.64182 0.23902 0.08639 0.03276 ( 1)
 539 C   0.83170 0.04917 0.11237 0.00675 ( 1)
 540 G   0.86438 0.01772 0.11549 0.00242 ( 1)
 541 K   0.81406 0.06632 0.11048 0.00914 ( 1)
 542 E   0.81366 0.06684 0.11030 0.00920 ( 1)
 543 E   0.86871 0.01368 0.11574 0.00186 ( 1)
 544 W   0.84694 0.03436 0.11399 0.00471 ( 1)
 545 A   0.79251 0.08766 0.10774 0.01209 ( 1)
 546 P   0.84333 0.03763 0.11387 0.00517 ( 1)
 547 E   0.14229 0.73931 0.01870 0.09970 ( 2)
 548 G   0.47600 0.40396 0.06445 0.05559 ( 1)
 549 S   0.87468 0.00828 0.11592 0.00112 ( 1)
 550 Q   0.85387 0.02769 0.11465 0.00379 ( 1)
 551 T   0.82940 0.05365 0.10968 0.00727 ( 1)
 552 C   0.87174 0.01090 0.11588 0.00148 ( 1)
 553 F   0.87686 0.00652 0.11574 0.00088 ( 1)
 554 P   0.57503 0.30502 0.07795 0.04200 ( 1)
 555 R   0.86569 0.01693 0.11507 0.00230 ( 1)
 556 T   0.84403 0.03697 0.11392 0.00507 ( 1)
 557 V   0.86726 0.01522 0.11546 0.00207 ( 1)
 558 V   0.80121 0.08119 0.10656 0.01104 ( 1)
 559 F   0.28861 0.59228 0.03846 0.08065 ( 2)
 560 L   0.84459 0.03666 0.11373 0.00502 ( 1)
 561 A   0.25675 0.62397 0.03426 0.08502 ( 2)
 562 W   0.30358 0.57700 0.04063 0.07879 ( 2)
 563 H   0.28748 0.59259 0.03870 0.08123 ( 2)
 564 E   0.86873 0.01366 0.11575 0.00186 ( 1)
 565 C   0.03656 0.84530 0.00477 0.11337 ( 2)
 566 I   0.83893 0.04414 0.11095 0.00598 ( 1)
 567 S   0.83148 0.04939 0.11235 0.00678 ( 1)
 568 W   0.84694 0.03436 0.11399 0.00471 ( 1)
 569 V   0.86927 0.01320 0.11573 0.00180 ( 1)
 570 L   0.84260 0.03867 0.11343 0.00530 ( 1)
 571 L   0.84486 0.03641 0.11374 0.00499 ( 1)
 572 A   0.49926 0.38082 0.06754 0.05237 ( 1)
 573 A   0.67926 0.20173 0.09137 0.02764 ( 1)
 574 N   0.86410 0.01894 0.11439 0.00257 ( 1)
 575 T   0.75548 0.12464 0.10269 0.01719 ( 1)
 576 L   0.29890 0.58199 0.03985 0.07926 ( 2)
 577 L   0.84386 0.03741 0.11360 0.00513 ( 1)
 578 L   0.84504 0.03623 0.11376 0.00496 ( 1)
 579 V   0.68625 0.19491 0.09216 0.02668 ( 1)
 580 V   0.68562 0.19552 0.09210 0.02676 ( 1)
 581 V   0.69346 0.18770 0.09314 0.02569 ( 1)
 582 V   0.26164 0.61902 0.03494 0.08440 ( 2)
 583 G   0.86512 0.01698 0.11559 0.00232 ( 1)
 584 T   0.65066 0.23023 0.08756 0.03155 ( 1)
 585 V   0.66296 0.21802 0.08916 0.02987 ( 1)
 586 G   0.87207 0.01083 0.11563 0.00147 ( 1)
 587 L   0.84513 0.03614 0.11378 0.00495 ( 1)
 588 F   0.84639 0.03489 0.11394 0.00478 ( 1)
 589 A   0.87665 0.00667 0.11578 0.00090 ( 1)
 590 W   0.84694 0.03436 0.11399 0.00471 ( 1)
 591 H   0.87437 0.00857 0.11590 0.00116 ( 1)
 592 Q   0.44380 0.43600 0.06016 0.06004 ( 1)
 593 D   0.87650 0.00673 0.11586 0.00091 ( 1)
 594 T   0.87513 0.00799 0.11580 0.00108 ( 1)
 595 P   0.83479 0.04616 0.11271 0.00634 ( 1)
 596 V   0.86927 0.01320 0.11573 0.00180 ( 1)
 597 V   0.86881 0.01366 0.11567 0.00186 ( 1)
 598 R   0.86467 0.01743 0.11552 0.00238 ( 1)
 599 S   0.77734 0.10264 0.10585 0.01417 ( 1)
 600 A   0.82220 0.05798 0.11182 0.00800 ( 1)
 601 G   0.86438 0.01772 0.11549 0.00242 ( 1)
 602 G   0.87395 0.00895 0.11589 0.00121 ( 1)
 603 W   0.01619 0.86544 0.00212 0.11626 ( 2)
 604 L   0.84513 0.03614 0.11378 0.00495 ( 1)
 605 C   0.87161 0.01102 0.11586 0.00150 ( 1)
 606 F   0.86747 0.01383 0.11681 0.00189 ( 1)
 607 L   0.86408 0.01694 0.11666 0.00233 ( 1)
 608 M   0.87664 0.00658 0.11588 0.00089 ( 1)
 609 L   0.84300 0.03827 0.11349 0.00524 ( 1)
 610 G   0.87305 0.00984 0.11577 0.00134 ( 1)
 611 S   0.87295 0.00988 0.11583 0.00134 ( 1)
 612 L   0.84513 0.03614 0.11378 0.00495 ( 1)
 613 A   0.80333 0.07685 0.10922 0.01060 ( 1)
 614 G   0.03219 0.84776 0.00431 0.11575 ( 2)
 615 A   0.62141 0.25937 0.08366 0.03556 ( 1)
 616 S   0.87244 0.01052 0.11562 0.00143 ( 1)
 617 C   0.03335 0.84848 0.00435 0.11382 ( 2)
 618 S   0.87468 0.00828 0.11592 0.00112 ( 1)
 619 L   0.83113 0.05192 0.10992 0.00703 ( 1)
 620 Y   0.82602 0.05473 0.11173 0.00752 ( 1)
 621 G   0.87373 0.00917 0.11586 0.00124 ( 1)
 622 F   0.87720 0.00618 0.11579 0.00084 ( 1)
 623 F   0.84639 0.03489 0.11394 0.00478 ( 1)
 624 G   0.86184 0.02025 0.11514 0.00276 ( 1)
 625 E   0.86142 0.02096 0.11476 0.00285 ( 1)
 626 P   0.87379 0.00922 0.11574 0.00125 ( 1)
 627 T   0.58382 0.29815 0.07752 0.04051 ( 1)
 628 L   0.25958 0.62192 0.03430 0.08420 ( 2)
 629 P   0.72430 0.15659 0.09763 0.02148 ( 1)
 630 A   0.55054 0.32956 0.07455 0.04535 ( 1)
 631 C   0.87035 0.01229 0.11569 0.00167 ( 1)
 632 L   0.83634 0.04490 0.11260 0.00615 ( 1)
 633 L   0.84494 0.03633 0.11375 0.00498 ( 1)
 634 R   0.87143 0.01121 0.11584 0.00152 ( 1)
 635 Q   0.85130 0.03025 0.11430 0.00414 ( 1)
 636 A   0.82939 0.05385 0.10946 0.00729 ( 1)
 637 I   0.82603 0.05702 0.10923 0.00772 ( 1)
 638 F   0.84639 0.03489 0.11394 0.00478 ( 1)
 639 A   0.87606 0.00726 0.11570 0.00098 ( 1)
 640 L   0.84160 0.03940 0.11359 0.00541 ( 1)
 641 G   0.83402 0.04688 0.11266 0.00644 ( 1)
 642 F   0.87179 0.01158 0.11507 0.00157 ( 1)
 643 T   0.82300 0.06005 0.10882 0.00813 ( 1)
 644 I   0.85176 0.03181 0.11214 0.00430 ( 1)
 645 F   0.87731 0.00606 0.11581 0.00082 ( 1)
 646 L   0.84494 0.03633 0.11375 0.00498 ( 1)
 647 S   0.87344 0.00940 0.11589 0.00128 ( 1)
 648 C   0.87174 0.01090 0.11588 0.00148 ( 1)
 649 L   0.68619 0.19497 0.09216 0.02668 ( 1)
 650 T   0.79147 0.08866 0.10764 0.01223 ( 1)
 651 V   0.84071 0.04042 0.11333 0.00554 ( 1)
 652 R   0.87114 0.01149 0.11581 0.00156 ( 1)
 653 S   0.86961 0.01321 0.11538 0.00179 ( 1)
 654 F   0.87751 0.00587 0.11583 0.00079 ( 1)
 655 Q   0.80043 0.07980 0.10876 0.01100 ( 1)
 656 L   0.81733 0.06254 0.11149 0.00864 ( 1)
 657 V   0.83498 0.04856 0.10990 0.00656 ( 1)
 658 I   0.87874 0.00486 0.11573 0.00066 ( 1)
 659 I   0.87817 0.00544 0.11566 0.00073 ( 1)
 660 F   0.87751 0.00587 0.11583 0.00079 ( 1)
 661 K   0.86642 0.01580 0.11563 0.00215 ( 1)
 662 F   0.84639 0.03489 0.11394 0.00478 ( 1)
 663 S   0.87292 0.00991 0.11582 0.00134 ( 1)
 664 T   0.64476 0.23822 0.08484 0.03218 ( 1)
 665 K   0.86530 0.01691 0.11548 0.00230 ( 1)
 666 V   0.17375 0.70624 0.02335 0.09667 ( 2)
 667 P   0.86237 0.01860 0.11648 0.00255 ( 1)
 668 T   0.23494 0.64731 0.03071 0.08704 ( 2)
 669 F   0.87751 0.00587 0.11583 0.00079 ( 1)
 670 Y   0.54638 0.33580 0.07229 0.04552 ( 1)
 671 H   0.29111 0.59084 0.03829 0.07977 ( 2)
 672 T   0.65988 0.22319 0.08679 0.03014 ( 1)
 673 W   0.84694 0.03436 0.11399 0.00471 ( 1)
 674 V   0.87624 0.00713 0.11566 0.00097 ( 1)
 675 Q   0.79717 0.08307 0.10831 0.01145 ( 1)
 676 N   0.87539 0.00766 0.11591 0.00104 ( 1)
 677 H   0.86927 0.01183 0.11728 0.00162 ( 1)
 678 G   0.83266 0.04824 0.11247 0.00662 ( 1)
 679 A   0.84809 0.03301 0.11438 0.00453 ( 1)
 680 A   0.16315 0.71884 0.02134 0.09667 ( 2)
 681 L   0.84513 0.03614 0.11378 0.00495 ( 1)
 682 F   0.84639 0.03489 0.11394 0.00478 ( 1)
 683 I   0.67905 0.20321 0.09014 0.02761 ( 1)
 684 M   0.51871 0.36402 0.06815 0.04913 ( 1)
 685 I   0.87844 0.00517 0.11569 0.00070 ( 1)
 686 S   0.83008 0.05282 0.10994 0.00716 ( 1)
 687 S   0.77734 0.10264 0.10585 0.01417 ( 1)
 688 M   0.02683 0.85466 0.00351 0.11499 ( 2)
 689 A   0.18060 0.70008 0.02406 0.09527 ( 2)
 690 Q   0.85387 0.02769 0.11465 0.00379 ( 1)
 691 L   0.84265 0.03862 0.11344 0.00529 ( 1)
 692 L   0.83935 0.04165 0.11328 0.00572 ( 1)
 693 I   0.87874 0.00486 0.11573 0.00066 ( 1)
 694 C   0.83215 0.04872 0.11243 0.00669 ( 1)
 695 L   0.77595 0.10391 0.10578 0.01436 ( 1)
 696 T   0.84379 0.03722 0.11389 0.00511 ( 1)
 697 W   0.84694 0.03436 0.11399 0.00471 ( 1)
 698 L   0.84027 0.04100 0.11311 0.00562 ( 1)
 699 A   0.47339 0.40864 0.06260 0.05538 ( 1)
 700 V   0.33027 0.03357 0.62655 0.00960 ( 3)
 701 W   0.84694 0.03436 0.11399 0.00471 ( 1)
 702 T   0.87192 0.00910 0.11773 0.00125 ( 1)
 703 P   0.78772 0.09239 0.10715 0.01275 ( 1)
 704 L   0.84513 0.03614 0.11378 0.00495 ( 1)
 705 P   0.87372 0.00929 0.11573 0.00126 ( 1)
 706 T   0.77865 0.10231 0.10500 0.01404 ( 1)
 707 R   0.84841 0.03368 0.11333 0.00459 ( 1)
 708 E   0.81366 0.06684 0.11030 0.00920 ( 1)
 709 Y   0.86933 0.01323 0.11564 0.00180 ( 1)
 710 Q   0.35317 0.52799 0.04700 0.07184 ( 2)
 711 R   0.87146 0.01118 0.11585 0.00152 ( 1)
 712 F   0.87686 0.00652 0.11574 0.00088 ( 1)
 713 P   0.87379 0.00922 0.11574 0.00125 ( 1)
 714 Q   0.70620 0.17479 0.09505 0.02396 ( 1)
 715 L   0.84513 0.03614 0.11378 0.00495 ( 1)
 716 V   0.86726 0.01522 0.11546 0.00207 ( 1)
 717 V   0.62526 0.25761 0.08231 0.03481 ( 1)
 718 L   0.83629 0.04471 0.11286 0.00614 ( 1)
 719 E   0.78829 0.09402 0.10490 0.01279 ( 1)
 720 C   0.87174 0.01090 0.11588 0.00148 ( 1)
 721 T   0.78949 0.09064 0.10737 0.01250 ( 1)
 722 E   0.86873 0.01366 0.11575 0.00186 ( 1)
 723 T   0.00442 0.87766 0.00057 0.11735 ( 2)
 724 N   0.80808 0.07489 0.10689 0.01015 ( 1)
 725 S   0.85603 0.02678 0.11355 0.00364 ( 1)
 726 L   0.84513 0.03614 0.11378 0.00495 ( 1)
 727 G   0.87395 0.00895 0.11589 0.00121 ( 1)
 728 F   0.87751 0.00587 0.11583 0.00079 ( 1)
 729 M   0.43327 0.44775 0.05790 0.06109 ( 2)
 730 L   0.84494 0.03633 0.11375 0.00498 ( 1)
 731 A   0.87702 0.00630 0.11583 0.00085 ( 1)
 732 F   0.87254 0.00876 0.11750 0.00120 ( 1)
 733 G   0.00543 0.87650 0.00071 0.11736 ( 2)
 734 Y   0.87076 0.01180 0.11584 0.00160 ( 1)
 735 N   0.84091 0.04020 0.11337 0.00551 ( 1)
 736 G   0.81913 0.06370 0.10853 0.00864 ( 1)
 737 L   0.87204 0.00898 0.11775 0.00123 ( 1)
 738 L   0.87470 0.00841 0.11575 0.00114 ( 1)
 739 S   0.86816 0.01467 0.11518 0.00199 ( 1)
 740 V   0.22683 0.65578 0.02950 0.08788 ( 2)
 741 S   0.86555 0.01553 0.11680 0.00213 ( 1)
 742 A   0.87631 0.00701 0.11574 0.00095 ( 1)
 743 F   0.84639 0.03489 0.11394 0.00478 ( 1)
 744 A   0.87566 0.00765 0.11565 0.00104 ( 1)
 745 C   0.87074 0.01190 0.11575 0.00162 ( 1)
 746 S   0.82978 0.05312 0.10990 0.00720 ( 1)
 747 Y   0.87076 0.01180 0.11584 0.00160 ( 1)
 748 L   0.68630 0.19486 0.09217 0.02667 ( 1)
 749 G   0.87368 0.00922 0.11585 0.00125 ( 1)
 750 K   0.86530 0.01691 0.11548 0.00230 ( 1)
 751 D   0.87650 0.00673 0.11586 0.00091 ( 1)
 752 L   0.84416 0.03709 0.11367 0.00508 ( 1)
 753 P   0.78772 0.09239 0.10715 0.01275 ( 1)
 754 E   0.86873 0.01366 0.11575 0.00186 ( 1)
 755 N   0.87539 0.00766 0.11591 0.00104 ( 1)
 756 Y   0.85517 0.02737 0.11374 0.00372 ( 1)
 757 N   0.82868 0.05432 0.10965 0.00736 ( 1)
 758 E   0.86873 0.01366 0.11575 0.00186 ( 1)
 759 A   0.87665 0.00667 0.11578 0.00090 ( 1)
 760 K   0.80675 0.07363 0.10947 0.01014 ( 1)
 761 C   0.83170 0.04917 0.11237 0.00675 ( 1)
 762 V   0.87713 0.00625 0.11578 0.00085 ( 1)
 763 T   0.87396 0.00915 0.11565 0.00124 ( 1)
 764 F   0.87501 0.00836 0.11550 0.00113 ( 1)
 765 G   0.60381 0.27880 0.07967 0.03773 ( 1)
 766 L   0.84499 0.03628 0.11376 0.00497 ( 1)
 767 L   0.87539 0.00772 0.11584 0.00105 ( 1)
 768 L   0.83234 0.05096 0.10980 0.00689 ( 1)
 769 N   0.81968 0.06330 0.10844 0.00858 ( 1)
 770 F   0.87686 0.00652 0.11574 0.00088 ( 1)
 771 V   0.53334 0.34940 0.07009 0.04716 ( 1)
 772 S   0.87355 0.00928 0.11591 0.00126 ( 1)
 773 W   0.84694 0.03436 0.11399 0.00471 ( 1)
 774 I   0.87874 0.00486 0.11573 0.00066 ( 1)
 775 A   0.64878 0.23421 0.08537 0.03164 ( 1)
 776 F   0.84324 0.04008 0.11125 0.00542 ( 1)
 777 F   0.87717 0.00621 0.11579 0.00084 ( 1)
 778 T   0.87563 0.00749 0.11587 0.00101 ( 1)
 779 V   0.11739 0.76409 0.01543 0.10309 ( 2)
 780 A   0.87418 0.00694 0.11794 0.00095 ( 1)
 781 S   0.82321 0.05784 0.11102 0.00793 ( 1)
 782 V   0.84272 0.04061 0.11118 0.00549 ( 1)
 783 Y   0.80399 0.07849 0.10685 0.01067 ( 1)
 784 Q   0.48429 0.39839 0.06358 0.05374 ( 1)
 785 G   0.82394 0.05889 0.10917 0.00799 ( 1)
 786 K   0.86642 0.01580 0.11563 0.00215 ( 1)
 787 Y   0.86736 0.01341 0.11739 0.00184 ( 1)
 788 L   0.68616 0.19500 0.09215 0.02669 ( 1)
 789 P   0.82581 0.05714 0.10930 0.00775 ( 1)
 790 A   0.77520 0.10712 0.10311 0.01457 ( 1)
 791 V   0.82985 0.05346 0.10946 0.00723 ( 1)
 792 N   0.86869 0.01435 0.11501 0.00195 ( 1)
 793 V   0.55694 0.32584 0.07322 0.04400 ( 1)
 794 L   0.71438 0.16680 0.09599 0.02283 ( 1)
 795 A   0.86553 0.01557 0.11676 0.00214 ( 1)
 796 V   0.01275 0.86851 0.00168 0.11707 ( 2)
 797 L   0.71148 0.16969 0.09559 0.02323 ( 1)
 798 S   0.87468 0.00828 0.11592 0.00112 ( 1)
 799 S   0.87468 0.00828 0.11592 0.00112 ( 1)
 800 L   0.84507 0.03620 0.11377 0.00496 ( 1)
 801 S   0.83024 0.05266 0.10996 0.00714 ( 1)
 802 S   0.87282 0.01014 0.11567 0.00138 ( 1)
 803 G   0.87395 0.00895 0.11589 0.00121 ( 1)
 804 F   0.87751 0.00587 0.11583 0.00079 ( 1)
 805 S   0.78103 0.10175 0.10342 0.01380 ( 1)
 806 G   0.86737 0.01473 0.11589 0.00201 ( 1)
 807 Y   0.82602 0.05473 0.11173 0.00752 ( 1)
 808 F   0.86747 0.01383 0.11681 0.00189 ( 1)
 809 L   0.86529 0.01599 0.11652 0.00219 ( 1)
 810 P   0.87402 0.00900 0.11577 0.00122 ( 1)
 811 K   0.86489 0.01732 0.11543 0.00236 ( 1)
 812 C   0.87174 0.01090 0.11588 0.00148 ( 1)
 813 Y   0.84572 0.03681 0.11246 0.00501 ( 1)
 814 V   0.86565 0.01682 0.11524 0.00229 ( 1)
 815 I   0.87874 0.00486 0.11573 0.00066 ( 1)
 816 V   0.82318 0.05986 0.10885 0.00811 ( 1)
 817 C   0.81460 0.06797 0.10820 0.00923 ( 1)
 818 R   0.86904 0.01359 0.11552 0.00185 ( 1)
 819 P   0.53351 0.34652 0.07227 0.04770 ( 1)
 820 D   0.86723 0.01599 0.11462 0.00216 ( 1)
 821 L   0.87080 0.01230 0.11523 0.00167 ( 1)
 822 N   0.87461 0.00844 0.11580 0.00114 ( 1)
 823 S   0.83007 0.05283 0.10994 0.00716 ( 1)
 824 T   0.80010 0.08003 0.10883 0.01104 ( 1)
 825 E   0.86873 0.01366 0.11575 0.00186 ( 1)
 826 H   0.87437 0.00857 0.11590 0.00116 ( 1)
 827 F   0.87663 0.00675 0.11571 0.00091 ( 1)
 828 Q   0.85387 0.02769 0.11465 0.00379 ( 1)
 829 A   0.87694 0.00638 0.11582 0.00086 ( 1)
 830 S   0.87355 0.00928 0.11591 0.00126 ( 1)
 831 I   0.86918 0.01220 0.11694 0.00167 ( 1)
 832 Q   0.85387 0.02769 0.11465 0.00379 ( 1)
 833 D   0.83888 0.04430 0.11083 0.00600 ( 1)
 834 Y   0.87076 0.01180 0.11584 0.00160 ( 1)
 835 T   0.86543 0.01683 0.11544 0.00229 ( 1)
 836 R   0.86467 0.01743 0.11552 0.00238 ( 1)
 837 R   0.81365 0.06921 0.10776 0.00939 ( 1)
 838 W   0.05655 0.82512 0.00740 0.11093 ( 2)
 839 G   0.14842 0.73356 0.01941 0.09862 ( 2)
 840 S   0.80312 0.07962 0.10645 0.01080 ( 1)
 841 T   0.87235 0.01076 0.11543 0.00146 ( 1)

