

TREE # 1

  0  0.0000  10761.392049  x:  0.26385   0.11577   0.08596   0.00000   0.06063   0.05075   0.04950   0.04981   0.05520   0.02619   0.00368   0.00258   0.00477   0.02271   0.00778   0.00197   0.00852   0.00766   0.00524   0.00418   0.00162   0.00718   0.00615   0.00626   0.01824   0.14125   0.01212   0.02718   0.01864   0.01586   0.00123   0.00887   0.00574   0.00380   0.00237   0.05365   0.19416   0.06079   0.10998   0.00040   0.10813   0.08203   3.00000   1.16374   0.04304   0.25098   2.82902  
  1 99.0000  10750.746022  x:  0.26399   0.11620   0.08621   0.00460   0.06083   0.05082   0.04975   0.05018   0.05553   0.02611   0.00374   0.00249   0.00571   0.02287   0.00845   0.00035   0.00895   0.00761   0.00573   0.00392   0.00000   0.00685   0.00670   0.00673   0.01864   0.14143   0.01210   0.02712   0.01885   0.01595   0.00158   0.00875   0.00652   0.00438   0.00151   0.05445   0.19428   0.06125   0.11023   0.00825   0.10824   0.08257   3.00013   1.16386   0.04292   0.24913   2.82901  
  2 3116.3991  10749.517636  x:  0.26406   0.11639   0.08631   0.00540   0.06090   0.05084   0.04983   0.05034   0.05567   0.02608   0.00376   0.00247   0.00600   0.02294   0.00868   0.00145   0.00910   0.00759   0.00588   0.00384   0.00113   0.00673   0.00689   0.00689   0.01880   0.14152   0.01209   0.02710   0.01894   0.01599   0.00157   0.00871   0.00677   0.00454   0.00134   0.05479   0.19434   0.06142   0.11032   0.00999   0.10826   0.08278   3.00018   1.16392   0.04286   0.24832   2.82901  
  3 3343.5807  10743.682256  x:  0.26473   0.11814   0.08717   0.00246   0.06146   0.05086   0.05039   0.05187   0.05702   0.02571   0.00385   0.00256   0.00747   0.02354   0.01030   0.00135   0.01021   0.00749   0.00663   0.00358   0.00113   0.00596   0.00793   0.00780   0.02023   0.14235   0.01198   0.02691   0.01971   0.01630   0.00000   0.00852   0.00804   0.00517   0.00225   0.05800   0.19486   0.06280   0.11096   0.01172   0.10834   0.08451   3.00071   1.16444   0.04236   0.24047   2.82900  
  4 949.6544  10739.583972  x:  0.26530   0.11962   0.08790   0.00000   0.06193   0.05088   0.05086   0.05315   0.05816   0.02541   0.00391   0.00262   0.00864   0.02403   0.01160   0.00127   0.01110   0.00742   0.00722   0.00340   0.00113   0.00536   0.00876   0.00852   0.02142   0.14305   0.01190   0.02676   0.02037   0.01657   0.00054   0.00839   0.00906   0.00565   0.00286   0.06070   0.19530   0.06395   0.11150   0.01299   0.10841   0.08596   3.00117   1.16488   0.04194   0.23385   2.82900  
  5 18419.0917  10706.387210  x:  0.27243   0.13725   0.09686   0.00679   0.06791   0.05175   0.05710   0.06791   0.07127   0.02181   0.00378   0.00248   0.01447   0.02882   0.02087   0.00056   0.01717   0.00721   0.00911   0.00480   0.00130   0.00411   0.01279   0.01191   0.03338   0.15167   0.01060   0.02529   0.02681   0.01920   0.00147   0.00800   0.01382   0.00578   0.00047   0.09205   0.20071   0.07700   0.11763   0.00447   0.10900   0.10274   3.00677   1.17028   0.03675   0.15184   2.82890  
  6 3389.5851  10702.088673  x:  0.27442   0.14164   0.09902   0.00847   0.06928   0.05200   0.05843   0.07111   0.07414   0.02136   0.00382   0.00251   0.01383   0.02930   0.02106   0.00057   0.01690   0.00745   0.00822   0.00449   0.00150   0.00622   0.01200   0.01109   0.03514   0.15398   0.01026   0.02521   0.02753   0.01936   0.00195   0.00841   0.01299   0.00512   0.00657   0.09938   0.20220   0.08005   0.11925   0.00409   0.10925   0.10682   3.00833   1.17169   0.03540   0.12993   2.82887  
  7 5177.0308  10691.498034  x:  0.27734   0.14683   0.10132   0.00509   0.07050   0.05227   0.05923   0.07373   0.07655   0.02205   0.00399   0.00269   0.00907   0.02823   0.01691   0.00060   0.01298   0.00799   0.00518   0.00296   0.00162   0.00823   0.00777   0.00718   0.03446   0.15711   0.00991   0.02577   0.02631   0.01841   0.00129   0.00858   0.00824   0.00287   0.00355   0.10706   0.20435   0.08318   0.12138   0.00731   0.10981   0.11136   3.01062   1.17346   0.03371   0.10146   2.82883  
  8 2465.2146  10690.070331  x:  0.27813   0.14779   0.10162   0.00472   0.07053   0.05229   0.05912   0.07371   0.07657   0.02250   0.00377   0.00233   0.00780   0.02756   0.01499   0.00064   0.01172   0.00781   0.00616   0.00456   0.00160   0.00777   0.00744   0.00721   0.03332   0.15782   0.00990   0.02596   0.02543   0.01800   0.00121   0.00859   0.00760   0.00580   0.00329   0.10814   0.20487   0.08349   0.12176   0.00760   0.10992   0.11201   3.01127   1.17381   0.03339   0.09609   2.82882  
  9 1061.1043  10689.193527  x:  0.27911   0.14853   0.10162   0.00493   0.07022   0.05222   0.05862   0.07290   0.07588   0.02319   0.00381   0.00301   0.00768   0.02654   0.01263   0.00071   0.01101   0.00737   0.00747   0.00374   0.00152   0.00635   0.00871   0.00870   0.03101   0.15856   0.01002   0.02612   0.02400   0.01752   0.00126   0.00883   0.00868   0.00527   0.00348   0.10844   0.20546   0.08327   0.12199   0.00738   0.10998   0.11218   3.01217   1.17409   0.03315   0.09266   2.82880  
 10 435.9902  10688.965731  x:  0.27962   0.14885   0.10157   0.00491   0.07000   0.05214   0.05833   0.07240   0.07546   0.02338   0.00378   0.00205   0.00819   0.02623   0.01230   0.00074   0.01130   0.00740   0.00728   0.00401   0.00148   0.00633   0.00900   0.00888   0.02991   0.15890   0.01012   0.02613   0.02350   0.01745   0.00127   0.00876   0.00909   0.00493   0.00348   0.10847   0.20575   0.08306   0.12205   0.00735   0.10998   0.11218   3.01269   1.17421   0.03306   0.09177   2.82879  
 11 299.5381  10688.702632  x:  0.28068   0.14949   0.10143   0.00492   0.06954   0.05197   0.05774   0.07135   0.07458   0.02354   0.00378   0.00266   0.00927   0.02587   0.01249   0.00079   0.01219   0.00758   0.00659   0.00460   0.00142   0.00675   0.00914   0.00874   0.02791   0.15957   0.01032   0.02606   0.02280   0.01746   0.00128   0.00849   0.00952   0.00499   0.00339   0.10852   0.20632   0.08260   0.12215   0.00729   0.10994   0.11212   3.01380   1.17442   0.03289   0.09059   2.82877  
 12 334.1960  10688.524031  x:  0.28182   0.15019   0.10131   0.00505   0.06910   0.05180   0.05723   0.07036   0.07379   0.02333   0.00379   0.00251   0.00953   0.02587   0.01337   0.00082   0.01271   0.00754   0.00680   0.00368   0.00138   0.00672   0.00889   0.00846   0.02650   0.16023   0.01049   0.02594   0.02267   0.01762   0.00129   0.00847   0.00933   0.00552   0.00336   0.10865   0.20692   0.08213   0.12221   0.00713   0.10987   0.11206   3.01507   1.17465   0.03272   0.08998   2.82875  
 13 222.1685  10688.354599  x:  0.28356   0.15128   0.10118   0.00506   0.06855   0.05157   0.05666   0.06910   0.07288   0.02277   0.00381   0.00255   0.00904   0.02620   0.01453   0.00086   0.01268   0.00735   0.00741   0.00423   0.00135   0.00628   0.00869   0.00851   0.02548   0.16118   0.01064   0.02577   0.02310   0.01785   0.00129   0.00876   0.00892   0.00496   0.00346   0.10894   0.20782   0.08149   0.12230   0.00721   0.10974   0.11201   3.01714   1.17500   0.03246   0.08967   2.82870  
 14 203.6446  10688.119629  x:  0.28690   0.15338   0.10108   0.00504   0.06782   0.05129   0.05603   0.06723   0.07178   0.02213   0.00362   0.00251   0.00829   0.02680   0.01477   0.00089   0.01173   0.00761   0.00665   0.00413   0.00131   0.00683   0.00935   0.00925   0.02567   0.16284   0.01066   0.02559   0.02422   0.01793   0.00127   0.00852   0.00937   0.00517   0.00335   0.10967   0.20950   0.08041   0.12243   0.00727   0.10946   0.11198   3.02146   1.17572   0.03193   0.08989   2.82862  
 15 182.6229  10687.815850  x:  0.29203   0.15651   0.10111   0.00511   0.06715   0.05112   0.05564   0.06504   0.07082   0.02236   0.00472   0.00251   0.00906   0.02718   0.01355   0.00091   0.01155   0.00748   0.00676   0.00413   0.00130   0.00654   0.00903   0.00849   0.02734   0.16519   0.01046   0.02559   0.02510   0.01772   0.00127   0.00846   0.00948   0.00526   0.00342   0.11080   0.21203   0.07895   0.12259   0.00725   0.10906   0.11199   3.02864   1.17688   0.03109   0.09075   2.82848  
 16 289.5967  10687.620006  x:  0.29516   0.15836   0.10119   0.00511   0.06693   0.05113   0.05560   0.06399   0.07048   0.02276   0.00359   0.00257   0.00946   0.02718   0.01286   0.00091   0.01188   0.00743   0.00703   0.00410   0.00131   0.00645   0.00874   0.00816   0.02842   0.16653   0.01031   0.02566   0.02518   0.01761   0.00127   0.00857   0.00931   0.00516   0.00346   0.11142   0.21355   0.07815   0.12269   0.00729   0.10887   0.11200   3.03333   1.17763   0.03055   0.09137   2.82839  
 17 592.8245  10687.379323  x:  0.29933   0.16046   0.10157   0.00505   0.06736   0.05153   0.05624   0.06369   0.07087   0.02369   0.00391   0.00255   0.00869   0.02644   0.01307   0.00087   0.01296   0.00765   0.00715   0.00409   0.00135   0.00699   0.00874   0.00917   0.02936   0.16793   0.01014   0.02598   0.02360   0.01769   0.00127   0.00889   0.00854   0.00514   0.00337   0.11187   0.21546   0.07745   0.12281   0.00737   0.10882   0.11200   3.04092   1.17880   0.02971   0.09244   2.82824  
 18 247.5164  10687.135753  x:  0.30325   0.16200   0.10213   0.00510   0.06828   0.05214   0.05724   0.06439   0.07183   0.02398   0.00384   0.00255   0.00805   0.02572   0.01393   0.00081   0.01247   0.00737   0.00653   0.00414   0.00142   0.00616   0.00894   0.00844   0.02930   0.16884   0.01024   0.02628   0.02198   0.01785   0.00130   0.00851   0.00918   0.00519   0.00356   0.11179   0.21713   0.07715   0.12293   0.00735   0.10902   0.11196   3.04972   1.18010   0.02881   0.09350   2.82806  
 19 295.4064  10686.841798  x:  0.30768   0.16316   0.10287   0.00495   0.06961   0.05282   0.05842   0.06601   0.07330   0.02351   0.00386   0.00256   0.00875   0.02543   0.01424   0.00074   0.01112   0.00766   0.00757   0.00419   0.00148   0.00727   0.00893   0.00804   0.02809   0.16939   0.01048   0.02646   0.02150   0.01787   0.00129   0.00855   0.00960   0.00503   0.00337   0.11100   0.21886   0.07720   0.12306   0.00733   0.10953   0.11185   3.06200   1.18185   0.02761   0.09460   2.82782  
 20 383.0273  10686.323689  x:  0.31448   0.16407   0.10398   0.00487   0.07162   0.05357   0.05989   0.06919   0.07565   0.02235   0.00384   0.00258   0.00972   0.02591   0.01323   0.00072   0.01115   0.00764   0.00665   0.00412   0.00151   0.00648   0.00845   0.00905   0.02541   0.16957   0.01070   0.02644   0.02308   0.01766   0.00127   0.00914   0.00858   0.00528   0.00346   0.10880   0.22125   0.07776   0.12331   0.00739   0.11065   0.11160   3.08461   1.18497   0.02551   0.09595   2.82736  
 21 578.9390  10685.897601  x:  0.31897   0.16370   0.10441   0.00479   0.07228   0.05342   0.05991   0.07126   0.07674   0.02264   0.00393   0.00257   0.00824   0.02673   0.01230   0.00077   0.01301   0.00732   0.00718   0.00415   0.00146   0.00687   0.00918   0.00818   0.02423   0.16900   0.01069   0.02617   0.02477   0.01761   0.00124   0.00823   0.00912   0.00515   0.00343   0.10629   0.22250   0.07851   0.12351   0.00749   0.11160   0.11135   3.10479   1.18762   0.02376   0.09622   2.82696  
 22 542.7130  10684.726020  x:  0.32797   0.15989   0.10401   0.00499   0.07102   0.05122   0.05687   0.07434   0.07688   0.02659   0.00392   0.00257   0.00807   0.02814   0.01369   0.00098   0.01264   0.00924   0.00706   0.00416   0.00124   0.00638   0.00858   0.00823   0.02592   0.16578   0.01086   0.02543   0.02583   0.01813   0.00123   0.01000   0.01049   0.00530   0.00339   0.09826   0.22379   0.08101   0.12405   0.00730   0.11385   0.11076   3.16522   1.19519   0.01895   0.09469   2.82573  
 23 612.3949  10683.738882  x:  0.33352   0.15664   0.10333   0.00511   0.06960   0.04986   0.05469   0.07570   0.07628   0.02687   0.00382   0.00256   0.00921   0.02826   0.01468   0.00108   0.01181   0.00642   0.00694   0.00416   0.00112   0.00687   0.00894   0.00905   0.02812   0.16317   0.01060   0.02537   0.02522   0.01828   0.00126   0.00848   0.00928   0.00517   0.00337   0.09295   0.22402   0.08295   0.12439   0.00715   0.11509   0.11059   3.21288   1.20102   0.01530   0.09342   2.82477  
 24 1677.5892  10682.689003  x:  0.33741   0.15308   0.10218   0.00522   0.06796   0.04956   0.05358   0.07573   0.07484   0.02243   0.00379   0.00257   0.00969   0.02703   0.01455   0.00107   0.01232   0.00856   0.00734   0.00412   0.00113   0.00605   0.00983   0.00879   0.03064   0.16041   0.00986   0.02594   0.02345   0.01787   0.00131   0.00710   0.00820   0.00501   0.00352   0.08940   0.22306   0.08496   0.12458   0.00708   0.11541   0.11090   3.26749   1.20748   0.01133   0.09239   2.82365  
 25 1379.5021  10681.838867  x:  0.33901   0.15045   0.10114   0.00509   0.06695   0.05011   0.05378   0.07493   0.07343   0.01895   0.00383   0.00257   0.00928   0.02584   0.01413   0.00098   0.01326   0.00750   0.00707   0.00410   0.00122   0.00659   0.00943   0.00841   0.03197   0.15845   0.00969   0.02633   0.02247   0.01754   0.00127   0.00958   0.00961   0.00529   0.00325   0.08838   0.22151   0.08636   0.12454   0.00712   0.11494   0.11144   3.31332   1.21279   0.00814   0.09201   2.82271  
 26 1868.6281  10678.213050  x:  0.33655   0.14253   0.09720   0.00488   0.06591   0.05563   0.06036   0.06829   0.06793   0.02059   0.00382   0.00255   0.00860   0.02352   0.01399   0.00026   0.01303   0.00754   0.00735   0.00411   0.00193   0.00650   0.00555   0.01014   0.03059   0.15304   0.01155   0.02615   0.02450   0.01757   0.00124   0.00709   0.01135   0.00498   0.00335   0.09525   0.21139   0.09006   0.12318   0.00713   0.10922   0.11471   3.50089   1.23386  -0.00422   0.09346   2.81884  
 27 1455.4183  10676.283741  x:  0.33475   0.13977   0.09588   0.00477   0.06578   0.05726   0.06260   0.06570   0.06618   0.02204   0.00381   0.00254   0.00883   0.02350   0.01403   0.00000   0.01252   0.00751   0.00711   0.00409   0.00217   0.00648   0.00788   0.00912   0.02958   0.15127   0.01153   0.02592   0.02504   0.01762   0.00122   0.00807   0.00991   0.00508   0.00329   0.09865   0.20719   0.09112   0.12252   0.00718   0.10688   0.11586   3.57683   1.24232  -0.00915   0.09428   2.81727  
 28 6701.6750  10675.687417  x:  0.33388   0.13967   0.09595   0.00476   0.06592   0.05682   0.06235   0.06553   0.06640   0.02203   0.00381   0.00254   0.00880   0.02410   0.01391   0.00000   0.01244   0.00751   0.00710   0.00409   0.00085   0.00649   0.00778   0.00913   0.02930   0.15134   0.01102   0.02582   0.02461   0.01761   0.00122   0.00806   0.00993   0.00508   0.00329   0.09952   0.20650   0.09094   0.12235   0.00720   0.10662   0.11585   3.59017   1.24375  -0.00995   0.09459   2.81699  
 29 1687.0212  10673.498684  x:  0.32565   0.13893   0.09669   0.00475   0.06693   0.05215   0.05915   0.06411   0.06844   0.02200   0.00382   0.00253   0.00850   0.02941   0.01265   0.00000   0.01190   0.00745   0.00700   0.00407   0.00147   0.00651   0.00694   0.00928   0.02656   0.15218   0.00697   0.02492   0.02082   0.01743   0.00123   0.00795   0.01011   0.00506   0.00328   0.10710   0.20034   0.08888   0.12075   0.00745   0.10447   0.11544   3.71204   1.25679  -0.01724   0.09723   2.81444  
 30 3037.7400  10671.975162  x:  0.31737   0.13974   0.09824   0.00483   0.06771   0.04736   0.05467   0.06410   0.07121   0.02139   0.00383   0.00253   0.00818   0.03056   0.01159   0.00000   0.01193   0.00748   0.00696   0.00404   0.00151   0.00651   0.00696   0.00917   0.02566   0.15436   0.01222   0.02519   0.01904   0.01700   0.00124   0.00792   0.00965   0.00506   0.00330   0.11246   0.19648   0.08564   0.11943   0.00766   0.10388   0.11391   3.80308   1.26630  -0.02241   0.09916   2.81251  
 31 2910.1448  10670.433041  x:  0.30652   0.14252   0.10060   0.00496   0.06783   0.04512   0.04980   0.06541   0.07361   0.02164   0.00382   0.00252   0.00809   0.02364   0.01244   0.00000   0.01171   0.00744   0.00693   0.00404   0.00144   0.00650   0.00699   0.00902   0.02510   0.15831   0.01037   0.02691   0.02216   0.01673   0.00122   0.00796   0.00969   0.00503   0.00331   0.11502   0.19518   0.08003   0.11833   0.00777   0.10548   0.11025   3.88452   1.27435  -0.02650   0.10008   2.81075  
 32 1313.6602  10669.223547  x:  0.29254   0.14748   0.10243   0.00481   0.06602   0.05083   0.05073   0.06667   0.07293   0.02121   0.00380   0.00252   0.00828   0.02484   0.01227   0.00000   0.01187   0.00743   0.00696   0.00402   0.00145   0.00643   0.00709   0.00911   0.02646   0.16373   0.01041   0.02361   0.02171   0.01820   0.00120   0.00789   0.00968   0.00504   0.00326   0.11135   0.19904   0.07290   0.11817   0.00794   0.10960   0.10448   3.95165   1.28007  -0.02878   0.09877   2.80922  
 33 559.9155  10668.920055  x:  0.28800   0.14958   0.10237   0.00481   0.06576   0.05079   0.05247   0.06660   0.07220   0.02141   0.00380   0.00252   0.00832   0.02613   0.01284   0.00000   0.01199   0.00742   0.00698   0.00404   0.00146   0.00643   0.00713   0.00917   0.02663   0.16508   0.01041   0.02609   0.02174   0.01612   0.00123   0.00788   0.00980   0.00503   0.00325   0.10944   0.20159   0.07218   0.11855   0.00789   0.11040   0.10369   3.96877   1.28113  -0.02889   0.09844   2.80880  
 34 363.0185  10668.676489  x:  0.28333   0.15249   0.10162   0.00477   0.06624   0.04850   0.05452   0.06615   0.07137   0.02134   0.00381   0.00252   0.00837   0.02598   0.01248   0.00000   0.01197   0.00743   0.00698   0.00403   0.00146   0.00643   0.00713   0.00916   0.02658   0.16584   0.01040   0.02678   0.02181   0.01813   0.00119   0.00790   0.00980   0.00505   0.00324   0.10724   0.20560   0.07367   0.11941   0.00785   0.11027   0.10462   3.98275   1.28133  -0.02819   0.09863   2.80840  
 35 201.3853  10668.550862  x:  0.28082   0.15442   0.10104   0.00478   0.06676   0.04778   0.05466   0.06588   0.07122   0.02134   0.00381   0.00252   0.00832   0.02542   0.01262   0.00000   0.01194   0.00743   0.00698   0.00403   0.00145   0.00643   0.00713   0.00915   0.02653   0.16588   0.01040   0.02508   0.02178   0.01696   0.00121   0.00790   0.00976   0.00505   0.00324   0.10612   0.20823   0.07518   0.11994   0.00780   0.10973   0.10585   3.98975   1.28098  -0.02731   0.09896   2.80816  
 36 165.0542  10668.480025  x:  0.27941   0.15590   0.10062   0.00480   0.06705   0.04931   0.05286   0.06568   0.07174   0.02143   0.00381   0.00252   0.00831   0.02563   0.01255   0.00000   0.01192   0.00744   0.00698   0.00404   0.00146   0.00644   0.00712   0.00914   0.02635   0.16525   0.01046   0.02563   0.02174   0.01715   0.00121   0.00791   0.00977   0.00505   0.00325   0.10554   0.21012   0.07636   0.12009   0.00777   0.10878   0.10721   3.99397   1.27994  -0.02578   0.09923   2.80795  
 37 61.0815  10668.371903  x:  0.27957   0.15786   0.10153   0.00480   0.06491   0.04910   0.05353   0.06594   0.07313   0.02147   0.00381   0.00252   0.00830   0.02557   0.01255   0.00000   0.01191   0.00744   0.00698   0.00404   0.00146   0.00645   0.00713   0.00913   0.02606   0.16172   0.01051   0.02558   0.02178   0.01716   0.00121   0.00792   0.00976   0.00505   0.00325   0.10528   0.21167   0.07446   0.11858   0.00783   0.10712   0.10826   4.00109   1.27269  -0.01670   0.09842   2.80715  
 38 21.5976  10668.091080  x:  0.28152   0.16023   0.10244   0.00478   0.06999   0.04900   0.05336   0.06549   0.07122   0.02147   0.00383   0.00254   0.00836   0.02583   0.01267   0.00000   0.01203   0.00748   0.00701   0.00406   0.00147   0.00648   0.00716   0.00916   0.02670   0.15769   0.01063   0.02566   0.02195   0.01726   0.00121   0.00795   0.00982   0.00506   0.00326   0.10573   0.21319   0.07252   0.11797   0.00783   0.10827   0.10753   4.02058   1.24967   0.01204   0.09589   2.80462  
 39 78.3593  10667.481311  x:  0.28630   0.16157   0.10270   0.00488   0.06735   0.05000   0.05399   0.06710   0.07215   0.02203   0.00389   0.00257   0.00827   0.02596   0.01249   0.00000   0.01196   0.00759   0.00703   0.00410   0.00149   0.00664   0.00718   0.00906   0.02632   0.16195   0.01081   0.02612   0.02195   0.01739   0.00124   0.00812   0.00976   0.00509   0.00334   0.10873   0.21412   0.07763   0.12266   0.00763   0.11361   0.10659   4.06244   1.19830   0.07638   0.09324   2.79890  
 40 199.1877  10667.351698  x:  0.28732   0.15928   0.10268   0.00486   0.06846   0.05010   0.05447   0.06667   0.07385   0.02200   0.00390   0.00258   0.00832   0.02608   0.01266   0.00000   0.01206   0.00761   0.00706   0.00412   0.00150   0.00664   0.00722   0.00909   0.02666   0.16666   0.01072   0.02608   0.02221   0.01747   0.00124   0.00813   0.00983   0.00510   0.00333   0.10661   0.21398   0.07664   0.12245   0.00763   0.11112   0.10877   4.07135   1.18742   0.09042   0.09186   2.79751  
 41 89.7456  10667.344142  x:  0.28734   0.15900   0.10324   0.00486   0.06837   0.05011   0.05438   0.06736   0.07303   0.02203   0.00390   0.00258   0.00832   0.02609   0.01263   0.00000   0.01205   0.00761   0.00706   0.00412   0.00150   0.00665   0.00721   0.00909   0.02665   0.16708   0.01073   0.02611   0.02216   0.01746   0.00124   0.00813   0.00981   0.00510   0.00333   0.10672   0.21420   0.07672   0.12191   0.00764   0.11089   0.10919   4.07175   1.18717   0.09119   0.09194   2.79728  
 42  8.4731  10667.305871  x:  0.28721   0.15678   0.10366   0.00485   0.06837   0.05012   0.05440   0.06630   0.07360   0.02203   0.00390   0.00258   0.00830   0.02606   0.01262   0.00000   0.01203   0.00761   0.00705   0.00411   0.00150   0.00665   0.00721   0.00908   0.02661   0.16723   0.01071   0.02610   0.02217   0.01745   0.00123   0.00814   0.00980   0.00509   0.00333   0.10767   0.21656   0.07715   0.11975   0.00766   0.11206   0.10900   4.07259   1.19026   0.09445   0.09192   2.79445  
 43  2.9904  10666.964025  x:  0.28696   0.14880   0.10245   0.00480   0.06818   0.04992   0.05391   0.06775   0.07280   0.02218   0.00390   0.00257   0.00820   0.02592   0.01239   0.00000   0.01188   0.00760   0.00700   0.00410   0.00148   0.00665   0.00719   0.00898   0.02612   0.16566   0.01076   0.02614   0.02199   0.01740   0.00122   0.00818   0.00965   0.00509   0.00325   0.11087   0.22433   0.07337   0.12544   0.00780   0.10955   0.10689   4.07916   1.22200   0.12322   0.09238   2.76749  
 44 24.3294  10660.488425  x:  0.29080   0.14309   0.09047   0.00307   0.06514   0.05043   0.05296   0.06125   0.06507   0.02454   0.00384   0.00246   0.00678   0.02386   0.00947   0.00000   0.00971   0.00738   0.00625   0.00378   0.00124   0.00654   0.00703   0.00759   0.01984   0.16129   0.01103   0.02638   0.02008   0.01647   0.00094   0.00883   0.00756   0.00505   0.00166   0.08312   0.21498   0.06238   0.12165   0.00969   0.11956   0.11311   4.19323   1.79826   0.63615   0.09979   2.28218  
 45 161.1565  10658.934275  x:  0.29199   0.14327   0.09598   0.00254   0.06477   0.05067   0.05280   0.05697   0.06365   0.02486   0.00380   0.00243   0.00652   0.02330   0.00899   0.00000   0.00930   0.00730   0.00608   0.00369   0.00118   0.00647   0.00701   0.00730   0.01890   0.16093   0.01097   0.02626   0.01981   0.01625   0.00086   0.00894   0.00711   0.00502   0.00124   0.07429   0.21236   0.06906   0.11861   0.01044   0.10954   0.09886   4.22138   1.94087   0.76328   0.09999   2.16198  
 46 1173.4036  10658.932509  x:  0.29202   0.14333   0.09539   0.00254   0.06476   0.05066   0.05279   0.05723   0.06362   0.02486   0.00380   0.00243   0.00652   0.02330   0.00898   0.00000   0.00930   0.00730   0.00608   0.00369   0.00118   0.00647   0.00701   0.00730   0.01889   0.16099   0.01097   0.02626   0.01981   0.01625   0.00086   0.00894   0.00711   0.00502   0.00124   0.07436   0.21239   0.06908   0.11831   0.01045   0.10940   0.09863   4.22142   1.94113   0.76354   0.09995   2.16174  
 47  4.6040  10658.931291  x:  0.29202   0.14333   0.09539   0.00254   0.06476   0.05066   0.05279   0.05724   0.06362   0.02486   0.00380   0.00243   0.00652   0.02330   0.00898   0.00006   0.00930   0.00730   0.00608   0.00369   0.00118   0.00647   0.00701   0.00730   0.01889   0.16099   0.01097   0.02626   0.01981   0.01625   0.00086   0.00894   0.00711   0.00502   0.00124   0.07436   0.21239   0.06908   0.11831   0.01045   0.10940   0.09863   4.22142   1.94113   0.76354   0.09995   2.16173  
 48 41.2057  10657.711911  x:  0.30042   0.14233   0.09666   0.00305   0.06432   0.05126   0.05287   0.05702   0.06327   0.02486   0.00366   0.00246   0.00672   0.02392   0.01094   0.00018   0.01015   0.00741   0.00629   0.00378   0.00109   0.00607   0.00759   0.00748   0.02292   0.15791   0.01109   0.02650   0.02042   0.01642   0.00102   0.00839   0.00744   0.00477   0.00188   0.07770   0.21063   0.07208   0.11834   0.01061   0.10950   0.09730   4.32694   2.62840   1.46963   0.10540   1.45007  
 49  1.2175  10657.327837  x:  0.30122   0.14291   0.09672   0.00273   0.06460   0.05127   0.05305   0.05812   0.06421   0.02496   0.00372   0.00246   0.00671   0.02395   0.01027   0.00023   0.01001   0.00748   0.00615   0.00371   0.00103   0.00624   0.00755   0.00741   0.02219   0.15786   0.01109   0.02655   0.02040   0.01638   0.00098   0.00848   0.00741   0.00471   0.00131   0.08002   0.21070   0.07222   0.11863   0.01086   0.11010   0.09895   4.36639   2.98012   1.82054   0.10526   1.00000  
 50  0.8877  10657.233121  x:  0.29871   0.14369   0.09636   0.00279   0.06486   0.05095   0.05296   0.05844   0.06460   0.02486   0.00379   0.00245   0.00688   0.02387   0.00983   0.00026   0.00990   0.00746   0.00619   0.00369   0.00095   0.00609   0.00745   0.00757   0.02071   0.15910   0.01103   0.02644   0.02021   0.01640   0.00105   0.00852   0.00764   0.00473   0.00147   0.07815   0.21093   0.07147   0.11828   0.01101   0.10968   0.09910   4.37305   3.28239   2.11535   0.10430   1.00000  
 51  0.3584  10657.162937  x:  0.29741   0.14363   0.09611   0.00270   0.06484   0.05082   0.05299   0.05794   0.06410   0.02473   0.00377   0.00246   0.00661   0.02375   0.01008   0.00036   0.00980   0.00736   0.00621   0.00369   0.00083   0.00624   0.00735   0.00735   0.02130   0.15966   0.01099   0.02638   0.02014   0.01640   0.00111   0.00866   0.00724   0.00483   0.00131   0.07794   0.21140   0.07100   0.11822   0.01133   0.10952   0.09890   4.36610   3.78255   2.61281   0.10287   1.00000  
 52  0.3894  10657.087630  x:  0.29934   0.14314   0.09664   0.00281   0.06463   0.05109   0.05308   0.05792   0.06406   0.02469   0.00372   0.00245   0.00680   0.02387   0.00992   0.00057   0.00996   0.00747   0.00617   0.00377   0.00063   0.00629   0.00745   0.00749   0.02153   0.15856   0.01109   0.02645   0.02040   0.01636   0.00127   0.00848   0.00758   0.00480   0.00150   0.07953   0.21130   0.07189   0.11847   0.01161   0.10983   0.09864   4.35107   4.58899   3.42855   0.10317   1.00000  
 53  0.5429  10657.064049  x:  0.29935   0.14342   0.09643   0.00276   0.06473   0.05107   0.05300   0.05835   0.06442   0.02478   0.00376   0.00245   0.00680   0.02390   0.01025   0.00069   0.00994   0.00746   0.00622   0.00371   0.00052   0.00619   0.00747   0.00750   0.02131   0.15872   0.01108   0.02647   0.02026   0.01640   0.00131   0.00849   0.00748   0.00474   0.00143   0.07817   0.21094   0.07163   0.11831   0.01169   0.10991   0.09905   4.34916   5.05584   3.89318   0.10387   1.00000  
 54  0.4752  10657.052317  x:  0.29856   0.14360   0.09646   0.00270   0.06483   0.05101   0.05301   0.05805   0.06426   0.02485   0.00378   0.00246   0.00670   0.02382   0.00996   0.00078   0.00989   0.00741   0.00619   0.00368   0.00042   0.00613   0.00743   0.00743   0.02141   0.15915   0.01102   0.02647   0.02022   0.01638   0.00134   0.00853   0.00740   0.00472   0.00143   0.07868   0.21104   0.07138   0.11826   0.01166   0.10960   0.09880   4.34855   5.50932   4.34409   0.10398   1.00000  
 55  0.3997  10657.041297  x:  0.29849   0.14333   0.09641   0.00266   0.06474   0.05100   0.05306   0.05801   0.06411   0.02486   0.00374   0.00245   0.00679   0.02389   0.01010   0.00089   0.00992   0.00744   0.00617   0.00373   0.00030   0.00628   0.00742   0.00748   0.02130   0.15906   0.01106   0.02643   0.02031   0.01639   0.00135   0.00852   0.00755   0.00477   0.00141   0.07890   0.21135   0.07157   0.11839   0.01135   0.10972   0.09878   4.34702   6.17450   5.01070   0.10378   1.00000  
 56  0.3750  10657.035046  x:  0.29896   0.14343   0.09647   0.00265   0.06473   0.05105   0.05307   0.05824   0.06434   0.02481   0.00375   0.00246   0.00675   0.02387   0.01006   0.00094   0.00992   0.00744   0.00620   0.00372   0.00026   0.00621   0.00745   0.00746   0.02142   0.15883   0.01107   0.02645   0.02030   0.01638   0.00133   0.00850   0.00742   0.00475   0.00147   0.07857   0.21114   0.07171   0.11843   0.01108   0.10985   0.09899   4.34912   6.57113   5.40787   0.10374   1.00000  
 57  0.3699  10657.031907  x:  0.29888   0.14347   0.09644   0.00262   0.06475   0.05102   0.05297   0.05802   0.06421   0.02478   0.00377   0.00246   0.00673   0.02383   0.01006   0.00093   0.00992   0.00743   0.00620   0.00370   0.00027   0.00616   0.00744   0.00747   0.02138   0.15886   0.01105   0.02646   0.02022   0.01639   0.00128   0.00851   0.00750   0.00474   0.00143   0.07855   0.21094   0.07147   0.11834   0.01095   0.10972   0.09880   4.35201   6.80963   5.64454   0.10381   1.00000  
 58  0.1754  10657.027976  x:  0.29866   0.14340   0.09645   0.00265   0.06478   0.05101   0.05304   0.05809   0.06419   0.02479   0.00375   0.00245   0.00681   0.02388   0.01007   0.00083   0.00991   0.00743   0.00618   0.00372   0.00036   0.00620   0.00743   0.00744   0.02128   0.15903   0.01106   0.02644   0.02030   0.01639   0.00120   0.00855   0.00741   0.00477   0.00141   0.07879   0.21110   0.07157   0.11839   0.01093   0.10968   0.09885   4.35202   7.07114   5.90621   0.10385   1.00000  
 59  0.1259  10657.025386  x:  0.29871   0.14342   0.09642   0.00270   0.06474   0.05101   0.05304   0.05818   0.06427   0.02482   0.00375   0.00246   0.00672   0.02387   0.01005   0.00076   0.00992   0.00744   0.00619   0.00372   0.00044   0.00623   0.00744   0.00748   0.02142   0.15898   0.01105   0.02644   0.02030   0.01639   0.00115   0.00854   0.00748   0.00477   0.00142   0.07857   0.21119   0.07163   0.11841   0.01106   0.10979   0.09893   4.34915   7.25347   6.08934   0.10382   1.00000  
 60  0.1836  10657.024006  x:  0.29885   0.14346   0.09645   0.00275   0.06474   0.05103   0.05300   0.05808   0.06426   0.02481   0.00376   0.00245   0.00676   0.02383   0.01009   0.00075   0.00991   0.00744   0.00620   0.00371   0.00045   0.00619   0.00744   0.00746   0.02137   0.15883   0.01105   0.02646   0.02024   0.01639   0.00116   0.00851   0.00746   0.00476   0.00143   0.07866   0.21106   0.07156   0.11836   0.01121   0.10977   0.09884   4.34771   7.49893   6.33490   0.10379   1.00000  
 61  0.2081  10657.022720  x:  0.29886   0.14340   0.09645   0.00275   0.06477   0.05101   0.05300   0.05813   0.06421   0.02481   0.00375   0.00246   0.00677   0.02391   0.01003   0.00078   0.00994   0.00743   0.00618   0.00372   0.00042   0.00618   0.00743   0.00746   0.02139   0.15895   0.01106   0.02645   0.02030   0.01639   0.00118   0.00854   0.00746   0.00476   0.00141   0.07851   0.21101   0.07152   0.11833   0.01125   0.10971   0.09886   4.34983   8.19609   7.03156   0.10379   1.00000  
 62  0.3353  10657.021835  x:  0.29879   0.14344   0.09645   0.00274   0.06475   0.05103   0.05302   0.05812   0.06426   0.02480   0.00375   0.00246   0.00672   0.02384   0.01008   0.00079   0.00990   0.00743   0.00620   0.00372   0.00041   0.00621   0.00744   0.00747   0.02134   0.15896   0.01105   0.02645   0.02027   0.01639   0.00118   0.00853   0.00746   0.00476   0.00142   0.07871   0.21112   0.07159   0.11838   0.01120   0.10974   0.09888   4.35140   8.93804   7.77387   0.10379   1.00000  
 63  0.5647  10657.021375  x:  0.29883   0.14345   0.09642   0.00274   0.06474   0.05102   0.05301   0.05809   0.06426   0.02480   0.00376   0.00245   0.00678   0.02384   0.01006   0.00077   0.00993   0.00744   0.00620   0.00371   0.00043   0.00620   0.00744   0.00746   0.02141   0.15888   0.01105   0.02645   0.02025   0.01638   0.00118   0.00853   0.00746   0.00477   0.00142   0.07860   0.21112   0.07157   0.11837   0.01119   0.10978   0.09887   4.35044   9.58834   8.42421   0.10380   1.00000  
 64  0.5034  10657.021002  x:  0.29884   0.14340   0.09646   0.00273   0.06475   0.05102   0.05301   0.05812   0.06422   0.02481   0.00376   0.00246   0.00674   0.02390   0.01006   0.00075   0.00992   0.00744   0.00619   0.00371   0.00046   0.00619   0.00744   0.00746   0.02136   0.15888   0.01106   0.02645   0.02030   0.01639   0.00118   0.00852   0.00746   0.00476   0.00142   0.07861   0.21104   0.07155   0.11835   0.01121   0.10973   0.09885   4.34919  10.51359   9.34927   0.10380   1.00000  
 65  0.5809  10657.020736  x:  0.29879   0.14345   0.09645   0.00272   0.06476   0.05103   0.05302   0.05812   0.06427   0.02481   0.00375   0.00246   0.00676   0.02383   0.01006   0.00071   0.00991   0.00743   0.00619   0.00372   0.00050   0.00620   0.00744   0.00747   0.02138   0.15896   0.01105   0.02645   0.02026   0.01639   0.00119   0.00853   0.00746   0.00476   0.00142   0.07864   0.21109   0.07157   0.11837   0.01120   0.10974   0.09887   4.34926  11.57428  10.41010   0.10379   1.00000  
 66  0.6797  10657.020617  x:  0.29880   0.14344   0.09643   0.00272   0.06474   0.05102   0.05301   0.05810   0.06425   0.02481   0.00376   0.00245   0.00675   0.02386   0.01006   0.00066   0.00992   0.00744   0.00620   0.00371   0.00054   0.00620   0.00744   0.00746   0.02138   0.15890   0.01105   0.02645   0.02027   0.01639   0.00119   0.00853   0.00746   0.00476   0.00143   0.07863   0.21110   0.07157   0.11837   0.01119   0.10976   0.09887   4.34958  12.48292  11.31875   0.10380   1.00000  
 67  0.6988  10657.020597  x:  0.29881   0.14343   0.09644   0.00272   0.06475   0.05102   0.05301   0.05811   0.06425   0.02480   0.00376   0.00246   0.00675   0.02386   0.01006   0.00065   0.00991   0.00744   0.00619   0.00371   0.00056   0.00620   0.00744   0.00747   0.02138   0.15891   0.01105   0.02645   0.02027   0.01639   0.00119   0.00852   0.00746   0.00476   0.00142   0.07862   0.21108   0.07156   0.11837   0.01119   0.10975   0.09886   4.34974  12.83657  11.67231   0.10380   1.00000  
 68  0.4255  10657.020595  x:  0.29881   0.14343   0.09644   0.00272   0.06475   0.05102   0.05301   0.05811   0.06425   0.02481   0.00375   0.00246   0.00675   0.02386   0.01006   0.00065   0.00992   0.00744   0.00619   0.00371   0.00056   0.00620   0.00744   0.00747   0.02138   0.15891   0.01105   0.02645   0.02027   0.01639   0.00119   0.00853   0.00746   0.00476   0.00142   0.07863   0.21109   0.07157   0.11837   0.01119   0.10975   0.09887   4.34980  12.93684  11.77260   0.10380   1.00000  
 69  0.1307  10657.020594  x:  0.29881   0.14344   0.09644   0.00272   0.06475   0.05102   0.05301   0.05811   0.06425   0.02481   0.00376   0.00246   0.00675   0.02386   0.01006   0.00064   0.00991   0.00744   0.00619   0.00371   0.00056   0.00620   0.00744   0.00747   0.02138   0.15891   0.01105   0.02645   0.02027   0.01639   0.00119   0.00853   0.00746   0.00476   0.00142   0.07863   0.21109   0.07157   0.11837   0.01119   0.10975   0.09887   4.34984  13.09363  11.92940   0.10380   1.00000  
 70  0.0659  10657.020589  x:  0.29881   0.14343   0.09645   0.00272   0.06475   0.05102   0.05301   0.05811   0.06425   0.02481   0.00376   0.00245   0.00675   0.02386   0.01006   0.00065   0.00992   0.00744   0.00619   0.00371   0.00055   0.00620   0.00744   0.00747   0.02138   0.15890   0.01105   0.02645   0.02027   0.01639   0.00119   0.00852   0.00746   0.00476   0.00142   0.07863   0.21109   0.07156   0.11837   0.01119   0.10975   0.09886   4.34976  13.73167  12.56740   0.10380   1.00000  
 71  0.1128  10657.020586  x:  0.29881   0.14344   0.09644   0.00272   0.06475   0.05102   0.05301   0.05811   0.06425   0.02481   0.00375   0.00246   0.00675   0.02386   0.01006   0.00065   0.00991   0.00744   0.00619   0.00371   0.00055   0.00620   0.00744   0.00747   0.02138   0.15892   0.01105   0.02645   0.02027   0.01639   0.00119   0.00853   0.00746   0.00476   0.00142   0.07863   0.21108   0.07157   0.11837   0.01119   0.10975   0.09887   4.34975  14.34664  13.18241   0.10380   1.00000  
 72  0.4482  10657.020584  x:  0.29881   0.14344   0.09644   0.00272   0.06475   0.05102   0.05301   0.05811   0.06425   0.02480   0.00376   0.00246   0.00675   0.02386   0.01006   0.00065   0.00992   0.00744   0.00619   0.00371   0.00055   0.00620   0.00744   0.00747   0.02138   0.15892   0.01105   0.02645   0.02027   0.01639   0.00119   0.00853   0.00746   0.00476   0.00142   0.07863   0.21109   0.07157   0.11837   0.01119   0.10975   0.09887   4.34981  14.86244  13.69820   0.10380   1.00000  
 73  0.3680  10657.020583  x:  0.29881   0.14343   0.09644   0.00272   0.06475   0.05102   0.05301   0.05811   0.06425   0.02481   0.00376   0.00246   0.00675   0.02386   0.01006   0.00065   0.00992   0.00744   0.00619   0.00371   0.00055   0.00620   0.00744   0.00747   0.02138   0.15891   0.01105   0.02645   0.02027   0.01639   0.00119   0.00853   0.00746   0.00476   0.00142   0.07863   0.21109   0.07157   0.11837   0.01119   0.10975   0.09886   4.34981  15.63012  14.46588   0.10380   1.00000  
 74  0.4369  10657.020582  x:  0.29881   0.14344   0.09644   0.00272   0.06475   0.05102   0.05301   0.05811   0.06425   0.02481   0.00375   0.00246   0.00675   0.02386   0.01006   0.00065   0.00992   0.00744   0.00619   0.00371   0.00055   0.00620   0.00744   0.00747   0.02138   0.15891   0.01105   0.02645   0.02027   0.01639   0.00119   0.00853   0.00746   0.00476   0.00142   0.07863   0.21108   0.07157   0.11837   0.01119   0.10975   0.09887   4.34980  17.06373  15.89949   0.10380   1.00000  
 75  0.6989  10657.020582  x:  0.29881   0.14343   0.09644   0.00272   0.06475   0.05102   0.05301   0.05811   0.06425   0.02481   0.00376   0.00246   0.00675   0.02386   0.01006   0.00065   0.00992   0.00744   0.00619   0.00371   0.00055   0.00620   0.00744   0.00747   0.02138   0.15891   0.01105   0.02645   0.02027   0.01639   0.00119   0.00853   0.00746   0.00476   0.00142   0.07863   0.21109   0.07157   0.11837   0.01119   0.10975   0.09887   4.34980  17.38240  16.21816   0.10380   1.00000  
 76  0.3306  10657.020582  x:  0.29881   0.14343   0.09644   0.00272   0.06475   0.05102   0.05301   0.05811   0.06425   0.02481   0.00376   0.00246   0.00675   0.02386   0.01006   0.00065   0.00992   0.00744   0.00619   0.00371   0.00055   0.00620   0.00744   0.00747   0.02138   0.15891   0.01105   0.02645   0.02027   0.01639   0.00119   0.00853   0.00746   0.00476   0.00142   0.07863   0.21109   0.07157   0.11837   0.01119   0.10975   0.09887   4.34980  18.22330  17.05906   0.10380   1.00000  
 77  0.9377  10657.020582  x:  0.29881   0.14343   0.09644   0.00272   0.06475   0.05102   0.05301   0.05811   0.06425   0.02481   0.00376   0.00246   0.00675   0.02386   0.01006   0.00065   0.00992   0.00744   0.00619   0.00371   0.00055   0.00620   0.00744   0.00747   0.02138   0.15891   0.01105   0.02645   0.02027   0.01639   0.00119   0.00853   0.00746   0.00476   0.00142   0.07863   0.21109   0.07157   0.11837   0.01119   0.10975   0.09887   4.34979  18.04349  16.87925   0.10380   1.00000  
 78  0.2724  10657.020582  x:  0.29881   0.14343   0.09644   0.00272   0.06475   0.05102   0.05301   0.05811   0.06425   0.02481   0.00376   0.00246   0.00675   0.02386   0.01006   0.00065   0.00992   0.00744   0.00619   0.00371   0.00055   0.00620   0.00744   0.00747   0.02138   0.15891   0.01105   0.02645   0.02027   0.01639   0.00119   0.00853   0.00746   0.00476   0.00142   0.07863   0.21109   0.07157   0.11837   0.01119   0.10975   0.09887   4.34979  18.23813  17.07389   0.10380   1.00000  
 79  0.3306  10657.020582  x:  0.29881   0.14343   0.09644   0.00272   0.06475   0.05102   0.05301   0.05811   0.06425   0.02481   0.00376   0.00246   0.00675   0.02386   0.01006   0.00065   0.00992   0.00744   0.00619   0.00371   0.00055   0.00620   0.00744   0.00747   0.02138   0.15891   0.01105   0.02645   0.02027   0.01639   0.00119   0.00853   0.00746   0.00476   0.00142   0.07863   0.21109   0.07157   0.11837   0.01119   0.10975   0.09887   4.34979  18.23813  17.07389   0.10380   1.00000  
 80  0.1473  10657.020582  x:  0.29881   0.14343   0.09644   0.00272   0.06475   0.05102   0.05301   0.05811   0.06425   0.02481   0.00376   0.00246   0.00675   0.02386   0.01006   0.00065   0.00992   0.00744   0.00619   0.00371   0.00055   0.00620   0.00744   0.00747   0.02138   0.15891   0.01105   0.02645   0.02027   0.01639   0.00119   0.00853   0.00746   0.00476   0.00142   0.07863   0.21109   0.07157   0.11837   0.01119   0.10975   0.09887   4.34979  18.23813  17.07389   0.10380   1.00000  
 81  0.0001  10657.020582  x:  0.29881   0.14343   0.09644   0.00272   0.06475   0.05102   0.05301   0.05811   0.06425   0.02481   0.00376   0.00246   0.00675   0.02386   0.01006   0.00065   0.00992   0.00744   0.00619   0.00371   0.00055   0.00620   0.00744   0.00747   0.02138   0.15891   0.01105   0.02645   0.02027   0.01639   0.00119   0.00853   0.00746   0.00476   0.00142   0.07863   0.21109   0.07157   0.11837   0.01119   0.10975   0.09887   4.34979  18.23813  17.07389   0.10380   1.00000  
 82  0.0242  10657.020582  x:  0.29881   0.14343   0.09644   0.00272   0.06475   0.05102   0.05301   0.05811   0.06425   0.02481   0.00376   0.00246   0.00675   0.02386   0.01006   0.00065   0.00992   0.00744   0.00619   0.00371   0.00055   0.00620   0.00744   0.00747   0.02138   0.15891   0.01105   0.02645   0.02027   0.01639   0.00119   0.00853   0.00746   0.00476   0.00142   0.07863   0.21109   0.07157   0.11837   0.01119   0.10975   0.09887   4.34979  18.23813  17.07389   0.10380   1.00000  
 83  0.0206  10657.020582  x:  0.29881   0.14343   0.09644   0.00272   0.06475   0.05102   0.05301   0.05811   0.06425   0.02481   0.00376   0.00246   0.00675   0.02386   0.01006   0.00065   0.00992   0.00744   0.00619   0.00371   0.00055   0.00620   0.00744   0.00747   0.02138   0.15891   0.01105   0.02645   0.02027   0.01639   0.00119   0.00853   0.00746   0.00476   0.00142   0.07863   0.21109   0.07157   0.11837   0.01119   0.10975   0.09887   4.34979  18.23813  17.07389   0.10380   1.00000  
 84  0.0157  10657.020582  x:  0.29881   0.14343   0.09644   0.00272   0.06475   0.05102   0.05301   0.05811   0.06425   0.02481   0.00376   0.00246   0.00675   0.02386   0.01006   0.00065   0.00992   0.00744   0.00619   0.00371   0.00055   0.00620   0.00744   0.00747   0.02138   0.15891   0.01105   0.02645   0.02027   0.01639   0.00119   0.00853   0.00746   0.00476   0.00142   0.07863   0.21109   0.07157   0.11837   0.01119   0.10975   0.09887   4.34979  18.23813  17.07389   0.10380   1.00000  
 85  0.0116  10657.020582  x:  0.29881   0.14343   0.09644   0.00272   0.06475   0.05102   0.05301   0.05811   0.06425   0.02481   0.00376   0.00246   0.00675   0.02386   0.01006   0.00065   0.00992   0.00744   0.00619   0.00371   0.00055   0.00620   0.00744   0.00747   0.02138   0.15891   0.01105   0.02645   0.02027   0.01639   0.00119   0.00853   0.00746   0.00476   0.00142   0.07863   0.21109   0.07157   0.11837   0.01119   0.10975   0.09887   4.34979  18.23813  17.07389   0.10380   1.00000  
 86  0.0128  10657.020582  x:  0.29881   0.14343   0.09644   0.00272   0.06475   0.05102   0.05301   0.05811   0.06425   0.02481   0.00376   0.00246   0.00675   0.02386   0.01006   0.00065   0.00992   0.00744   0.00619   0.00371   0.00055   0.00620   0.00744   0.00747   0.02138   0.15891   0.01105   0.02645   0.02027   0.01639   0.00119   0.00853   0.00746   0.00476   0.00142   0.07863   0.21109   0.07157   0.11837   0.01119   0.10975   0.09887   4.34979  18.23813  17.07389   0.10380   1.00000  
 87  0.0609  10657.020582  x:  0.29881   0.14343   0.09644   0.00272   0.06475   0.05102   0.05301   0.05811   0.06425   0.02481   0.00376   0.00246   0.00675   0.02386   0.01006   0.00065   0.00992   0.00744   0.00619   0.00371   0.00055   0.00620   0.00744   0.00747   0.02138   0.15891   0.01105   0.02645   0.02027   0.01639   0.00119   0.00853   0.00746   0.00476   0.00142   0.07863   0.21109   0.07157   0.11837   0.01119   0.10975   0.09887   4.34979  18.23813  17.07389   0.10380   1.00000  
 88  0.0086  10657.020582  x:  0.29881   0.14343   0.09644   0.00272   0.06475   0.05102   0.05301   0.05811   0.06425   0.02481   0.00376   0.00246   0.00675   0.02386   0.01006   0.00065   0.00992   0.00744   0.00619   0.00371   0.00055   0.00620   0.00744   0.00747   0.02138   0.15891   0.01105   0.02645   0.02027   0.01639   0.00119   0.00853   0.00746   0.00476   0.00142   0.07863   0.21109   0.07157   0.11837   0.01119   0.10975   0.09887   4.34979  18.23813  17.07389   0.10380   1.00000  
 89  0.0115  10657.020582  x:  0.29881   0.14343   0.09644   0.00272   0.06475   0.05102   0.05301   0.05811   0.06425   0.02481   0.00376   0.00246   0.00675   0.02386   0.01006   0.00065   0.00992   0.00744   0.00619   0.00371   0.00055   0.00620   0.00744   0.00747   0.02138   0.15891   0.01105   0.02645   0.02027   0.01639   0.00119   0.00853   0.00746   0.00476   0.00142   0.07863   0.21109   0.07157   0.11837   0.01119   0.10975   0.09887   4.34979  18.23813  17.07389   0.10380   1.00000  
 90  0.0286  10657.020582  x:  0.29881   0.14343   0.09644   0.00272   0.06475   0.05102   0.05301   0.05811   0.06425   0.02481   0.00376   0.00246   0.00675   0.02386   0.01006   0.00065   0.00992   0.00744   0.00619   0.00371   0.00055   0.00620   0.00744   0.00747   0.02138   0.15891   0.01105   0.02645   0.02027   0.01639   0.00119   0.00853   0.00746   0.00476   0.00142   0.07863   0.21109   0.07157   0.11837   0.01119   0.10975   0.09887   4.34979  18.23813  17.07389   0.10380   1.00000  
 91  0.0074  10657.020582  x:  0.29881   0.14343   0.09644   0.00272   0.06475   0.05102   0.05301   0.05811   0.06425   0.02481   0.00376   0.00246   0.00675   0.02386   0.01006   0.00065   0.00992   0.00744   0.00619   0.00371   0.00055   0.00620   0.00744   0.00747   0.02138   0.15891   0.01105   0.02645   0.02027   0.01639   0.00119   0.00853   0.00746   0.00476   0.00142   0.07863   0.21109   0.07157   0.11837   0.01119   0.10975   0.09887   4.34979  18.23813  17.07389   0.10380   1.00000  
check convergence!
