Supplemental results for CODEML (seqf: Human_TAS1R1_breaks2_2nd_attempt.txt  treef: TAS1R1_revised_tree_following_error_message.txt)


MLEs of dN/dS (w) for site classes (K=4)

site class             0        1       2a       2b
proportion       0.76210  0.23790  0.00000  0.00000
background w     0.10380  1.00000  0.10380  1.00000
foreground w     0.10380  1.00000  1.00000  1.00000

Naive Empirical Bayes (NEB) probabilities for 4 classes
(amino acids refer to 1st sequence: 1.Tarsier)

   1 M   0.99195 0.00805 0.00000 0.00000 ( 1)
   2 F   0.67652 0.32348 0.00000 0.00000 ( 1)
   3 H   0.48334 0.51666 0.00000 0.00000 ( 2)
   4 H   0.00045 0.99955 0.00000 0.00000 ( 2)
   5 V   0.00001 0.99999 0.00000 0.00000 ( 2)
   6 A   0.63354 0.36646 0.00000 0.00000 ( 1)
   7 H   0.00701 0.99299 0.00000 0.00000 ( 2)
   8 L   0.95342 0.04658 0.00000 0.00000 ( 1)
   9 V   0.43877 0.56123 0.00000 0.00000 ( 2)
  10 G   0.90045 0.09955 0.00000 0.00000 ( 1)
  11 L   0.94667 0.05333 0.00000 0.00000 ( 1)
  12 Q   0.95016 0.04984 0.00000 0.00000 ( 1)
  13 L   0.94051 0.05949 0.00000 0.00000 ( 1)
  14 S   0.05615 0.94385 0.00000 0.00000 ( 2)
  15 I   0.60059 0.39941 0.00000 0.00000 ( 1)
  16 S   0.89838 0.10162 0.00000 0.00000 ( 1)
  17 C   0.87620 0.12380 0.00000 0.00000 ( 1)
  18 C   0.98564 0.01436 0.00000 0.00000 ( 1)
  19 W   0.68521 0.31479 0.00000 0.00000 ( 1)
  20 A   0.98099 0.01901 0.00000 0.00000 ( 1)
  21 F   0.79780 0.20220 0.00000 0.00000 ( 1)
  22 S   0.48030 0.51970 0.00000 0.00000 ( 2)
  23 C   0.98595 0.01405 0.00000 0.00000 ( 1)
  24 H   0.98298 0.01702 0.00000 0.00000 ( 1)
  25 N   0.08643 0.91357 0.00000 0.00000 ( 2)
  26 T   0.01662 0.98338 0.00000 0.00000 ( 2)
  27 E   0.83424 0.16576 0.00000 0.00000 ( 1)
  28 F   0.03874 0.96126 0.00000 0.00000 ( 2)
  29 S   0.93257 0.06743 0.00000 0.00000 ( 1)
  30 P   0.95583 0.04417 0.00000 0.00000 ( 1)
  31 D   0.92462 0.07538 0.00000 0.00000 ( 1)
  32 F   0.99273 0.00727 0.00000 0.00000 ( 1)
  33 S   0.90309 0.09691 0.00000 0.00000 ( 1)
  34 L   0.98911 0.01089 0.00000 0.00000 ( 1)
  35 P   0.79173 0.20827 0.00000 0.00000 ( 1)
  36 G   0.97126 0.02874 0.00000 0.00000 ( 1)
  37 N   0.69754 0.30246 0.00000 0.00000 ( 1)
  38 Y   0.98507 0.01493 0.00000 0.00000 ( 1)
  39 L   0.98889 0.01111 0.00000 0.00000 ( 1)
  40 L   0.95139 0.04861 0.00000 0.00000 ( 1)
  41 A   0.41838 0.58162 0.00000 0.00000 ( 2)
  42 G   0.98769 0.01231 0.00000 0.00000 ( 1)
  43 F   0.19756 0.80244 0.00000 0.00000 ( 2)
  44 F   0.99267 0.00733 0.00000 0.00000 ( 1)
  45 P   0.60583 0.39417 0.00000 0.00000 ( 1)
  46 L   0.99011 0.00989 0.00000 0.00000 ( 1)
  47 H   0.94995 0.05005 0.00000 0.00000 ( 1)
  48 G   0.13411 0.86589 0.00000 0.00000 ( 2)
  49 D   0.29185 0.70815 0.00000 0.00000 ( 2)
  50 C   0.13353 0.86647 0.00000 0.00000 ( 2)
  51 L   0.67013 0.32987 0.00000 0.00000 ( 1)
  52 Q   0.96327 0.03673 0.00000 0.00000 ( 1)
  53 V   0.98410 0.01590 0.00000 0.00000 ( 1)
  54 R   0.95478 0.04522 0.00000 0.00000 ( 1)
  55 H   0.46911 0.53089 0.00000 0.00000 ( 2)
  56 R   0.88852 0.11148 0.00000 0.00000 ( 1)
  57 P   0.98239 0.01761 0.00000 0.00000 ( 1)
  58 E   0.98165 0.01835 0.00000 0.00000 ( 1)
  59 V   0.98323 0.01677 0.00000 0.00000 ( 1)
  60 T   0.82828 0.17172 0.00000 0.00000 ( 1)
  61 L   0.96126 0.03874 0.00000 0.00000 ( 1)
  62 C   0.92491 0.07509 0.00000 0.00000 ( 1)
  63 D   0.98896 0.01104 0.00000 0.00000 ( 1)
  64 R   0.96755 0.03245 0.00000 0.00000 ( 1)
  65 T   0.00046 0.99954 0.00000 0.00000 ( 2)
  66 C   0.04222 0.95778 0.00000 0.00000 ( 2)
  67 G   0.06929 0.93071 0.00000 0.00000 ( 2)
  68 F   0.99033 0.00967 0.00000 0.00000 ( 1)
  69 N   0.95599 0.04401 0.00000 0.00000 ( 1)
  70 G   0.29113 0.70887 0.00000 0.00000 ( 2)
  71 H   0.97941 0.02059 0.00000 0.00000 ( 1)
  72 G   0.84800 0.15200 0.00000 0.00000 ( 1)
  73 Y   0.40662 0.59338 0.00000 0.00000 ( 2)
  74 H   0.37518 0.62482 0.00000 0.00000 ( 2)
  75 L   0.89162 0.10838 0.00000 0.00000 ( 1)
  76 F   0.92890 0.07110 0.00000 0.00000 ( 1)
  77 Q   0.21852 0.78148 0.00000 0.00000 ( 2)
  78 A   0.33912 0.66088 0.00000 0.00000 ( 2)
  79 M   0.41561 0.58439 0.00000 0.00000 ( 2)
  80 R   0.74628 0.25372 0.00000 0.00000 ( 1)
  81 L   0.68571 0.31429 0.00000 0.00000 ( 1)
  82 S   0.00057 0.99943 0.00000 0.00000 ( 2)
  83 I   0.18637 0.81363 0.00000 0.00000 ( 2)
  84 E   0.19255 0.80745 0.00000 0.00000 ( 2)
  85 A   0.77253 0.22747 0.00000 0.00000 ( 1)
  86 I   0.95028 0.04972 0.00000 0.00000 ( 1)
  87 N   0.98746 0.01254 0.00000 0.00000 ( 1)
  88 N   0.98746 0.01254 0.00000 0.00000 ( 1)
  89 S   0.98490 0.01510 0.00000 0.00000 ( 1)
  90 T   0.97200 0.02800 0.00000 0.00000 ( 1)
  91 V   0.48537 0.51463 0.00000 0.00000 ( 2)
  92 L   0.94412 0.05588 0.00000 0.00000 ( 1)
  93 L   0.94387 0.05613 0.00000 0.00000 ( 1)
  94 P   0.98887 0.01113 0.00000 0.00000 ( 1)
  95 N   0.79116 0.20884 0.00000 0.00000 ( 1)
  96 V   0.10825 0.89175 0.00000 0.00000 ( 2)
  97 T   0.91311 0.08689 0.00000 0.00000 ( 1)
  98 L   0.54039 0.45961 0.00000 0.00000 ( 1)
  99 G   0.97868 0.02132 0.00000 0.00000 ( 1)
 100 Y   0.19442 0.80558 0.00000 0.00000 ( 2)
 101 E   0.00385 0.99615 0.00000 0.00000 ( 2)
 102 L   0.95145 0.04855 0.00000 0.00000 ( 1)
 103 Y   0.08674 0.91326 0.00000 0.00000 ( 2)
 104 D   0.95920 0.04080 0.00000 0.00000 ( 1)
 105 V   0.97882 0.02118 0.00000 0.00000 ( 1)
 106 C   0.97977 0.02023 0.00000 0.00000 ( 1)
 107 S   0.94895 0.05105 0.00000 0.00000 ( 1)
 108 E   0.85741 0.14259 0.00000 0.00000 ( 1)
 109 S   0.92940 0.07060 0.00000 0.00000 ( 1)
 110 A   0.98961 0.01039 0.00000 0.00000 ( 1)
 111 N   0.95082 0.04918 0.00000 0.00000 ( 1)
 112 V   0.97882 0.02118 0.00000 0.00000 ( 1)
 113 Y   0.92688 0.07312 0.00000 0.00000 ( 1)
 114 A   0.98841 0.01159 0.00000 0.00000 ( 1)
 115 T   0.97219 0.02781 0.00000 0.00000 ( 1)
 116 L   0.94412 0.05588 0.00000 0.00000 ( 1)
 117 S   0.09163 0.90837 0.00000 0.00000 ( 2)
 118 V   0.82768 0.17232 0.00000 0.00000 ( 1)
 119 L   0.98741 0.01259 0.00000 0.00000 ( 1)
 120 S   0.98402 0.01598 0.00000 0.00000 ( 1)
 121 L   0.14459 0.85541 0.00000 0.00000 ( 2)
 122 P   0.42950 0.57050 0.00000 0.00000 ( 2)
 123 G   0.97611 0.02389 0.00000 0.00000 ( 1)
 124 T   0.07897 0.92103 0.00000 0.00000 ( 2)
 125 R   0.00001 0.99999 0.00000 0.00000 ( 2)
 126 H   0.98603 0.01397 0.00000 0.00000 ( 1)
 127 I   0.94739 0.05261 0.00000 0.00000 ( 1)
 128 D   0.31846 0.68154 0.00000 0.00000 ( 2)
 129 I   0.90013 0.09987 0.00000 0.00000 ( 1)
 130 Q   0.91536 0.08464 0.00000 0.00000 ( 1)
 131 G   0.45430 0.54570 0.00000 0.00000 ( 2)
 132 D   0.85683 0.14317 0.00000 0.00000 ( 1)
 133 F   0.12802 0.87198 0.00000 0.00000 ( 2)
 134 L   0.98741 0.01259 0.00000 0.00000 ( 1)
 135 H   0.00559 0.99441 0.00000 0.00000 ( 2)
 136 Y   0.92588 0.07412 0.00000 0.00000 ( 1)
 137 S   0.03852 0.96148 0.00000 0.00000 ( 2)
 138 P   0.97271 0.02729 0.00000 0.00000 ( 1)
 139 K   0.79418 0.20582 0.00000 0.00000 ( 1)
 140 I   0.71252 0.28748 0.00000 0.00000 ( 1)
 141 V   0.74197 0.25803 0.00000 0.00000 ( 1)
 142 A   0.96745 0.03255 0.00000 0.00000 ( 1)
 143 V   0.97900 0.02100 0.00000 0.00000 ( 1)
 144 I   0.54003 0.45997 0.00000 0.00000 ( 1)
 145 G   0.81691 0.18309 0.00000 0.00000 ( 1)
 146 P   0.64578 0.35422 0.00000 0.00000 ( 1)
 147 D   0.46312 0.53688 0.00000 0.00000 ( 2)
 148 S   0.00033 0.99967 0.00000 0.00000 ( 2)
 149 T   0.90098 0.09902 0.00000 0.00000 ( 1)
 150 D   0.09741 0.90259 0.00000 0.00000 ( 2)
 151 H   0.00015 0.99985 0.00000 0.00000 ( 2)
 152 A   0.63648 0.36352 0.00000 0.00000 ( 1)
 153 A   0.75322 0.24678 0.00000 0.00000 ( 1)
 154 T   0.64633 0.35367 0.00000 0.00000 ( 1)
 155 T   0.08542 0.91458 0.00000 0.00000 ( 2)
 156 A   0.96978 0.03022 0.00000 0.00000 ( 1)
 157 A   0.88748 0.11252 0.00000 0.00000 ( 1)
 158 L   0.94006 0.05994 0.00000 0.00000 ( 1)
 159 L   0.94847 0.05153 0.00000 0.00000 ( 1)
 160 S   0.88100 0.11900 0.00000 0.00000 ( 1)
 161 P   0.92932 0.07068 0.00000 0.00000 ( 1)
 162 F   0.40300 0.59700 0.00000 0.00000 ( 2)
 163 L   0.94155 0.05845 0.00000 0.00000 ( 1)
 164 V   0.36535 0.63465 0.00000 0.00000 ( 2)
 165 P   0.98856 0.01144 0.00000 0.00000 ( 1)
 166 L   0.17212 0.82788 0.00000 0.00000 ( 2)
 167 I   0.99300 0.00700 0.00000 0.00000 ( 1)
 168 S   0.98974 0.01026 0.00000 0.00000 ( 1)
 169 Y   0.95677 0.04323 0.00000 0.00000 ( 1)
 170 E   0.00393 0.99607 0.00000 0.00000 ( 2)
 171 A   0.99233 0.00767 0.00000 0.00000 ( 1)
 172 S   0.98974 0.01026 0.00000 0.00000 ( 1)
 173 S   0.98904 0.01096 0.00000 0.00000 ( 1)
 174 T   0.00039 0.99961 0.00000 0.00000 ( 2)
 175 T   0.02578 0.97422 0.00000 0.00000 ( 2)
 176 L   0.98536 0.01464 0.00000 0.00000 ( 1)
 177 S   0.47078 0.52922 0.00000 0.00000 ( 2)
 178 V   0.00060 0.99940 0.00000 0.00000 ( 2)
 179 K   0.97967 0.02033 0.00000 0.00000 ( 1)
 180 R   0.23438 0.76562 0.00000 0.00000 ( 2)
 181 Q   0.67535 0.32465 0.00000 0.00000 ( 1)
 182 Y   0.93379 0.06621 0.00000 0.00000 ( 1)
 183 P   0.99002 0.00998 0.00000 0.00000 ( 1)
 184 S   0.94113 0.05887 0.00000 0.00000 ( 1)
 185 F   0.98540 0.01460 0.00000 0.00000 ( 1)
 186 L   0.95145 0.04855 0.00000 0.00000 ( 1)
 187 R   0.98574 0.01426 0.00000 0.00000 ( 1)
 188 T   0.99101 0.00899 0.00000 0.00000 ( 1)
 189 I   0.94548 0.05452 0.00000 0.00000 ( 1)
 190 P   0.99002 0.00998 0.00000 0.00000 ( 1)
 191 S   0.32458 0.67542 0.00000 0.00000 ( 2)
 192 D   0.99133 0.00867 0.00000 0.00000 ( 1)
 193 R   0.33486 0.66514 0.00000 0.00000 ( 2)
 194 H   0.07068 0.92932 0.00000 0.00000 ( 2)
 195 Q   0.96327 0.03673 0.00000 0.00000 ( 1)
 196 V   0.98323 0.01677 0.00000 0.00000 ( 1)
 197 E   0.98257 0.01743 0.00000 0.00000 ( 1)
 198 V   0.54083 0.45917 0.00000 0.00000 ( 1)
 199 M   0.92106 0.07894 0.00000 0.00000 ( 1)
 200 V   0.98323 0.01677 0.00000 0.00000 ( 1)
 201 L   0.66180 0.33820 0.00000 0.00000 ( 1)
 202 L   0.95145 0.04855 0.00000 0.00000 ( 1)
 203 L   0.95125 0.04875 0.00000 0.00000 ( 1)
 204 Q   0.01851 0.98149 0.00000 0.00000 ( 2)
 205 R   0.28988 0.71012 0.00000 0.00000 ( 2)
 206 F   0.99288 0.00712 0.00000 0.00000 ( 1)
 207 R   0.00046 0.99954 0.00000 0.00000 ( 2)
 208 W   0.95390 0.04610 0.00000 0.00000 ( 1)
 209 V   0.45768 0.54232 0.00000 0.00000 ( 2)
 210 W   0.95390 0.04610 0.00000 0.00000 ( 1)
 211 I   0.99416 0.00584 0.00000 0.00000 ( 1)
 212 S   0.94171 0.05829 0.00000 0.00000 ( 1)
 213 L   0.95145 0.04855 0.00000 0.00000 ( 1)
 214 V   0.27443 0.72557 0.00000 0.00000 ( 2)
 215 G   0.98887 0.01113 0.00000 0.00000 ( 1)
 216 S   0.98914 0.01086 0.00000 0.00000 ( 1)
 217 Y   0.00139 0.99861 0.00000 0.00000 ( 2)
 218 G   0.79776 0.20224 0.00000 0.00000 ( 1)
 219 D   0.99177 0.00823 0.00000 0.00000 ( 1)
 220 Y   0.95677 0.04323 0.00000 0.00000 ( 1)
 221 G   0.97894 0.02106 0.00000 0.00000 ( 1)
 222 Q   0.76117 0.23883 0.00000 0.00000 ( 1)
 223 Q   0.11870 0.88130 0.00000 0.00000 ( 2)
 224 G   0.79191 0.20809 0.00000 0.00000 ( 1)
 225 V   0.98073 0.01927 0.00000 0.00000 ( 1)
 226 Q   0.73031 0.26969 0.00000 0.00000 ( 1)
 227 A   0.64965 0.35035 0.00000 0.00000 ( 1)
 228 L   0.95336 0.04664 0.00000 0.00000 ( 1)
 229 E   0.37503 0.62497 0.00000 0.00000 ( 2)
 230 N   0.00947 0.99053 0.00000 0.00000 ( 2)
 231 Q   0.72889 0.27111 0.00000 0.00000 ( 1)
 232 A   0.99233 0.00767 0.00000 0.00000 ( 1)
 233 T   0.97770 0.02230 0.00000 0.00000 ( 1)
 234 D   0.00154 0.99846 0.00000 0.00000 ( 2)
 235 Q   0.70860 0.29140 0.00000 0.00000 ( 1)
 236 G   0.35828 0.64172 0.00000 0.00000 ( 2)
 237 I   0.94454 0.05546 0.00000 0.00000 ( 1)
 238 C   0.98626 0.01374 0.00000 0.00000 ( 1)
 239 I   0.95657 0.04343 0.00000 0.00000 ( 1)
 240 A   0.94746 0.05254 0.00000 0.00000 ( 1)
 241 F   0.99288 0.00712 0.00000 0.00000 ( 1)
 242 K   0.97967 0.02033 0.00000 0.00000 ( 1)
 243 D   0.92048 0.07952 0.00000 0.00000 ( 1)
 244 I   0.43015 0.56985 0.00000 0.00000 ( 2)
 245 V   0.84917 0.15083 0.00000 0.00000 ( 1)
 246 P   0.98758 0.01242 0.00000 0.00000 ( 1)
 247 L   0.92350 0.07650 0.00000 0.00000 ( 1)
 248 S   0.60270 0.39730 0.00000 0.00000 ( 1)
 249 A   0.99233 0.00767 0.00000 0.00000 ( 1)
 250 R   0.00023 0.99977 0.00000 0.00000 ( 2)
 251 V   0.97791 0.02209 0.00000 0.00000 ( 1)
 252 G   0.96693 0.03307 0.00000 0.00000 ( 1)
 253 D   0.95506 0.04494 0.00000 0.00000 ( 1)
 254 E   0.36836 0.63164 0.00000 0.00000 ( 2)
 255 R   0.78300 0.21700 0.00000 0.00000 ( 1)
 256 M   0.99195 0.00805 0.00000 0.00000 ( 1)
 257 Q   0.73107 0.26893 0.00000 0.00000 ( 1)
 258 G   0.00476 0.99524 0.00000 0.00000 ( 2)
 259 M   0.08046 0.91954 0.00000 0.00000 ( 2)
 260 M   0.99195 0.00805 0.00000 0.00000 ( 1)
 261 N   0.00069 0.99931 0.00000 0.00000 ( 2)
 262 R   0.08695 0.91305 0.00000 0.00000 ( 2)
 263 L   0.95145 0.04855 0.00000 0.00000 ( 1)
 264 A   0.93022 0.06978 0.00000 0.00000 ( 1)
 265 R   0.02451 0.97549 0.00000 0.00000 ( 2)
 266 A   0.99082 0.00918 0.00000 0.00000 ( 1)
 267 G   0.00477 0.99523 0.00000 0.00000 ( 2)
 268 T   0.91581 0.08419 0.00000 0.00000 ( 1)
 269 T   0.83722 0.16278 0.00000 0.00000 ( 1)
 270 V   0.98994 0.01006 0.00000 0.00000 ( 1)
 271 V   0.98323 0.01677 0.00000 0.00000 ( 1)
 272 V   0.32977 0.67023 0.00000 0.00000 ( 2)
 273 V   0.94863 0.05137 0.00000 0.00000 ( 1)
 274 F   0.98235 0.01765 0.00000 0.00000 ( 1)
 275 S   0.98842 0.01158 0.00000 0.00000 ( 1)
 276 S   0.00613 0.99387 0.00000 0.00000 ( 2)
 277 R   0.11682 0.88318 0.00000 0.00000 ( 2)
 278 R   0.00030 0.99970 0.00000 0.00000 ( 2)
 279 L   0.09036 0.90964 0.00000 0.00000 ( 2)
 280 A   0.99233 0.00767 0.00000 0.00000 ( 1)
 281 R   0.81747 0.18253 0.00000 0.00000 ( 1)
 282 V   0.98323 0.01677 0.00000 0.00000 ( 1)
 283 F   0.98785 0.01215 0.00000 0.00000 ( 1)
 284 F   0.98965 0.01035 0.00000 0.00000 ( 1)
 285 E   0.98257 0.01743 0.00000 0.00000 ( 1)
 286 S   0.98329 0.01671 0.00000 0.00000 ( 1)
 287 V   0.98323 0.01677 0.00000 0.00000 ( 1)
 288 V   0.98323 0.01677 0.00000 0.00000 ( 1)
 289 L   0.95072 0.04928 0.00000 0.00000 ( 1)
 290 A   0.92947 0.07053 0.00000 0.00000 ( 1)
 291 N   0.91533 0.08467 0.00000 0.00000 ( 1)
 292 L   0.67050 0.32950 0.00000 0.00000 ( 1)
 293 T   0.94104 0.05896 0.00000 0.00000 ( 1)
 294 G   0.98887 0.01113 0.00000 0.00000 ( 1)
 295 K   0.97967 0.02033 0.00000 0.00000 ( 1)
 296 V   0.98323 0.01677 0.00000 0.00000 ( 1)
 297 W   0.95390 0.04610 0.00000 0.00000 ( 1)
 298 I   0.47595 0.52405 0.00000 0.00000 ( 2)
 299 A   0.99233 0.00767 0.00000 0.00000 ( 1)
 300 S   0.87418 0.12582 0.00000 0.00000 ( 1)
 301 E   0.91885 0.08115 0.00000 0.00000 ( 1)
 302 D   0.50670 0.49330 0.00000 0.00000 ( 1)
 303 W   0.95390 0.04610 0.00000 0.00000 ( 1)
 304 A   0.91875 0.08125 0.00000 0.00000 ( 1)
 305 I   0.92145 0.07855 0.00000 0.00000 ( 1)
 306 S   0.98842 0.01158 0.00000 0.00000 ( 1)
 307 R   0.04690 0.95310 0.00000 0.00000 ( 2)
 308 H   0.89436 0.10564 0.00000 0.00000 ( 1)
 309 I   0.99416 0.00584 0.00000 0.00000 ( 1)
 310 T   0.64743 0.35257 0.00000 0.00000 ( 1)
 311 G   0.28910 0.71090 0.00000 0.00000 ( 2)
 312 V   0.98046 0.01954 0.00000 0.00000 ( 1)
 313 P   0.97982 0.02018 0.00000 0.00000 ( 1)
 314 G   0.97707 0.02293 0.00000 0.00000 ( 1)
 315 I   0.99416 0.00584 0.00000 0.00000 ( 1)
 316 Q   0.19962 0.80038 0.00000 0.00000 ( 2)
 317 G   0.43238 0.56762 0.00000 0.00000 ( 2)
 318 I   0.96963 0.03037 0.00000 0.00000 ( 1)
 319 G   0.97646 0.02354 0.00000 0.00000 ( 1)
 320 T   0.00029 0.99971 0.00000 0.00000 ( 2)
 321 V   0.98386 0.01614 0.00000 0.00000 ( 1)
 322 L   0.95145 0.04855 0.00000 0.00000 ( 1)
 323 G   0.95871 0.04129 0.00000 0.00000 ( 1)
 324 V   0.98286 0.01714 0.00000 0.00000 ( 1)
 325 A   0.99233 0.00767 0.00000 0.00000 ( 1)
 326 I   0.99416 0.00584 0.00000 0.00000 ( 1)
 327 Q   0.96327 0.03673 0.00000 0.00000 ( 1)
 328 L   0.02843 0.97157 0.00000 0.00000 ( 2)
 329 R   0.31481 0.68519 0.00000 0.00000 ( 2)
 330 L   0.00012 0.99988 0.00000 0.00000 ( 2)
 331 V   0.92628 0.07372 0.00000 0.00000 ( 1)
 332 P   0.94875 0.05125 0.00000 0.00000 ( 1)
 333 G   0.90173 0.09827 0.00000 0.00000 ( 1)
 334 L   0.95114 0.04886 0.00000 0.00000 ( 1)
 335 K   0.83339 0.16661 0.00000 0.00000 ( 1)
 336 E   0.80772 0.19228 0.00000 0.00000 ( 1)
 337 F   0.67898 0.32102 0.00000 0.00000 ( 1)
 338 E   0.90754 0.09246 0.00000 0.00000 ( 1)
 339 E   0.96114 0.03886 0.00000 0.00000 ( 1)
 340 A   0.99233 0.00767 0.00000 0.00000 ( 1)
 341 Y   0.92494 0.07506 0.00000 0.00000 ( 1)
 342 A   0.93067 0.06933 0.00000 0.00000 ( 1)
 343 Q   0.00090 0.99910 0.00000 0.00000 ( 2)
 344 A   0.52857 0.47143 0.00000 0.00000 ( 1)
 345 D   0.99177 0.00823 0.00000 0.00000 ( 1)
 346 K   0.97967 0.02033 0.00000 0.00000 ( 1)
 347 G   0.00411 0.99589 0.00000 0.00000 ( 2)
 348 A   0.92042 0.07958 0.00000 0.00000 ( 1)
 349 P   0.03951 0.96049 0.00000 0.00000 ( 2)
 350 L   0.14463 0.85537 0.00000 0.00000 ( 2)
 351 P   0.47182 0.52818 0.00000 0.00000 ( 2)
 352 C   0.98441 0.01559 0.00000 0.00000 ( 1)
 353 P   0.00870 0.99130 0.00000 0.00000 ( 2)
 354 T   0.03186 0.96814 0.00000 0.00000 ( 2)
 355 G   0.90097 0.09903 0.00000 0.00000 ( 1)
 356 A   0.88399 0.11601 0.00000 0.00000 ( 1)
 357 W   0.70374 0.29626 0.00000 0.00000 ( 1)
 358 C   0.98626 0.01374 0.00000 0.00000 ( 1)
 359 S   0.98974 0.01026 0.00000 0.00000 ( 1)
 360 S   0.98974 0.01026 0.00000 0.00000 ( 1)
 361 N   0.94564 0.05436 0.00000 0.00000 ( 1)
 362 Q   0.96327 0.03673 0.00000 0.00000 ( 1)
 363 L   0.47818 0.52182 0.00000 0.00000 ( 2)
 364 C   0.98441 0.01559 0.00000 0.00000 ( 1)
 365 R   0.89988 0.10012 0.00000 0.00000 ( 1)
 366 E   0.08829 0.91171 0.00000 0.00000 ( 2)
 367 C   0.98428 0.01572 0.00000 0.00000 ( 1)
 368 C   0.00022 0.99978 0.00000 0.00000 ( 2)
 369 A   0.67370 0.32630 0.00000 0.00000 ( 1)
 370 F   0.99288 0.00712 0.00000 0.00000 ( 1)
 371 T   0.00004 0.99996 0.00000 0.00000 ( 2)
 372 A   0.06826 0.93174 0.00000 0.00000 ( 2)
 373 H   0.98910 0.01090 0.00000 0.00000 ( 1)
 374 T   0.00003 0.99997 0.00000 0.00000 ( 2)
 375 T   0.92132 0.07868 0.00000 0.00000 ( 1)
 376 P   0.98949 0.01051 0.00000 0.00000 ( 1)
 377 T   0.02565 0.97435 0.00000 0.00000 ( 2)
 378 L   0.98234 0.01766 0.00000 0.00000 ( 1)
 379 G   0.00008 0.99992 0.00000 0.00000 ( 2)
 380 P   0.51822 0.48178 0.00000 0.00000 ( 1)
 381 F   0.92999 0.07001 0.00000 0.00000 ( 1)
 382 S   0.98842 0.01158 0.00000 0.00000 ( 1)
 383 M   0.99195 0.00805 0.00000 0.00000 ( 1)
 384 S   0.94413 0.05587 0.00000 0.00000 ( 1)
 385 S   0.60039 0.39961 0.00000 0.00000 ( 1)
 386 A   0.99233 0.00767 0.00000 0.00000 ( 1)
 387 Y   0.98507 0.01493 0.00000 0.00000 ( 1)
 388 N   0.99030 0.00970 0.00000 0.00000 ( 1)
 389 V   0.23782 0.76218 0.00000 0.00000 ( 2)
 390 Y   0.97875 0.02125 0.00000 0.00000 ( 1)
 391 Q   0.01968 0.98032 0.00000 0.00000 ( 2)
 392 A   0.93474 0.06526 0.00000 0.00000 ( 1)
 393 V   0.98323 0.01677 0.00000 0.00000 ( 1)
 394 Y   0.95781 0.04219 0.00000 0.00000 ( 1)
 395 T   0.01799 0.98201 0.00000 0.00000 ( 2)
 396 V   0.98323 0.01677 0.00000 0.00000 ( 1)
 397 A   0.99205 0.00795 0.00000 0.00000 ( 1)
 398 H   0.94633 0.05367 0.00000 0.00000 ( 1)
 399 G   0.98887 0.01113 0.00000 0.00000 ( 1)
 400 L   0.99050 0.00950 0.00000 0.00000 ( 1)
 401 H   0.98932 0.01068 0.00000 0.00000 ( 1)
 402 Q   0.96327 0.03673 0.00000 0.00000 ( 1)
 403 L   0.99050 0.00950 0.00000 0.00000 ( 1)
 404 L   0.95145 0.04855 0.00000 0.00000 ( 1)
 405 G   0.98887 0.01113 0.00000 0.00000 ( 1)
 406 C   0.96160 0.03840 0.00000 0.00000 ( 1)
 407 A   0.91088 0.08912 0.00000 0.00000 ( 1)
 408 S   0.94691 0.05309 0.00000 0.00000 ( 1)
 409 G   0.87932 0.12068 0.00000 0.00000 ( 1)
 410 A   0.83485 0.16515 0.00000 0.00000 ( 1)
 411 C   0.93287 0.06713 0.00000 0.00000 ( 1)
 412 S   0.98842 0.01158 0.00000 0.00000 ( 1)
 413 R   0.97745 0.02255 0.00000 0.00000 ( 1)
 414 S   0.47834 0.52166 0.00000 0.00000 ( 2)
 415 Q   0.00702 0.99298 0.00000 0.00000 ( 2)
 416 V   0.99242 0.00758 0.00000 0.00000 ( 1)
 417 Y   0.36390 0.63610 0.00000 0.00000 ( 2)
 418 P   0.98940 0.01060 0.00000 0.00000 ( 1)
 419 W   0.95390 0.04610 0.00000 0.00000 ( 1)
 420 Q   0.96327 0.03673 0.00000 0.00000 ( 1)
 421 L   0.93927 0.06073 0.00000 0.00000 ( 1)
 422 L   0.94743 0.05257 0.00000 0.00000 ( 1)
 423 E   0.85062 0.14938 0.00000 0.00000 ( 1)
 424 Q   0.96327 0.03673 0.00000 0.00000 ( 1)
 425 I   0.99416 0.00584 0.00000 0.00000 ( 1)
 426 H   0.00748 0.99252 0.00000 0.00000 ( 2)
 427 K   0.97905 0.02095 0.00000 0.00000 ( 1)
 428 A   0.86440 0.13560 0.00000 0.00000 ( 1)
 429 N   0.64195 0.35805 0.00000 0.00000 ( 1)
 430 F   0.99267 0.00733 0.00000 0.00000 ( 1)
 431 L   0.93927 0.06073 0.00000 0.00000 ( 1)
 432 L   0.85421 0.14579 0.00000 0.00000 ( 1)
 433 H   0.98686 0.01314 0.00000 0.00000 ( 1)
 434 E   0.00474 0.99526 0.00000 0.00000 ( 2)
 435 D   0.99177 0.00823 0.00000 0.00000 ( 1)
 436 T   0.94893 0.05107 0.00000 0.00000 ( 1)
 437 V   0.98323 0.01677 0.00000 0.00000 ( 1)
 438 T   0.00160 0.99840 0.00000 0.00000 ( 2)
 439 F   0.67586 0.32414 0.00000 0.00000 ( 1)
 440 N   0.15627 0.84373 0.00000 0.00000 ( 2)
 441 D   0.99177 0.00823 0.00000 0.00000 ( 1)
 442 N   0.96321 0.03679 0.00000 0.00000 ( 1)
 443 G   0.14724 0.85276 0.00000 0.00000 ( 2)
 444 D   0.31934 0.68066 0.00000 0.00000 ( 2)
 445 P   0.90437 0.09563 0.00000 0.00000 ( 1)
 446 L   0.40986 0.59014 0.00000 0.00000 ( 2)
 447 S   0.94283 0.05717 0.00000 0.00000 ( 1)
 448 G   0.89289 0.10711 0.00000 0.00000 ( 1)
 449 Y   0.92494 0.07506 0.00000 0.00000 ( 1)
 450 N   0.08824 0.91176 0.00000 0.00000 ( 2)
 451 I   0.95656 0.04344 0.00000 0.00000 ( 1)
 452 I   0.95657 0.04343 0.00000 0.00000 ( 1)
 453 A   0.92936 0.07064 0.00000 0.00000 ( 1)
 454 W   0.95390 0.04610 0.00000 0.00000 ( 1)
 455 D   0.99177 0.00823 0.00000 0.00000 ( 1)
 456 W   0.95390 0.04610 0.00000 0.00000 ( 1)
 457 I   0.01716 0.98284 0.00000 0.00000 ( 2)
 458 G   0.97447 0.02553 0.00000 0.00000 ( 1)
 459 F   0.49423 0.50577 0.00000 0.00000 ( 2)
 460 K   0.85021 0.14979 0.00000 0.00000 ( 1)
 461 W   0.95390 0.04610 0.00000 0.00000 ( 1)
 462 T   0.99101 0.00899 0.00000 0.00000 ( 1)
 463 F   0.99174 0.00826 0.00000 0.00000 ( 1)
 464 T   0.96926 0.03074 0.00000 0.00000 ( 1)
 465 V   0.39649 0.60351 0.00000 0.00000 ( 2)
 466 I   0.02412 0.97588 0.00000 0.00000 ( 2)
 467 G   0.98049 0.01951 0.00000 0.00000 ( 1)
 468 S   0.98778 0.01222 0.00000 0.00000 ( 1)
 469 S   0.98842 0.01158 0.00000 0.00000 ( 1)
 470 T   0.89850 0.10150 0.00000 0.00000 ( 1)
 471 A   0.15385 0.84615 0.00000 0.00000 ( 2)
 472 S   0.58748 0.41252 0.00000 0.00000 ( 1)
 473 P   0.87077 0.12923 0.00000 0.00000 ( 1)
 474 V   0.63333 0.36667 0.00000 0.00000 ( 1)
 475 R   0.00099 0.99901 0.00000 0.00000 ( 2)
 476 L   0.89062 0.10938 0.00000 0.00000 ( 1)
 477 D   0.90208 0.09792 0.00000 0.00000 ( 1)
 478 I   0.95458 0.04542 0.00000 0.00000 ( 1)
 479 N   0.94564 0.05436 0.00000 0.00000 ( 1)
 480 E   0.85076 0.14924 0.00000 0.00000 ( 1)
 481 T   0.99099 0.00901 0.00000 0.00000 ( 1)
 482 K   0.89777 0.10223 0.00000 0.00000 ( 1)
 483 I   0.99376 0.00624 0.00000 0.00000 ( 1)
 484 Q   0.96327 0.03673 0.00000 0.00000 ( 1)
 485 W   0.95390 0.04610 0.00000 0.00000 ( 1)
 486 H   0.87682 0.12318 0.00000 0.00000 ( 1)
 487 R   0.06771 0.93229 0.00000 0.00000 ( 2)
 488 K   0.97967 0.02033 0.00000 0.00000 ( 1)
 489 D   0.92547 0.07453 0.00000 0.00000 ( 1)
 490 N   0.99054 0.00946 0.00000 0.00000 ( 1)
 491 Q   0.96327 0.03673 0.00000 0.00000 ( 1)
 492 V   0.98286 0.01714 0.00000 0.00000 ( 1)
 493 P   0.94486 0.05514 0.00000 0.00000 ( 1)
 494 Q   0.31608 0.68392 0.00000 0.00000 ( 2)
 495 S   0.93257 0.06743 0.00000 0.00000 ( 1)
 496 V   0.98323 0.01677 0.00000 0.00000 ( 1)
 497 C   0.97089 0.02911 0.00000 0.00000 ( 1)
 498 S   0.98842 0.01158 0.00000 0.00000 ( 1)
 499 S   0.97704 0.02296 0.00000 0.00000 ( 1)
 500 D   0.99126 0.00874 0.00000 0.00000 ( 1)
 501 C   0.93807 0.06193 0.00000 0.00000 ( 1)
 502 L   0.93927 0.06073 0.00000 0.00000 ( 1)
 503 E   0.50194 0.49806 0.00000 0.00000 ( 1)
 504 G   0.97360 0.02640 0.00000 0.00000 ( 1)
 505 H   0.90309 0.09691 0.00000 0.00000 ( 1)
 506 Q   0.96327 0.03673 0.00000 0.00000 ( 1)
 507 R   0.05478 0.94522 0.00000 0.00000 ( 2)
 508 V   0.98323 0.01677 0.00000 0.00000 ( 1)
 509 V   0.95020 0.04980 0.00000 0.00000 ( 1)
 510 V   0.00032 0.99968 0.00000 0.00000 ( 2)
 511 G   0.59674 0.40326 0.00000 0.00000 ( 1)
 512 S   0.93160 0.06840 0.00000 0.00000 ( 1)
 513 H   0.18141 0.81859 0.00000 0.00000 ( 2)
 514 H   0.90552 0.09448 0.00000 0.00000 ( 1)
 515 C   0.93557 0.06443 0.00000 0.00000 ( 1)
 516 C   0.98626 0.01374 0.00000 0.00000 ( 1)
 517 F   0.96350 0.03650 0.00000 0.00000 ( 1)
 518 E   0.85307 0.14693 0.00000 0.00000 ( 1)
 519 C   0.93287 0.06713 0.00000 0.00000 ( 1)
 520 V   0.97335 0.02665 0.00000 0.00000 ( 1)
 521 P   0.98682 0.01318 0.00000 0.00000 ( 1)
 522 C   0.93371 0.06629 0.00000 0.00000 ( 1)
 523 E   0.28156 0.71844 0.00000 0.00000 ( 2)
 524 S   0.61194 0.38806 0.00000 0.00000 ( 1)
 525 G   0.97609 0.02391 0.00000 0.00000 ( 1)
 526 T   0.32934 0.67066 0.00000 0.00000 ( 2)
 527 F   0.57052 0.42948 0.00000 0.00000 ( 1)
 528 L   0.44856 0.55144 0.00000 0.00000 ( 2)
 529 N   0.51665 0.48335 0.00000 0.00000 ( 1)
 530 K   0.33188 0.66812 0.00000 0.00000 ( 2)
 531 S   0.93513 0.06487 0.00000 0.00000 ( 1)
 532 D   0.98896 0.01104 0.00000 0.00000 ( 1)
 533 L   0.88115 0.11885 0.00000 0.00000 ( 1)
 534 Y   0.84215 0.15785 0.00000 0.00000 ( 1)
 535 R   0.11193 0.88807 0.00000 0.00000 ( 2)
 536 C   0.98155 0.01845 0.00000 0.00000 ( 1)
 537 Q   0.96327 0.03673 0.00000 0.00000 ( 1)
 538 P   0.60409 0.39591 0.00000 0.00000 ( 1)
 539 C   0.93287 0.06713 0.00000 0.00000 ( 1)
 540 G   0.97707 0.02293 0.00000 0.00000 ( 1)
 541 K   0.90833 0.09167 0.00000 0.00000 ( 1)
 542 E   0.90754 0.09246 0.00000 0.00000 ( 1)
 543 E   0.98254 0.01746 0.00000 0.00000 ( 1)
 544 W   0.95390 0.04610 0.00000 0.00000 ( 1)
 545 A   0.87757 0.12243 0.00000 0.00000 ( 1)
 546 P   0.94928 0.05072 0.00000 0.00000 ( 1)
 547 E   0.05245 0.94755 0.00000 0.00000 ( 2)
 548 G   0.38915 0.61085 0.00000 0.00000 ( 2)
 549 S   0.98974 0.01026 0.00000 0.00000 ( 1)
 550 Q   0.96327 0.03673 0.00000 0.00000 ( 1)
 551 T   0.90697 0.09303 0.00000 0.00000 ( 1)
 552 C   0.98626 0.01374 0.00000 0.00000 ( 1)
 553 F   0.99204 0.00796 0.00000 0.00000 ( 1)
 554 P   0.51184 0.48816 0.00000 0.00000 ( 1)
 555 R   0.97817 0.02183 0.00000 0.00000 ( 1)
 556 T   0.95024 0.04976 0.00000 0.00000 ( 1)
 557 V   0.98051 0.01949 0.00000 0.00000 ( 1)
 558 V   0.85860 0.14140 0.00000 0.00000 ( 1)
 559 F   0.16118 0.83882 0.00000 0.00000 ( 2)
 560 L   0.95071 0.04929 0.00000 0.00000 ( 1)
 561 A   0.13848 0.86152 0.00000 0.00000 ( 2)
 562 W   0.17244 0.82756 0.00000 0.00000 ( 2)
 563 H   0.16061 0.83939 0.00000 0.00000 ( 2)
 564 E   0.98257 0.01743 0.00000 0.00000 ( 1)
 565 C   0.00871 0.99129 0.00000 0.00000 ( 2)
 566 I   0.92401 0.07599 0.00000 0.00000 ( 1)
 567 S   0.93257 0.06743 0.00000 0.00000 ( 1)
 568 W   0.95390 0.04610 0.00000 0.00000 ( 1)
 569 V   0.98323 0.01677 0.00000 0.00000 ( 1)
 570 L   0.94799 0.05201 0.00000 0.00000 ( 1)
 571 L   0.95109 0.04891 0.00000 0.00000 ( 1)
 572 A   0.41636 0.58364 0.00000 0.00000 ( 2)
 573 A   0.65982 0.34018 0.00000 0.00000 ( 1)
 574 N   0.97542 0.02458 0.00000 0.00000 ( 1)
 575 T   0.78342 0.21658 0.00000 0.00000 ( 1)
 576 L   0.16900 0.83100 0.00000 0.00000 ( 2)
 577 L   0.94972 0.05028 0.00000 0.00000 ( 1)
 578 L   0.95133 0.04867 0.00000 0.00000 ( 1)
 579 V   0.67056 0.32944 0.00000 0.00000 ( 1)
 580 V   0.66963 0.33037 0.00000 0.00000 ( 1)
 581 V   0.68175 0.31825 0.00000 0.00000 ( 1)
 582 V   0.14193 0.85807 0.00000 0.00000 ( 2)
 583 G   0.97809 0.02191 0.00000 0.00000 ( 1)
 584 T   0.61695 0.38305 0.00000 0.00000 ( 1)
 585 V   0.63516 0.36484 0.00000 0.00000 ( 1)
 586 G   0.98638 0.01362 0.00000 0.00000 ( 1)
 587 L   0.95145 0.04855 0.00000 0.00000 ( 1)
 588 F   0.95315 0.04685 0.00000 0.00000 ( 1)
 589 A   0.99185 0.00815 0.00000 0.00000 ( 1)
 590 W   0.95390 0.04610 0.00000 0.00000 ( 1)
 591 H   0.98936 0.01064 0.00000 0.00000 ( 1)
 592 Q   0.35298 0.64702 0.00000 0.00000 ( 2)
 593 D   0.99177 0.00823 0.00000 0.00000 ( 1)
 594 T   0.99013 0.00987 0.00000 0.00000 ( 1)
 595 P   0.93718 0.06282 0.00000 0.00000 ( 1)
 596 V   0.98323 0.01677 0.00000 0.00000 ( 1)
 597 V   0.98261 0.01739 0.00000 0.00000 ( 1)
 598 R   0.97745 0.02255 0.00000 0.00000 ( 1)
 599 S   0.85600 0.14400 0.00000 0.00000 ( 1)
 600 A   0.92025 0.07975 0.00000 0.00000 ( 1)
 601 G   0.97707 0.02293 0.00000 0.00000 ( 1)
 602 G   0.98887 0.01113 0.00000 0.00000 ( 1)
 603 W   0.00361 0.99639 0.00000 0.00000 ( 2)
 604 L   0.95145 0.04855 0.00000 0.00000 ( 1)
 605 C   0.98610 0.01390 0.00000 0.00000 ( 1)
 606 F   0.98235 0.01765 0.00000 0.00000 ( 1)
 607 L   0.97817 0.02183 0.00000 0.00000 ( 1)
 608 M   0.99195 0.00805 0.00000 0.00000 ( 1)
 609 L   0.94847 0.05153 0.00000 0.00000 ( 1)
 610 G   0.98769 0.01231 0.00000 0.00000 ( 1)
 611 S   0.98763 0.01237 0.00000 0.00000 ( 1)
 612 L   0.95145 0.04855 0.00000 0.00000 ( 1)
 613 A   0.89319 0.10681 0.00000 0.00000 ( 1)
 614 G   0.00985 0.99015 0.00000 0.00000 ( 2)
 615 A   0.57483 0.42517 0.00000 0.00000 ( 1)
 616 S   0.98679 0.01321 0.00000 0.00000 ( 1)
 617 C   0.00788 0.99212 0.00000 0.00000 ( 2)
 618 S   0.98974 0.01026 0.00000 0.00000 ( 1)
 619 L   0.91027 0.08973 0.00000 0.00000 ( 1)
 620 Y   0.92494 0.07506 0.00000 0.00000 ( 1)
 621 G   0.98858 0.01142 0.00000 0.00000 ( 1)
 622 F   0.99248 0.00752 0.00000 0.00000 ( 1)
 623 F   0.95315 0.04685 0.00000 0.00000 ( 1)
 624 G   0.97360 0.02640 0.00000 0.00000 ( 1)
 625 E   0.97266 0.02734 0.00000 0.00000 ( 1)
 626 P   0.98851 0.01149 0.00000 0.00000 ( 1)
 627 T   0.52217 0.47783 0.00000 0.00000 ( 1)
 628 L   0.14022 0.85978 0.00000 0.00000 ( 2)
 629 P   0.73130 0.26870 0.00000 0.00000 ( 1)
 630 A   0.47999 0.52001 0.00000 0.00000 ( 2)
 631 C   0.98441 0.01559 0.00000 0.00000 ( 1)
 632 L   0.93906 0.06094 0.00000 0.00000 ( 1)
 633 L   0.95118 0.04882 0.00000 0.00000 ( 1)
 634 R   0.98587 0.01413 0.00000 0.00000 ( 1)
 635 Q   0.95970 0.04030 0.00000 0.00000 ( 1)
 636 A   0.90673 0.09327 0.00000 0.00000 ( 1)
 637 I   0.90119 0.09881 0.00000 0.00000 ( 1)
 638 F   0.95315 0.04685 0.00000 0.00000 ( 1)
 639 A   0.99109 0.00891 0.00000 0.00000 ( 1)
 640 L   0.94684 0.05316 0.00000 0.00000 ( 1)
 641 G   0.93616 0.06384 0.00000 0.00000 ( 1)
 642 F   0.98540 0.01460 0.00000 0.00000 ( 1)
 643 T   0.89550 0.10450 0.00000 0.00000 ( 1)
 644 I   0.94585 0.05415 0.00000 0.00000 ( 1)
 645 F   0.99262 0.00738 0.00000 0.00000 ( 1)
 646 L   0.95120 0.04880 0.00000 0.00000 ( 1)
 647 S   0.98827 0.01173 0.00000 0.00000 ( 1)
 648 C   0.98626 0.01374 0.00000 0.00000 ( 1)
 649 L   0.67050 0.32950 0.00000 0.00000 ( 1)
 650 T   0.87612 0.12388 0.00000 0.00000 ( 1)
 651 V   0.94538 0.05462 0.00000 0.00000 ( 1)
 652 R   0.98549 0.01451 0.00000 0.00000 ( 1)
 653 S   0.98319 0.01681 0.00000 0.00000 ( 1)
 654 F   0.99288 0.00712 0.00000 0.00000 ( 1)
 655 Q   0.88890 0.11110 0.00000 0.00000 ( 1)
 656 L   0.91376 0.08624 0.00000 0.00000 ( 1)
 657 V   0.91640 0.08360 0.00000 0.00000 ( 1)
 658 I   0.99416 0.00584 0.00000 0.00000 ( 1)
 659 I   0.99344 0.00656 0.00000 0.00000 ( 1)
 660 F   0.99288 0.00712 0.00000 0.00000 ( 1)
 661 K   0.97967 0.02033 0.00000 0.00000 ( 1)
 662 F   0.95315 0.04685 0.00000 0.00000 ( 1)
 663 S   0.98759 0.01241 0.00000 0.00000 ( 1)
 664 T   0.54272 0.45728 0.00000 0.00000 ( 1)
 665 K   0.97816 0.02184 0.00000 0.00000 ( 1)
 666 V   0.08523 0.91477 0.00000 0.00000 ( 2)
 667 P   0.97587 0.02413 0.00000 0.00000 ( 1)
 668 T   0.12269 0.87731 0.00000 0.00000 ( 2)
 669 F   0.99288 0.00712 0.00000 0.00000 ( 1)
 670 Y   0.40870 0.59130 0.00000 0.00000 ( 2)
 671 H   0.16280 0.83720 0.00000 0.00000 ( 2)
 672 T   0.56613 0.43387 0.00000 0.00000 ( 1)
 673 W   0.95390 0.04610 0.00000 0.00000 ( 1)
 674 V   0.99126 0.00874 0.00000 0.00000 ( 1)
 675 Q   0.88418 0.11582 0.00000 0.00000 ( 1)
 676 N   0.99054 0.00946 0.00000 0.00000 ( 1)
 677 H   0.98503 0.01497 0.00000 0.00000 ( 1)
 678 G   0.93422 0.06578 0.00000 0.00000 ( 1)
 679 A   0.95581 0.04419 0.00000 0.00000 ( 1)
 680 A   0.06184 0.93816 0.00000 0.00000 ( 2)
 681 L   0.95145 0.04855 0.00000 0.00000 ( 1)
 682 F   0.95315 0.04685 0.00000 0.00000 ( 1)
 683 I   0.64813 0.35187 0.00000 0.00000 ( 1)
 684 M   0.37575 0.62425 0.00000 0.00000 ( 2)
 685 I   0.99378 0.00622 0.00000 0.00000 ( 1)
 686 S   0.90837 0.09163 0.00000 0.00000 ( 1)
 687 S   0.85600 0.14400 0.00000 0.00000 ( 1)
 688 M   0.00623 0.99377 0.00000 0.00000 ( 2)
 689 A   0.07005 0.92995 0.00000 0.00000 ( 2)
 690 Q   0.96327 0.03673 0.00000 0.00000 ( 1)
 691 L   0.94795 0.05205 0.00000 0.00000 ( 1)
 692 L   0.94362 0.05638 0.00000 0.00000 ( 1)
 693 I   0.99416 0.00584 0.00000 0.00000 ( 1)
 694 C   0.93351 0.06649 0.00000 0.00000 ( 1)
 695 L   0.85421 0.14579 0.00000 0.00000 ( 1)
 696 T   0.94987 0.05013 0.00000 0.00000 ( 1)
 697 W   0.95390 0.04610 0.00000 0.00000 ( 1)
 698 L   0.94456 0.05544 0.00000 0.00000 ( 1)
 699 A   0.32530 0.67470 0.00000 0.00000 ( 2)
 700 V   0.85899 0.14101 0.00000 0.00000 ( 1)
 701 W   0.95390 0.04610 0.00000 0.00000 ( 1)
 702 T   0.98864 0.01136 0.00000 0.00000 ( 1)
 703 P   0.87077 0.12923 0.00000 0.00000 ( 1)
 704 L   0.95145 0.04855 0.00000 0.00000 ( 1)
 705 P   0.98841 0.01159 0.00000 0.00000 ( 1)
 706 T   0.82168 0.17832 0.00000 0.00000 ( 1)
 707 R   0.95503 0.04497 0.00000 0.00000 ( 1)
 708 E   0.90754 0.09246 0.00000 0.00000 ( 1)
 709 Y   0.98315 0.01685 0.00000 0.00000 ( 1)
 710 Q   0.21198 0.78802 0.00000 0.00000 ( 2)
 711 R   0.98591 0.01409 0.00000 0.00000 ( 1)
 712 F   0.99204 0.00796 0.00000 0.00000 ( 1)
 713 P   0.98851 0.01149 0.00000 0.00000 ( 1)
 714 Q   0.70175 0.29825 0.00000 0.00000 ( 1)
 715 L   0.95145 0.04855 0.00000 0.00000 ( 1)
 716 V   0.98051 0.01949 0.00000 0.00000 ( 1)
 717 V   0.51388 0.48612 0.00000 0.00000 ( 1)
 718 L   0.93927 0.06073 0.00000 0.00000 ( 1)
 719 E   0.83611 0.16389 0.00000 0.00000 ( 1)
 720 C   0.98626 0.01374 0.00000 0.00000 ( 1)
 721 T   0.87328 0.12672 0.00000 0.00000 ( 1)
 722 E   0.98257 0.01743 0.00000 0.00000 ( 1)
 723 T   0.00070 0.99930 0.00000 0.00000 ( 2)
 724 N   0.86967 0.13033 0.00000 0.00000 ( 1)
 725 S   0.96465 0.03535 0.00000 0.00000 ( 1)
 726 L   0.95145 0.04855 0.00000 0.00000 ( 1)
 727 G   0.98887 0.01113 0.00000 0.00000 ( 1)
 728 F   0.99288 0.00712 0.00000 0.00000 ( 1)
 729 M   0.28479 0.71521 0.00000 0.00000 ( 2)
 730 L   0.95119 0.04881 0.00000 0.00000 ( 1)
 731 A   0.99233 0.00767 0.00000 0.00000 ( 1)
 732 F   0.98910 0.01090 0.00000 0.00000 ( 1)
 733 G   0.00087 0.99913 0.00000 0.00000 ( 2)
 734 Y   0.98507 0.01493 0.00000 0.00000 ( 1)
 735 N   0.94564 0.05436 0.00000 0.00000 ( 1)
 736 G   0.88924 0.11076 0.00000 0.00000 ( 1)
 737 L   0.98882 0.01118 0.00000 0.00000 ( 1)
 738 L   0.98960 0.01040 0.00000 0.00000 ( 1)
 739 S   0.98122 0.01878 0.00000 0.00000 ( 1)
 740 V   0.09366 0.90634 0.00000 0.00000 ( 2)
 741 S   0.98004 0.01996 0.00000 0.00000 ( 1)
 742 A   0.99141 0.00859 0.00000 0.00000 ( 1)
 743 F   0.95315 0.04685 0.00000 0.00000 ( 1)
 744 A   0.99057 0.00943 0.00000 0.00000 ( 1)
 745 C   0.98494 0.01506 0.00000 0.00000 ( 1)
 746 S   0.90785 0.09215 0.00000 0.00000 ( 1)
 747 Y   0.98507 0.01493 0.00000 0.00000 ( 1)
 748 L   0.67067 0.32933 0.00000 0.00000 ( 1)
 749 G   0.98851 0.01149 0.00000 0.00000 ( 1)
 750 K   0.97816 0.02184 0.00000 0.00000 ( 1)
 751 D   0.99177 0.00823 0.00000 0.00000 ( 1)
 752 L   0.95012 0.04988 0.00000 0.00000 ( 1)
 753 P   0.87077 0.12923 0.00000 0.00000 ( 1)
 754 E   0.98257 0.01743 0.00000 0.00000 ( 1)
 755 N   0.99054 0.00946 0.00000 0.00000 ( 1)
 756 Y   0.96376 0.03624 0.00000 0.00000 ( 1)
 757 N   0.90578 0.09422 0.00000 0.00000 ( 1)
 758 E   0.98257 0.01743 0.00000 0.00000 ( 1)
 759 A   0.99185 0.00815 0.00000 0.00000 ( 1)
 760 K   0.89777 0.10223 0.00000 0.00000 ( 1)
 761 C   0.93287 0.06713 0.00000 0.00000 ( 1)
 762 V   0.99242 0.00758 0.00000 0.00000 ( 1)
 763 T   0.98860 0.01140 0.00000 0.00000 ( 1)
 764 F   0.98965 0.01035 0.00000 0.00000 ( 1)
 765 G   0.48346 0.51654 0.00000 0.00000 ( 2)
 766 L   0.95126 0.04874 0.00000 0.00000 ( 1)
 767 L   0.99050 0.00950 0.00000 0.00000 ( 1)
 768 L   0.91194 0.08806 0.00000 0.00000 ( 1)
 769 N   0.88986 0.11014 0.00000 0.00000 ( 1)
 770 F   0.99204 0.00796 0.00000 0.00000 ( 1)
 771 V   0.39294 0.60706 0.00000 0.00000 ( 2)
 772 S   0.98842 0.01158 0.00000 0.00000 ( 1)
 773 W   0.95390 0.04610 0.00000 0.00000 ( 1)
 774 I   0.99416 0.00584 0.00000 0.00000 ( 1)
 775 A   0.54927 0.45073 0.00000 0.00000 ( 1)
 776 F   0.93112 0.06888 0.00000 0.00000 ( 1)
 777 F   0.99244 0.00756 0.00000 0.00000 ( 1)
 778 T   0.99078 0.00922 0.00000 0.00000 ( 1)
 779 V   0.04183 0.95817 0.00000 0.00000 ( 2)
 780 A   0.99148 0.00852 0.00000 0.00000 ( 1)
 781 S   0.89925 0.10075 0.00000 0.00000 ( 1)
 782 V   0.93041 0.06959 0.00000 0.00000 ( 1)
 783 Y   0.86312 0.13688 0.00000 0.00000 ( 1)
 784 Q   0.33645 0.66355 0.00000 0.00000 ( 2)
 785 G   0.89775 0.10225 0.00000 0.00000 ( 1)
 786 K   0.97967 0.02033 0.00000 0.00000 ( 1)
 787 Y   0.98287 0.01713 0.00000 0.00000 ( 1)
 788 L   0.67046 0.32954 0.00000 0.00000 ( 1)
 789 P   0.90088 0.09912 0.00000 0.00000 ( 1)
 790 A   0.81374 0.18626 0.00000 0.00000 ( 1)
 791 V   0.90778 0.09222 0.00000 0.00000 ( 1)
 792 N   0.98166 0.01834 0.00000 0.00000 ( 1)
 793 V   0.42171 0.57829 0.00000 0.00000 ( 2)
 794 L   0.71475 0.28525 0.00000 0.00000 ( 1)
 795 A   0.98000 0.02000 0.00000 0.00000 ( 1)
 796 V   0.00277 0.99723 0.00000 0.00000 ( 2)
 797 L   0.71011 0.28989 0.00000 0.00000 ( 1)
 798 S   0.98974 0.01026 0.00000 0.00000 ( 1)
 799 S   0.98974 0.01026 0.00000 0.00000 ( 1)
 800 L   0.95137 0.04863 0.00000 0.00000 ( 1)
 801 S   0.90866 0.09134 0.00000 0.00000 ( 1)
 802 S   0.98729 0.01271 0.00000 0.00000 ( 1)
 803 G   0.98887 0.01113 0.00000 0.00000 ( 1)
 804 F   0.99288 0.00712 0.00000 0.00000 ( 1)
 805 S   0.82293 0.17707 0.00000 0.00000 ( 1)
 806 G   0.98114 0.01886 0.00000 0.00000 ( 1)
 807 Y   0.92494 0.07506 0.00000 0.00000 ( 1)
 808 F   0.98235 0.01765 0.00000 0.00000 ( 1)
 809 L   0.97946 0.02054 0.00000 0.00000 ( 1)
 810 P   0.98881 0.01119 0.00000 0.00000 ( 1)
 811 K   0.97761 0.02239 0.00000 0.00000 ( 1)
 812 C   0.98626 0.01374 0.00000 0.00000 ( 1)
 813 Y   0.95053 0.04947 0.00000 0.00000 ( 1)
 814 V   0.97836 0.02164 0.00000 0.00000 ( 1)
 815 I   0.99416 0.00584 0.00000 0.00000 ( 1)
 816 V   0.89619 0.10381 0.00000 0.00000 ( 1)
 817 C   0.88152 0.11848 0.00000 0.00000 ( 1)
 818 R   0.98269 0.01731 0.00000 0.00000 ( 1)
 819 P   0.45849 0.54151 0.00000 0.00000 ( 2)
 820 D   0.97945 0.02055 0.00000 0.00000 ( 1)
 821 L   0.98447 0.01553 0.00000 0.00000 ( 1)
 822 N   0.98952 0.01048 0.00000 0.00000 ( 1)
 823 S   0.90838 0.09162 0.00000 0.00000 ( 1)
 824 T   0.88859 0.11141 0.00000 0.00000 ( 1)
 825 E   0.98257 0.01743 0.00000 0.00000 ( 1)
 826 H   0.98936 0.01064 0.00000 0.00000 ( 1)
 827 F   0.99174 0.00826 0.00000 0.00000 ( 1)
 828 Q   0.96327 0.03673 0.00000 0.00000 ( 1)
 829 A   0.99223 0.00777 0.00000 0.00000 ( 1)
 830 S   0.98842 0.01158 0.00000 0.00000 ( 1)
 831 I   0.98455 0.01545 0.00000 0.00000 ( 1)
 832 Q   0.96327 0.03673 0.00000 0.00000 ( 1)
 833 D   0.92365 0.07635 0.00000 0.00000 ( 1)
 834 Y   0.98507 0.01493 0.00000 0.00000 ( 1)
 835 T   0.97827 0.02173 0.00000 0.00000 ( 1)
 836 R   0.97745 0.02255 0.00000 0.00000 ( 1)
 837 R   0.87952 0.12048 0.00000 0.00000 ( 1)
 838 W   0.01817 0.98183 0.00000 0.00000 ( 2)
 839 G   0.05525 0.94475 0.00000 0.00000 ( 2)
 840 S   0.86121 0.13879 0.00000 0.00000 ( 1)
 841 T   0.98648 0.01352 0.00000 0.00000 ( 1)


lnL = -10657.020582

Bayes Empirical Bayes (BEB) probabilities for 4 classes (class)
(amino acids refer to 1st sequence: 1.Tarsier)

   1 M   0.88782 0.00669 0.10469 0.00080 ( 1)
   2 F   0.69867 0.19420 0.08365 0.02348 ( 1)
   3 H   0.61048 0.28364 0.07192 0.03396 ( 1)
   4 H   0.00294 0.89026 0.00034 0.10645 ( 2)
   5 V   0.00012 0.89176 0.00001 0.10811 ( 2)
   6 A   0.67008 0.22265 0.08033 0.02694 ( 1)
   7 H   0.03027 0.86296 0.00355 0.10322 ( 2)
   8 L   0.85761 0.03535 0.10277 0.00427 ( 1)
   9 V   0.57551 0.31719 0.06892 0.03838 ( 1)
  10 G   0.83591 0.05830 0.09881 0.00698 ( 1)
  11 L   0.85275 0.04021 0.10218 0.00486 ( 1)
  12 Q   0.85550 0.03769 0.10227 0.00455 ( 1)
  13 L   0.84814 0.04461 0.10185 0.00540 ( 1)
  14 S   0.15261 0.74101 0.01788 0.08851 ( 2)
  15 I   0.64932 0.24359 0.07765 0.02944 ( 1)
  16 S   0.83473 0.05942 0.09873 0.00712 ( 1)
  17 C   0.82184 0.07215 0.09736 0.00866 ( 1)
  18 C   0.88249 0.01156 0.10457 0.00139 ( 1)
  19 W   0.70459 0.18831 0.08434 0.02276 ( 1)
  20 A   0.87946 0.01511 0.10362 0.00181 ( 1)
  21 F   0.77447 0.11845 0.09276 0.01432 ( 1)
  22 S   0.60862 0.28564 0.07158 0.03416 ( 1)
  23 C   0.88272 0.01133 0.10460 0.00136 ( 1)
  24 H   0.87924 0.01359 0.10553 0.00164 ( 1)
  25 N   0.21598 0.67761 0.02536 0.08105 ( 2)
  26 T   0.05351 0.83885 0.00637 0.10127 ( 2)
  27 E   0.79713 0.09665 0.09461 0.01161 ( 1)
  28 F   0.11114 0.78123 0.01325 0.09439 ( 2)
  29 S   0.84239 0.05026 0.10127 0.00608 ( 1)
  30 P   0.85914 0.03358 0.10322 0.00406 ( 1)
  31 D   0.85001 0.04446 0.10021 0.00532 ( 1)
  32 F   0.88855 0.00608 0.10464 0.00073 ( 1)
  33 S   0.83761 0.05676 0.09884 0.00679 ( 1)
  34 L   0.88550 0.00892 0.10451 0.00107 ( 1)
  35 P   0.77196 0.12226 0.09113 0.01464 ( 1)
  36 G   0.87126 0.02235 0.10370 0.00269 ( 1)
  37 N   0.71243 0.18042 0.08534 0.02182 ( 1)
  38 Y   0.88198 0.01200 0.10458 0.00144 ( 1)
  39 L   0.88532 0.00910 0.10449 0.00109 ( 1)
  40 L   0.85614 0.03682 0.10259 0.00445 ( 1)
  41 A   0.50697 0.38505 0.06116 0.04682 ( 1)
  42 G   0.88424 0.01001 0.10455 0.00120 ( 1)
  43 F   0.33927 0.55340 0.04047 0.06686 ( 2)
  44 F   0.88850 0.00613 0.10464 0.00073 ( 1)
  45 P   0.65097 0.24165 0.07812 0.02926 ( 1)
  46 L   0.88626 0.00816 0.10460 0.00098 ( 1)
  47 H   0.85498 0.03783 0.10261 0.00458 ( 1)
  48 G   0.25331 0.63907 0.03029 0.07733 ( 2)
  49 D   0.44594 0.44786 0.05254 0.05366 ( 2)
  50 C   0.25255 0.63983 0.03020 0.07742 ( 2)
  51 L   0.69450 0.19837 0.08315 0.02398 ( 1)
  52 Q   0.86502 0.02817 0.10341 0.00340 ( 1)
  53 V   0.88115 0.01276 0.10455 0.00153 ( 1)
  54 R   0.85923 0.03438 0.10226 0.00414 ( 1)
  55 H   0.60005 0.29394 0.07079 0.03522 ( 1)
  56 R   0.81072 0.08146 0.09792 0.00990 ( 1)
  57 P   0.88028 0.01406 0.10398 0.00168 ( 1)
  58 E   0.87780 0.01457 0.10586 0.00177 ( 1)
  59 V   0.88049 0.01343 0.10447 0.00161 ( 1)
  60 T   0.79592 0.09841 0.09390 0.01178 ( 1)
  61 L   0.86327 0.02970 0.10344 0.00359 ( 1)
  62 C   0.83694 0.05571 0.10061 0.00674 ( 1)
  63 D   0.88547 0.00904 0.10441 0.00108 ( 1)
  64 R   0.86855 0.02506 0.10337 0.00301 ( 1)
  65 T   0.00301 0.88932 0.00036 0.10731 ( 2)
  66 C   0.11958 0.77276 0.01427 0.09340 ( 2)
  67 G   0.18106 0.71250 0.02125 0.08520 ( 2)
  68 F   0.88666 0.00797 0.10442 0.00095 ( 1)
  69 N   0.85939 0.03345 0.10311 0.00404 ( 1)
  70 G   0.44495 0.44852 0.05265 0.05389 ( 2)
  71 H   0.87654 0.01628 0.10521 0.00197 ( 1)
  72 G   0.80552 0.08866 0.09521 0.01062 ( 1)
  73 Y   0.55122 0.34245 0.06521 0.04112 ( 1)
  74 H   0.52513 0.36877 0.06191 0.04419 ( 1)
  75 L   0.83076 0.06360 0.09803 0.00761 ( 1)
  76 F   0.85259 0.04200 0.10039 0.00502 ( 1)
  77 Q   0.36523 0.52764 0.04348 0.06365 ( 2)
  78 A   0.49098 0.40165 0.05877 0.04860 ( 1)
  79 M   0.56029 0.33385 0.06591 0.03994 ( 1)
  80 R   0.74329 0.14993 0.08870 0.01808 ( 1)
  81 L   0.70458 0.18810 0.08455 0.02277 ( 1)
  82 S   0.00367 0.88925 0.00043 0.10665 ( 2)
  83 I   0.32494 0.56763 0.03881 0.06863 ( 2)
  84 E   0.33717 0.55620 0.03984 0.06679 ( 2)
  85 A   0.76013 0.13362 0.09020 0.01606 ( 1)
  86 I   0.85528 0.03772 0.10245 0.00456 ( 1)
  87 N   0.88419 0.01018 0.10441 0.00122 ( 1)
  88 N   0.88419 0.01018 0.10441 0.00122 ( 1)
  89 S   0.88206 0.01214 0.10435 0.00145 ( 1)
  90 T   0.87196 0.02178 0.10364 0.00262 ( 1)
  91 V   0.61068 0.28133 0.07376 0.03422 ( 1)
  92 L   0.85091 0.04205 0.10196 0.00508 ( 1)
  93 L   0.85020 0.04221 0.10247 0.00512 ( 1)
  94 P   0.88525 0.00910 0.10457 0.00109 ( 1)
  95 N   0.77195 0.12230 0.09110 0.01464 ( 1)
  96 V   0.25601 0.63788 0.02996 0.07614 ( 2)
  97 T   0.84336 0.05101 0.09952 0.00610 ( 1)
  98 L   0.60398 0.28884 0.07226 0.03492 ( 1)
  99 G   0.87679 0.01683 0.10436 0.00202 ( 1)
 100 Y   0.33593 0.55754 0.03964 0.06689 ( 2)
 101 E   0.01734 0.87530 0.00205 0.10530 ( 2)
 102 L   0.85619 0.03677 0.10259 0.00444 ( 1)
 103 Y   0.18095 0.71133 0.02164 0.08609 ( 2)
 104 D   0.86174 0.03120 0.10330 0.00377 ( 1)
 105 V   0.87716 0.01675 0.10408 0.00201 ( 1)
 106 C   0.87803 0.01601 0.10404 0.00192 ( 1)
 107 S   0.85408 0.03857 0.10268 0.00467 ( 1)
 108 E   0.81129 0.08313 0.09563 0.00994 ( 1)
 109 S   0.84011 0.05253 0.10099 0.00636 ( 1)
 110 A   0.88605 0.00853 0.10440 0.00102 ( 1)
 111 N   0.85561 0.03723 0.10266 0.00450 ( 1)
 112 V   0.87716 0.01675 0.10408 0.00201 ( 1)
 113 Y   0.83955 0.05439 0.09953 0.00653 ( 1)
 114 A   0.88512 0.00946 0.10429 0.00113 ( 1)
 115 T   0.87210 0.02165 0.10365 0.00260 ( 1)
 116 L   0.85091 0.04205 0.10196 0.00508 ( 1)
 117 S   0.18676 0.70680 0.02192 0.08452 ( 2)
 118 V   0.79315 0.10069 0.09407 0.01209 ( 1)
 119 L   0.88417 0.01025 0.10436 0.00123 ( 1)
 120 S   0.88139 0.01281 0.10427 0.00153 ( 1)
 121 L   0.26819 0.62358 0.03235 0.07588 ( 2)
 122 P   0.51632 0.37566 0.06232 0.04570 ( 1)
 123 G   0.87487 0.01874 0.10413 0.00225 ( 1)
 124 T   0.16484 0.72706 0.01981 0.08829 ( 2)
 125 R   0.00010 0.77303 0.00019 0.22669 ( 2)
 126 H   0.88300 0.01128 0.10437 0.00135 ( 1)
 127 I   0.85335 0.03964 0.10222 0.00479 ( 1)
 128 D   0.47236 0.42113 0.05591 0.05060 ( 1)
 129 I   0.83573 0.05864 0.09862 0.00702 ( 1)
 130 Q   0.82966 0.06249 0.10026 0.00759 ( 1)
 131 G   0.53654 0.35540 0.06481 0.04325 ( 1)
 132 D   0.81111 0.08331 0.09561 0.00996 ( 1)
 133 F   0.24430 0.64816 0.02917 0.07837 ( 2)
 134 L   0.88417 0.01025 0.10436 0.00123 ( 1)
 135 H   0.02456 0.86866 0.00288 0.10390 ( 2)
 136 Y   0.83750 0.05505 0.10078 0.00667 ( 1)
 137 S   0.11100 0.78241 0.01303 0.09356 ( 2)
 138 P   0.87145 0.02128 0.10470 0.00257 ( 1)
 139 K   0.77318 0.12044 0.09189 0.01449 ( 1)
 140 I   0.72272 0.17106 0.08568 0.02055 ( 1)
 141 V   0.74021 0.15267 0.08866 0.01846 ( 1)
 142 A   0.86868 0.02519 0.10311 0.00302 ( 1)
 143 V   0.87730 0.01662 0.10409 0.00199 ( 1)
 144 I   0.60700 0.28589 0.07256 0.03455 ( 1)
 145 G   0.78668 0.10687 0.09360 0.01286 ( 1)
 146 P   0.67824 0.21439 0.08141 0.02596 ( 1)
 147 D   0.59559 0.29859 0.07009 0.03573 ( 1)
 148 S   0.00225 0.89120 0.00026 0.10628 ( 2)
 149 T   0.83634 0.05803 0.09869 0.00694 ( 1)
 150 D   0.23697 0.65670 0.02781 0.07852 ( 2)
 151 H   0.00102 0.89120 0.00012 0.10766 ( 2)
 152 A   0.67207 0.22066 0.08057 0.02670 ( 1)
 153 A   0.75621 0.13822 0.08904 0.01653 ( 1)
 154 T   0.69501 0.19921 0.08194 0.02385 ( 1)
 155 T   0.17610 0.71582 0.02116 0.08692 ( 2)
 156 A   0.87112 0.02344 0.10263 0.00280 ( 1)
 157 A   0.82871 0.06581 0.09762 0.00787 ( 1)
 158 L   0.84799 0.04497 0.10161 0.00543 ( 1)
 159 L   0.85402 0.03894 0.10233 0.00470 ( 1)
 160 S   0.82480 0.06943 0.09745 0.00832 ( 1)
 161 P   0.84012 0.05258 0.10093 0.00636 ( 1)
 162 F   0.54796 0.34627 0.06437 0.04139 ( 1)
 163 L   0.84906 0.04389 0.10174 0.00530 ( 1)
 164 V   0.51548 0.37861 0.06061 0.04529 ( 1)
 165 P   0.88501 0.00934 0.10454 0.00112 ( 1)
 166 L   0.30653 0.58612 0.03655 0.07080 ( 2)
 167 I   0.88893 0.00589 0.10448 0.00070 ( 1)
 168 S   0.88588 0.00842 0.10469 0.00101 ( 1)
 169 Y   0.85964 0.03292 0.10345 0.00399 ( 1)
 170 E   0.01772 0.87521 0.00209 0.10498 ( 2)
 171 A   0.88818 0.00640 0.10465 0.00077 ( 1)
 172 S   0.88588 0.00842 0.10469 0.00101 ( 1)
 173 S   0.88452 0.00895 0.10545 0.00108 ( 1)
 174 T   0.00256 0.89052 0.00030 0.10663 ( 2)
 175 T   0.07796 0.81510 0.00919 0.09774 ( 2)
 176 L   0.88259 0.01182 0.10417 0.00141 ( 1)
 177 S   0.60158 0.29242 0.07096 0.03504 ( 1)
 178 V   0.00387 0.88925 0.00045 0.10643 ( 2)
 179 K   0.87764 0.01607 0.10436 0.00193 ( 1)
 180 R   0.38365 0.50933 0.04563 0.06140 ( 2)
 181 Q   0.69822 0.19487 0.08339 0.02352 ( 1)
 182 Y   0.84315 0.04940 0.10146 0.00599 ( 1)
 183 P   0.88614 0.00821 0.10467 0.00098 ( 1)
 184 S   0.84849 0.04416 0.10201 0.00535 ( 1)
 185 F   0.88285 0.01177 0.10397 0.00141 ( 1)
 186 L   0.85619 0.03677 0.10259 0.00444 ( 1)
 187 R   0.88254 0.01150 0.10458 0.00138 ( 1)
 188 T   0.88700 0.00743 0.10469 0.00089 ( 1)
 189 I   0.86225 0.03254 0.10133 0.00388 ( 1)
 190 P   0.88614 0.00821 0.10467 0.00098 ( 1)
 191 S   0.47854 0.41539 0.05633 0.04973 ( 1)
 192 D   0.88733 0.00719 0.10463 0.00086 ( 1)
 193 R   0.48811 0.40527 0.05787 0.04874 ( 1)
 194 H   0.18394 0.70939 0.02166 0.08501 ( 2)
 195 Q   0.86502 0.02817 0.10341 0.00340 ( 1)
 196 V   0.88049 0.01343 0.10447 0.00161 ( 1)
 197 E   0.87995 0.01390 0.10448 0.00167 ( 1)
 198 V   0.65126 0.24290 0.07675 0.02908 ( 1)
 199 M   0.84802 0.04645 0.09998 0.00555 ( 1)
 200 V   0.88049 0.01343 0.10447 0.00161 ( 1)
 201 L   0.68900 0.20387 0.08249 0.02465 ( 1)
 202 L   0.85619 0.03677 0.10259 0.00444 ( 1)
 203 L   0.85604 0.03693 0.10258 0.00446 ( 1)
 204 Q   0.04655 0.67198 0.08847 0.19300 ( 2)
 205 R   0.44401 0.44926 0.05267 0.05406 ( 2)
 206 F   0.88867 0.00596 0.10466 0.00071 ( 1)
 207 R   0.00260 0.76590 0.00509 0.22641 ( 2)
 208 W   0.85803 0.03496 0.10279 0.00422 ( 1)
 209 V   0.59135 0.30275 0.06965 0.03625 ( 1)
 210 W   0.85803 0.03496 0.10279 0.00422 ( 1)
 211 I   0.88987 0.00495 0.10459 0.00059 ( 1)
 212 S   0.84887 0.04378 0.10205 0.00530 ( 1)
 213 L   0.85619 0.03677 0.10259 0.00444 ( 1)
 214 V   0.42680 0.46582 0.05103 0.05634 ( 2)
 215 G   0.88516 0.00910 0.10466 0.00109 ( 1)
 216 S   0.88542 0.00888 0.10464 0.00106 ( 1)
 217 Y   0.00668 0.88568 0.00079 0.10684 ( 2)
 218 G   0.77563 0.11851 0.09166 0.01420 ( 1)
 219 D   0.88767 0.00684 0.10467 0.00082 ( 1)
 220 Y   0.85964 0.03292 0.10345 0.00399 ( 1)
 221 G   0.87699 0.01663 0.10438 0.00200 ( 1)
 222 Q   0.75265 0.14047 0.08993 0.01695 ( 1)
 223 Q   0.22984 0.66193 0.02771 0.08053 ( 2)
 224 G   0.77169 0.12184 0.09180 0.01466 ( 1)
 225 V   0.87860 0.01531 0.10425 0.00184 ( 1)
 226 Q   0.73353 0.15958 0.08763 0.01926 ( 1)
 227 A   0.68006 0.21201 0.08216 0.02578 ( 1)
 228 L   0.85757 0.03540 0.10276 0.00428 ( 1)
 229 E   0.52429 0.36925 0.06209 0.04437 ( 1)
 230 N   0.03989 0.85312 0.00470 0.10229 ( 2)
 231 Q   0.73264 0.16046 0.08753 0.01937 ( 1)
 232 A   0.88818 0.00640 0.10465 0.00077 ( 1)
 233 T   0.87520 0.01756 0.10512 0.00212 ( 1)
 234 D   0.00741 0.88505 0.00088 0.10666 ( 2)
 235 Q   0.71977 0.17332 0.08598 0.02092 ( 1)
 236 G   0.50903 0.38429 0.06043 0.04625 ( 1)
 237 I   0.86171 0.03308 0.10127 0.00395 ( 1)
 238 C   0.88296 0.01108 0.10462 0.00133 ( 1)
 239 I   0.86001 0.03303 0.10297 0.00399 ( 1)
 240 A   0.85320 0.03962 0.10239 0.00479 ( 1)
 241 F   0.88867 0.00596 0.10466 0.00071 ( 1)
 242 K   0.87764 0.01607 0.10436 0.00193 ( 1)
 243 D   0.84763 0.04684 0.09993 0.00560 ( 1)
 244 I   0.56444 0.32998 0.06619 0.03940 ( 1)
 245 V   0.80577 0.08808 0.09557 0.01058 ( 1)
 246 P   0.88425 0.01010 0.10445 0.00121 ( 1)
 247 L   0.84951 0.04507 0.10003 0.00539 ( 1)
 248 S   0.64877 0.24379 0.07791 0.02954 ( 1)
 249 A   0.88818 0.00640 0.10465 0.00077 ( 1)
 250 R   0.00158 0.89105 0.00019 0.10718 ( 2)
 251 V   0.87472 0.01741 0.10576 0.00211 ( 1)
 252 G   0.86868 0.02556 0.10270 0.00306 ( 1)
 253 D   0.85879 0.03414 0.10295 0.00413 ( 1)
 254 E   0.51811 0.37486 0.06179 0.04525 ( 1)
 255 R   0.76652 0.12701 0.09118 0.01529 ( 1)
 256 M   0.88782 0.00669 0.10469 0.00080 ( 1)
 257 Q   0.73401 0.15910 0.08769 0.01920 ( 1)
 258 G   0.02139 0.87182 0.00251 0.10427 ( 2)
 259 M   0.20365 0.68894 0.02425 0.08316 ( 2)
 260 M   0.88782 0.00669 0.10469 0.00080 ( 1)
 261 N   0.00440 0.88880 0.00052 0.10628 ( 2)
 262 R   0.21686 0.67672 0.02546 0.08095 ( 2)
 263 L   0.85619 0.03677 0.10259 0.00444 ( 1)
 264 A   0.85326 0.04128 0.10052 0.00493 ( 1)
 265 R   0.07454 0.81814 0.00884 0.09848 ( 2)
 266 A   0.88700 0.00758 0.10451 0.00091 ( 1)
 267 G   0.02122 0.87180 0.00250 0.10448 ( 2)
 268 T   0.84504 0.04950 0.09955 0.00592 ( 1)
 269 T   0.79933 0.09500 0.09430 0.01137 ( 1)
 270 V   0.88458 0.00828 0.10614 0.00100 ( 1)
 271 V   0.88049 0.01343 0.10447 0.00161 ( 1)
 272 V   0.48270 0.41146 0.05666 0.04918 ( 1)
 273 V   0.85406 0.03879 0.10246 0.00469 ( 1)
 274 F   0.87891 0.01407 0.10532 0.00170 ( 1)
 275 S   0.88476 0.00944 0.10467 0.00113 ( 1)
 276 S   0.02688 0.86656 0.00314 0.10341 ( 2)
 277 R   0.23061 0.66226 0.02737 0.07976 ( 2)
 278 R   0.00204 0.89092 0.00024 0.10680 ( 2)
 279 L   0.18495 0.70762 0.02202 0.08541 ( 2)
 280 A   0.88818 0.00640 0.10465 0.00077 ( 1)
 281 R   0.78707 0.10648 0.09364 0.01281 ( 1)
 282 V   0.88049 0.01343 0.10447 0.00161 ( 1)
 283 F   0.88311 0.00988 0.10582 0.00119 ( 1)
 284 F   0.88613 0.00850 0.10436 0.00102 ( 1)
 285 E   0.87995 0.01390 0.10448 0.00167 ( 1)
 286 S   0.88083 0.01337 0.10420 0.00160 ( 1)
 287 V   0.88049 0.01343 0.10447 0.00161 ( 1)
 288 V   0.88049 0.01343 0.10447 0.00161 ( 1)
 289 L   0.85460 0.03726 0.10361 0.00453 ( 1)
 290 A   0.85283 0.04172 0.10047 0.00499 ( 1)
 291 N   0.84460 0.04973 0.09972 0.00595 ( 1)
 292 L   0.69475 0.19812 0.08318 0.02395 ( 1)
 293 T   0.84854 0.04421 0.10190 0.00535 ( 1)
 294 G   0.88516 0.00910 0.10466 0.00109 ( 1)
 295 K   0.87764 0.01607 0.10436 0.00193 ( 1)
 296 V   0.88049 0.01343 0.10447 0.00161 ( 1)
 297 W   0.85803 0.03496 0.10279 0.00422 ( 1)
 298 I   0.60531 0.28900 0.07115 0.03455 ( 1)
 299 A   0.88818 0.00640 0.10465 0.00077 ( 1)
 300 S   0.80032 0.09162 0.09691 0.01115 ( 1)
 301 E   0.83372 0.06009 0.09897 0.00722 ( 1)
 302 D   0.62742 0.26686 0.07380 0.03191 ( 1)
 303 W   0.85803 0.03496 0.10279 0.00422 ( 1)
 304 A   0.84674 0.04785 0.09970 0.00572 ( 1)
 305 I   0.84792 0.04646 0.10006 0.00556 ( 1)
 306 S   0.88476 0.00944 0.10467 0.00113 ( 1)
 307 R   0.10674 0.78626 0.01260 0.09440 ( 2)
 308 H   0.83242 0.06180 0.09837 0.00740 ( 1)
 309 I   0.88987 0.00495 0.10459 0.00059 ( 1)
 310 T   0.67932 0.21335 0.08151 0.02583 ( 1)
 311 G   0.44308 0.45018 0.05256 0.05417 ( 2)
 312 V   0.87840 0.01551 0.10422 0.00186 ( 1)
 313 P   0.87835 0.01599 0.10375 0.00191 ( 1)
 314 G   0.87559 0.01802 0.10422 0.00217 ( 1)
 315 I   0.88987 0.00495 0.10459 0.00059 ( 1)
 316 Q   0.34212 0.55073 0.04072 0.06643 ( 2)
 317 G   0.57162 0.32213 0.06759 0.03866 ( 1)
 318 I   0.86947 0.02357 0.10411 0.00285 ( 1)
 319 G   0.87513 0.01849 0.10416 0.00222 ( 1)
 320 T   0.00196 0.89105 0.00023 0.10677 ( 2)
 321 V   0.88097 0.01295 0.10453 0.00155 ( 1)
 322 L   0.85619 0.03677 0.10259 0.00444 ( 1)
 323 G   0.86270 0.03153 0.10199 0.00378 ( 1)
 324 V   0.88021 0.01371 0.10444 0.00165 ( 1)
 325 A   0.88818 0.00640 0.10465 0.00077 ( 1)
 326 I   0.88987 0.00495 0.10459 0.00059 ( 1)
 327 Q   0.86502 0.02817 0.10341 0.00340 ( 1)
 328 L   0.08506 0.80799 0.01003 0.09692 ( 2)
 329 R   0.46893 0.42437 0.05564 0.05107 ( 1)
 330 L   0.00087 0.89147 0.00010 0.10756 ( 2)
 331 V   0.85094 0.04366 0.10019 0.00522 ( 1)
 332 P   0.85401 0.03870 0.10260 0.00468 ( 1)
 333 G   0.83664 0.05756 0.09890 0.00690 ( 1)
 334 L   0.85596 0.03701 0.10257 0.00447 ( 1)
 335 K   0.79655 0.09709 0.09468 0.01168 ( 1)
 336 E   0.77982 0.11227 0.09426 0.01365 ( 1)
 337 F   0.70032 0.19256 0.08384 0.02328 ( 1)
 338 E   0.82434 0.06802 0.09939 0.00825 ( 1)
 339 E   0.86263 0.02974 0.10403 0.00361 ( 1)
 340 A   0.88818 0.00640 0.10465 0.00077 ( 1)
 341 Y   0.83686 0.05569 0.10070 0.00675 ( 1)
 342 A   0.85353 0.04102 0.10055 0.00490 ( 1)
 343 Q   0.00460 0.88811 0.00054 0.10674 ( 2)
 344 A   0.59473 0.29731 0.07180 0.03616 ( 1)
 345 D   0.88767 0.00684 0.10467 0.00082 ( 1)
 346 K   0.87764 0.01607 0.10436 0.00193 ( 1)
 347 G   0.01843 0.87340 0.00221 0.10596 ( 2)
 348 A   0.84764 0.04690 0.09986 0.00561 ( 1)
 349 P   0.11292 0.77944 0.01346 0.09417 ( 2)
 350 L   0.27143 0.62170 0.03213 0.07474 ( 2)
 351 P   0.55039 0.34219 0.06599 0.04144 ( 1)
 352 C   0.88154 0.01250 0.10446 0.00150 ( 1)
 353 P   0.03687 0.85652 0.00432 0.10229 ( 2)
 354 T   0.09391 0.79915 0.01107 0.09587 ( 2)
 355 G   0.83624 0.05801 0.09880 0.00695 ( 1)
 356 A   0.82642 0.06772 0.09774 0.00812 ( 1)
 357 W   0.71737 0.17652 0.08493 0.02119 ( 1)
 358 C   0.88296 0.01108 0.10462 0.00133 ( 1)
 359 S   0.88588 0.00842 0.10469 0.00101 ( 1)
 360 S   0.88588 0.00842 0.10469 0.00101 ( 1)
 361 N   0.85193 0.04091 0.10222 0.00495 ( 1)
 362 Q   0.86502 0.02817 0.10341 0.00340 ( 1)
 363 L   0.60678 0.28752 0.07132 0.03437 ( 1)
 364 C   0.88154 0.01250 0.10446 0.00150 ( 1)
 365 R   0.81871 0.07347 0.09889 0.00892 ( 1)
 366 E   0.18219 0.70994 0.02183 0.08604 ( 2)
 367 C   0.88009 0.01258 0.10581 0.00152 ( 1)
 368 C   0.00133 0.89074 0.00016 0.10777 ( 2)
 369 A   0.69675 0.19599 0.08354 0.02372 ( 1)
 370 F   0.88867 0.00596 0.10466 0.00071 ( 1)
 371 T   0.00041 0.89259 0.00005 0.10695 ( 2)
 372 A   0.14586 0.74607 0.01752 0.09055 ( 2)
 373 H   0.88536 0.00892 0.10465 0.00107 ( 1)
 374 T   0.00026 0.89274 0.00003 0.10697 ( 2)
 375 T   0.84817 0.04629 0.10000 0.00554 ( 1)
 376 P   0.88573 0.00862 0.10462 0.00103 ( 1)
 377 T   0.07768 0.81536 0.00916 0.09780 ( 2)
 378 L   0.88030 0.01412 0.10390 0.00169 ( 1)
 379 G   0.00059 0.89142 0.00007 0.10792 ( 2)
 380 P   0.63532 0.25867 0.07500 0.03100 ( 1)
 381 F   0.85321 0.04138 0.10047 0.00494 ( 1)
 382 S   0.88476 0.00944 0.10467 0.00113 ( 1)
 383 M   0.88782 0.00669 0.10469 0.00080 ( 1)
 384 S   0.85081 0.04199 0.10213 0.00508 ( 1)
 385 S   0.64713 0.24543 0.07771 0.02973 ( 1)
 386 A   0.88818 0.00640 0.10465 0.00077 ( 1)
 387 Y   0.88198 0.01200 0.10458 0.00144 ( 1)
 388 N   0.88639 0.00798 0.10467 0.00096 ( 1)
 389 V   0.38822 0.50521 0.04589 0.06067 ( 2)
 390 Y   0.87720 0.01678 0.10401 0.00201 ( 1)
 391 Q   0.06104 0.83171 0.00723 0.10002 ( 2)
 392 A   0.84409 0.04873 0.10129 0.00589 ( 1)
 393 V   0.88049 0.01343 0.10447 0.00161 ( 1)
 394 Y   0.86039 0.03216 0.10355 0.00390 ( 1)
 395 T   0.05645 0.83546 0.00677 0.10132 ( 2)
 396 V   0.88049 0.01343 0.10447 0.00161 ( 1)
 397 A   0.88796 0.00662 0.10462 0.00079 ( 1)
 398 H   0.85239 0.04042 0.10230 0.00489 ( 1)
 399 G   0.88516 0.00910 0.10466 0.00109 ( 1)
 400 L   0.88657 0.00785 0.10464 0.00094 ( 1)
 401 H   0.88554 0.00874 0.10467 0.00105 ( 1)
 402 Q   0.86502 0.02817 0.10341 0.00340 ( 1)
 403 L   0.88657 0.00785 0.10464 0.00094 ( 1)
 404 L   0.85619 0.03677 0.10259 0.00444 ( 1)
 405 G   0.88516 0.00910 0.10466 0.00109 ( 1)
 406 C   0.86328 0.02937 0.10379 0.00356 ( 1)
 407 A   0.84204 0.05249 0.09919 0.00627 ( 1)
 408 S   0.85262 0.04003 0.10250 0.00485 ( 1)
 409 G   0.80399 0.08800 0.09730 0.01070 ( 1)
 410 A   0.79643 0.09639 0.09553 0.01166 ( 1)
 411 C   0.84261 0.05004 0.10129 0.00606 ( 1)
 412 S   0.88476 0.00944 0.10467 0.00113 ( 1)
 413 R   0.87589 0.01773 0.10425 0.00213 ( 1)
 414 S   0.60704 0.28693 0.07164 0.03439 ( 1)
 415 Q   0.02379 0.86790 0.00286 0.10545 ( 2)
 416 V   0.88829 0.00635 0.10460 0.00076 ( 1)
 417 Y   0.51504 0.37860 0.06091 0.04546 ( 1)
 418 P   0.88566 0.00869 0.10461 0.00104 ( 1)
 419 W   0.85803 0.03496 0.10279 0.00422 ( 1)
 420 Q   0.86502 0.02817 0.10341 0.00340 ( 1)
 421 L   0.84726 0.04549 0.10175 0.00550 ( 1)
 422 L   0.85327 0.03967 0.10226 0.00479 ( 1)
 423 E   0.80674 0.08705 0.09576 0.01046 ( 1)
 424 Q   0.86502 0.02817 0.10341 0.00340 ( 1)
 425 I   0.88987 0.00495 0.10459 0.00059 ( 1)
 426 H   0.03209 0.86130 0.00376 0.10285 ( 2)
 427 K   0.87717 0.01654 0.10430 0.00199 ( 1)
 428 A   0.81473 0.07913 0.09664 0.00950 ( 1)
 429 N   0.67585 0.21689 0.08101 0.02624 ( 1)
 430 F   0.88850 0.00613 0.10464 0.00073 ( 1)
 431 L   0.84726 0.04549 0.10175 0.00550 ( 1)
 432 L   0.78611 0.10574 0.09528 0.01287 ( 1)
 433 H   0.88363 0.01065 0.10444 0.00128 ( 1)
 434 E   0.02108 0.87191 0.00248 0.10452 ( 2)
 435 D   0.88767 0.00684 0.10467 0.00082 ( 1)
 436 T   0.85418 0.03857 0.10258 0.00467 ( 1)
 437 V   0.88049 0.01343 0.10447 0.00161 ( 1)
 438 T   0.00769 0.88583 0.00090 0.10558 ( 2)
 439 F   0.69847 0.19441 0.08362 0.02350 ( 1)
 440 N   0.28518 0.60736 0.03404 0.07341 ( 2)
 441 D   0.88767 0.00684 0.10467 0.00082 ( 1)
 442 N   0.86462 0.02822 0.10374 0.00341 ( 1)
 443 G   0.27194 0.61994 0.03275 0.07537 ( 2)
 444 D   0.47276 0.42128 0.05556 0.05039 ( 1)
 445 P   0.83824 0.05606 0.09899 0.00671 ( 1)
 446 L   0.55285 0.34120 0.06510 0.04085 ( 1)
 447 S   0.84988 0.04292 0.10202 0.00519 ( 1)
 448 G   0.83160 0.06264 0.09826 0.00750 ( 1)
 449 Y   0.83686 0.05569 0.10070 0.00675 ( 1)
 450 N   0.21918 0.67448 0.02571 0.08063 ( 2)
 451 I   0.85988 0.03311 0.10301 0.00400 ( 1)
 452 I   0.86001 0.03303 0.10297 0.00399 ( 1)
 453 A   0.85277 0.04177 0.10046 0.00499 ( 1)
 454 W   0.85803 0.03496 0.10279 0.00422 ( 1)
 455 D   0.88767 0.00684 0.10467 0.00082 ( 1)
 456 W   0.85803 0.03496 0.10279 0.00422 ( 1)
 457 I   0.05415 0.83824 0.00645 0.10116 ( 2)
 458 G   0.87365 0.01997 0.10398 0.00240 ( 1)
 459 F   0.61834 0.27513 0.07342 0.03310 ( 1)
 460 K   0.80642 0.08723 0.09586 0.01049 ( 1)
 461 W   0.85803 0.03496 0.10279 0.00422 ( 1)
 462 T   0.88700 0.00743 0.10469 0.00089 ( 1)
 463 F   0.88777 0.00686 0.10455 0.00082 ( 1)
 464 T   0.86826 0.02382 0.10503 0.00289 ( 1)
 465 V   0.54178 0.35245 0.06364 0.04213 ( 1)
 466 I   0.07740 0.81613 0.00906 0.09741 ( 2)
 467 G   0.87721 0.01547 0.10544 0.00187 ( 1)
 468 S   0.88427 0.00993 0.10461 0.00119 ( 1)
 469 S   0.88476 0.00944 0.10467 0.00113 ( 1)
 470 T   0.81766 0.07441 0.09889 0.00905 ( 1)
 471 A   0.28185 0.61081 0.03359 0.07375 ( 2)
 472 S   0.63808 0.25448 0.07661 0.03083 ( 1)
 473 P   0.79803 0.09401 0.09653 0.01143 ( 1)
 474 V   0.66988 0.22287 0.08028 0.02697 ( 1)
 475 R   0.00510 0.88753 0.00060 0.10676 ( 2)
 476 L   0.81181 0.08004 0.09840 0.00974 ( 1)
 477 D   0.83703 0.05743 0.09868 0.00687 ( 1)
 478 I   0.85854 0.03445 0.10285 0.00416 ( 1)
 479 N   0.85193 0.04091 0.10222 0.00495 ( 1)
 480 E   0.80682 0.08696 0.09577 0.01045 ( 1)
 481 T   0.88698 0.00744 0.10468 0.00089 ( 1)
 482 K   0.81733 0.07493 0.09864 0.00910 ( 1)
 483 I   0.88954 0.00527 0.10455 0.00063 ( 1)
 484 Q   0.86502 0.02817 0.10341 0.00340 ( 1)
 485 W   0.85803 0.03496 0.10279 0.00422 ( 1)
 486 H   0.82100 0.07179 0.09852 0.00868 ( 1)
 487 R   0.14486 0.74700 0.01742 0.09073 ( 2)
 488 K   0.87764 0.01607 0.10436 0.00193 ( 1)
 489 D   0.85051 0.04396 0.10027 0.00526 ( 1)
 490 N   0.88659 0.00779 0.10469 0.00093 ( 1)
 491 Q   0.86502 0.02817 0.10341 0.00340 ( 1)
 492 V   0.88021 0.01371 0.10444 0.00165 ( 1)
 493 P   0.85122 0.04150 0.10226 0.00502 ( 1)
 494 Q   0.47025 0.42312 0.05574 0.05089 ( 1)
 495 S   0.84239 0.05026 0.10127 0.00608 ( 1)
 496 V   0.88049 0.01343 0.10447 0.00161 ( 1)
 497 C   0.87007 0.02259 0.10461 0.00273 ( 1)
 498 S   0.88476 0.00944 0.10467 0.00113 ( 1)
 499 S   0.87474 0.01806 0.10501 0.00218 ( 1)
 500 D   0.88727 0.00724 0.10462 0.00087 ( 1)
 501 C   0.84631 0.04634 0.10174 0.00561 ( 1)
 502 L   0.84726 0.04549 0.10175 0.00550 ( 1)
 503 E   0.57472 0.31754 0.06918 0.03855 ( 1)
 504 G   0.87301 0.02060 0.10391 0.00248 ( 1)
 505 H   0.83748 0.05675 0.09897 0.00680 ( 1)
 506 Q   0.86502 0.02817 0.10341 0.00340 ( 1)
 507 R   0.12076 0.77094 0.01454 0.09375 ( 2)
 508 V   0.88049 0.01343 0.10447 0.00161 ( 1)
 509 V   0.85517 0.03767 0.10260 0.00456 ( 1)
 510 V   0.00212 0.88975 0.00025 0.10787 ( 2)
 511 G   0.64458 0.24799 0.07738 0.03004 ( 1)
 512 S   0.85415 0.04044 0.10058 0.00483 ( 1)
 513 H   0.31862 0.57392 0.03806 0.06940 ( 2)
 514 H   0.83893 0.05537 0.09907 0.00663 ( 1)
 515 C   0.84454 0.04810 0.10153 0.00582 ( 1)
 516 C   0.88296 0.01108 0.10462 0.00133 ( 1)
 517 F   0.86494 0.02804 0.10364 0.00339 ( 1)
 518 E   0.80817 0.08562 0.09593 0.01029 ( 1)
 519 C   0.84261 0.05004 0.10129 0.00606 ( 1)
 520 V   0.87309 0.02082 0.10359 0.00250 ( 1)
 521 P   0.88367 0.01068 0.10438 0.00128 ( 1)
 522 C   0.84320 0.04945 0.10137 0.00599 ( 1)
 523 E   0.43521 0.45805 0.05162 0.05512 ( 2)
 524 S   0.65518 0.23754 0.07853 0.02875 ( 1)
 525 G   0.87486 0.01876 0.10413 0.00226 ( 1)
 526 T   0.48684 0.40715 0.05728 0.04873 ( 1)
 527 F   0.67077 0.22361 0.07889 0.02673 ( 1)
 528 L   0.58330 0.30931 0.06993 0.03745 ( 1)
 529 N   0.63464 0.25947 0.07482 0.03107 ( 1)
 530 K   0.48527 0.40811 0.05753 0.04908 ( 1)
 531 S   0.84436 0.04843 0.10135 0.00586 ( 1)
 532 D   0.88547 0.00904 0.10441 0.00108 ( 1)
 533 L   0.82477 0.06958 0.09732 0.00833 ( 1)
 534 Y   0.80190 0.09201 0.09505 0.01104 ( 1)
 535 R   0.21877 0.67325 0.02628 0.08171 ( 2)
 536 C   0.87938 0.01466 0.10420 0.00176 ( 1)
 537 Q   0.86502 0.02817 0.10341 0.00340 ( 1)
 538 P   0.64976 0.24286 0.07797 0.02941 ( 1)
 539 C   0.84261 0.05004 0.10129 0.00606 ( 1)
 540 G   0.87559 0.01802 0.10422 0.00217 ( 1)
 541 K   0.82477 0.06749 0.09954 0.00819 ( 1)
 542 E   0.82434 0.06802 0.09939 0.00825 ( 1)
 543 E   0.87993 0.01392 0.10448 0.00167 ( 1)
 544 W   0.85803 0.03496 0.10279 0.00422 ( 1)
 545 A   0.80289 0.08920 0.09706 0.01084 ( 1)
 546 P   0.85442 0.03829 0.10265 0.00463 ( 1)
 547 E   0.14389 0.74930 0.01696 0.08985 ( 2)
 548 G   0.48170 0.41023 0.05816 0.04992 ( 1)
 549 S   0.88588 0.00842 0.10469 0.00101 ( 1)
 550 Q   0.86502 0.02817 0.10341 0.00340 ( 1)
 551 T   0.83985 0.05452 0.09910 0.00652 ( 1)
 552 C   0.88296 0.01108 0.10462 0.00133 ( 1)
 553 F   0.88801 0.00662 0.10458 0.00079 ( 1)
 554 P   0.58209 0.30990 0.07031 0.03770 ( 1)
 555 R   0.87682 0.01722 0.10390 0.00207 ( 1)
 556 T   0.85513 0.03762 0.10270 0.00455 ( 1)
 557 V   0.87844 0.01548 0.10423 0.00186 ( 1)
 558 V   0.81134 0.08252 0.09624 0.00991 ( 1)
 559 F   0.29192 0.60073 0.03480 0.07255 ( 2)
 560 L   0.85564 0.03730 0.10255 0.00451 ( 1)
 561 A   0.25968 0.63283 0.03099 0.07649 ( 2)
 562 W   0.30708 0.58533 0.03674 0.07085 ( 2)
 563 H   0.29079 0.60121 0.03497 0.07302 ( 2)
 564 E   0.87995 0.01390 0.10448 0.00167 ( 1)
 565 C   0.03697 0.85642 0.00433 0.10227 ( 2)
 566 I   0.84952 0.04486 0.10025 0.00537 ( 1)
 567 S   0.84239 0.05026 0.10127 0.00608 ( 1)
 568 W   0.85803 0.03496 0.10279 0.00422 ( 1)
 569 V   0.88049 0.01343 0.10447 0.00161 ( 1)
 570 L   0.85361 0.03935 0.10228 0.00475 ( 1)
 571 L   0.85592 0.03704 0.10256 0.00448 ( 1)
 572 A   0.50527 0.38676 0.06095 0.04703 ( 1)
 573 A   0.68773 0.20501 0.08246 0.02481 ( 1)
 574 N   0.87511 0.01925 0.10333 0.00230 ( 1)
 575 T   0.76528 0.12678 0.09253 0.01542 ( 1)
 576 L   0.30234 0.59031 0.03605 0.07130 ( 2)
 577 L   0.85490 0.03806 0.10244 0.00460 ( 1)
 578 L   0.85610 0.03686 0.10258 0.00445 ( 1)
 579 V   0.69481 0.19806 0.08318 0.02394 ( 1)
 580 V   0.69417 0.19868 0.08312 0.02402 ( 1)
 581 V   0.70214 0.19074 0.08407 0.02306 ( 1)
 582 V   0.26463 0.62784 0.03161 0.07593 ( 2)
 583 G   0.87635 0.01727 0.10431 0.00208 ( 1)
 584 T   0.65872 0.23394 0.07902 0.02832 ( 1)
 585 V   0.67119 0.22154 0.08046 0.02681 ( 1)
 586 G   0.88324 0.01101 0.10443 0.00132 ( 1)
 587 L   0.85619 0.03677 0.10259 0.00444 ( 1)
 588 F   0.85747 0.03550 0.10274 0.00429 ( 1)
 589 A   0.88780 0.00678 0.10460 0.00081 ( 1)
 590 W   0.85803 0.03496 0.10279 0.00422 ( 1)
 591 H   0.88557 0.00871 0.10467 0.00104 ( 1)
 592 Q   0.44908 0.44271 0.05429 0.05392 ( 1)
 593 D   0.88767 0.00684 0.10467 0.00082 ( 1)
 594 T   0.88630 0.00812 0.10460 0.00097 ( 1)
 595 P   0.84574 0.04697 0.10160 0.00568 ( 1)
 596 V   0.88049 0.01343 0.10447 0.00161 ( 1)
 597 V   0.88002 0.01389 0.10442 0.00167 ( 1)
 598 R   0.87589 0.01773 0.10425 0.00213 ( 1)
 599 S   0.78750 0.10444 0.09535 0.01271 ( 1)
 600 A   0.83308 0.05902 0.10073 0.00717 ( 1)
 601 G   0.87559 0.01802 0.10422 0.00217 ( 1)
 602 G   0.88516 0.00910 0.10466 0.00109 ( 1)
 603 W   0.01637 0.87684 0.00192 0.10487 ( 2)
 604 L   0.85619 0.03677 0.10259 0.00444 ( 1)
 605 C   0.88283 0.01121 0.10461 0.00134 ( 1)
 606 F   0.87891 0.01407 0.10532 0.00170 ( 1)
 607 L   0.87552 0.01724 0.10515 0.00209 ( 1)
 608 M   0.88782 0.00669 0.10469 0.00080 ( 1)
 609 L   0.85402 0.03894 0.10233 0.00470 ( 1)
 610 G   0.88424 0.01001 0.10455 0.00120 ( 1)
 611 S   0.88415 0.01005 0.10460 0.00120 ( 1)
 612 L   0.85619 0.03677 0.10259 0.00444 ( 1)
 613 A   0.81389 0.07821 0.09840 0.00950 ( 1)
 614 G   0.03254 0.85936 0.00390 0.10419 ( 2)
 615 A   0.62906 0.26351 0.07551 0.03192 ( 1)
 616 S   0.88360 0.01069 0.10442 0.00128 ( 1)
 617 C   0.03373 0.85964 0.00395 0.10268 ( 2)
 618 S   0.88588 0.00842 0.10469 0.00101 ( 1)
 619 L   0.84161 0.05276 0.09931 0.00631 ( 1)
 620 Y   0.83686 0.05569 0.10070 0.00675 ( 1)
 621 G   0.88493 0.00932 0.10463 0.00112 ( 1)
 622 F   0.88835 0.00628 0.10462 0.00075 ( 1)
 623 F   0.85747 0.03550 0.10274 0.00429 ( 1)
 624 G   0.87301 0.02060 0.10391 0.00248 ( 1)
 625 E   0.87253 0.02132 0.10359 0.00256 ( 1)
 626 P   0.88497 0.00938 0.10453 0.00112 ( 1)
 627 T   0.59082 0.30269 0.07009 0.03640 ( 1)
 628 L   0.26254 0.63059 0.03107 0.07580 ( 2)
 629 P   0.73347 0.15919 0.08807 0.01927 ( 1)
 630 A   0.55725 0.33479 0.06725 0.04071 ( 1)
 631 C   0.88154 0.01250 0.10446 0.00150 ( 1)
 632 L   0.84726 0.04568 0.10154 0.00552 ( 1)
 633 L   0.85600 0.03697 0.10257 0.00447 ( 1)
 634 R   0.88265 0.01140 0.10459 0.00137 ( 1)
 635 Q   0.86241 0.03078 0.10310 0.00371 ( 1)
 636 A   0.83980 0.05472 0.09893 0.00654 ( 1)
 637 I   0.83643 0.05794 0.09870 0.00693 ( 1)
 638 F   0.85747 0.03550 0.10274 0.00429 ( 1)
 639 A   0.88721 0.00738 0.10453 0.00088 ( 1)
 640 L   0.85266 0.04009 0.10240 0.00485 ( 1)
 641 G   0.84497 0.04770 0.10155 0.00577 ( 1)
 642 F   0.88285 0.01177 0.10397 0.00141 ( 1)
 643 T   0.83335 0.06102 0.09833 0.00730 ( 1)
 644 I   0.86246 0.03232 0.10136 0.00386 ( 1)
 645 F   0.88847 0.00617 0.10463 0.00074 ( 1)
 646 L   0.85600 0.03696 0.10257 0.00447 ( 1)
 647 S   0.88464 0.00956 0.10466 0.00114 ( 1)
 648 C   0.88296 0.01108 0.10462 0.00133 ( 1)
 649 L   0.69475 0.19812 0.08318 0.02395 ( 1)
 650 T   0.80184 0.09022 0.09697 0.01097 ( 1)
 651 V   0.85172 0.04112 0.10218 0.00497 ( 1)
 652 R   0.88236 0.01169 0.10456 0.00140 ( 1)
 653 S   0.88076 0.01344 0.10419 0.00161 ( 1)
 654 F   0.88867 0.00596 0.10466 0.00071 ( 1)
 655 Q   0.81094 0.08121 0.09799 0.00987 ( 1)
 656 L   0.82819 0.06366 0.10039 0.00775 ( 1)
 657 V   0.84543 0.04934 0.09935 0.00589 ( 1)
 658 I   0.88987 0.00495 0.10459 0.00059 ( 1)
 659 I   0.88929 0.00553 0.10452 0.00066 ( 1)
 660 F   0.88867 0.00596 0.10466 0.00071 ( 1)
 661 K   0.87764 0.01607 0.10436 0.00193 ( 1)
 662 F   0.85747 0.03550 0.10274 0.00429 ( 1)
 663 S   0.88412 0.01008 0.10459 0.00121 ( 1)
 664 T   0.65250 0.24181 0.07677 0.02892 ( 1)
 665 K   0.87651 0.01720 0.10422 0.00207 ( 1)
 666 V   0.17571 0.71623 0.02111 0.08695 ( 2)
 667 P   0.87380 0.01893 0.10498 0.00229 ( 1)
 668 T   0.23761 0.65610 0.02787 0.07842 ( 2)
 669 F   0.88867 0.00596 0.10466 0.00071 ( 1)
 670 Y   0.55287 0.34081 0.06540 0.04092 ( 1)
 671 H   0.29444 0.59903 0.03470 0.07182 ( 2)
 672 T   0.66782 0.22655 0.07854 0.02709 ( 1)
 673 W   0.85803 0.03496 0.10279 0.00422 ( 1)
 674 V   0.88738 0.00725 0.10450 0.00087 ( 1)
 675 Q   0.80762 0.08453 0.09759 0.01027 ( 1)
 676 N   0.88659 0.00779 0.10469 0.00093 ( 1)
 677 H   0.88079 0.01204 0.10572 0.00146 ( 1)
 678 G   0.84358 0.04909 0.10139 0.00594 ( 1)
 679 A   0.85924 0.03359 0.10311 0.00406 ( 1)
 680 A   0.16499 0.72852 0.01937 0.08713 ( 2)
 681 L   0.85619 0.03677 0.10259 0.00444 ( 1)
 682 F   0.85747 0.03550 0.10274 0.00429 ( 1)
 683 I   0.68735 0.20639 0.08147 0.02479 ( 1)
 684 M   0.52480 0.36931 0.06172 0.04418 ( 1)
 685 I   0.88957 0.00525 0.10456 0.00063 ( 1)
 686 S   0.84057 0.05369 0.09932 0.00643 ( 1)
 687 S   0.78750 0.10444 0.09535 0.01271 ( 1)
 688 M   0.02713 0.86598 0.00319 0.10370 ( 2)
 689 A   0.18264 0.70984 0.02177 0.08575 ( 2)
 690 Q   0.86502 0.02817 0.10341 0.00340 ( 1)
 691 L   0.85367 0.03929 0.10229 0.00475 ( 1)
 692 L   0.85037 0.04238 0.10212 0.00513 ( 1)
 693 I   0.88987 0.00495 0.10459 0.00059 ( 1)
 694 C   0.84307 0.04958 0.10135 0.00600 ( 1)
 695 L   0.78611 0.10574 0.09528 0.01287 ( 1)
 696 T   0.85488 0.03787 0.10267 0.00458 ( 1)
 697 W   0.85803 0.03496 0.10279 0.00422 ( 1)
 698 L   0.85124 0.04172 0.10200 0.00504 ( 1)
 699 A   0.47893 0.41462 0.05665 0.04980 ( 1)
 700 V   0.81155 0.08231 0.09626 0.00988 ( 1)
 701 W   0.85803 0.03496 0.10279 0.00422 ( 1)
 702 T   0.88350 0.00926 0.10611 0.00112 ( 1)
 703 P   0.79803 0.09401 0.09653 0.01143 ( 1)
 704 L   0.85619 0.03677 0.10259 0.00444 ( 1)
 705 P   0.88489 0.00945 0.10452 0.00113 ( 1)
 706 T   0.78867 0.10405 0.09469 0.01259 ( 1)
 707 R   0.85935 0.03425 0.10228 0.00412 ( 1)
 708 E   0.82434 0.06802 0.09939 0.00825 ( 1)
 709 Y   0.88052 0.01346 0.10440 0.00161 ( 1)
 710 Q   0.35727 0.53559 0.04253 0.06461 ( 2)
 711 R   0.88268 0.01137 0.10459 0.00136 ( 1)
 712 F   0.88801 0.00662 0.10458 0.00079 ( 1)
 713 P   0.88497 0.00938 0.10453 0.00112 ( 1)
 714 Q   0.71509 0.17765 0.08576 0.02150 ( 1)
 715 L   0.85619 0.03677 0.10259 0.00444 ( 1)
 716 V   0.87844 0.01548 0.10423 0.00186 ( 1)
 717 V   0.63275 0.26147 0.07449 0.03129 ( 1)
 718 L   0.84726 0.04549 0.10175 0.00550 ( 1)
 719 E   0.79823 0.09555 0.09474 0.01148 ( 1)
 720 C   0.88296 0.01108 0.10462 0.00133 ( 1)
 721 T   0.79982 0.09223 0.09673 0.01121 ( 1)
 722 E   0.87995 0.01390 0.10448 0.00167 ( 1)
 723 T   0.00447 0.88909 0.00052 0.10592 ( 2)
 724 N   0.81821 0.07609 0.09659 0.00911 ( 1)
 725 S   0.86695 0.02723 0.10255 0.00326 ( 1)
 726 L   0.85619 0.03677 0.10259 0.00444 ( 1)
 727 G   0.88516 0.00910 0.10466 0.00109 ( 1)
 728 F   0.88867 0.00596 0.10466 0.00071 ( 1)
 729 M   0.43835 0.45440 0.05234 0.05491 ( 2)
 730 L   0.85600 0.03696 0.10257 0.00447 ( 1)
 731 A   0.88818 0.00640 0.10465 0.00077 ( 1)
 732 F   0.88407 0.00891 0.10594 0.00108 ( 1)
 733 G   0.00549 0.88796 0.00064 0.10590 ( 2)
 734 Y   0.88198 0.01200 0.10458 0.00144 ( 1)
 735 N   0.85193 0.04091 0.10222 0.00495 ( 1)
 736 G   0.82946 0.06474 0.09805 0.00776 ( 1)
 737 L   0.88362 0.00914 0.10613 0.00111 ( 1)
 738 L   0.88587 0.00855 0.10456 0.00102 ( 1)
 739 S   0.87928 0.01492 0.10402 0.00179 ( 1)
 740 V   0.22940 0.66460 0.02679 0.07922 ( 2)
 741 S   0.87700 0.01580 0.10528 0.00191 ( 1)
 742 A   0.88746 0.00713 0.10456 0.00085 ( 1)
 743 F   0.85747 0.03550 0.10274 0.00429 ( 1)
 744 A   0.88680 0.00778 0.10449 0.00093 ( 1)
 745 C   0.88195 0.01210 0.10450 0.00145 ( 1)
 746 S   0.84026 0.05399 0.09928 0.00647 ( 1)
 747 Y   0.88198 0.01200 0.10458 0.00144 ( 1)
 748 L   0.69487 0.19801 0.08319 0.02394 ( 1)
 749 G   0.88488 0.00938 0.10462 0.00112 ( 1)
 750 K   0.87651 0.01720 0.10422 0.00207 ( 1)
 751 D   0.88767 0.00684 0.10467 0.00082 ( 1)
 752 L   0.85521 0.03774 0.10250 0.00456 ( 1)
 753 P   0.79803 0.09401 0.09653 0.01143 ( 1)
 754 E   0.87995 0.01390 0.10448 0.00167 ( 1)
 755 N   0.88659 0.00779 0.10469 0.00093 ( 1)
 756 Y   0.86613 0.02783 0.10269 0.00334 ( 1)
 757 N   0.83913 0.05520 0.09907 0.00661 ( 1)
 758 E   0.87995 0.01390 0.10448 0.00167 ( 1)
 759 A   0.88780 0.00678 0.10460 0.00081 ( 1)
 760 K   0.81733 0.07493 0.09864 0.00910 ( 1)
 761 C   0.84261 0.05004 0.10129 0.00606 ( 1)
 762 V   0.88829 0.00635 0.10460 0.00076 ( 1)
 763 T   0.88512 0.00931 0.10446 0.00111 ( 1)
 764 F   0.88613 0.00850 0.10436 0.00102 ( 1)
 765 G   0.61103 0.28298 0.07208 0.03391 ( 1)
 766 L   0.85605 0.03692 0.10258 0.00446 ( 1)
 767 L   0.88657 0.00785 0.10464 0.00094 ( 1)
 768 L   0.84279 0.05179 0.09923 0.00619 ( 1)
 769 N   0.82999 0.06433 0.09798 0.00770 ( 1)
 770 F   0.88801 0.00662 0.10458 0.00079 ( 1)
 771 V   0.53961 0.35450 0.06347 0.04241 ( 1)
 772 S   0.88476 0.00944 0.10467 0.00113 ( 1)
 773 W   0.85803 0.03496 0.10279 0.00422 ( 1)
 774 I   0.88987 0.00495 0.10459 0.00059 ( 1)
 775 A   0.65658 0.23774 0.07725 0.02843 ( 1)
 776 F   0.85386 0.04073 0.10054 0.00487 ( 1)
 777 F   0.88832 0.00631 0.10462 0.00075 ( 1)
 778 T   0.88681 0.00761 0.10466 0.00091 ( 1)
 779 V   0.11871 0.77439 0.01400 0.09290 ( 2)
 780 A   0.88578 0.00706 0.10631 0.00085 ( 1)
 781 S   0.83395 0.05883 0.10010 0.00712 ( 1)
 782 V   0.85333 0.04127 0.10047 0.00493 ( 1)
 783 Y   0.81415 0.07977 0.09651 0.00957 ( 1)
 784 Q   0.48995 0.40411 0.05760 0.04834 ( 1)
 785 G   0.83435 0.05985 0.09863 0.00717 ( 1)
 786 K   0.87764 0.01607 0.10436 0.00193 ( 1)
 787 Y   0.87891 0.01365 0.10578 0.00165 ( 1)
 788 L   0.69473 0.19815 0.08317 0.02395 ( 1)
 789 P   0.83622 0.05807 0.09875 0.00695 ( 1)
 790 A   0.78493 0.10886 0.09313 0.01308 ( 1)
 791 V   0.84026 0.05432 0.09893 0.00649 ( 1)
 792 N   0.87977 0.01460 0.10388 0.00175 ( 1)
 793 V   0.56352 0.33063 0.06630 0.03956 ( 1)
 794 L   0.72337 0.16952 0.08662 0.02049 ( 1)
 795 A   0.87698 0.01585 0.10525 0.00192 ( 1)
 796 V   0.01289 0.88003 0.00152 0.10556 ( 2)
 797 L   0.72043 0.17246 0.08627 0.02085 ( 1)
 798 S   0.88588 0.00842 0.10469 0.00101 ( 1)
 799 S   0.88588 0.00842 0.10469 0.00101 ( 1)
 800 L   0.85613 0.03683 0.10259 0.00445 ( 1)
 801 S   0.84073 0.05352 0.09934 0.00641 ( 1)
 802 S   0.88399 0.01031 0.10447 0.00123 ( 1)
 803 G   0.88516 0.00910 0.10466 0.00109 ( 1)
 804 F   0.88867 0.00596 0.10466 0.00071 ( 1)
 805 S   0.79078 0.10338 0.09346 0.01239 ( 1)
 806 G   0.87864 0.01498 0.10458 0.00180 ( 1)
 807 Y   0.83686 0.05569 0.10070 0.00675 ( 1)
 808 F   0.87891 0.01407 0.10532 0.00170 ( 1)
 809 L   0.87670 0.01627 0.10506 0.00197 ( 1)
 810 P   0.88520 0.00915 0.10456 0.00110 ( 1)
 811 K   0.87609 0.01762 0.10417 0.00212 ( 1)
 812 C   0.88296 0.01108 0.10462 0.00133 ( 1)
 813 Y   0.85652 0.03744 0.10155 0.00449 ( 1)
 814 V   0.87681 0.01710 0.10403 0.00205 ( 1)
 815 I   0.88987 0.00495 0.10459 0.00059 ( 1)
 816 V   0.83353 0.06083 0.09836 0.00728 ( 1)
 817 C   0.82491 0.06908 0.09772 0.00829 ( 1)
 818 R   0.88022 0.01382 0.10430 0.00166 ( 1)
 819 P   0.53999 0.35199 0.06520 0.04282 ( 1)
 820 D   0.87825 0.01625 0.10355 0.00194 ( 1)
 821 L   0.88191 0.01251 0.10409 0.00150 ( 1)
 822 N   0.88579 0.00859 0.10460 0.00103 ( 1)
 823 S   0.84056 0.05369 0.09932 0.00643 ( 1)
 824 T   0.81061 0.08145 0.09804 0.00990 ( 1)
 825 E   0.87995 0.01390 0.10448 0.00167 ( 1)
 826 H   0.88557 0.00871 0.10467 0.00104 ( 1)
 827 F   0.88777 0.00686 0.10455 0.00082 ( 1)
 828 Q   0.86502 0.02817 0.10341 0.00340 ( 1)
 829 A   0.88810 0.00648 0.10464 0.00077 ( 1)
 830 S   0.88476 0.00944 0.10467 0.00113 ( 1)
 831 I   0.88063 0.01242 0.10545 0.00150 ( 1)
 832 Q   0.86502 0.02817 0.10341 0.00340 ( 1)
 833 D   0.84945 0.04502 0.10015 0.00538 ( 1)
 834 Y   0.88198 0.01200 0.10458 0.00144 ( 1)
 835 T   0.87663 0.01712 0.10419 0.00206 ( 1)
 836 R   0.87589 0.01773 0.10425 0.00213 ( 1)
 837 R   0.82389 0.07033 0.09736 0.00842 ( 1)
 838 W   0.05719 0.83606 0.00672 0.10003 ( 2)
 839 G   0.15009 0.74340 0.01761 0.08890 ( 2)
 840 S   0.81322 0.08091 0.09617 0.00970 ( 1)
 841 T   0.88348 0.01094 0.10427 0.00131 ( 1)

