

TREE # 1

  0  0.0000  10760.296216  x:  0.26385   0.11577   0.08596   0.00000   0.06063   0.05075   0.04950   0.04981   0.05520   0.02619   0.00368   0.00258   0.00477   0.02271   0.00778   0.00197   0.00852   0.00766   0.00524   0.00418   0.00162   0.00718   0.00615   0.00626   0.01824   0.14125   0.01212   0.02718   0.01864   0.01586   0.00123   0.00887   0.00574   0.00380   0.00237   0.05365   0.19416   0.06079   0.10998   0.00040   0.10813   0.08203   3.00000   1.16374   0.04304   0.25098   2.82902  
  1 99.0000  10749.662966  x:  0.26399   0.11620   0.08621   0.00460   0.06083   0.05082   0.04975   0.05019   0.05553   0.02612   0.00374   0.00249   0.00570   0.02287   0.00845   0.00034   0.00895   0.00761   0.00573   0.00392   0.00000   0.00685   0.00670   0.00676   0.01864   0.14144   0.01210   0.02712   0.01885   0.01595   0.00183   0.00868   0.00652   0.00429   0.00165   0.05445   0.19428   0.06125   0.11023   0.00825   0.10824   0.08257   3.00013   1.16386   0.04291   0.24912   2.82901  
  2 3116.8327  10748.437075  x:  0.26406   0.11639   0.08631   0.00539   0.06090   0.05084   0.04983   0.05035   0.05567   0.02608   0.00376   0.00247   0.00600   0.02294   0.00869   0.00145   0.00911   0.00759   0.00588   0.00384   0.00114   0.00673   0.00689   0.00693   0.01880   0.14152   0.01209   0.02710   0.01894   0.01599   0.00186   0.00860   0.00677   0.00443   0.00152   0.05479   0.19434   0.06142   0.11032   0.00999   0.10826   0.08278   3.00018   1.16392   0.04286   0.24830   2.82901  
  3 3298.6234  10742.582166  x:  0.26475   0.11818   0.08719   0.00244   0.06147   0.05087   0.05040   0.05192   0.05706   0.02572   0.00385   0.00256   0.00750   0.02355   0.01035   0.00134   0.01024   0.00749   0.00665   0.00358   0.00114   0.00595   0.00796   0.00794   0.02027   0.14237   0.01199   0.02692   0.01973   0.01630   0.00000   0.00813   0.00807   0.00490   0.00240   0.05807   0.19488   0.06283   0.11098   0.01180   0.10835   0.08455   3.00073   1.16445   0.04234   0.24026   2.82901  
  4 962.0361  10738.415989  x:  0.26532   0.11964   0.08791   0.00000   0.06194   0.05090   0.05087   0.05320   0.05818   0.02542   0.00392   0.00262   0.00864   0.02404   0.01163   0.00124   0.01112   0.00742   0.00723   0.00340   0.00114   0.00536   0.00877   0.00871   0.02144   0.14307   0.01190   0.02677   0.02038   0.01658   0.00050   0.00778   0.00907   0.00527   0.00295   0.06073   0.19531   0.06397   0.11152   0.01303   0.10842   0.08599   3.00117   1.16488   0.04192   0.23370   2.82900  
  5 15450.8058  10704.961644  x:  0.27259   0.13753   0.09702   0.00704   0.06804   0.05189   0.05722   0.06830   0.07153   0.02184   0.00378   0.00249   0.01459   0.02895   0.02114   0.00042   0.01731   0.00723   0.00919   0.00481   0.00141   0.00410   0.01290   0.01268   0.03359   0.15187   0.01063   0.02533   0.02692   0.01924   0.00144   0.00625   0.01393   0.00526   0.00070   0.09256   0.20086   0.07725   0.11779   0.00427   0.10908   0.10305   3.00685   1.17036   0.03657   0.15015   2.82894  
  6 3459.9321  10697.282769  x:  0.27533   0.14324   0.09978   0.00790   0.06975   0.05225   0.05879   0.07224   0.07505   0.02153   0.00389   0.00258   0.01268   0.02917   0.02028   0.00040   0.01600   0.00769   0.00730   0.00394   0.00167   0.00819   0.01092   0.01078   0.03522   0.15499   0.01017   0.02540   0.02736   0.01918   0.00184   0.00865   0.01178   0.00453   0.00792   0.10186   0.20292   0.08114   0.11998   0.00482   0.10950   0.10832   3.00897   1.17223   0.03475   0.12076   2.82891  
  7 3651.7867  10688.611336  x:  0.27793   0.14749   0.10159   0.00452   0.07062   0.05248   0.05923   0.07406   0.07672   0.02239   0.00387   0.00247   0.00812   0.02790   0.01591   0.00042   0.01213   0.00790   0.00524   0.00354   0.00178   0.00764   0.00717   0.00722   0.03391   0.15768   0.00992   0.02598   0.02585   0.01818   0.00112   0.00852   0.00747   0.00317   0.00299   0.10789   0.20481   0.08354   0.12178   0.00778   0.11002   0.11193   3.01099   1.17370   0.03333   0.09711   2.82889  
  8 2081.2734  10687.616920  x:  0.27867   0.14822   0.10173   0.00435   0.07051   0.05246   0.05898   0.07376   0.07647   0.02287   0.00382   0.00262   0.00737   0.02716   0.01398   0.00046   0.01116   0.00772   0.00656   0.00402   0.00174   0.00753   0.00763   0.00766   0.03248   0.15830   0.00994   0.02614   0.02486   0.01777   0.00105   0.00873   0.00766   0.00602   0.00257   0.10850   0.20528   0.08360   0.12205   0.00778   0.11010   0.11231   3.01163   1.17397   0.03307   0.09318   2.82888  
  9 663.7557  10686.949142  x:  0.27972   0.14893   0.10166   0.00443   0.07011   0.05234   0.05840   0.07277   0.07564   0.02350   0.00385   0.00223   0.00804   0.02618   0.01202   0.00054   0.01105   0.00749   0.00709   0.00349   0.00164   0.00727   0.00900   0.00896   0.02997   0.15905   0.01009   0.02624   0.02344   0.01738   0.00109   0.00916   0.00910   0.00487   0.00255   0.10864   0.20589   0.08325   0.12224   0.00760   0.11014   0.11238   3.01262   1.17424   0.03283   0.09044   2.82887  
 10 357.1187  10686.788543  x:  0.28030   0.14928   0.10159   0.00448   0.06986   0.05225   0.05808   0.07221   0.07516   0.02361   0.00383   0.00306   0.00850   0.02594   0.01202   0.00059   0.01146   0.00753   0.00683   0.00403   0.00159   0.00711   0.00907   0.00902   0.02885   0.15942   0.01020   0.02622   0.02302   0.01736   0.00111   0.00896   0.00928   0.00469   0.00266   0.10868   0.20621   0.08302   0.12230   0.00758   0.11013   0.11236   3.01322   1.17436   0.03273   0.08971   2.82886  
 11 258.3561  10686.534571  x:  0.28160   0.15006   0.10144   0.00459   0.06933   0.05204   0.05743   0.07101   0.07418   0.02359   0.00376   0.00237   0.00926   0.02572   0.01286   0.00066   0.01241   0.00766   0.00633   0.00425   0.00151   0.00692   0.00877   0.00872   0.02678   0.16021   0.01044   0.02611   0.02251   0.01748   0.00114   0.00835   0.00917   0.00504   0.00284   0.10877   0.20691   0.08248   0.12241   0.00747   0.11008   0.11229   3.01459   1.17462   0.03250   0.08870   2.82884  
 12 305.8090  10686.410980  x:  0.28257   0.15066   0.10135   0.00464   0.06898   0.05190   0.05705   0.07025   0.07359   0.02336   0.00389   0.00267   0.00928   0.02581   0.01358   0.00069   0.01265   0.00761   0.00671   0.00348   0.00147   0.00706   0.00864   0.00861   0.02587   0.16077   0.01056   0.02601   0.02257   0.01761   0.00114   0.00837   0.00901   0.00511   0.00271   0.10890   0.20742   0.08210   0.12247   0.00739   0.11001   0.11226   3.01569   1.17482   0.03234   0.08837   2.82883  
 13 229.3247  10686.254564  x:  0.28439   0.15181   0.10125   0.00457   0.06846   0.05167   0.05653   0.06904   0.07275   0.02280   0.00381   0.00252   0.00875   0.02618   0.01446   0.00073   0.01237   0.00744   0.00739   0.00403   0.00143   0.00734   0.00876   0.00874   0.02520   0.16174   0.01068   0.02584   0.02313   0.01780   0.00111   0.00895   0.00890   0.00474   0.00257   0.10926   0.20836   0.08147   0.12256   0.00749   0.10987   0.11224   3.01789   1.17520   0.03202   0.08822   2.82880  
 14 219.0891  10686.003881  x:  0.28801   0.15408   0.10117   0.00465   0.06772   0.05139   0.05592   0.06712   0.07165   0.02219   0.00377   0.00261   0.00821   0.02680   0.01446   0.00077   0.01144   0.00761   0.00624   0.00383   0.00140   0.00681   0.00920   0.00916   0.02559   0.16355   0.01067   0.02567   0.02429   0.01787   0.00111   0.00901   0.00930   0.00503   0.00269   0.11008   0.21020   0.08035   0.12272   0.00751   0.10958   0.11226   3.02256   1.17599   0.03136   0.08856   2.82873  
 15 225.9847  10685.632349  x:  0.29412   0.15779   0.10123   0.00468   0.06701   0.05123   0.05554   0.06466   0.07062   0.02260   0.00414   0.00255   0.00914   0.02715   0.01283   0.00077   0.01152   0.00769   0.00692   0.00394   0.00140   0.00730   0.00865   0.00860   0.02762   0.16634   0.01038   0.02571   0.02510   0.01761   0.00112   0.00805   0.00921   0.00488   0.00281   0.11142   0.21322   0.07868   0.12296   0.00753   0.10914   0.11232   3.03109   1.17741   0.03019   0.08967   2.82862  
 16 317.2203  10685.493145  x:  0.29635   0.15903   0.10137   0.00466   0.06704   0.05134   0.05569   0.06420   0.07060   0.02308   0.00331   0.00260   0.00915   0.02693   0.01266   0.00076   0.01207   0.00754   0.00689   0.00382   0.00142   0.00721   0.00860   0.00857   0.02831   0.16722   0.01028   0.02583   0.02466   0.01757   0.00111   0.00860   0.00894   0.00496   0.00273   0.11178   0.21429   0.07821   0.12303   0.00756   0.10906   0.11234   3.03471   1.17799   0.02971   0.09019   2.82857  
 17 307.1636  10685.318841  x:  0.29942   0.16057   0.10164   0.00462   0.06734   0.05164   0.05616   0.06398   0.07088   0.02380   0.00408   0.00256   0.00877   0.02639   0.01287   0.00072   0.01277   0.00742   0.00665   0.00388   0.00146   0.00702   0.00870   0.00871   0.02903   0.16827   0.01018   0.02607   0.02355   0.01758   0.00110   0.00949   0.00862   0.00509   0.00260   0.11212   0.21571   0.07770   0.12313   0.00759   0.10903   0.11235   3.04024   1.17886   0.02900   0.09098   2.82849  
 18 477.4226  10685.056422  x:  0.30367   0.16223   0.10223   0.00460   0.06834   0.05232   0.05724   0.06471   0.07192   0.02420   0.00387   0.00259   0.00786   0.02556   0.01384   0.00064   0.01211   0.00804   0.00679   0.00390   0.00154   0.00749   0.00888   0.00883   0.02899   0.16928   0.01028   0.02642   0.02175   0.01775   0.00114   0.00848   0.00915   0.00488   0.00270   0.11202   0.21754   0.07735   0.12325   0.00761   0.10924   0.11231   3.04964   1.18029   0.02784   0.09213   2.82836  
 19 295.3222  10684.703046  x:  0.30873   0.16341   0.10307   0.00463   0.06994   0.05313   0.05863   0.06672   0.07367   0.02349   0.00388   0.00259   0.00891   0.02537   0.01394   0.00056   0.01075   0.00671   0.00688   0.00391   0.00162   0.00688   0.00854   0.00852   0.02744   0.16981   0.01053   0.02660   0.02162   0.01780   0.00116   0.00856   0.00900   0.00488   0.00297   0.11095   0.21949   0.07746   0.12340   0.00755   0.10988   0.11214   3.06393   1.18236   0.02618   0.09335   2.82817  
 20 324.6442  10684.250371  x:  0.31484   0.16414   0.10404   0.00436   0.07174   0.05382   0.05994   0.06959   0.07579   0.02241   0.00392   0.00259   0.00959   0.02582   0.01293   0.00053   0.01122   0.00839   0.00677   0.00392   0.00165   0.00735   0.00863   0.00865   0.02507   0.16992   0.01071   0.02656   0.02304   0.01766   0.00109   0.00930   0.00866   0.00510   0.00252   0.10887   0.22164   0.07793   0.12360   0.00765   0.11089   0.11185   3.08423   1.18523   0.02390   0.09454   2.82789  
 21 690.4421  10683.836203  x:  0.31911   0.16371   0.10442   0.00435   0.07233   0.05365   0.05991   0.07154   0.07680   0.02280   0.00393   0.00260   0.00789   0.02661   0.01217   0.00061   0.01300   0.00721   0.00668   0.00391   0.00158   0.00746   0.00884   0.00877   0.02407   0.16934   0.01071   0.02627   0.02453   0.01757   0.00109   0.00837   0.00904   0.00499   0.00272   0.10638   0.22282   0.07862   0.12378   0.00775   0.11180   0.11157   3.10347   1.18782   0.02187   0.09474   2.82762  
 22 528.9749  10682.617405  x:  0.32836   0.15978   0.10403   0.00480   0.07104   0.05132   0.05675   0.07471   0.07696   0.02692   0.00394   0.00257   0.00807   0.02816   0.01360   0.00088   0.01217   0.00830   0.00750   0.00391   0.00131   0.00574   0.00847   0.00847   0.02585   0.16602   0.01085   0.02546   0.02566   0.01782   0.00115   0.00871   0.00945   0.00472   0.00331   0.09807   0.22418   0.08109   0.12425   0.00745   0.11410   0.11083   3.16432   1.19563   0.01582   0.09317   2.82678  
 23 635.1985  10681.893068  x:  0.33297   0.15720   0.10351   0.00454   0.06991   0.05015   0.05495   0.07590   0.07655   0.02729   0.00390   0.00260   0.00922   0.02832   0.01442   0.00098   0.01161   0.00743   0.00643   0.00391   0.00118   0.00804   0.00907   0.00906   0.02753   0.16390   0.01067   0.02536   0.02531   0.01800   0.00107   0.00880   0.00937   0.00513   0.00227   0.09372   0.22444   0.08262   0.12450   0.00746   0.11512   0.11062   3.20210   1.20037   0.01217   0.09220   2.82625  
 24 1841.3226  10680.427090  x:  0.33824   0.15238   0.10195   0.00475   0.06757   0.04965   0.05335   0.07593   0.07454   0.02071   0.00386   0.00256   0.00926   0.02637   0.01411   0.00094   0.01269   0.00755   0.00696   0.00385   0.00123   0.00693   0.00946   0.00932   0.03108   0.16010   0.00959   0.02635   0.02266   0.01800   0.00113   0.00829   0.00835   0.00488   0.00274   0.08892   0.22315   0.08537   0.12473   0.00738   0.11554   0.11104   3.27480   1.20919   0.00548   0.09086   2.82524  
 25 1225.6001  10679.003058  x:  0.33857   0.14863   0.10018   0.00450   0.06658   0.05171   0.05547   0.07356   0.07203   0.01955   0.00395   0.00255   0.00892   0.02482   0.01408   0.00056   0.01316   0.00744   0.00672   0.00387   0.00158   0.00726   0.00716   0.00737   0.03149   0.15734   0.01092   0.02642   0.02292   0.01736   0.00106   0.00984   0.01246   0.00524   0.00212   0.09028   0.21941   0.08737   0.12434   0.00736   0.11363   0.11238   3.35183   1.21815  -0.00121   0.09112   2.82415  
 26 1007.3452  10675.683501  x:  0.33667   0.14385   0.09779   0.00440   0.06600   0.05495   0.05945   0.06936   0.06867   0.02136   0.00390   0.00254   0.00889   0.02397   0.01410   0.00000   0.01263   0.00743   0.00673   0.00384   0.00213   0.00716   0.00819   0.00806   0.03022   0.15398   0.01133   0.02605   0.02421   0.01693   0.00106   0.00915   0.01058   0.00507   0.00230   0.09498   0.21290   0.08968   0.12346   0.00739   0.10996   0.11452   3.46872   1.23156  -0.01116   0.09227   2.82250  
 27 3370.3324  10675.091466  x:  0.33589   0.14368   0.09781   0.00438   0.06616   0.05460   0.05930   0.06914   0.06881   0.02137   0.00390   0.00254   0.00887   0.02455   0.01393   0.00000   0.01255   0.00743   0.00672   0.00383   0.00083   0.00716   0.00795   0.00816   0.02994   0.15397   0.01084   0.02599   0.02379   0.01726   0.00106   0.00919   0.01064   0.00508   0.00229   0.09585   0.21215   0.08957   0.12329   0.00742   0.10964   0.11457   3.48220   1.23305  -0.01225   0.09258   2.82231  
 28 1677.0791  10673.130283  x:  0.32927   0.14240   0.09805   0.00429   0.06725   0.05104   0.05713   0.06734   0.07009   0.02157   0.00390   0.00253   0.00866   0.02930   0.01245   0.00000   0.01210   0.00743   0.00660   0.00382   0.00147   0.00717   0.00642   0.00869   0.02742   0.15406   0.00734   0.02540   0.02043   0.01965   0.00102   0.00947   0.01105   0.00515   0.00216   0.10256   0.20621   0.08834   0.12188   0.00766   0.10726   0.11462   3.59288   1.24526  -0.02114   0.09494   2.82072  
 29 3113.6845  10671.713441  x:  0.32265   0.14272   0.09916   0.00434   0.06822   0.04700   0.05359   0.06696   0.07237   0.02116   0.00390   0.00252   0.00846   0.03099   0.01153   0.00000   0.01203   0.00744   0.00655   0.00379   0.00149   0.00715   0.00845   0.00647   0.02640   0.15554   0.01062   0.02561   0.01857   0.01939   0.00103   0.00958   0.01065   0.00516   0.00215   0.10728   0.20249   0.08590   0.12072   0.00784   0.10636   0.11357   3.67159   1.25372  -0.02723   0.09667   2.81959  
 30 2885.9064  10670.642390  x:  0.31605   0.14395   0.10059   0.00446   0.06872   0.04442   0.05015   0.06732   0.07444   0.02099   0.00388   0.00252   0.00830   0.02876   0.01181   0.00000   0.01197   0.00740   0.00657   0.00377   0.00147   0.00713   0.00648   0.00886   0.02598   0.15776   0.01238   0.02639   0.01924   0.01706   0.00106   0.00934   0.01019   0.00509   0.00224   0.10994   0.20053   0.08264   0.11982   0.00794   0.10661   0.11166   3.73043   1.25983  -0.03154   0.09763   2.81873  
 31 2029.5087  10669.662816  x:  0.30856   0.14599   0.10218   0.00451   0.06862   0.04389   0.04749   0.06806   0.07594   0.02118   0.00388   0.00251   0.00828   0.02472   0.01267   0.00000   0.01178   0.00737   0.00655   0.00376   0.00141   0.00713   0.00749   0.00744   0.02565   0.16065   0.00935   0.02675   0.02124   0.01586   0.00106   0.00945   0.01055   0.00509   0.00219   0.11085   0.19998   0.07851   0.11911   0.00800   0.10784   0.10887   3.78214   1.26493  -0.03503   0.09797   2.81796  
 32 1553.1048  10668.802711  x:  0.29868   0.14936   0.10362   0.00441   0.06711   0.04715   0.04790   0.06878   0.07597   0.02105   0.00387   0.00250   0.00836   0.02383   0.01217   0.00000   0.01196   0.00736   0.00656   0.00375   0.00144   0.00707   0.00728   0.00780   0.02662   0.16467   0.01019   0.02528   0.02176   0.01998   0.00099   0.00936   0.01046   0.00510   0.00217   0.10848   0.20203   0.07326   0.11880   0.00816   0.11051   0.10474   3.83146   1.26926  -0.03778   0.09711   2.81720  
 33 723.2420  10668.251667  x:  0.29119   0.15244   0.10410   0.00435   0.06600   0.04909   0.05022   0.06899   0.07507   0.02077   0.00387   0.00250   0.00849   0.02675   0.01265   0.00000   0.01208   0.00733   0.00658   0.00375   0.00143   0.00705   0.00745   0.00781   0.02723   0.16745   0.00991   0.02531   0.02074   0.01715   0.00103   0.00935   0.01054   0.00508   0.00214   0.10554   0.20512   0.07063   0.11906   0.00817   0.11240   0.10241   3.86202   1.27149  -0.03897   0.09636   2.81671  
 34 597.3983  10667.949553  x:  0.28528   0.15619   0.10321   0.00434   0.06667   0.04634   0.05245   0.06869   0.07370   0.02097   0.00387   0.00250   0.00851   0.02642   0.01262   0.00000   0.01208   0.00734   0.00659   0.00375   0.00144   0.00704   0.00745   0.00780   0.02709   0.16859   0.00993   0.02720   0.02114   0.01793   0.00102   0.00935   0.01059   0.00509   0.00213   0.10287   0.21014   0.07293   0.12016   0.00807   0.11250   0.10374   3.87931   1.27165  -0.03843   0.09675   2.81638  
 35 154.5388  10667.831446  x:  0.28284   0.15814   0.10264   0.00433   0.06729   0.04636   0.05183   0.06860   0.07355   0.02087   0.00387   0.00250   0.00847   0.02600   0.01253   0.00000   0.01204   0.00734   0.00659   0.00375   0.00143   0.00705   0.00742   0.00780   0.02705   0.16858   0.00995   0.02515   0.02091   0.01759   0.00102   0.00936   0.01052   0.00510   0.00213   0.10191   0.21277   0.07461   0.12067   0.00803   0.11201   0.10509   3.88594   1.27111  -0.03757   0.09718   2.81622  
 36 127.2472  10667.779836  x:  0.28185   0.15917   0.10232   0.00435   0.06743   0.04772   0.05043   0.06849   0.07397   0.02098   0.00388   0.00251   0.00846   0.02629   0.01252   0.00000   0.01203   0.00735   0.00659   0.00375   0.00144   0.00705   0.00742   0.00780   0.02691   0.16802   0.01000   0.02595   0.02092   0.01763   0.00102   0.00937   0.01054   0.00510   0.00213   0.10152   0.21416   0.07529   0.12073   0.00801   0.11136   0.10598   3.88908   1.27016  -0.03638   0.09731   2.81611  
 37 57.4534  10667.676934  x:  0.28175   0.16082   0.10255   0.00436   0.06567   0.04733   0.05110   0.06824   0.07593   0.02098   0.00388   0.00251   0.00846   0.02618   0.01255   0.00000   0.01203   0.00735   0.00659   0.00375   0.00144   0.00705   0.00743   0.00780   0.02663   0.16448   0.01004   0.02580   0.02100   0.01765   0.00102   0.00936   0.01053   0.00510   0.00213   0.10123   0.21630   0.07343   0.11952   0.00807   0.10939   0.10680   3.89599   1.26348  -0.02872   0.09650   2.81564  
 38 24.8855  10667.397961  x:  0.28346   0.16276   0.10365   0.00434   0.07047   0.04731   0.05098   0.06826   0.07332   0.02099   0.00389   0.00252   0.00852   0.02643   0.01265   0.00000   0.01213   0.00738   0.00662   0.00377   0.00145   0.00709   0.00747   0.00783   0.02727   0.16017   0.01017   0.02593   0.02113   0.01775   0.00103   0.00938   0.01059   0.00511   0.00215   0.10222   0.21862   0.07137   0.11900   0.00808   0.11050   0.10567   3.91582   1.24036  -0.00229   0.09411   2.81406  
 39 65.8454  10666.786336  x:  0.28807   0.16404   0.10520   0.00444   0.06695   0.04824   0.05141   0.07062   0.07360   0.02159   0.00395   0.00255   0.00842   0.02653   0.01240   0.00000   0.01204   0.00751   0.00665   0.00382   0.00147   0.00727   0.00745   0.00784   0.02672   0.16348   0.01038   0.02641   0.02104   0.01782   0.00105   0.00950   0.01050   0.00515   0.00224   0.10578   0.21987   0.07592   0.12279   0.00788   0.11613   0.10526   3.95898   1.18787   0.05781   0.09183   2.81043  
 40 193.9081  10666.589656  x:  0.28966   0.16214   0.10419   0.00444   0.06896   0.04840   0.05206   0.06894   0.07643   0.02155   0.00396   0.00256   0.00849   0.02670   0.01265   0.00000   0.01217   0.00753   0.00669   0.00383   0.00148   0.00728   0.00751   0.00789   0.02717   0.16888   0.01028   0.02636   0.02140   0.01794   0.00106   0.00949   0.01059   0.00516   0.00225   0.10317   0.21910   0.07562   0.12340   0.00785   0.11439   0.10724   3.97302   1.17070   0.07770   0.08991   2.80914  
 41 136.4723  10666.575393  x:  0.28978   0.16202   0.10481   0.00443   0.06881   0.04841   0.05200   0.06996   0.07557   0.02158   0.00396   0.00256   0.00849   0.02672   0.01262   0.00000   0.01217   0.00753   0.00669   0.00383   0.00148   0.00728   0.00751   0.00789   0.02719   0.16968   0.01028   0.02639   0.02136   0.01794   0.00106   0.00949   0.01059   0.00516   0.00225   0.10286   0.21893   0.07549   0.12277   0.00787   0.11336   0.10786   3.97392   1.16974   0.07905   0.08988   2.80895  
 42 14.9469  10666.510635  x:  0.28990   0.16268   0.10506   0.00440   0.06881   0.04848   0.05209   0.06899   0.07579   0.02157   0.00396   0.00256   0.00847   0.02669   0.01262   0.00000   0.01215   0.00753   0.00668   0.00383   0.00148   0.00726   0.00751   0.00788   0.02719   0.17013   0.01026   0.02636   0.02137   0.01792   0.00105   0.00948   0.01056   0.00516   0.00223   0.10221   0.21844   0.07739   0.11854   0.00793   0.11387   0.10686   3.97547   1.17317   0.08231   0.08972   2.80577  
 43  1.6257  10662.776318  x:  0.29275   0.17802   0.10241   0.00353   0.06720   0.04956   0.05284   0.06231   0.07015   0.02284   0.00386   0.00251   0.00772   0.02531   0.01119   0.00000   0.01100   0.00747   0.00651   0.00378   0.00135   0.00658   0.00739   0.00776   0.02366   0.16256   0.01067   0.02638   0.02080   0.01712   0.00094   0.00896   0.00892   0.00506   0.00129   0.07795   0.19183   0.07620   0.12105   0.00890   0.11401   0.10758   4.05745   1.38255   0.25496   0.09409   2.62403  
 44 30.5495  10659.266653  x:  0.29262   0.15440   0.09476   0.00287   0.06573   0.04992   0.05248   0.06017   0.06564   0.02393   0.00376   0.00247   0.00693   0.02384   0.00973   0.00000   0.00984   0.00742   0.00630   0.00372   0.00123   0.00601   0.00721   0.00759   0.02034   0.16208   0.01088   0.02638   0.02015   0.01630   0.00086   0.00851   0.00728   0.00495   0.00049   0.07564   0.20635   0.07369   0.11998   0.01017   0.10588   0.09412   4.13233   1.57514   0.41284   0.09734   2.45729  
 45 545.7027  10658.966959  x:  0.29224   0.14989   0.09669   0.00279   0.06549   0.05005   0.05249   0.05853   0.06514   0.02412   0.00375   0.00247   0.00684   0.02374   0.00955   0.00000   0.00970   0.00743   0.00628   0.00372   0.00122   0.00598   0.00719   0.00757   0.01991   0.16197   0.01092   0.02644   0.02006   0.01623   0.00085   0.00848   0.00712   0.00495   0.00042   0.07586   0.20910   0.07117   0.11804   0.01017   0.11056   0.09964   4.13933   1.59316   0.42746   0.09830   2.44176  
 46 181.4237  10658.958115  x:  0.29219   0.14964   0.09817   0.00278   0.06552   0.05009   0.05251   0.05788   0.06522   0.02412   0.00375   0.00247   0.00684   0.02375   0.00956   0.00000   0.00971   0.00743   0.00628   0.00372   0.00122   0.00597   0.00720   0.00757   0.01993   0.16188   0.01091   0.02644   0.02008   0.01623   0.00085   0.00848   0.00713   0.00495   0.00042   0.07568   0.20922   0.07151   0.11842   0.01017   0.11028   0.09942   4.13961   1.59380   0.42799   0.09832   2.44119  
 47  3.3924  10658.957882  x:  0.29219   0.14963   0.09817   0.00278   0.06552   0.05009   0.05251   0.05788   0.06522   0.02412   0.00375   0.00247   0.00684   0.02375   0.00956   0.00003   0.00971   0.00743   0.00628   0.00372   0.00122   0.00597   0.00720   0.00757   0.01993   0.16188   0.01091   0.02644   0.02008   0.01623   0.00085   0.00848   0.00713   0.00495   0.00042   0.07568   0.20922   0.07151   0.11842   0.01017   0.11028   0.09942   4.13962   1.59381   0.42799   0.09832   2.44118  
 48  8.0115  10658.200056  x:  0.29265   0.14215   0.09535   0.00293   0.06491   0.05030   0.05247   0.05713   0.06352   0.02452   0.00374   0.00245   0.00665   0.02342   0.00925   0.00004   0.00944   0.00745   0.00629   0.00372   0.00118   0.00589   0.00721   0.00753   0.01908   0.16125   0.01101   0.02644   0.01995   0.01604   0.00094   0.00824   0.00682   0.00481   0.00137   0.07473   0.21288   0.06909   0.11665   0.01039   0.11139   0.09966   4.17467   1.67126   0.49504   0.10062   2.36912  
 49 11.8336  10657.350845  x:  0.29973   0.14140   0.09596   0.00295   0.06443   0.05133   0.05312   0.05781   0.06341   0.02489   0.00374   0.00247   0.00657   0.02388   0.01057   0.00016   0.01005   0.00742   0.00616   0.00371   0.00111   0.00644   0.00751   0.00745   0.02276   0.15800   0.01106   0.02649   0.02046   0.01646   0.00097   0.00866   0.00774   0.00483   0.00140   0.07979   0.21185   0.07148   0.11856   0.01068   0.10981   0.09857   4.30642   2.08180   0.92134   0.10444   1.92797  
 50  0.6967  10657.136201  x:  0.30017   0.14501   0.09688   0.00279   0.06473   0.05132   0.05315   0.05855   0.06488   0.02494   0.00375   0.00245   0.00689   0.02392   0.00984   0.00021   0.00991   0.00746   0.00615   0.00371   0.00102   0.00618   0.00748   0.00742   0.02109   0.15825   0.01107   0.02647   0.02029   0.01646   0.00100   0.00850   0.00725   0.00471   0.00143   0.07909   0.21014   0.07232   0.11891   0.01099   0.10921   0.09874   4.37633   2.41569   1.25209   0.10451   1.52315  
 51  0.4881  10657.060679  x:  0.29854   0.14330   0.09632   0.00278   0.06481   0.05087   0.05283   0.05806   0.06420   0.02484   0.00376   0.00245   0.00671   0.02384   0.01012   0.00024   0.00990   0.00744   0.00621   0.00371   0.00094   0.00614   0.00737   0.00746   0.02121   0.15944   0.01102   0.02644   0.02013   0.01636   0.00106   0.00849   0.00772   0.00474   0.00144   0.07734   0.21087   0.07145   0.11821   0.01117   0.10970   0.09870   4.38230   2.64427   1.47573   0.10373   1.19089  
 52  0.3242  10657.028660  x:  0.29850   0.14295   0.09633   0.00278   0.06480   0.05090   0.05293   0.05796   0.06403   0.02477   0.00376   0.00246   0.00671   0.02382   0.01011   0.00029   0.00990   0.00743   0.00622   0.00371   0.00090   0.00618   0.00742   0.00750   0.02143   0.15926   0.01104   0.02644   0.02024   0.01636   0.00109   0.00848   0.00743   0.00478   0.00144   0.07857   0.21120   0.07139   0.11819   0.01123   0.10990   0.09893   4.37227   2.75190   1.58586   0.10340   1.00000  
 53  0.2732  10657.018772  x:  0.29910   0.14342   0.09646   0.00279   0.06470   0.05105   0.05305   0.05819   0.06430   0.02479   0.00376   0.00246   0.00680   0.02387   0.01002   0.00038   0.00993   0.00744   0.00618   0.00371   0.00084   0.00624   0.00746   0.00747   0.02135   0.15868   0.01106   0.02645   0.02033   0.01641   0.00113   0.00853   0.00747   0.00478   0.00143   0.07896   0.21136   0.07157   0.11840   0.01125   0.10985   0.09899   4.35041   2.83185   1.66916   0.10350   1.00000  
 54  0.0907  10657.015151  x:  0.29890   0.14356   0.09645   0.00276   0.06474   0.05106   0.05302   0.05814   0.06426   0.02481   0.00375   0.00245   0.00672   0.02385   0.01010   0.00046   0.00991   0.00744   0.00620   0.00371   0.00076   0.00618   0.00744   0.00746   0.02143   0.15889   0.01105   0.02646   0.02025   0.01638   0.00118   0.00849   0.00739   0.00475   0.00143   0.07857   0.21100   0.07163   0.11840   0.01129   0.10967   0.09883   4.34319   2.93235   1.76819   0.10369   1.00000  
 55  0.0797  10657.012561  x:  0.29858   0.14333   0.09643   0.00273   0.06479   0.05101   0.05299   0.05807   0.06421   0.02481   0.00376   0.00245   0.00677   0.02386   0.01003   0.00054   0.00992   0.00744   0.00619   0.00371   0.00066   0.00619   0.00743   0.00747   0.02136   0.15909   0.01105   0.02646   0.02025   0.01638   0.00122   0.00850   0.00750   0.00474   0.00143   0.07865   0.21097   0.07154   0.11834   0.01131   0.10972   0.09879   4.34629   3.06165   1.89691   0.10377   1.00000  
 56  0.0976  10657.011595  x:  0.29885   0.14346   0.09645   0.00271   0.06475   0.05102   0.05301   0.05817   0.06428   0.02481   0.00376   0.00246   0.00676   0.02386   0.01009   0.00060   0.00992   0.00743   0.00620   0.00371   0.00061   0.00620   0.00744   0.00747   0.02135   0.15892   0.01105   0.02645   0.02028   0.01639   0.00124   0.00850   0.00747   0.00476   0.00143   0.07857   0.21117   0.07156   0.11836   0.01128   0.10979   0.09891   4.35078   3.13601   1.97204   0.10371   1.00000  
 57  0.0718  10657.011268  x:  0.29892   0.14346   0.09644   0.00271   0.06474   0.05104   0.05303   0.05813   0.06425   0.02480   0.00375   0.00246   0.00675   0.02385   0.01004   0.00063   0.00991   0.00744   0.00619   0.00371   0.00058   0.00619   0.00744   0.00746   0.02141   0.15889   0.01105   0.02645   0.02027   0.01638   0.00124   0.00850   0.00746   0.00475   0.00143   0.07867   0.21111   0.07159   0.11838   0.01124   0.10975   0.09888   4.35120   3.17145   2.00734   0.10366   1.00000  
 58  0.0290  10657.010928  x:  0.29883   0.14338   0.09644   0.00271   0.06475   0.05104   0.05302   0.05811   0.06423   0.02480   0.00375   0.00245   0.00677   0.02387   0.01008   0.00066   0.00992   0.00743   0.00619   0.00371   0.00055   0.00620   0.00744   0.00746   0.02136   0.15893   0.01105   0.02645   0.02027   0.01639   0.00123   0.00850   0.00745   0.00475   0.00144   0.07871   0.21103   0.07159   0.11838   0.01115   0.10972   0.09883   4.35008   3.20592   2.04158   0.10366   1.00000  
 59  0.0217  10657.010738  x:  0.29880   0.14344   0.09645   0.00271   0.06475   0.05103   0.05301   0.05814   0.06426   0.02481   0.00376   0.00246   0.00675   0.02386   0.01006   0.00067   0.00992   0.00744   0.00619   0.00371   0.00053   0.00620   0.00744   0.00747   0.02138   0.15893   0.01105   0.02645   0.02027   0.01639   0.00122   0.00850   0.00746   0.00475   0.00144   0.07860   0.21110   0.07157   0.11838   0.01112   0.10977   0.09888   4.34958   3.22304   2.05881   0.10369   1.00000  
 60  0.0165  10657.010565  x:  0.29886   0.14346   0.09643   0.00270   0.06473   0.05103   0.05302   0.05811   0.06424   0.02481   0.00376   0.00245   0.00675   0.02384   0.01007   0.00068   0.00991   0.00744   0.00619   0.00371   0.00052   0.00619   0.00744   0.00746   0.02136   0.15888   0.01105   0.02645   0.02026   0.01638   0.00120   0.00850   0.00747   0.00475   0.00143   0.07864   0.21114   0.07157   0.11838   0.01115   0.10977   0.09890   4.34995   3.25667   2.09243   0.10374   1.00000  
 61  0.0140  10657.010411  x:  0.29885   0.14339   0.09644   0.00271   0.06475   0.05102   0.05301   0.05813   0.06425   0.02481   0.00376   0.00246   0.00676   0.02387   0.01006   0.00070   0.00992   0.00744   0.00620   0.00371   0.00051   0.00620   0.00744   0.00747   0.02138   0.15892   0.01105   0.02645   0.02027   0.01639   0.00119   0.00851   0.00745   0.00475   0.00143   0.07863   0.21111   0.07158   0.11837   0.01120   0.10975   0.09887   4.34990   3.30832   2.14408   0.10373   1.00000  
 62  0.0378  10657.010370  x:  0.29882   0.14345   0.09645   0.00272   0.06475   0.05103   0.05301   0.05813   0.06425   0.02481   0.00376   0.00246   0.00675   0.02386   0.01007   0.00070   0.00991   0.00744   0.00619   0.00371   0.00050   0.00620   0.00744   0.00747   0.02138   0.15893   0.01105   0.02645   0.02027   0.01639   0.00120   0.00851   0.00746   0.00476   0.00143   0.07864   0.21109   0.07157   0.11837   0.01120   0.10976   0.09887   4.34975   3.33017   2.16602   0.10369   1.00000  
 63  0.0231  10657.010348  x:  0.29884   0.14344   0.09643   0.00273   0.06474   0.05103   0.05301   0.05812   0.06425   0.02480   0.00376   0.00245   0.00676   0.02385   0.01006   0.00070   0.00992   0.00744   0.00619   0.00371   0.00051   0.00619   0.00744   0.00747   0.02138   0.15891   0.01105   0.02645   0.02027   0.01639   0.00120   0.00851   0.00746   0.00476   0.00143   0.07861   0.21111   0.07157   0.11838   0.01119   0.10976   0.09887   4.34985   3.34438   2.18016   0.10370   1.00000  
 64  0.0075  10657.010312  x:  0.29885   0.14341   0.09644   0.00273   0.06474   0.05103   0.05301   0.05813   0.06425   0.02481   0.00375   0.00245   0.00675   0.02386   0.01006   0.00067   0.00991   0.00744   0.00619   0.00371   0.00053   0.00620   0.00744   0.00746   0.02137   0.15891   0.01105   0.02645   0.02027   0.01639   0.00120   0.00851   0.00746   0.00475   0.00143   0.07863   0.21111   0.07158   0.11837   0.01119   0.10975   0.09887   4.35002   3.36532   2.20106   0.10372   1.00000  
 65  0.0095  10657.010284  x:  0.29883   0.14344   0.09644   0.00273   0.06475   0.05103   0.05301   0.05813   0.06425   0.02481   0.00376   0.00246   0.00676   0.02386   0.01006   0.00065   0.00992   0.00744   0.00619   0.00371   0.00055   0.00620   0.00744   0.00747   0.02138   0.15893   0.01105   0.02645   0.02027   0.01639   0.00120   0.00851   0.00746   0.00475   0.00143   0.07864   0.21110   0.07157   0.11837   0.01119   0.10976   0.09887   4.34990   3.38365   2.21944   0.10372   1.00000  
 66  0.0155  10657.010280  x:  0.29883   0.14344   0.09644   0.00272   0.06475   0.05103   0.05301   0.05813   0.06425   0.02481   0.00376   0.00246   0.00675   0.02386   0.01006   0.00065   0.00992   0.00744   0.00619   0.00371   0.00055   0.00620   0.00744   0.00747   0.02138   0.15892   0.01105   0.02645   0.02027   0.01639   0.00120   0.00851   0.00746   0.00476   0.00143   0.07863   0.21110   0.07157   0.11837   0.01119   0.10976   0.09887   4.34981   3.38968   2.22548   0.10371   1.00000  
 67  0.0076  10657.010280  x:  0.29883   0.14343   0.09644   0.00272   0.06475   0.05103   0.05301   0.05813   0.06425   0.02481   0.00376   0.00246   0.00675   0.02386   0.01006   0.00065   0.00992   0.00744   0.00619   0.00371   0.00055   0.00620   0.00744   0.00747   0.02138   0.15892   0.01105   0.02645   0.02027   0.01639   0.00120   0.00851   0.00746   0.00476   0.00143   0.07863   0.21110   0.07157   0.11837   0.01119   0.10976   0.09887   4.34981   3.39055   2.22634   0.10371   1.00000  
 68  0.0014  10657.010280  x:  0.29883   0.14343   0.09644   0.00272   0.06475   0.05103   0.05301   0.05813   0.06425   0.02481   0.00376   0.00246   0.00675   0.02386   0.01006   0.00065   0.00992   0.00744   0.00619   0.00371   0.00055   0.00620   0.00744   0.00747   0.02138   0.15892   0.01105   0.02645   0.02027   0.01639   0.00120   0.00851   0.00746   0.00476   0.00143   0.07863   0.21110   0.07157   0.11837   0.01119   0.10976   0.09887   4.34982   3.39086   2.22665   0.10371   1.00000  
 69  0.0003  10657.010280  x:  0.29883   0.14343   0.09644   0.00272   0.06475   0.05103   0.05301   0.05813   0.06425   0.02481   0.00376   0.00246   0.00675   0.02386   0.01006   0.00065   0.00992   0.00744   0.00619   0.00371   0.00055   0.00620   0.00744   0.00747   0.02138   0.15892   0.01105   0.02645   0.02027   0.01639   0.00120   0.00851   0.00746   0.00476   0.00143   0.07863   0.21110   0.07157   0.11837   0.01119   0.10976   0.09887   4.34982   3.39092   2.22671   0.10371   1.00000  
 70  0.0000  10657.010280  x:  0.29883   0.14343   0.09644   0.00272   0.06475   0.05103   0.05301   0.05813   0.06425   0.02481   0.00376   0.00246   0.00675   0.02386   0.01006   0.00065   0.00992   0.00744   0.00619   0.00371   0.00055   0.00620   0.00744   0.00747   0.02138   0.15892   0.01105   0.02645   0.02027   0.01639   0.00120   0.00851   0.00746   0.00476   0.00143   0.07863   0.21110   0.07157   0.11837   0.01119   0.10976   0.09887   4.34982   3.39086   2.22665   0.10371   1.00000  
 71  0.0001  10657.010280  x:  0.29883   0.14343   0.09644   0.00272   0.06475   0.05103   0.05301   0.05813   0.06425   0.02481   0.00376   0.00246   0.00675   0.02386   0.01006   0.00065   0.00992   0.00744   0.00619   0.00371   0.00055   0.00620   0.00744   0.00747   0.02138   0.15892   0.01105   0.02645   0.02027   0.01639   0.00120   0.00851   0.00746   0.00476   0.00143   0.07863   0.21110   0.07157   0.11837   0.01119   0.10976   0.09887   4.34982   3.39086   2.22665   0.10371   1.00000  