

TREE # 1

  0  0.0000  10760.129960  x:  0.26385   0.11577   0.08596   0.00000   0.06063   0.05075   0.04950   0.04981   0.05520   0.02619   0.00368   0.00258   0.00477   0.02271   0.00778   0.00197   0.00852   0.00766   0.00524   0.00418   0.00162   0.00718   0.00615   0.00626   0.01824   0.14125   0.01212   0.02718   0.01864   0.01586   0.00123   0.00887   0.00574   0.00380   0.00237   0.05365   0.19416   0.06079   0.10998   0.00040   0.10813   0.08203   3.00000   1.16374   0.04304   0.25098   2.82902  
  1 99.0000  10749.455884  x:  0.26399   0.11620   0.08621   0.00460   0.06083   0.05082   0.04975   0.05018   0.05553   0.02611   0.00374   0.00249   0.00570   0.02287   0.00845   0.00034   0.00895   0.00761   0.00573   0.00392   0.00000   0.00682   0.00670   0.00676   0.01864   0.14143   0.01210   0.02712   0.01885   0.01595   0.00158   0.00875   0.00652   0.00438   0.00152   0.05445   0.19428   0.06125   0.11023   0.00825   0.10824   0.08257   3.00013   1.16386   0.04291   0.24912   2.82902  
  2 3117.8280  10748.218754  x:  0.26406   0.11639   0.08631   0.00540   0.06090   0.05084   0.04983   0.05034   0.05567   0.02608   0.00376   0.00247   0.00600   0.02294   0.00869   0.00146   0.00911   0.00759   0.00588   0.00384   0.00114   0.00669   0.00689   0.00693   0.01880   0.14152   0.01209   0.02710   0.01894   0.01599   0.00157   0.00871   0.00677   0.00454   0.00134   0.05479   0.19434   0.06142   0.11032   0.01000   0.10826   0.08278   3.00018   1.16392   0.04286   0.24830   2.82901  
  3 3341.4921  10742.315681  x:  0.26474   0.11815   0.08718   0.00246   0.06146   0.05086   0.05039   0.05188   0.05703   0.02572   0.00385   0.00256   0.00747   0.02354   0.01031   0.00135   0.01021   0.00749   0.00663   0.00359   0.00115   0.00583   0.00793   0.00792   0.02024   0.14235   0.01199   0.02692   0.01972   0.01630   0.00000   0.00853   0.00805   0.00517   0.00225   0.05801   0.19486   0.06280   0.11096   0.01173   0.10834   0.08451   3.00072   1.16443   0.04235   0.24040   2.82901  
  4 955.6560  10738.183307  x:  0.26531   0.11962   0.08790   0.00000   0.06193   0.05088   0.05086   0.05316   0.05817   0.02542   0.00391   0.00262   0.00863   0.02403   0.01162   0.00126   0.01110   0.00742   0.00722   0.00340   0.00115   0.00516   0.00875   0.00870   0.02143   0.14305   0.01190   0.02677   0.02037   0.01658   0.00055   0.00839   0.00906   0.00565   0.00287   0.06071   0.19530   0.06395   0.11150   0.01299   0.10841   0.08596   3.00117   1.16487   0.04193   0.23374   2.82900  
  5 18572.6836  10704.552434  x:  0.27246   0.13730   0.09690   0.00686   0.06795   0.05178   0.05714   0.06795   0.07133   0.02186   0.00378   0.00248   0.01443   0.02885   0.02094   0.00041   0.01717   0.00723   0.00911   0.00481   0.00144   0.00396   0.01277   0.01257   0.03341   0.15172   0.01062   0.02531   0.02683   0.01921   0.00148   0.00802   0.01381   0.00577   0.00046   0.09211   0.20072   0.07701   0.11764   0.00441   0.10901   0.10277   3.00678   1.17023   0.03668   0.15110   2.82895  
  6 3408.2438  10700.319280  x:  0.27441   0.14159   0.09902   0.00849   0.06930   0.05203   0.05845   0.07110   0.07415   0.02141   0.00382   0.00251   0.01386   0.02934   0.02120   0.00038   0.01696   0.00745   0.00827   0.00452   0.00167   0.00611   0.01204   0.01188   0.03516   0.15398   0.01028   0.02522   0.02756   0.01939   0.00195   0.00840   0.01305   0.00514   0.00641   0.09930   0.20219   0.08001   0.11923   0.00401   0.10926   0.10676   3.00830   1.17159   0.03534   0.12959   2.82893  
  7 5339.5739  10689.492484  x:  0.27738   0.14686   0.10136   0.00506   0.07055   0.05231   0.05927   0.07377   0.07661   0.02208   0.00400   0.00270   0.00908   0.02827   0.01706   0.00036   0.01302   0.00800   0.00518   0.00293   0.00186   0.00814   0.00778   0.00780   0.03451   0.15716   0.00992   0.02579   0.02635   0.01844   0.00129   0.00860   0.00826   0.00287   0.00345   0.10710   0.20437   0.08319   0.12140   0.00730   0.10983   0.11137   3.01061   1.17336   0.03363   0.10063   2.82891  
  8 2483.9769  10688.082426  x:  0.27814   0.14780   0.10166   0.00470   0.07059   0.05233   0.05917   0.07377   0.07664   0.02251   0.00378   0.00233   0.00787   0.02762   0.01520   0.00039   0.01181   0.00781   0.00615   0.00455   0.00185   0.00766   0.00748   0.00753   0.03342   0.15786   0.00990   0.02597   0.02551   0.01804   0.00121   0.00859   0.00766   0.00576   0.00320   0.10817   0.20488   0.08350   0.12177   0.00758   0.10993   0.11201   3.01124   1.17369   0.03330   0.09535   2.82890  
  9 1071.6348  10687.210035  x:  0.27912   0.14855   0.10166   0.00494   0.07026   0.05224   0.05866   0.07295   0.07595   0.02319   0.00380   0.00301   0.00776   0.02659   0.01280   0.00047   0.01109   0.00735   0.00755   0.00376   0.00176   0.00618   0.00878   0.00877   0.03110   0.15860   0.01002   0.02612   0.02407   0.01755   0.00127   0.00881   0.00876   0.00528   0.00342   0.10848   0.20546   0.08327   0.12199   0.00734   0.10999   0.11218   3.01215   1.17396   0.03306   0.09197   2.82889  
 10 425.8630  10686.981855  x:  0.27964   0.14887   0.10160   0.00492   0.07004   0.05217   0.05837   0.07245   0.07552   0.02338   0.00378   0.00205   0.00826   0.02628   0.01243   0.00052   0.01136   0.00738   0.00736   0.00402   0.00171   0.00621   0.00907   0.00904   0.03000   0.15894   0.01011   0.02612   0.02356   0.01748   0.00127   0.00873   0.00917   0.00496   0.00341   0.10853   0.20575   0.08307   0.12206   0.00731   0.10998   0.11218   3.01267   1.17406   0.03297   0.09109   2.82889  
 11 301.0349  10686.728729  x:  0.28067   0.14951   0.10147   0.00490   0.06959   0.05199   0.05780   0.07145   0.07469   0.02352   0.00380   0.00265   0.00928   0.02592   0.01257   0.00059   0.01222   0.00758   0.00664   0.00459   0.00163   0.00672   0.00919   0.00914   0.02808   0.15959   0.01032   0.02605   0.02288   0.01749   0.00128   0.00848   0.00957   0.00501   0.00330   0.10861   0.20631   0.08264   0.12215   0.00727   0.10995   0.11214   3.01375   1.17426   0.03280   0.08998   2.82888  
 12 330.2922  10686.542489  x:  0.28188   0.15026   0.10134   0.00504   0.06912   0.05180   0.05726   0.07041   0.07386   0.02331   0.00376   0.00251   0.00958   0.02593   0.01349   0.00064   0.01279   0.00754   0.00678   0.00367   0.00156   0.00663   0.00889   0.00886   0.02658   0.16030   0.01050   0.02593   0.02274   0.01766   0.00129   0.00847   0.00936   0.00555   0.00328   0.10878   0.20695   0.08216   0.12222   0.00710   0.10987   0.11209   3.01509   1.17447   0.03261   0.08937   2.82886  
 13 219.5351  10686.379369  x:  0.28355   0.15131   0.10122   0.00507   0.06860   0.05158   0.05671   0.06922   0.07298   0.02281   0.00385   0.00255   0.00919   0.02621   0.01460   0.00070   0.01280   0.00735   0.00737   0.00424   0.00151   0.00615   0.00872   0.00871   0.02557   0.16121   0.01064   0.02577   0.02311   0.01788   0.00129   0.00872   0.00900   0.00499   0.00339   0.10911   0.20780   0.08156   0.12230   0.00717   0.10974   0.11205   3.01707   1.17477   0.03236   0.08908   2.82884  
 14 212.0312  10686.147499  x:  0.28684   0.15340   0.10113   0.00502   0.06787   0.05131   0.05608   0.06739   0.07189   0.02217   0.00346   0.00252   0.00833   0.02681   0.01491   0.00073   0.01182   0.00756   0.00696   0.00416   0.00147   0.00680   0.00943   0.00939   0.02568   0.16285   0.01066   0.02561   0.02420   0.01795   0.00127   0.00854   0.00940   0.00513   0.00326   0.10990   0.20946   0.08051   0.12243   0.00724   0.10945   0.11205   3.02130   1.17540   0.03183   0.08932   2.82879  
 15 183.3079  10685.970823  x:  0.28987   0.15528   0.10113   0.00507   0.06744   0.05119   0.05580   0.06604   0.07126   0.02219   0.00461   0.00249   0.00855   0.02708   0.01435   0.00075   0.01154   0.00757   0.00665   0.00410   0.00146   0.00664   0.00935   0.00931   0.02653   0.16426   0.01057   0.02559   0.02481   0.01785   0.00127   0.00848   0.00951   0.00531   0.00330   0.11063   0.21095   0.07964   0.12253   0.00723   0.10922   0.11207   3.02549   1.17600   0.03132   0.08981   2.82875  
 16 329.7506  10685.646971  x:  0.29522   0.15851   0.10124   0.00513   0.06695   0.05114   0.05562   0.06408   0.07055   0.02278   0.00373   0.00256   0.00951   0.02724   0.01298   0.00075   0.01188   0.00746   0.00673   0.00412   0.00147   0.00614   0.00867   0.00864   0.02842   0.16662   0.01033   0.02569   0.02526   0.01763   0.00128   0.00857   0.00934   0.00523   0.00343   0.11185   0.21356   0.07824   0.12271   0.00725   0.10885   0.11211   3.03329   1.17711   0.03039   0.09088   2.82866  
 17 580.7931  10685.467150  x:  0.29838   0.16013   0.10150   0.00503   0.06721   0.05142   0.05604   0.06375   0.07077   0.02343   0.00393   0.00256   0.00910   0.02673   0.01295   0.00071   0.01264   0.00751   0.00765   0.00409   0.00151   0.00713   0.00885   0.00884   0.02920   0.16771   0.01019   0.02589   0.02421   0.01767   0.00127   0.00872   0.00890   0.00510   0.00325   0.11225   0.21502   0.07767   0.12280   0.00732   0.10880   0.11211   3.03893   1.17788   0.02974   0.09167   2.82860  
 18 241.9505  10685.212165  x:  0.30255   0.16189   0.10204   0.00507   0.06808   0.05204   0.05704   0.06421   0.07165   0.02400   0.00386   0.00254   0.00807   0.02587   0.01377   0.00064   0.01288   0.00759   0.00674   0.00414   0.00159   0.00634   0.00910   0.00909   0.02951   0.16880   0.01018   0.02621   0.02227   0.01786   0.00130   0.00871   0.00882   0.00520   0.00342   0.11233   0.21683   0.07723   0.12291   0.00734   0.10895   0.11207   3.04776   1.17904   0.02879   0.09278   2.82851  
 19 330.4803  10684.845528  x:  0.30799   0.16329   0.10295   0.00498   0.06976   0.05291   0.05856   0.06618   0.07346   0.02347   0.00386   0.00255   0.00901   0.02545   0.01437   0.00052   0.01098   0.00730   0.00717   0.00418   0.00170   0.00675   0.00851   0.00844   0.02812   0.16948   0.01051   0.02645   0.02152   0.01789   0.00130   0.00844   0.00982   0.00512   0.00337   0.11135   0.21896   0.07724   0.12308   0.00729   0.10959   0.11189   3.06270   1.18089   0.02727   0.09409   2.82834  
 20 292.6837  10684.278736  x:  0.31539   0.16409   0.10412   0.00483   0.07191   0.05366   0.06008   0.06963   0.07598   0.02226   0.00389   0.00257   0.00948   0.02608   0.01306   0.00049   0.01164   0.00830   0.00704   0.00412   0.00174   0.00651   0.00901   0.00909   0.02524   0.16957   0.01068   0.02643   0.02354   0.01759   0.00127   0.00921   0.00848   0.00526   0.00335   0.10870   0.22152   0.07782   0.12334   0.00739   0.11087   0.11153   3.08788   1.18389   0.02485   0.09540   2.82806  
 21 503.9494  10683.913827  x:  0.31896   0.16368   0.10443   0.00479   0.07234   0.05346   0.05999   0.07120   0.07677   0.02273   0.00391   0.00256   0.00854   0.02674   0.01254   0.00054   0.01283   0.00663   0.00686   0.00414   0.00169   0.00666   0.00890   0.00884   0.02450   0.16906   0.01070   0.02621   0.02476   0.01765   0.00125   0.00838   0.00913   0.00524   0.00336   0.10657   0.22248   0.07841   0.12352   0.00745   0.11164   0.11131   3.10449   1.18576   0.02337   0.09551   2.82788  
 22 544.9168  10683.091848  x:  0.32574   0.16112   0.10425   0.00495   0.07156   0.05189   0.05794   0.07354   0.07703   0.02550   0.00395   0.00255   0.00755   0.02789   0.01319   0.00074   0.01329   0.00894   0.00749   0.00417   0.00149   0.00637   0.00837   0.00812   0.02544   0.16690   0.01078   0.02560   0.02577   0.01815   0.00125   0.00793   0.01093   0.00511   0.00341   0.10078   0.22361   0.08014   0.12392   0.00733   0.11328   0.11086   3.14775   1.19041   0.01973   0.09450   2.82739  
 23 768.2606  10681.868333  x:  0.33367   0.15689   0.10345   0.00510   0.06962   0.04976   0.05475   0.07557   0.07641   0.02718   0.00384   0.00254   0.00924   0.02843   0.01482   0.00096   0.01186   0.00736   0.00685   0.00415   0.00124   0.00661   0.00908   0.00935   0.02830   0.16351   0.01063   0.02527   0.02523   0.01850   0.00125   0.00993   0.00943   0.00534   0.00324   0.09328   0.22424   0.08269   0.12443   0.00713   0.11507   0.11052   3.21060   1.19699   0.01461   0.09271   2.82669  
 24 1679.8434  10680.745072  x:  0.33769   0.15333   0.10231   0.00523   0.06790   0.04944   0.05353   0.07558   0.07492   0.02289   0.00381   0.00254   0.00988   0.02720   0.01484   0.00095   0.01219   0.00760   0.00733   0.00413   0.00125   0.00622   0.00964   0.00932   0.03087   0.16077   0.00994   0.02590   0.02358   0.01782   0.00131   0.00690   0.00826   0.00504   0.00342   0.08966   0.22333   0.08476   0.12464   0.00703   0.11538   0.11089   3.26583   1.20252   0.01037   0.09166   2.82607  
 25 1161.3276  10679.808273  x:  0.33940   0.15050   0.10116   0.00511   0.06677   0.05014   0.05378   0.07465   0.07332   0.01897   0.00383   0.00254   0.00920   0.02584   0.01432   0.00081   0.01341   0.00763   0.00720   0.00410   0.00138   0.00644   0.00899   0.00863   0.03227   0.15866   0.00971   0.02638   0.02263   0.01734   0.00128   0.00913   0.01015   0.00526   0.00322   0.08866   0.22161   0.08634   0.12461   0.00707   0.11480   0.11156   3.31621   1.20743   0.00666   0.09126   2.82550  
 26 1743.6461  10675.629904  x:  0.33713   0.14376   0.09777   0.00490   0.06600   0.05510   0.05947   0.06892   0.06851   0.02128   0.00381   0.00251   0.00909   0.02395   0.01428   0.00000   0.01283   0.00756   0.00711   0.00408   0.00217   0.00640   0.00787   0.00986   0.03079   0.15403   0.01121   0.02615   0.02458   0.01812   0.00123   0.00871   0.00973   0.00521   0.00321   0.09483   0.21277   0.08975   0.12344   0.00711   0.10975   0.11459   3.48001   1.22281  -0.00485   0.09256   2.82363  
 27 1466.8899  10674.798608  x:  0.33619   0.14324   0.09761   0.00487   0.06616   0.05504   0.05970   0.06838   0.06840   0.02153   0.00380   0.00251   0.00909   0.02454   0.01422   0.00000   0.01267   0.00754   0.00708   0.00408   0.00076   0.00643   0.00886   0.00885   0.03038   0.15377   0.01062   0.02600   0.02427   0.01792   0.00123   0.00882   0.00961   0.00522   0.00320   0.09610   0.21154   0.08983   0.12320   0.00713   0.10914   0.11482   3.50259   1.22488  -0.00637   0.09294   2.82337  
 28 2545.4364  10673.673235  x:  0.33308   0.14175   0.09721   0.00482   0.06657   0.05429   0.05980   0.06679   0.06823   0.02225   0.00379   0.00249   0.00907   0.02661   0.01395   0.00000   0.01228   0.00749   0.00696   0.00407   0.00159   0.00648   0.01137   0.00634   0.02895   0.15314   0.00880   0.02548   0.02317   0.01724   0.00124   0.00912   0.00930   0.00525   0.00316   0.09993   0.20776   0.08985   0.12244   0.00720   0.10738   0.11532   3.57306   1.23129  -0.01110   0.09411   2.82256  
 29 4653.1215  10671.330365  x:  0.32372   0.14163   0.09851   0.00484   0.06818   0.04817   0.05549   0.06582   0.07128   0.02166   0.00380   0.00247   0.00861   0.03191   0.01260   0.00000   0.01202   0.00755   0.00695   0.00403   0.00146   0.00652   0.00834   0.00881   0.02647   0.15464   0.00781   0.02479   0.01907   0.01556   0.00127   0.00893   0.00928   0.00522   0.00318   0.10787   0.20152   0.08701   0.12070   0.00748   0.10547   0.11442   3.69939   1.24242  -0.01917   0.09690   2.82109  
 30 2599.9461  10670.131976  x:  0.31637   0.14283   0.10007   0.00491   0.06879   0.04478   0.05163   0.06614   0.07370   0.02115   0.00380   0.00247   0.00841   0.03028   0.01183   0.00000   0.01206   0.00751   0.00692   0.00400   0.00150   0.00653   0.00929   0.00777   0.02611   0.15694   0.01249   0.02581   0.01907   0.01693   0.00125   0.00892   0.00891   0.00523   0.00319   0.11137   0.19901   0.08358   0.11965   0.00766   0.10558   0.11247   3.77015   1.24841  -0.02343   0.09809   2.82026  
 31 1918.6636  10668.862476  x:  0.30679   0.14549   0.10215   0.00499   0.06863   0.04392   0.04793   0.06723   0.07567   0.02143   0.00378   0.00246   0.00842   0.02456   0.01259   0.00000   0.01182   0.00748   0.00688   0.00399   0.00145   0.00651   0.00905   0.00784   0.02572   0.16055   0.00926   0.02686   0.02175   0.01754   0.00122   0.00892   0.00905   0.00522   0.00319   0.11275   0.19837   0.07830   0.11877   0.00776   0.10729   0.10890   3.83742   1.25373  -0.02707   0.09851   2.81945  
 32 1356.3114  10667.873973  x:  0.29536   0.14965   0.10369   0.00492   0.06671   0.04841   0.04903   0.06806   0.07528   0.02135   0.00376   0.00245   0.00849   0.02570   0.01322   0.00000   0.01205   0.00744   0.00692   0.00399   0.00146   0.00647   0.00921   0.00786   0.02692   0.16510   0.01008   0.02427   0.02152   0.01498   0.00125   0.00887   0.00910   0.00520   0.00316   0.10960   0.20149   0.07244   0.11867   0.00784   0.11064   0.10417   3.89212   1.25738  -0.02929   0.09735   2.81876  
 33 592.3974  10667.557829  x:  0.29073   0.15169   0.10386   0.00484   0.06615   0.04912   0.05052   0.06811   0.07463   0.02102   0.00376   0.00245   0.00864   0.02714   0.01268   0.00000   0.01207   0.00746   0.00693   0.00399   0.00147   0.00645   0.00916   0.00797   0.02718   0.16668   0.00953   0.02499   0.02100   0.01776   0.00122   0.00884   0.00911   0.00522   0.00314   0.10775   0.20371   0.07118   0.11893   0.00789   0.11171   0.10298   3.91044   1.25832  -0.02972   0.09695   2.81852  
 34 520.9137  10667.298911  x:  0.28582   0.15468   0.10321   0.00485   0.06657   0.04707   0.05266   0.06777   0.07353   0.02131   0.00376   0.00245   0.00864   0.02736   0.01306   0.00000   0.01213   0.00746   0.00694   0.00400   0.00147   0.00645   0.00920   0.00798   0.02714   0.16770   0.00966   0.02727   0.02129   0.01664   0.00123   0.00887   0.00920   0.00522   0.00313   0.10545   0.20772   0.07253   0.11977   0.00780   0.11187   0.10371   3.92530   1.25839  -0.02931   0.09707   2.81829  
 35 194.6426  10667.145783  x:  0.28262   0.15713   0.10252   0.00483   0.06736   0.04612   0.05276   0.06757   0.07315   0.02117   0.00377   0.00245   0.00861   0.02656   0.01285   0.00000   0.01207   0.00746   0.00694   0.00399   0.00147   0.00646   0.00920   0.00794   0.02708   0.16789   0.00966   0.02517   0.02123   0.01697   0.00122   0.00887   0.00913   0.00523   0.00313   0.10408   0.21104   0.07453   0.12046   0.00776   0.11134   0.10524   3.93396   1.25785  -0.02844   0.09755   2.81813  
 36 152.9645  10667.084913  x:  0.28137   0.15842   0.10214   0.00485   0.06765   0.04758   0.05112   0.06745   0.07361   0.02127   0.00377   0.00245   0.00859   0.02686   0.01282   0.00000   0.01206   0.00747   0.00694   0.00399   0.00147   0.00646   0.00918   0.00795   0.02692   0.16735   0.00971   0.02572   0.02117   0.01696   0.00122   0.00888   0.00914   0.00523   0.00314   0.10358   0.21273   0.07551   0.12057   0.00773   0.11056   0.10638   3.93757   1.25687  -0.02724   0.09778   2.81803  
 37 57.2851  10667.005186  x:  0.28132   0.15995   0.10248   0.00485   0.06583   0.04734   0.05168   0.06741   0.07525   0.02129   0.00377   0.00245   0.00858   0.02676   0.01284   0.00000   0.01206   0.00748   0.00694   0.00400   0.00147   0.00646   0.00918   0.00794   0.02664   0.16437   0.00975   0.02565   0.02122   0.01696   0.00122   0.00889   0.00914   0.00523   0.00314   0.10330   0.21435   0.07400   0.11944   0.00778   0.10889   0.10723   3.94276   1.25127  -0.02093   0.09714   2.81769  
 38 20.8022  10666.789414  x:  0.28280   0.16192   0.10334   0.00484   0.07003   0.04728   0.05160   0.06718   0.07333   0.02128   0.00378   0.00246   0.00864   0.02699   0.01296   0.00000   0.01215   0.00750   0.00696   0.00401   0.00148   0.00647   0.00921   0.00800   0.02723   0.16027   0.00986   0.02573   0.02137   0.01703   0.00123   0.00890   0.00919   0.00524   0.00315   0.10378   0.21613   0.07190   0.11872   0.00779   0.10955   0.10642   3.95759   1.23166   0.00111   0.09495   2.81654  
 39 56.8764  10666.266576  x:  0.28716   0.16352   0.10454   0.00493   0.06741   0.04812   0.05197   0.06929   0.07332   0.02179   0.00384   0.00249   0.00853   0.02711   0.01270   0.00000   0.01208   0.00761   0.00697   0.00405   0.00150   0.00658   0.00918   0.00799   0.02678   0.16300   0.01007   0.02619   0.02127   0.01716   0.00125   0.00906   0.00911   0.00527   0.00322   0.10710   0.21730   0.07638   0.12256   0.00761   0.11497   0.10574   3.99334   1.18198   0.05701   0.09271   2.81358  
 40 158.7617  10666.101536  x:  0.28860   0.16149   0.10381   0.00492   0.06893   0.04830   0.05259   0.06796   0.07592   0.02177   0.00385   0.00250   0.00860   0.02725   0.01293   0.00000   0.01219   0.00763   0.00701   0.00406   0.00150   0.00657   0.00924   0.00804   0.02717   0.16816   0.00996   0.02615   0.02161   0.01725   0.00125   0.00907   0.00920   0.00528   0.00322   0.10481   0.21686   0.07589   0.12302   0.00758   0.11318   0.10762   4.00473   1.16607   0.07511   0.09094   2.81255  
 41 117.4012  10666.089532  x:  0.28869   0.16124   0.10442   0.00492   0.06881   0.04831   0.05252   0.06890   0.07507   0.02179   0.00385   0.00250   0.00860   0.02727   0.01290   0.00000   0.01219   0.00763   0.00700   0.00406   0.00150   0.00658   0.00924   0.00804   0.02718   0.16890   0.00997   0.02619   0.02157   0.01725   0.00125   0.00908   0.00919   0.00528   0.00322   0.10465   0.21688   0.07578   0.12242   0.00760   0.11240   0.10820   4.00545   1.16519   0.07630   0.09094   2.81240  
 42 13.4913  10666.035887  x:  0.28862   0.15975   0.10486   0.00489   0.06880   0.04834   0.05255   0.06796   0.07535   0.02179   0.00385   0.00250   0.00858   0.02724   0.01288   0.00000   0.01217   0.00763   0.00700   0.00406   0.00150   0.00658   0.00922   0.00803   0.02716   0.16943   0.00995   0.02617   0.02157   0.01725   0.00125   0.00908   0.00917   0.00527   0.00321   0.10509   0.21849   0.07697   0.11878   0.00765   0.11330   0.10761   4.00673   1.16754   0.07859   0.09086   2.81016  
 43  1.5505  10664.564412  x:  0.28777   0.13852   0.10410   0.00453   0.06804   0.04839   0.05192   0.06696   0.07328   0.02233   0.00384   0.00249   0.00812   0.02647   0.01201   0.00000   0.01158   0.00759   0.00683   0.00399   0.00144   0.00659   0.00887   0.00791   0.02533   0.16766   0.01015   0.02629   0.02115   0.01703   0.00119   0.00907   0.00877   0.00522   0.00289   0.10901   0.23555   0.06995   0.12514   0.00815   0.11210   0.10566   4.03931   1.24049   0.13613   0.09296   2.74729  
 44 21.2622  10658.149932  x:  0.29177   0.14262   0.09133   0.00273   0.06514   0.04980   0.05227   0.06000   0.06424   0.02417   0.00378   0.00242   0.00656   0.02354   0.00903   0.00000   0.00949   0.00738   0.00620   0.00371   0.00119   0.00651   0.00760   0.00749   0.01914   0.16215   0.01095   0.02636   0.01984   0.01623   0.00090   0.00893   0.00735   0.00502   0.00140   0.07762   0.21509   0.06921   0.11736   0.01038   0.10880   0.09639   4.17273   1.54245   0.37320   0.09877   2.48756  
 45 273.8513  10658.029687  x:  0.29167   0.14254   0.09630   0.00265   0.06513   0.04999   0.05237   0.05746   0.06427   0.02423   0.00378   0.00242   0.00654   0.02351   0.00900   0.00000   0.00946   0.00738   0.00620   0.00370   0.00119   0.00651   0.00759   0.00750   0.01905   0.16159   0.01095   0.02637   0.01987   0.01624   0.00089   0.00893   0.00734   0.00502   0.00137   0.07609   0.21416   0.06953   0.11829   0.01035   0.10978   0.09802   4.17550   1.54870   0.37803   0.09915   2.48221  
 46 70.6095  10658.029038  x:  0.29167   0.14254   0.09630   0.00265   0.06513   0.04999   0.05237   0.05746   0.06427   0.02423   0.00378   0.00242   0.00654   0.02351   0.00900   0.00005   0.00946   0.00738   0.00620   0.00370   0.00119   0.00651   0.00759   0.00750   0.01905   0.16159   0.01095   0.02637   0.01987   0.01624   0.00089   0.00893   0.00734   0.00502   0.00137   0.07609   0.21416   0.06953   0.11829   0.01035   0.10978   0.09802   4.17550   1.54871   0.37803   0.09915   2.48221  
 47 30.0579  10658.028578  x:  0.29167   0.14255   0.09641   0.00265   0.06514   0.04999   0.05237   0.05742   0.06428   0.02423   0.00378   0.00242   0.00654   0.02351   0.00901   0.00005   0.00947   0.00738   0.00620   0.00370   0.00119   0.00651   0.00759   0.00750   0.01906   0.16159   0.01095   0.02637   0.01987   0.01624   0.00089   0.00893   0.00734   0.00502   0.00137   0.07607   0.21418   0.06965   0.11835   0.01035   0.10957   0.09777   4.17554   1.54881   0.37814   0.09913   2.48210  
 48  1.4560  10657.275951  x:  0.29862   0.14332   0.09612   0.00290   0.06447   0.05117   0.05303   0.05723   0.06334   0.02464   0.00370   0.00246   0.00676   0.02376   0.01087   0.00011   0.01001   0.00738   0.00622   0.00378   0.00111   0.00614   0.00728   0.00753   0.02253   0.15825   0.01111   0.02652   0.02040   0.01645   0.00098   0.00850   0.00739   0.00481   0.00163   0.07745   0.20995   0.07179   0.11826   0.01055   0.10991   0.09828   4.29121   1.86410   0.70667   0.10351   2.14727  
 49  1.0861  10657.077498  x:  0.30036   0.14352   0.09665   0.00266   0.06465   0.05141   0.05323   0.05832   0.06442   0.02496   0.00374   0.00246   0.00672   0.02391   0.00998   0.00018   0.00995   0.00748   0.00613   0.00370   0.00104   0.00622   0.00738   0.00737   0.02166   0.15804   0.01108   0.02651   0.02039   0.01639   0.00097   0.00849   0.00743   0.00472   0.00121   0.07999   0.21053   0.07217   0.11860   0.01085   0.10966   0.09882   4.35702   2.12182   0.96463   0.10392   1.84357  
 50  0.4789  10657.007237  x:  0.29952   0.14344   0.09652   0.00282   0.06480   0.05114   0.05302   0.05843   0.06457   0.02500   0.00378   0.00245   0.00683   0.02394   0.00988   0.00023   0.00994   0.00747   0.00621   0.00369   0.00099   0.00606   0.00756   0.00744   0.02094   0.15889   0.01104   0.02643   0.02025   0.01638   0.00105   0.00847   0.00756   0.00471   0.00153   0.07867   0.21116   0.07166   0.11845   0.01098   0.10961   0.09892   4.37972   2.31127   1.15002   0.10400   1.58840  
 51  0.3687  10656.968324  x:  0.29849   0.14330   0.09623   0.00276   0.06480   0.05084   0.05286   0.05805   0.06414   0.02484   0.00377   0.00245   0.00671   0.02383   0.01015   0.00029   0.00987   0.00739   0.00621   0.00369   0.00093   0.00620   0.00737   0.00749   0.02139   0.15942   0.01102   0.02641   0.02016   0.01638   0.00109   0.00858   0.00741   0.00479   0.00140   0.07789   0.21149   0.07124   0.11827   0.01116   0.10978   0.09896   4.37580   2.47192   1.30725   0.10324   1.33828  
 52  0.2890  10656.951532  x:  0.29880   0.14350   0.09651   0.00278   0.06474   0.05097   0.05306   0.05796   0.06412   0.02473   0.00374   0.00246   0.00675   0.02381   0.01002   0.00034   0.00993   0.00744   0.00618   0.00374   0.00087   0.00622   0.00744   0.00747   0.02146   0.15884   0.01107   0.02646   0.02033   0.01641   0.00113   0.00854   0.00747   0.00479   0.00143   0.07908   0.21102   0.07162   0.11836   0.01123   0.10988   0.09897   4.35700   2.56619   1.40526   0.10309   1.14665  
 53  0.1640  10656.947765  x:  0.29903   0.14344   0.09647   0.00276   0.06473   0.05104   0.05303   0.05822   0.06434   0.02478   0.00375   0.00245   0.00677   0.02389   0.01010   0.00038   0.00992   0.00745   0.00620   0.00372   0.00083   0.00618   0.00745   0.00745   0.02133   0.15881   0.01106   0.02645   0.02029   0.01640   0.00115   0.00853   0.00747   0.00477   0.00141   0.07856   0.21102   0.07163   0.11837   0.01127   0.10975   0.09886   4.34960   2.59403   1.43291   0.10335   1.05930  
 54  0.0794  10656.946437  x:  0.29878   0.14344   0.09644   0.00275   0.06477   0.05104   0.05299   0.05807   0.06422   0.02483   0.00376   0.00246   0.00673   0.02384   0.01002   0.00043   0.00991   0.00743   0.00620   0.00370   0.00078   0.00616   0.00743   0.00747   0.02142   0.15903   0.01103   0.02645   0.02024   0.01638   0.00117   0.00852   0.00744   0.00475   0.00143   0.07860   0.21119   0.07151   0.11837   0.01126   0.10971   0.09883   4.34756   2.58789   1.42559   0.10356   1.00000  
 55  0.0321  10656.943775  x:  0.29861   0.14346   0.09643   0.00273   0.06476   0.05100   0.05302   0.05804   0.06420   0.02484   0.00375   0.00245   0.00679   0.02386   0.01014   0.00048   0.00993   0.00744   0.00618   0.00372   0.00073   0.00622   0.00746   0.00748   0.02129   0.15899   0.01106   0.02644   0.02030   0.01640   0.00117   0.00853   0.00749   0.00477   0.00142   0.07876   0.21111   0.07155   0.11836   0.01112   0.10982   0.09893   4.35146   2.47689   1.31503   0.10349   1.00000  
 56  0.0425  10656.940899  x:  0.29883   0.14348   0.09647   0.00269   0.06474   0.05100   0.05305   0.05822   0.06433   0.02482   0.00375   0.00246   0.00676   0.02388   0.01006   0.00059   0.00992   0.00744   0.00619   0.00372   0.00062   0.00620   0.00744   0.00746   0.02140   0.15888   0.01107   0.02645   0.02031   0.01640   0.00117   0.00853   0.00747   0.00477   0.00143   0.07858   0.21103   0.07164   0.11841   0.01098   0.10982   0.09895   4.35236   2.30948   1.14829   0.10336   1.00000  
 57  0.1302  10656.940073  x:  0.29887   0.14344   0.09645   0.00268   0.06475   0.05103   0.05301   0.05808   0.06422   0.02480   0.00376   0.00246   0.00674   0.02384   0.01007   0.00064   0.00991   0.00743   0.00620   0.00371   0.00057   0.00616   0.00744   0.00746   0.02137   0.15891   0.01105   0.02645   0.02025   0.01638   0.00119   0.00852   0.00745   0.00476   0.00143   0.07866   0.21112   0.07156   0.11840   0.01100   0.10974   0.09885   4.35027   2.26008   1.09841   0.10339   1.00000  
 58  0.0528  10656.939339  x:  0.29887   0.14344   0.09643   0.00271   0.06476   0.05104   0.05299   0.05808   0.06423   0.02479   0.00376   0.00245   0.00676   0.02387   0.01004   0.00066   0.00993   0.00744   0.00619   0.00371   0.00055   0.00617   0.00743   0.00747   0.02139   0.15897   0.01104   0.02645   0.02027   0.01638   0.00120   0.00852   0.00748   0.00476   0.00142   0.07858   0.21113   0.07155   0.11837   0.01115   0.10974   0.09883   4.34954   2.23221   1.07080   0.10336   1.00000  
 59  0.0151  10656.939156  x:  0.29887   0.14346   0.09646   0.00272   0.06476   0.05103   0.05302   0.05813   0.06426   0.02479   0.00376   0.00246   0.00675   0.02386   0.01006   0.00066   0.00991   0.00743   0.00619   0.00371   0.00054   0.00618   0.00744   0.00747   0.02138   0.15894   0.01105   0.02645   0.02027   0.01639   0.00120   0.00853   0.00746   0.00476   0.00142   0.07863   0.21111   0.07158   0.11838   0.01118   0.10976   0.09887   4.35056   2.21436   1.05320   0.10334   1.00000  
 60  0.0280  10656.939137  x:  0.29887   0.14345   0.09645   0.00272   0.06475   0.05102   0.05302   0.05812   0.06426   0.02481   0.00376   0.00246   0.00675   0.02386   0.01007   0.00066   0.00992   0.00744   0.00619   0.00371   0.00054   0.00618   0.00744   0.00747   0.02137   0.15892   0.01106   0.02645   0.02027   0.01639   0.00120   0.00853   0.00747   0.00476   0.00142   0.07863   0.21110   0.07158   0.11838   0.01118   0.10976   0.09888   4.35106   2.20755   1.04636   0.10335   1.00000  
 61  0.0085  10656.939129  x:  0.29886   0.14345   0.09645   0.00272   0.06475   0.05102   0.05302   0.05811   0.06425   0.02481   0.00376   0.00246   0.00676   0.02386   0.01006   0.00065   0.00992   0.00744   0.00619   0.00371   0.00055   0.00618   0.00744   0.00747   0.02138   0.15893   0.01105   0.02645   0.02027   0.01639   0.00119   0.00852   0.00746   0.00476   0.00142   0.07863   0.21111   0.07157   0.11838   0.01119   0.10976   0.09887   4.35097   2.20737   1.04615   0.10336   1.00000  
 62  0.0001  10656.939127  x:  0.29886   0.14345   0.09645   0.00272   0.06476   0.05102   0.05302   0.05812   0.06426   0.02481   0.00376   0.00246   0.00675   0.02386   0.01006   0.00065   0.00992   0.00744   0.00619   0.00371   0.00055   0.00618   0.00744   0.00747   0.02138   0.15893   0.01105   0.02645   0.02027   0.01639   0.00119   0.00853   0.00746   0.00476   0.00142   0.07863   0.21111   0.07157   0.11838   0.01119   0.10976   0.09887   4.35080   2.20566   1.04446   0.10336   1.00000  
 63  0.0022  10656.939126  x:  0.29886   0.14345   0.09645   0.00272   0.06475   0.05103   0.05302   0.05812   0.06426   0.02481   0.00376   0.00246   0.00675   0.02386   0.01006   0.00065   0.00992   0.00744   0.00619   0.00371   0.00055   0.00618   0.00744   0.00747   0.02138   0.15893   0.01105   0.02645   0.02027   0.01639   0.00119   0.00853   0.00746   0.00476   0.00142   0.07863   0.21111   0.07157   0.11838   0.01119   0.10976   0.09887   4.35078   2.20488   1.04367   0.10336   1.00000  
 64  0.0012  10656.939126  x:  0.29886   0.14345   0.09645   0.00272   0.06475   0.05103   0.05302   0.05812   0.06425   0.02481   0.00376   0.00246   0.00675   0.02386   0.01006   0.00065   0.00992   0.00744   0.00619   0.00371   0.00055   0.00618   0.00744   0.00747   0.02138   0.15893   0.01105   0.02645   0.02027   0.01639   0.00119   0.00853   0.00746   0.00476   0.00142   0.07863   0.21111   0.07157   0.11838   0.01119   0.10976   0.09887   4.35078   2.20499   1.04378   0.10336   1.00000  
 65  0.0001  10656.939126  x:  0.29886   0.14345   0.09645   0.00272   0.06475   0.05103   0.05302   0.05812   0.06426   0.02481   0.00376   0.00246   0.00675   0.02386   0.01006   0.00065   0.00992   0.00744   0.00619   0.00371   0.00055   0.00618   0.00744   0.00747   0.02138   0.15893   0.01105   0.02645   0.02027   0.01639   0.00119   0.00853   0.00746   0.00476   0.00142   0.07863   0.21111   0.07157   0.11838   0.01119   0.10976   0.09887   4.35078   2.20505   1.04384   0.10336   1.00000  
 66  0.0001  10656.939126  x:  0.29886   0.14345   0.09645   0.00272   0.06475   0.05103   0.05302   0.05812   0.06426   0.02481   0.00376   0.00246   0.00675   0.02386   0.01006   0.00065   0.00992   0.00744   0.00619   0.00371   0.00055   0.00618   0.00744   0.00747   0.02138   0.15893   0.01105   0.02645   0.02027   0.01639   0.00119   0.00853   0.00746   0.00476   0.00142   0.07863   0.21111   0.07157   0.11838   0.01119   0.10976   0.09887   4.35078   2.20502   1.04381   0.10336   1.00000  
 67  0.0000  10656.939126  x:  0.29886   0.14345   0.09645   0.00272   0.06475   0.05103   0.05302   0.05812   0.06426   0.02481   0.00376   0.00246   0.00675   0.02386   0.01006   0.00065   0.00992   0.00744   0.00619   0.00371   0.00055   0.00618   0.00744   0.00747   0.02138   0.15893   0.01105   0.02645   0.02027   0.01639   0.00119   0.00853   0.00746   0.00476   0.00142   0.07863   0.21111   0.07157   0.11838   0.01119   0.10976   0.09887   4.35078   2.20503   1.04382   0.10336   1.00000  
 68  0.0000  10656.939126  x:  0.29886   0.14345   0.09645   0.00272   0.06475   0.05103   0.05302   0.05812   0.06426   0.02481   0.00376   0.00246   0.00675   0.02386   0.01006   0.00065   0.00992   0.00744   0.00619   0.00371   0.00055   0.00618   0.00744   0.00747   0.02138   0.15893   0.01105   0.02645   0.02027   0.01639   0.00119   0.00853   0.00746   0.00476   0.00142   0.07863   0.21111   0.07157   0.11838   0.01119   0.10976   0.09887   4.35078   2.20507   1.04386   0.10336   1.00000  
 69  0.0001  10656.939126  x:  0.29886   0.14345   0.09645   0.00272   0.06475   0.05103   0.05302   0.05812   0.06426   0.02481   0.00376   0.00246   0.00675   0.02386   0.01006   0.00065   0.00992   0.00744   0.00619   0.00371   0.00055   0.00618   0.00744   0.00747   0.02138   0.15893   0.01105   0.02645   0.02027   0.01639   0.00119   0.00853   0.00746   0.00476   0.00142   0.07863   0.21111   0.07157   0.11838   0.01119   0.10976   0.09887   4.35078   2.20507   1.04386   0.10336   1.00000  
 70  0.0000  10656.939126  x:  0.29886   0.14345   0.09645   0.00272   0.06475   0.05103   0.05302   0.05812   0.06426   0.02481   0.00376   0.00246   0.00675   0.02386   0.01006   0.00065   0.00992   0.00744   0.00619   0.00371   0.00055   0.00618   0.00744   0.00747   0.02138   0.15893   0.01105   0.02645   0.02027   0.01639   0.00119   0.00853   0.00746   0.00476   0.00142   0.07863   0.21111   0.07157   0.11838   0.01119   0.10976   0.09887   4.35078   2.20507   1.04386   0.10336   1.00000  
 71  0.0075  10656.939126  x:  0.29886   0.14345   0.09645   0.00272   0.06475   0.05103   0.05302   0.05812   0.06426   0.02481   0.00376   0.00246   0.00675   0.02386   0.01006   0.00065   0.00992   0.00744   0.00619   0.00371   0.00055   0.00618   0.00744   0.00747   0.02138   0.15893   0.01105   0.02645   0.02027   0.01639   0.00119   0.00853   0.00746   0.00476   0.00142   0.07863   0.21111   0.07157   0.11838   0.01119   0.10976   0.09887   4.35078   2.20507   1.04386   0.10336   1.00000  
 72  0.0121  10656.939126  x:  0.29886   0.14345   0.09645   0.00272   0.06475   0.05103   0.05302   0.05812   0.06426   0.02481   0.00376   0.00246   0.00675   0.02386   0.01006   0.00065   0.00992   0.00744   0.00619   0.00371   0.00055   0.00618   0.00744   0.00747   0.02138   0.15893   0.01105   0.02645   0.02027   0.01639   0.00119   0.00853   0.00746   0.00476   0.00142   0.07863   0.21111   0.07157   0.11838   0.01119   0.10976   0.09887   4.35078   2.20507   1.04386   0.10336   1.00000  
check convergence!
