

TREE # 1

  0  0.0000  13465.308388  x:  0.36826   0.07062   0.00720   0.13921   0.12976   0.10564   0.17512   0.07302   0.07041   0.01860   0.03711   0.00956   0.01947   0.01673   0.00903   0.01422   0.02413   0.01472   0.01167   0.01334   0.06697   0.30034   0.00000   0.03920   0.06707   0.03865   0.03363   0.00938   0.02524   0.01451   0.00507   0.01040   0.12469   0.00873   0.10201   0.08664   0.06768   3.00000   1.39835   0.16116   0.29812   2.50136  
  1 99.0000  13433.021219  x:  0.36977   0.07641   0.01352   0.14189   0.12999   0.10641   0.17854   0.07620   0.07062   0.02356   0.03598   0.01111   0.02061   0.01780   0.00488   0.00672   0.02110   0.01385   0.00611   0.00998   0.06662   0.30214   0.00598   0.04137   0.06826   0.03815   0.03222   0.00896   0.02088   0.01576   0.00000   0.00886   0.12731   0.01385   0.10264   0.08791   0.06952   3.00106   1.39926   0.16037   0.28519   2.50130  
  2 1978.4301  13414.109881  x:  0.37099   0.08109   0.01858   0.14405   0.13018   0.10704   0.18130   0.07877   0.07078   0.02755   0.03506   0.01235   0.02153   0.01866   0.00157   0.00066   0.01867   0.01316   0.00167   0.00728   0.06634   0.30359   0.01068   0.04312   0.06922   0.03776   0.03110   0.00862   0.01737   0.01678   0.00049   0.00766   0.12942   0.01794   0.10315   0.08894   0.07100   3.00191   1.40000   0.15974   0.27472   2.50125  
  3 33792.7197  13406.736173  x:  0.37150   0.08293   0.02017   0.14492   0.13024   0.10726   0.18243   0.07979   0.07084   0.02882   0.03469   0.01268   0.02189   0.01894   0.00286   0.00000   0.01786   0.01302   0.00262   0.00675   0.06614   0.30420   0.01147   0.04377   0.06960   0.03761   0.03069   0.00858   0.01613   0.01707   0.00056   0.00750   0.13027   0.01912   0.10335   0.08934   0.07155   3.00228   1.40032   0.15947   0.27025   2.50123  
  4 4446.5017  13366.663933  x:  0.37618   0.09977   0.03494   0.15288   0.13078   0.10927   0.19275   0.08913   0.07132   0.04058   0.03129   0.01585   0.02517   0.02144   0.01212   0.00186   0.01041   0.01175   0.00889   0.00167   0.06440   0.30971   0.01939   0.04974   0.07309   0.03630   0.02692   0.00816   0.00474   0.01979   0.00123   0.00589   0.13806   0.03015   0.10520   0.09304   0.07653   3.00562   1.40320   0.15699   0.22958   2.50103  
  5 71919.7777  13336.055830  x:  0.38125   0.11701   0.04840   0.16119   0.13130   0.11117   0.20364   0.09869   0.07174   0.05102   0.02803   0.01813   0.02798   0.02334   0.01742   0.00282   0.00596   0.01139   0.01206   0.01507   0.06235   0.31567   0.02451   0.05560   0.07665   0.03517   0.02354   0.00845   0.00130   0.02197   0.00166   0.00647   0.14619   0.03961   0.10715   0.09684   0.08139   3.00927   1.40632   0.15431   0.18544   2.50081  
  6 10697.8399  13304.771695  x:  0.38732   0.13731   0.06396   0.17103   0.13191   0.11337   0.21654   0.10992   0.07222   0.06298   0.02436   0.02059   0.03113   0.02540   0.02352   0.00390   0.00336   0.01122   0.01567   0.02342   0.05993   0.32280   0.03007   0.06241   0.08084   0.03392   0.01990   0.00898   0.01109   0.02443   0.00213   0.00718   0.15581   0.05041   0.10945   0.10130   0.08704   3.01364   1.41004   0.15111   0.13294   2.50056  
  7 26386.6642  13289.759381  x:  0.39054   0.14683   0.06991   0.17582   0.13221   0.11423   0.22295   0.11513   0.07238   0.06715   0.02338   0.02082   0.03196   0.02562   0.02511   0.00413   0.01423   0.01224   0.01645   0.02499   0.05866   0.32654   0.03027   0.06525   0.08272   0.03363   0.01959   0.00958   0.01161   0.02472   0.00224   0.00827   0.16047   0.05392   0.11058   0.10333   0.08935   3.01600   1.41192   0.14952   0.10739   2.50042  
  8 7478.1719  13270.380765  x:  0.39722   0.15873   0.06796   0.18290   0.13259   0.11404   0.23343   0.12100   0.07198   0.06226   0.02751   0.01504   0.02819   0.02079   0.02049   0.00336   0.00953   0.01524   0.01294   0.02002   0.05651   0.33407   0.01326   0.06637   0.08435   0.03513   0.02803   0.01166   0.00905   0.01946   0.00172   0.01177   0.16727   0.04732   0.11224   0.10534   0.08977   3.02112   1.41493   0.14716   0.07914   2.50013  
  9 1359.0930  13262.560396  x:  0.40321   0.17009   0.06801   0.18907   0.13250   0.11372   0.24300   0.12625   0.07136   0.05990   0.02670   0.01446   0.02729   0.02081   0.01810   0.00309   0.00954   0.01179   0.01226   0.01924   0.05541   0.34071   0.00225   0.06742   0.08530   0.03449   0.02353   0.00757   0.00876   0.01955   0.00154   0.00516   0.17323   0.04337   0.11311   0.10696   0.09029   3.02618   1.41726   0.14545   0.07715   2.49984  
 10 764.0410  13259.423940  x:  0.40583   0.17508   0.06815   0.19170   0.13240   0.11354   0.24717   0.12845   0.07107   0.05911   0.02627   0.01465   0.02715   0.02107   0.01730   0.00301   0.00951   0.01133   0.01221   0.01884   0.05536   0.34363   0.00000   0.06786   0.08564   0.03415   0.02190   0.00771   0.00865   0.01984   0.00147   0.00718   0.17576   0.04185   0.11340   0.10762   0.09052   3.02850   1.41828   0.14472   0.07820   2.49971  
 11 1345.6364  13239.908137  x:  0.43708   0.22991   0.06104   0.22135   0.13117   0.11039   0.29522   0.15166   0.06753   0.04241   0.02686   0.01206   0.02297   0.01955   0.01163   0.00282   0.00991   0.01574   0.01661   0.01816   0.05785   0.37878   0.00677   0.07072   0.08869   0.03256   0.01850   0.01565   0.00866   0.01817   0.00145   0.00753   0.20410   0.01554   0.11663   0.11427   0.09113   3.05669   1.43042   0.13606   0.09034   2.49815  
 12 2113.6834  13235.307686  x:  0.44630   0.24341   0.05637   0.22813   0.13125   0.10964   0.30807   0.15545   0.06757   0.04005   0.02977   0.01688   0.02675   0.02177   0.01351   0.00289   0.01048   0.01382   0.01518   0.01880   0.06015   0.38919   0.00783   0.07063   0.08876   0.03448   0.02911   0.00920   0.00910   0.02035   0.00144   0.00910   0.21052   0.01345   0.11729   0.11524   0.09255   3.06706   1.43445   0.13333   0.09445   2.49758  
 13 845.0428  13232.175448  x:  0.45593   0.25108   0.04566   0.23078   0.13276   0.10990   0.31842   0.15241   0.06962   0.04307   0.03065   0.01469   0.03047   0.02256   0.01766   0.00296   0.01070   0.01648   0.01096   0.01923   0.06496   0.40014   0.00550   0.06814   0.08751   0.03877   0.03117   0.01360   0.00930   0.02067   0.00142   0.00709   0.21283   0.02327   0.11762   0.11409   0.09615   3.08280   1.43953   0.13027   0.09767   2.49672  
 14 363.2806  13229.321942  x:  0.46567   0.25465   0.03265   0.23107   0.13535   0.11147   0.32697   0.14546   0.07248   0.04549   0.03058   0.01273   0.02909   0.02071   0.01798   0.00297   0.01062   0.01483   0.01070   0.01898   0.06912   0.41123   0.00812   0.06480   0.08571   0.04105   0.02698   0.00847   0.00921   0.01899   0.00143   0.00953   0.21255   0.02845   0.11787   0.11179   0.09822   3.10202   1.44518   0.12711   0.09665   2.49566  
 15 519.7466  13227.004452  x:  0.47520   0.25548   0.02372   0.22969   0.13879   0.11504   0.33405   0.13617   0.07536   0.04788   0.02980   0.01973   0.02715   0.02208   0.01501   0.00286   0.01047   0.01188   0.01325   0.01860   0.07001   0.42187   0.00844   0.06205   0.08425   0.03982   0.02545   0.01152   0.00897   0.02142   0.00141   0.00931   0.21037   0.02922   0.11792   0.10917   0.09854   3.12489   1.45147   0.12380   0.09458   2.49439  
 16 542.9082  13224.371329  x:  0.48696   0.25467   0.02316   0.22689   0.14377   0.12197   0.34183   0.12359   0.07825   0.05148   0.02616   0.02117   0.02799   0.02473   0.01265   0.00277   0.00998   0.01960   0.01526   0.01840   0.06741   0.43459   0.00761   0.06078   0.08370   0.03565   0.02575   0.00914   0.00888   0.02362   0.00140   0.00890   0.20645   0.02795   0.11785   0.10662   0.09773   3.15888   1.46030   0.11942   0.09449   2.49249  
 17 576.7700  13219.446196  x:  0.50674   0.25091   0.03230   0.22120   0.15169   0.13435   0.35382   0.10318   0.08170   0.05615   0.02533   0.01446   0.03145   0.02400   0.01445   0.00292   0.01052   0.01347   0.01443   0.01903   0.06071   0.45526   0.00821   0.06115   0.08504   0.03152   0.02878   0.01107   0.00917   0.02131   0.00145   0.00920   0.19943   0.02439   0.11774   0.10409   0.09568   3.22460   1.47676   0.11159   0.09633   2.48880  
 18 897.5657  13216.337083  x:  0.51843   0.24473   0.04091   0.21649   0.15355   0.13850   0.35923   0.09587   0.08135   0.05473   0.03423   0.01902   0.02955   0.02071   0.01789   0.00305   0.01065   0.01565   0.01191   0.01954   0.05843   0.46615   0.00814   0.06380   0.08770   0.03786   0.02474   0.01067   0.00937   0.01995   0.00149   0.00911   0.19628   0.02373   0.11772   0.10554   0.09490   3.27755   1.48926   0.10613   0.09734   2.48578  
 19 648.0648  13207.715320  x:  0.54301   0.21864   0.05442   0.20331   0.14771   0.13358   0.36498   0.09978   0.07391   0.04082   0.02701   0.01587   0.02007   0.02799   0.01733   0.00314   0.01057   0.01372   0.01340   0.01957   0.06521   0.48460   0.00848   0.07130   0.09217   0.05084   0.02523   0.01009   0.00921   0.02852   0.00152   0.00969   0.19477   0.02821   0.11785   0.11549   0.09594   3.43702   1.52465   0.09222   0.09629   2.47655  
 20 724.2940  13196.781271  x:  0.57061   0.18233   0.06282   0.18984   0.13601   0.11869   0.36746   0.11717   0.06347   0.03335   0.02244   0.02060   0.03833   0.02215   0.01159   0.00295   0.01012   0.01344   0.01871   0.01904   0.07432   0.50131   0.00795   0.07703   0.09143   0.04476   0.02221   0.01042   0.00896   0.02098   0.00156   0.00948   0.19731   0.03055   0.11732   0.12649   0.09731   3.66096   1.57277   0.07460   0.09425   2.46346  
 21 1796.6183  13187.142831  x:  0.58682   0.15838   0.06494   0.18734   0.12710   0.10395   0.36521   0.13758   0.06021   0.04942   0.03176   0.01862   0.02904   0.02229   0.01419   0.00310   0.01041   0.01385   0.01700   0.01969   0.07479   0.50595   0.00705   0.07820   0.08640   0.02676   0.02416   0.01008   0.00926   0.02098   0.00159   0.00900   0.20253   0.02932   0.11565   0.13019   0.09757   3.85146   1.61213   0.06161   0.09613   2.45219  
 22 1761.8306  13177.259680  x:  0.59002   0.14951   0.06017   0.20037   0.12631   0.09602   0.35411   0.15695   0.06949   0.06588   0.01995   0.02173   0.02814   0.01947   0.01948   0.00310   0.01022   0.01428   0.01084   0.01943   0.05689   0.49281   0.00834   0.07160   0.08155   0.03984   0.02470   0.01059   0.00914   0.01835   0.00154   0.00909   0.20769   0.01834   0.11202   0.12080   0.09401   4.05627   1.65145   0.05158   0.09722   2.43980  
 23 1099.3160  13168.772827  x:  0.58369   0.15504   0.05555   0.21778   0.13100   0.09936   0.33933   0.16836   0.07782   0.06372   0.03102   0.01392   0.03668   0.02800   0.01381   0.00297   0.00989   0.01362   0.01583   0.01887   0.04583   0.46951   0.01026   0.06069   0.07975   0.04596   0.02079   0.01057   0.00885   0.02603   0.00151   0.00980   0.21025   0.01728   0.11024   0.10837   0.09285   4.24976   1.68667   0.04469   0.09637   2.42783  
 24 1552.7233  13153.594612  x:  0.56081   0.18646   0.05663   0.24892   0.14338   0.11893   0.31192   0.17564   0.08858   0.04655   0.02932   0.01788   0.02716   0.01834   0.01093   0.00302   0.01028   0.01382   0.01978   0.01943   0.05233   0.41809   0.00932   0.04588   0.08272   0.03657   0.02599   0.00971   0.00923   0.01910   0.00157   0.00911   0.21104   0.03189   0.11215   0.09172   0.09551   4.58182   1.74423   0.03679   0.10044   2.40686  
 25 1936.2034  13147.372728  x:  0.54360   0.20735   0.04875   0.25559   0.14445   0.12357   0.30091   0.16746   0.08673   0.04176   0.02776   0.01906   0.02952   0.02548   0.01990   0.00301   0.00990   0.01384   0.00901   0.01871   0.06360   0.39433   0.00949   0.05013   0.08401   0.03075   0.02199   0.01010   0.00885   0.01791   0.00145   0.00924   0.20787   0.02291   0.11536   0.09611   0.09300   4.71964   1.76589   0.03655   0.09762   2.39778  
 26 1201.9259  13141.830183  x:  0.52086   0.23448   0.04030   0.25564   0.14069   0.12281   0.29342   0.15322   0.07813   0.04947   0.02771   0.01614   0.03169   0.01706   0.01675   0.00289   0.00990   0.01402   0.01121   0.01834   0.06904   0.37302   0.00837   0.06234   0.08498   0.03339   0.02351   0.01031   0.00870   0.02550   0.00138   0.00863   0.20422   0.01692   0.11788   0.10876   0.09267   4.84587   1.78368   0.03925   0.09830   2.38907  
 27 1148.3478  13139.005747  x:  0.50584   0.25050   0.03622   0.25236   0.13684   0.11947   0.29154   0.14443   0.07077   0.05279   0.02836   0.01613   0.03021   0.02216   0.01296   0.00282   0.00999   0.01406   0.01481   0.01832   0.06485   0.36433   0.00813   0.06793   0.08427   0.03575   0.02513   0.01025   0.00881   0.01738   0.00140   0.00832   0.20314   0.01780   0.11715   0.11556   0.09412   4.90931   1.79148   0.04233   0.09935   2.38445  
 28 1004.3417  13136.929936  x:  0.48859   0.26371   0.03315   0.24432   0.13217   0.11285   0.29318   0.13729   0.06385   0.04712   0.02739   0.01652   0.02950   0.02037   0.01525   0.00283   0.00989   0.01406   0.01219   0.01810   0.05358   0.36269   0.00930   0.06676   0.08067   0.03221   0.02480   0.00998   0.00870   0.01907   0.00137   0.00869   0.20415   0.02063   0.11231   0.11685   0.09608   4.95671   1.79537   0.04773   0.09848   2.38055  
 29 430.3790  13134.811199  x:  0.45750   0.27826   0.03836   0.22685   0.12825   0.10357   0.30038   0.13340   0.06965   0.04701   0.02793   0.01585   0.02932   0.02038   0.01462   0.00282   0.00989   0.01419   0.01280   0.01814   0.05934   0.37024   0.00826   0.06053   0.07744   0.03373   0.02499   0.01012   0.00872   0.01886   0.00137   0.00828   0.20852   0.01749   0.10253   0.10817   0.09442   5.00764   1.79611   0.05976   0.09727   2.37527  
 30 222.5959  13133.922720  x:  0.43699   0.27957   0.03592   0.21932   0.13173   0.10518   0.30655   0.13733   0.07429   0.04706   0.02819   0.01574   0.02950   0.02042   0.01471   0.00282   0.00993   0.01431   0.01262   0.01814   0.05729   0.37913   0.00843   0.05995   0.08289   0.03315   0.02525   0.01014   0.00874   0.01882   0.00136   0.00837   0.21089   0.01778   0.11343   0.10836   0.09343   5.03060   1.79369   0.07102   0.09777   2.37160  
 31 114.3366  13133.413137  x:  0.42387   0.27585   0.03445   0.22191   0.13661   0.11301   0.31261   0.14134   0.06906   0.04809   0.02826   0.01582   0.02951   0.02050   0.01494   0.00282   0.00997   0.01426   0.01238   0.01817   0.05836   0.38644   0.00835   0.06081   0.07820   0.03432   0.02529   0.01020   0.00875   0.01886   0.00136   0.00839   0.21063   0.01732   0.11279   0.10971   0.09431   5.04441   1.78898   0.08451   0.09759   2.36796  
 32 74.6689  13133.081254  x:  0.41806   0.27171   0.03252   0.22795   0.13625   0.11498   0.31799   0.14169   0.07075   0.04756   0.02835   0.01587   0.02969   0.02050   0.01490   0.00281   0.00999   0.01428   0.01236   0.01815   0.05816   0.39031   0.00839   0.06558   0.08212   0.03339   0.02540   0.01021   0.00875   0.01885   0.00136   0.00845   0.20879   0.01808   0.10772   0.11007   0.09527   5.05409   1.78311   0.09968   0.09737   2.36412  
 33 66.9224  13132.440146  x:  0.41714   0.26539   0.03521   0.24038   0.13076   0.11212   0.32897   0.13718   0.07054   0.04815   0.02831   0.01613   0.02986   0.02067   0.01486   0.00284   0.01004   0.01441   0.01274   0.01831   0.05991   0.39294   0.00826   0.05977   0.08425   0.03381   0.02550   0.01020   0.00883   0.01919   0.00138   0.00848   0.20452   0.01829   0.11165   0.11193   0.09567   5.07360   1.76676   0.14115   0.09596   2.35375  
 34 72.9078  13131.791673  x:  0.42482   0.26303   0.03644   0.24216   0.13177   0.11110   0.33630   0.13656   0.07614   0.04632   0.02887   0.01619   0.02987   0.02074   0.01481   0.00287   0.01016   0.01453   0.01312   0.01852   0.05999   0.39185   0.00827   0.06479   0.07729   0.03410   0.02575   0.01038   0.00894   0.01922   0.00140   0.00855   0.20507   0.01951   0.11605   0.11167   0.09589   5.09369   1.74828   0.18999   0.09480   2.34120  
 35 120.3038  13130.400476  x:  0.44891   0.26244   0.03452   0.23378   0.14121   0.11523   0.34464   0.14098   0.07236   0.04857   0.02939   0.01630   0.03037   0.02115   0.01531   0.00291   0.01039   0.01486   0.01295   0.01885   0.06100   0.38856   0.00832   0.06526   0.08435   0.03507   0.02647   0.01059   0.00912   0.01964   0.00141   0.00872   0.21219   0.01912   0.11573   0.10826   0.09714   5.13660   1.70849   0.29999   0.09222   2.31216  
 36 243.4704  13130.109942  x:  0.45378   0.26495   0.03418   0.23317   0.13885   0.11940   0.33640   0.14241   0.07646   0.04868   0.02961   0.01631   0.03047   0.02120   0.01536   0.00292   0.01043   0.01495   0.01295   0.01890   0.06060   0.39500   0.00829   0.06211   0.08427   0.03518   0.02661   0.01065   0.00916   0.01961   0.00141   0.00876   0.21405   0.01882   0.11363   0.11518   0.09835   5.14477   1.70410   0.32462   0.09186   2.30366  
 37 56.6132  13129.829763  x:  0.45722   0.26861   0.03463   0.23671   0.13799   0.11776   0.32224   0.14210   0.07416   0.04857   0.02969   0.01632   0.03047   0.02124   0.01537   0.00293   0.01048   0.01500   0.01304   0.01898   0.06133   0.40691   0.00807   0.06493   0.08456   0.03529   0.02670   0.01071   0.00920   0.01966   0.00141   0.00874   0.21428   0.01870   0.11593   0.11125   0.09898   5.15123   1.70629   0.34899   0.09147   2.29250  
 38 46.6192  13129.618394  x:  0.45760   0.26921   0.03514   0.23847   0.14493   0.11271   0.31986   0.14174   0.07426   0.04811   0.02975   0.01636   0.03042   0.02118   0.01529   0.00294   0.01050   0.01500   0.01325   0.01903   0.06156   0.40928   0.00801   0.06423   0.08467   0.03505   0.02676   0.01067   0.00922   0.01962   0.00142   0.00873   0.21327   0.01993   0.11454   0.11460   0.09487   5.15297   1.72243   0.36742   0.09140   2.27776  
 39 20.2020  13124.746931  x:  0.46058   0.26618   0.03519   0.23566   0.15920   0.10270   0.32340   0.14301   0.07784   0.04554   0.03031   0.01555   0.02980   0.02116   0.01476   0.00280   0.01037   0.01530   0.01236   0.01823   0.06239   0.41135   0.00724   0.06090   0.08486   0.03486   0.02694   0.01105   0.00894   0.01945   0.00137   0.00827   0.19577   0.00897   0.11207   0.12010   0.12826   5.17749   2.16973   0.79272   0.09233   1.90536  
 40 94.2428  13111.919776  x:  0.46914   0.25723   0.02390   0.22699   0.13307   0.12169   0.33983   0.14447   0.07208   0.04160   0.03126   0.01331   0.02793   0.02002   0.01406   0.00260   0.01021   0.01506   0.01097   0.01688   0.06155   0.41278   0.00583   0.06240   0.08299   0.03527   0.02832   0.01067   0.00847   0.01831   0.00131   0.00744   0.18460   0.01465   0.10656   0.11586   0.08915   5.23589   3.25918   1.82390   0.09256   1.00000  
 41 1821.4830  13111.919776  x:  0.46914   0.25723   0.02390   0.22699   0.13307   0.12169   0.33983   0.14447   0.07208   0.04160   0.03126   0.01331   0.02793   0.02002   0.01406   0.00260   0.01021   0.01506   0.01097   0.01688   0.06155   0.41278   0.00583   0.06240   0.08299   0.03527   0.02832   0.01067   0.00847   0.01831   0.00131   0.00744   0.18460   0.01465   0.10656   0.11586   0.08915   5.23589   3.25918   1.82390   0.09256   1.00000  
 42 349.7501  13105.867296  x:  0.46932   0.25652   0.02347   0.22677   0.13329   0.12156   0.33971   0.14393   0.07208   0.04069   0.03135   0.01312   0.02714   0.01979   0.01040   0.00041   0.01406   0.01486   0.00781   0.01410   0.06154   0.41297   0.00356   0.06209   0.08292   0.03556   0.02847   0.01035   0.01202   0.01820   0.00619   0.00886   0.18474   0.01429   0.10670   0.11565   0.08927   5.23601   3.25920   1.82388   0.09423   1.00000  
 43 1291.9434  13103.498431  x:  0.46949   0.25586   0.02308   0.22656   0.13350   0.12145   0.33960   0.14344   0.07207   0.03988   0.03143   0.01301   0.02649   0.01962   0.00730   0.00313   0.01665   0.01469   0.00531   0.01176   0.06156   0.41314   0.00177   0.06180   0.08286   0.03582   0.02860   0.01009   0.01429   0.01809   0.00751   0.00967   0.18487   0.01399   0.10683   0.11545   0.08938   5.23612   3.25923   1.82385   0.09561   1.00000  
 44 2412.0267  13101.146689  x:  0.46977   0.25475   0.02248   0.22623   0.13384   0.12127   0.33941   0.14262   0.07207   0.03868   0.03159   0.01285   0.02558   0.01945   0.00381   0.00211   0.01829   0.01445   0.00364   0.00904   0.06175   0.41343   0.00070   0.06136   0.08277   0.03617   0.02882   0.00983   0.01542   0.01786   0.00416   0.00969   0.18509   0.01355   0.10703   0.11513   0.08958   5.23630   3.25929   1.82379   0.09734   1.00000  
 45 890.0171  13100.388642  x:  0.47012   0.25324   0.02171   0.22577   0.13427   0.12103   0.33913   0.14151   0.07206   0.03723   0.03175   0.01272   0.02464   0.01935   0.00417   0.00204   0.02014   0.01424   0.00494   0.00729   0.06206   0.41382   0.00193   0.06078   0.08262   0.03657   0.02907   0.00961   0.01681   0.01763   0.00307   0.00999   0.18536   0.01304   0.10729   0.11470   0.08982   5.23654   3.25940   1.82369   0.09907   1.00000  
 46 436.6978  13099.759834  x:  0.47078   0.25041   0.02042   0.22491   0.13507   0.12063   0.33860   0.13945   0.07208   0.03494   0.03203   0.01266   0.02350   0.01931   0.00573   0.00190   0.02127   0.01399   0.00459   0.00827   0.06254   0.41453   0.00087   0.05977   0.08238   0.03717   0.02946   0.00954   0.01736   0.01736   0.00225   0.00980   0.18588   0.01234   0.10778   0.11394   0.09028   5.23700   3.25962   1.82347   0.10111   1.00001  
 47 347.3091  13098.830534  x:  0.47223   0.24405   0.01793   0.22304   0.13682   0.11984   0.33739   0.13492   0.07218   0.03087   0.03250   0.01271   0.02200   0.01928   0.00459   0.00203   0.02103   0.01373   0.00435   0.01022   0.06376   0.41610   0.00216   0.05772   0.08185   0.03823   0.03015   0.00964   0.01626   0.01707   0.00292   0.00890   0.18702   0.01126   0.10881   0.11234   0.09131   5.23803   3.26017   1.82293   0.10374   1.00001  
 48 516.3940  13097.913884  x:  0.47400   0.23618   0.01576   0.22080   0.13887   0.11909   0.33584   0.12948   0.07242   0.02827   0.03278   0.01286   0.02211   0.01936   0.00437   0.00213   0.01944   0.01404   0.00570   0.00879   0.06498   0.41797   0.00055   0.05565   0.08129   0.03900   0.03043   0.00970   0.01471   0.01725   0.00378   0.00943   0.18843   0.01088   0.10995   0.11058   0.09247   5.23932   3.26094   1.82218   0.10402   1.00001  
 49 510.8078  13097.014727  x:  0.47604   0.22705   0.01410   0.21828   0.14112   0.11841   0.33401   0.12338   0.07280   0.02723   0.03283   0.01293   0.02302   0.01942   0.00552   0.00208   0.01828   0.01440   0.00392   0.00723   0.06625   0.42009   0.00123   0.05366   0.08071   0.03949   0.03035   0.00960   0.01439   0.01760   0.00389   0.01032   0.19004   0.01096   0.11110   0.10874   0.09365   5.24084   3.26190   1.82125   0.10297   1.00001  
 50 842.2559  13095.322837  x:  0.48059   0.20695   0.01269   0.21296   0.14569   0.11738   0.32993   0.11060   0.07386   0.02916   0.03235   0.01272   0.02511   0.01925   0.00450   0.00201   0.01911   0.01458   0.00466   0.00914   0.06824   0.42463   0.00122   0.05045   0.07963   0.03967   0.02945   0.00913   0.01747   0.01810   0.00286   0.01087   0.19356   0.01179   0.11316   0.10522   0.09567   5.24425   3.26413   1.81907   0.09937   1.00001  
 51 834.6044  13094.562951  x:  0.48311   0.19673   0.01454   0.21063   0.14735   0.11741   0.32784   0.10535   0.07457   0.03180   0.03178   0.01260   0.02411   0.01911   0.00487   0.00205   0.01996   0.01360   0.00461   0.00827   0.06799   0.42682   0.00098   0.05044   0.07939   0.03892   0.02914   0.00967   0.01668   0.01720   0.00331   0.00798   0.19540   0.01174   0.11345   0.10426   0.09567   5.24618   3.26540   1.81783   0.09970   1.00001  
 52 420.3620  13094.039989  x:  0.48550   0.18800   0.01719   0.20893   0.14805   0.11773   0.32604   0.10215   0.07515   0.03369   0.03135   0.01265   0.02260   0.01906   0.00480   0.00203   0.02028   0.01340   0.00456   0.00855   0.06674   0.42858   0.00109   0.05162   0.07944   0.03790   0.02908   0.00969   0.01509   0.01662   0.00329   0.01020   0.19702   0.01135   0.11308   0.10417   0.09485   5.24804   3.26665   1.81661   0.10130   1.00002  
 53 383.7196  13093.634105  x:  0.48829   0.17974   0.01916   0.20779   0.14723   0.11817   0.32427   0.10173   0.07529   0.03256   0.03167   0.01286   0.02326   0.01926   0.00478   0.00203   0.01921   0.01517   0.00457   0.00856   0.06428   0.43007   0.00118   0.05396   0.07993   0.03716   0.02941   0.00895   0.01611   0.01825   0.00330   0.00968   0.19865   0.01118   0.11180   0.10535   0.09294   5.25031   3.26828   1.81501   0.10262   1.00002  
 54 184.3405  13093.365917  x:  0.49081   0.17364   0.01920   0.20719   0.14571   0.11841   0.32287   0.10294   0.07489   0.03092   0.03207   0.01250   0.02409   0.01921   0.00473   0.00203   0.01908   0.01360   0.00458   0.00856   0.06271   0.43107   0.00124   0.05549   0.08043   0.03722   0.02963   0.01025   0.01654   0.01760   0.00322   0.00982   0.19988   0.01169   0.11055   0.10674   0.09131   5.25245   3.26989   1.81343   0.10200   1.00003  
 55 185.5561  13093.198043  x:  0.49292   0.16965   0.01816   0.20699   0.14415   0.11846   0.32188   0.10463   0.07420   0.03054   0.03214   0.01244   0.02375   0.01906   0.00475   0.00203   0.01978   0.01363   0.00456   0.00853   0.06252   0.43166   0.00123   0.05593   0.08064   0.03755   0.02935   0.00884   0.01590   0.01671   0.00324   0.00967   0.20060   0.01208   0.10968   0.10774   0.09029   5.25434   3.27133   1.81201   0.10108   1.00003  
 56 157.7507  13093.065503  x:  0.49525   0.16637   0.01680   0.20702   0.14244   0.11849   0.32094   0.10668   0.07323   0.03128   0.03187   0.01263   0.02286   0.01901   0.00475   0.00202   0.02016   0.01451   0.00454   0.00852   0.06332   0.43208   0.00120   0.05549   0.08058   0.03786   0.02915   0.00978   0.01564   0.01727   0.00321   0.00966   0.20102   0.01205   0.10900   0.10841   0.08962   5.25655   3.27302   1.81035   0.10091   1.00004  
 57 136.9379  13092.971075  x:  0.49741   0.16437   0.01642   0.20728   0.14121   0.11862   0.32022   0.10836   0.07248   0.03212   0.03157   0.01260   0.02297   0.01912   0.00476   0.00203   0.01942   0.01361   0.00456   0.00848   0.06438   0.43227   0.00113   0.05457   0.08024   0.03786   0.02907   0.00934   0.01603   0.01775   0.00328   0.00973   0.20102   0.01173   0.10872   0.10848   0.08954   5.25878   3.27470   1.80870   0.10178   1.00005  
 58 107.8428  13092.873927  x:  0.50040   0.16299   0.01752   0.20788   0.14025   0.11896   0.31937   0.10995   0.07208   0.03204   0.03156   0.01259   0.02399   0.01908   0.00474   0.00203   0.01939   0.01425   0.00455   0.00852   0.06535   0.43228   0.00112   0.05326   0.07964   0.03763   0.02937   0.00952   0.01610   0.01665   0.00327   0.00972   0.20047   0.01162   0.10892   0.10791   0.09020   5.26221   3.27728   1.80617   0.10241   1.00006  
 59 82.7715  13092.724771  x:  0.50572   0.16184   0.01958   0.20899   0.13937   0.11941   0.31798   0.11173   0.07253   0.03098   0.03187   0.01277   0.02343   0.01905   0.00474   0.00202   0.02005   0.01383   0.00454   0.00852   0.06573   0.43207   0.00112   0.05199   0.07893   0.03744   0.02962   0.00937   0.01570   0.01778   0.00322   0.00971   0.19898   0.01183   0.10972   0.10654   0.09175   5.26888   3.28226   1.80128   0.10161   1.00007  
 60 121.6677  13092.508575  x:  0.51379   0.16172   0.01928   0.21028   0.13907   0.11908   0.31609   0.11259   0.07453   0.03102   0.03169   0.01195   0.02200   0.01914   0.00474   0.00204   0.01884   0.01411   0.00453   0.00843   0.06441   0.43151   0.00115   0.05251   0.07902   0.03805   0.02872   0.00944   0.01666   0.01698   0.00326   0.00973   0.19627   0.01126   0.11092   0.10486   0.09319   5.28020   3.29048   1.79321   0.10139   1.00011  
 61 139.0983  13092.282537  x:  0.52214   0.16231   0.01755   0.21124   0.13929   0.11825   0.31422   0.11247   0.07632   0.03185   0.03175   0.01328   0.02334   0.01892   0.00472   0.00201   0.01953   0.01387   0.00453   0.00847   0.06270   0.43077   0.00125   0.05349   0.07945   0.03832   0.02860   0.00947   0.01598   0.01718   0.00325   0.00969   0.19344   0.01095   0.11177   0.10379   0.09375   5.29313   3.29967   1.78419   0.10244   1.00015  
 62 293.7422  13092.155678  x:  0.52611   0.16319   0.01693   0.21130   0.13998   0.11772   0.31342   0.11155   0.07608   0.03205   0.03148   0.01163   0.02380   0.01909   0.00472   0.00202   0.01996   0.01396   0.00452   0.00849   0.06249   0.43025   0.00127   0.05356   0.07969   0.03777   0.02942   0.00938   0.01548   0.01761   0.00326   0.00968   0.19233   0.01160   0.11155   0.10427   0.09301   5.30103   3.30503   1.77894   0.10293   1.00018  
 63 184.9562  13091.867661  x:  0.53399   0.16595   0.01691   0.21061   0.14228   0.11661   0.31197   0.10834   0.07366   0.03168   0.03174   0.01276   0.02273   0.01915   0.00471   0.00202   0.01936   0.01386   0.00450   0.00841   0.06326   0.42885   0.00124   0.05295   0.08009   0.03615   0.03054   0.00924   0.01612   0.01704   0.00325   0.00968   0.19075   0.01281   0.10992   0.10679   0.08970   5.32080   3.31798   1.76625   0.10289   1.00024  
 64 264.3705  13091.725071  x:  0.53636   0.16732   0.01771   0.20974   0.14317   0.11630   0.31160   0.10689   0.07234   0.03113   0.03150   0.01246   0.02313   0.01854   0.00470   0.00201   0.01962   0.01380   0.00448   0.00840   0.06389   0.42807   0.00122   0.05284   0.07995   0.03693   0.02856   0.00935   0.01585   0.01729   0.00324   0.00965   0.19099   0.01148   0.10877   0.10780   0.08817   5.33130   3.32443   1.75995   0.10283   1.00028  
 65 193.1619  13091.538494  x:  0.53567   0.16868   0.01841   0.20730   0.14293   0.11608   0.31185   0.10600   0.07161   0.03113   0.03111   0.01269   0.02321   0.02062   0.00466   0.00201   0.01977   0.01378   0.00447   0.00840   0.06416   0.42675   0.00123   0.05364   0.07869   0.03934   0.02816   0.00938   0.01574   0.01726   0.00323   0.00965   0.19389   0.01226   0.10731   0.10768   0.08866   5.34808   3.33364   1.75096   0.10340   1.00034  
 66 118.2462  13091.202921  x:  0.53240   0.17056   0.01867   0.20297   0.14177   0.11579   0.31259   0.10513   0.07105   0.03144   0.03104   0.01259   0.02293   0.01794   0.00469   0.00201   0.01934   0.01374   0.00444   0.00835   0.06404   0.42442   0.00124   0.05489   0.07658   0.04090   0.02944   0.00923   0.01588   0.01731   0.00326   0.00966   0.19961   0.01268   0.10551   0.10681   0.09025   5.37827   3.34962   1.73538   0.10402   1.00046  
 67 405.4020  13090.784356  x:  0.52579   0.17187   0.01763   0.19871   0.13977   0.11557   0.31367   0.10469   0.07094   0.03122   0.03171   0.01231   0.02278   0.01901   0.00463   0.00200   0.01963   0.01357   0.00439   0.00827   0.06296   0.42162   0.00128   0.05478   0.07570   0.03681   0.02957   0.00920   0.01580   0.01705   0.00322   0.00959   0.20593   0.00965   0.10517   0.10542   0.09153   5.41701   3.36926   1.71627   0.10372   1.00061  
 68 406.3615  13090.515466  x:  0.51934   0.17153   0.01733   0.19795   0.13861   0.11567   0.31427   0.10457   0.07119   0.03060   0.03082   0.01242   0.02267   0.01861   0.00462   0.00199   0.01955   0.01356   0.00437   0.00826   0.06208   0.41993   0.00133   0.05321   0.07764   0.03489   0.02716   0.00933   0.01569   0.01712   0.00323   0.00954   0.20799   0.01164   0.10665   0.10492   0.09137   5.44372   3.38184   1.70405   0.10504   1.00072  
 69 307.3423  13090.032180  x:  0.50481   0.16897   0.01800   0.20000   0.13730   0.11608   0.31491   0.10413   0.07222   0.03090   0.03023   0.01243   0.02256   0.01863   0.00458   0.00198   0.01947   0.01349   0.00433   0.00818   0.06145   0.41719   0.00137   0.05016   0.08233   0.03723   0.02903   0.00902   0.01567   0.01710   0.00322   0.00955   0.20720   0.01055   0.11006   0.10463   0.08813   5.49386   3.40392   1.68266   0.10540   1.00092  
 70 359.2803  13089.600988  x:  0.49000   0.16506   0.01725   0.20448   0.13759   0.11566   0.31472   0.10361   0.07285   0.03096   0.03346   0.01184   0.02236   0.01854   0.00456   0.00198   0.01943   0.01340   0.00429   0.00812   0.06281   0.41553   0.00131   0.05146   0.07804   0.03712   0.02803   0.00907   0.01556   0.01705   0.00325   0.00951   0.20076   0.01130   0.10934   0.10455   0.08627   5.54066   3.42198   1.66524   0.10642   1.00113  
 71 245.2061  13089.403931  x:  0.48345   0.16326   0.01680   0.20619   0.13795   0.11528   0.31434   0.10347   0.07221   0.03016   0.03024   0.01228   0.02232   0.01845   0.00453   0.00196   0.01950   0.01328   0.00426   0.00808   0.06248   0.41509   0.00131   0.05216   0.07568   0.03655   0.02825   0.00903   0.01558   0.01695   0.00321   0.00945   0.19678   0.01100   0.10775   0.10436   0.08648   5.56209   3.42927   1.65824   0.10633   1.00123  
 72 302.5249  13089.289197  x:  0.48026   0.16254   0.01680   0.20518   0.13812   0.11472   0.31335   0.10366   0.06963   0.03045   0.03082   0.01216   0.02219   0.01842   0.00452   0.00196   0.01944   0.01327   0.00424   0.00806   0.06076   0.41541   0.00135   0.05160   0.07692   0.03668   0.02814   0.00898   0.01552   0.01695   0.00322   0.00944   0.19308   0.01077   0.10505   0.10377   0.08884   5.57672   3.43187   1.65585   0.10643   1.00131  
 73 79.0765  13089.130283  x:  0.47849   0.16298   0.01745   0.19939   0.13756   0.11404   0.31041   0.10522   0.07087   0.02998   0.03063   0.01221   0.02225   0.01842   0.00452   0.00196   0.01951   0.01321   0.00424   0.00806   0.06350   0.41672   0.00124   0.05311   0.07881   0.03615   0.02818   0.00897   0.01553   0.01696   0.00321   0.00944   0.18847   0.01078   0.10465   0.10393   0.08932   5.60168   3.43120   1.65690   0.10639   1.00147  
 74 49.4487  13088.873170  x:  0.47813   0.16474   0.01774   0.19307   0.13715   0.11399   0.30577   0.10735   0.07114   0.03040   0.03080   0.01214   0.02214   0.01840   0.00451   0.00196   0.01942   0.01323   0.00423   0.00805   0.06079   0.41894   0.00132   0.05077   0.07570   0.03681   0.02805   0.00897   0.01546   0.01700   0.00321   0.00943   0.18508   0.01107   0.10733   0.10452   0.08684   5.64464   3.42702   1.66176   0.10617   1.00175  
 75 112.3853  13087.260029  x:  0.48998   0.17512   0.01720   0.20524   0.14131   0.11662   0.28633   0.10998   0.07015   0.03067   0.03110   0.01237   0.02240   0.01867   0.00459   0.00196   0.01961   0.01319   0.00426   0.00817   0.06242   0.42791   0.00130   0.05328   0.07819   0.03657   0.02833   0.00906   0.01529   0.01747   0.00318   0.00952   0.19732   0.01157   0.10576   0.09833   0.08414   5.93638   3.38637   1.70707   0.10379   1.00379  
 76 140.6506  13086.579726  x:  0.49720   0.17718   0.01776   0.21069   0.14060   0.11621   0.28847   0.10877   0.07145   0.03111   0.03138   0.01253   0.02266   0.01884   0.00465   0.00196   0.01969   0.01323   0.00430   0.00827   0.06295   0.43024   0.00136   0.05360   0.07840   0.03706   0.02841   0.00916   0.01524   0.01777   0.00316   0.00959   0.20092   0.01030   0.10892   0.10991   0.09161   6.06337   3.36814   1.72736   0.10296   1.00470  
 77 416.7444  13085.725087  x:  0.51163   0.17522   0.01825   0.21151   0.13819   0.11697   0.32100   0.10847   0.07506   0.03137   0.03166   0.01262   0.02282   0.01902   0.00470   0.00196   0.01974   0.01326   0.00432   0.00834   0.06297   0.43094   0.00141   0.05171   0.07896   0.03724   0.02858   0.00919   0.01514   0.01806   0.00315   0.00965   0.19905   0.01088   0.10599   0.10835   0.08956   6.22406   3.34399   1.75423   0.10115   1.00592  
 78 200.3716  13085.650375  x:  0.51295   0.17459   0.01810   0.21115   0.14055   0.11782   0.32466   0.10997   0.07221   0.03147   0.03167   0.01266   0.02287   0.01905   0.00471   0.00196   0.01978   0.01325   0.00433   0.00836   0.06327   0.43118   0.00141   0.05391   0.07912   0.03725   0.02864   0.00921   0.01515   0.01810   0.00314   0.00966   0.19892   0.01085   0.10883   0.10774   0.08977   6.23778   3.34205   1.75644   0.10101   1.00604  
 79 64.1953  13085.646237  x:  0.51299   0.17452   0.01798   0.21107   0.14169   0.11816   0.32495   0.11064   0.07262   0.03152   0.03169   0.01267   0.02287   0.01906   0.00471   0.00196   0.01978   0.01326   0.00434   0.00836   0.06324   0.43158   0.00142   0.05367   0.07918   0.03726   0.02864   0.00922   0.01515   0.01810   0.00314   0.00966   0.19908   0.01083   0.10857   0.10798   0.08988   6.23852   3.34203   1.75652   0.10102   1.00608  
 80  5.8611  13085.643535  x:  0.51295   0.17489   0.01804   0.21128   0.14160   0.11797   0.32536   0.11071   0.07260   0.03154   0.03169   0.01267   0.02288   0.01906   0.00471   0.00196   0.01977   0.01326   0.00434   0.00837   0.06327   0.43383   0.00141   0.05372   0.07920   0.03727   0.02865   0.00922   0.01514   0.01811   0.00314   0.00966   0.19920   0.01083   0.10863   0.10800   0.08990   6.23886   3.34237   1.75651   0.10101   1.00628  
 81  1.2594  13085.640142  x:  0.51295   0.17504   0.01784   0.21125   0.14133   0.11921   0.32539   0.11043   0.07257   0.03153   0.03170   0.01267   0.02289   0.01906   0.00471   0.00196   0.01976   0.01327   0.00434   0.00837   0.06329   0.43428   0.00141   0.05379   0.07921   0.03727   0.02866   0.00922   0.01514   0.01810   0.00313   0.00966   0.19907   0.01083   0.10858   0.10807   0.08996   6.23918   3.34289   1.75673   0.10102   1.00675  
 82  0.7422  13085.040980  x:  0.50902   0.17539   0.01849   0.21038   0.13901   0.11771   0.32409   0.11125   0.07206   0.03227   0.03108   0.01240   0.02318   0.01881   0.00430   0.00144   0.01693   0.01369   0.00467   0.00836   0.06243   0.42980   0.00162   0.05431   0.07885   0.03678   0.02855   0.00930   0.01357   0.01717   0.00206   0.00889   0.19795   0.01129   0.10763   0.10741   0.08968   6.28968   3.42936   1.80127   0.10082   1.08898  
 83  2.6030  13084.957318  x:  0.50807   0.17580   0.01869   0.21014   0.13870   0.11751   0.32361   0.11186   0.07204   0.03260   0.03091   0.01233   0.02337   0.01877   0.00488   0.00149   0.01638   0.01383   0.00490   0.00868   0.06212   0.42876   0.00168   0.05441   0.07878   0.03661   0.02848   0.00937   0.01346   0.01694   0.00245   0.00882   0.19762   0.01150   0.10729   0.10732   0.08965   6.30755   3.49756   1.85909   0.10046   1.16447  
 84  0.1883  13084.900094  x:  0.50918   0.17530   0.01859   0.20947   0.14019   0.11762   0.32257   0.11218   0.07251   0.03275   0.03096   0.01232   0.02338   0.01879   0.00525   0.00137   0.01685   0.01378   0.00507   0.00895   0.06215   0.42883   0.00177   0.05393   0.07878   0.03664   0.02840   0.00945   0.01357   0.01695   0.00211   0.00876   0.19792   0.01157   0.10718   0.10735   0.08983   6.33190   3.75097   2.11313   0.10023   1.47255  
 85  0.1912  13084.733091  x:  0.51127   0.17518   0.01841   0.20922   0.14182   0.11795   0.32184   0.11260   0.07301   0.03270   0.03114   0.01237   0.02323   0.01884   0.00530   0.00131   0.01682   0.01366   0.00530   0.00895   0.06234   0.42948   0.00190   0.05339   0.07887   0.03677   0.02836   0.00942   0.01341   0.01720   0.00227   0.00873   0.19847   0.01144   0.10735   0.10813   0.08994   6.37943   4.73083   3.10071   0.10030   2.75728  
 86  0.5651  13084.615262  x:  0.50846   0.17624   0.01860   0.21044   0.13916   0.11779   0.32389   0.11226   0.07223   0.03253   0.03096   0.01237   0.02333   0.01880   0.00476   0.00147   0.01653   0.01380   0.00488   0.00857   0.06217   0.42887   0.00174   0.05433   0.07886   0.03667   0.02854   0.00934   0.01373   0.01702   0.00244   0.00894   0.19770   0.01140   0.10730   0.10828   0.08978   6.32839   4.96472   3.33158   0.10064   3.46662  
 87  0.4238  13084.557816  x:  0.50791   0.17487   0.01868   0.20966   0.13891   0.11736   0.32327   0.11129   0.07210   0.03261   0.03092   0.01234   0.02336   0.01876   0.00494   0.00146   0.01672   0.01381   0.00480   0.00878   0.06216   0.42869   0.00163   0.05430   0.07875   0.03661   0.02843   0.00941   0.01316   0.01688   0.00224   0.00871   0.19753   0.01155   0.10729   0.10804   0.08978   6.28553   4.92165   3.28239   0.10060   4.17000  
 88  0.2523  13084.509717  x:  0.50905   0.17565   0.01866   0.20987   0.13924   0.11753   0.32294   0.11171   0.07217   0.03262   0.03103   0.01235   0.02334   0.01882   0.00505   0.00147   0.01652   0.01375   0.00504   0.00884   0.06230   0.42930   0.00169   0.05417   0.07881   0.03667   0.02844   0.00941   0.01387   0.01707   0.00224   0.00883   0.19763   0.01150   0.10755   0.10915   0.08980   6.30795   5.15021   3.51859   0.10052   5.49511  
 89  0.5690  13084.488142  x:  0.50893   0.17587   0.01862   0.21008   0.13928   0.11764   0.32325   0.11195   0.07222   0.03258   0.03101   0.01237   0.02331   0.01881   0.00493   0.00147   0.01661   0.01376   0.00501   0.00873   0.06226   0.42910   0.00171   0.05421   0.07884   0.03668   0.02848   0.00938   0.01359   0.01707   0.00236   0.00886   0.19766   0.01145   0.10748   0.10938   0.08981   6.31555   5.03050   3.39953   0.10061   6.02349  
 90  0.4382  13084.482270  x:  0.50869   0.17572   0.01861   0.21003   0.13940   0.11765   0.32335   0.11202   0.07229   0.03258   0.03097   0.01236   0.02333   0.01880   0.00490   0.00145   0.01665   0.01378   0.00495   0.00869   0.06220   0.42889   0.00173   0.05419   0.07884   0.03667   0.02849   0.00937   0.01343   0.01701   0.00235   0.00884   0.19767   0.01145   0.10736   0.10980   0.08982   6.32079   5.15225   3.51910   0.10061   6.57079  
 91  0.6397  13084.480533  x:  0.50862   0.17556   0.01861   0.20994   0.13941   0.11761   0.32335   0.11195   0.07229   0.03260   0.03097   0.01235   0.02335   0.01879   0.00492   0.00144   0.01661   0.01379   0.00491   0.00872   0.06219   0.42891   0.00172   0.05418   0.07882   0.03666   0.02847   0.00939   0.01354   0.01699   0.00231   0.00882   0.19768   0.01148   0.10735   0.10989   0.08984   6.32099   5.15278   3.51869   0.10057   6.88763  
 92  0.2751  13084.480323  x:  0.50869   0.17562   0.01862   0.20995   0.13940   0.11762   0.32330   0.11196   0.07228   0.03259   0.03098   0.01235   0.02334   0.01880   0.00492   0.00145   0.01664   0.01378   0.00493   0.00872   0.06220   0.42895   0.00172   0.05418   0.07882   0.03666   0.02847   0.00939   0.01354   0.01701   0.00232   0.00883   0.19766   0.01147   0.10737   0.10995   0.08983   6.32041   5.16240   3.52901   0.10060   7.01307  
 93  0.1009  13084.480316  x:  0.50868   0.17562   0.01862   0.20996   0.13939   0.11762   0.32330   0.11195   0.07228   0.03259   0.03098   0.01235   0.02334   0.01880   0.00492   0.00145   0.01662   0.01378   0.00493   0.00872   0.06220   0.42894   0.00172   0.05418   0.07882   0.03666   0.02847   0.00938   0.01353   0.01701   0.00232   0.00883   0.19766   0.01147   0.10737   0.10996   0.08983   6.32007   5.16295   3.52954   0.10060   7.02565  
 94  0.0129  13084.480316  x:  0.50868   0.17562   0.01862   0.20996   0.13939   0.11762   0.32330   0.11195   0.07228   0.03259   0.03098   0.01235   0.02334   0.01880   0.00492   0.00145   0.01662   0.01378   0.00493   0.00872   0.06220   0.42894   0.00172   0.05418   0.07882   0.03666   0.02847   0.00938   0.01353   0.01701   0.00232   0.00883   0.19766   0.01147   0.10737   0.10996   0.08983   6.32001   5.16306   3.52963   0.10059   7.02693  
 95  0.0013  13084.480316  x:  0.50868   0.17562   0.01862   0.20996   0.13939   0.11762   0.32330   0.11195   0.07228   0.03259   0.03098   0.01235   0.02334   0.01880   0.00492   0.00145   0.01662   0.01378   0.00493   0.00872   0.06220   0.42894   0.00172   0.05418   0.07882   0.03666   0.02847   0.00938   0.01353   0.01701   0.00232   0.00883   0.19766   0.01147   0.10737   0.10996   0.08983   6.32000   5.16307   3.52964   0.10060   7.02693  
 96  0.0000  13084.480316  x:  0.50868   0.17562   0.01862   0.20996   0.13939   0.11762   0.32330   0.11195   0.07228   0.03259   0.03098   0.01235   0.02334   0.01880   0.00492   0.00145   0.01662   0.01378   0.00493   0.00872   0.06220   0.42894   0.00172   0.05418   0.07882   0.03666   0.02847   0.00938   0.01353   0.01701   0.00232   0.00883   0.19766   0.01147   0.10737   0.10996   0.08983   6.32000   5.16307   3.52965   0.10060   7.02694  
 97  0.0001  13084.480316  x:  0.50868   0.17562   0.01862   0.20996   0.13939   0.11762   0.32330   0.11195   0.07228   0.03259   0.03098   0.01235   0.02334   0.01880   0.00492   0.00145   0.01662   0.01378   0.00493   0.00872   0.06220   0.42894   0.00172   0.05418   0.07882   0.03666   0.02847   0.00938   0.01353   0.01701   0.00232   0.00883   0.19766   0.01147   0.10737   0.10996   0.08983   6.32000   5.16307   3.52965   0.10060   7.02694  
 98  0.0003  13084.480316  x:  0.50868   0.17562   0.01862   0.20996   0.13939   0.11762   0.32330   0.11195   0.07228   0.03259   0.03098   0.01235   0.02334   0.01880   0.00492   0.00145   0.01662   0.01378   0.00493   0.00872   0.06220   0.42894   0.00172   0.05418   0.07882   0.03666   0.02847   0.00938   0.01353   0.01701   0.00232   0.00883   0.19766   0.01147   0.10737   0.10996   0.08983   6.32000   5.16307   3.52965   0.10060   7.02694  
 99  0.0039  13084.480316  x:  0.50868   0.17562   0.01862   0.20996   0.13939   0.11762   0.32330   0.11195   0.07228   0.03259   0.03098   0.01235   0.02334   0.01880   0.00492   0.00145   0.01662   0.01378   0.00493   0.00872   0.06220   0.42894   0.00172   0.05418   0.07882   0.03666   0.02847   0.00938   0.01353   0.01701   0.00232   0.00883   0.19766   0.01147   0.10737   0.10996   0.08983   6.32000   5.16307   3.52965   0.10060   7.02694  