

TREE # 1

  0  0.0000  10730.071927  x:  0.26385   0.11577   0.08596   0.00000   0.06063   0.05075   0.04950   0.04981   0.05520   0.02619   0.00368   0.00258   0.00477   0.02271   0.00778   0.00197   0.00852   0.00766   0.00524   0.00418   0.00162   0.00718   0.00615   0.00626   0.01824   0.14125   0.01212   0.02718   0.01864   0.01586   0.00123   0.00887   0.00574   0.00380   0.00237   0.05365   0.19416   0.06079   0.10998   0.00040   0.10813   0.08203   3.00000   0.82792   1.08306   0.65217   1.00000  
  1 99.0000  10720.301174  x:  0.26384   0.11603   0.08606   0.00468   0.06064   0.05075   0.04962   0.05008   0.05535   0.02610   0.00361   0.00239   0.00526   0.02280   0.00803   0.00051   0.00878   0.00750   0.00555   0.00384   0.00000   0.00677   0.00652   0.00658   0.01853   0.14128   0.01210   0.02706   0.01874   0.01579   0.00123   0.00880   0.00633   0.00415   0.00165   0.05426   0.19411   0.06111   0.11006   0.00724   0.10808   0.08240   3.00014   0.82776   1.08312   0.65224   0.99904  
  2 3172.0188  10719.714839  x:  0.26384   0.11615   0.08609   0.00482   0.06064   0.05073   0.04964   0.05021   0.05542   0.02606   0.00360   0.00236   0.00540   0.02284   0.00812   0.00147   0.00887   0.00744   0.00564   0.00375   0.00057   0.00664   0.00663   0.00669   0.01865   0.14130   0.01209   0.02701   0.01878   0.01576   0.00120   0.00877   0.00650   0.00425   0.00151   0.05453   0.19408   0.06121   0.11007   0.00807   0.10803   0.08252   3.00020   0.82769   1.08315   0.65228   0.99861  
  3 1460.9942  10717.899475  x:  0.26384   0.11661   0.08618   0.00340   0.06058   0.05062   0.04966   0.05073   0.05570   0.02589   0.00357   0.00236   0.00581   0.02300   0.00843   0.00181   0.00920   0.00724   0.00589   0.00352   0.00000   0.00614   0.00698   0.00701   0.01913   0.14137   0.01204   0.02678   0.01894   0.01568   0.00112   0.00865   0.00701   0.00456   0.00133   0.05564   0.19396   0.06156   0.11006   0.00909   0.10778   0.08300   3.00046   0.82740   1.08327   0.65244   0.99676  
  4 830.5667  10712.437069  x:  0.26377   0.12150   0.08720   0.00070   0.06014   0.04975   0.05029   0.05591   0.05836   0.02412   0.00392   0.00248   0.00483   0.02404   0.00911   0.00197   0.00991   0.00718   0.00495   0.00621   0.00000   0.00654   0.00642   0.00655   0.02277   0.14217   0.01149   0.02477   0.02010   0.01537   0.00424   0.00822   0.00609   0.00290   0.00741   0.06686   0.19261   0.06485   0.10976   0.01205   0.10496   0.08787   3.00345   0.82404   1.08462   0.65424   0.97561  
  5 1027.9502  10701.988543  x:  0.26365   0.12778   0.08844   0.00362   0.05965   0.04880   0.05117   0.06214   0.06165   0.02237   0.00346   0.00227   0.00536   0.02493   0.00941   0.00016   0.01006   0.00719   0.00566   0.00523   0.00000   0.00646   0.00654   0.00662   0.02630   0.14320   0.01083   0.02299   0.02106   0.01476   0.00228   0.00791   0.00635   0.00246   0.00851   0.08082   0.19074   0.06877   0.10922   0.00925   0.10114   0.09396   3.00762   0.81936   1.08649   0.65676   0.94611  
  6 2792.8608  10698.046482  x:  0.26359   0.13070   0.08901   0.00492   0.05942   0.04836   0.05157   0.06501   0.06316   0.02159   0.00326   0.00220   0.00559   0.02533   0.00953   0.00000   0.01010   0.00721   0.00596   0.00475   0.00113   0.00643   0.00659   0.00666   0.02790   0.14368   0.01053   0.02219   0.02149   0.01448   0.00137   0.00779   0.00646   0.00234   0.00894   0.08729   0.18986   0.07058   0.10897   0.00799   0.09937   0.09679   3.00958   0.81717   1.08737   0.65794   0.93228  
  7 49460.5674  10687.633409  x:  0.26314   0.13953   0.09018   0.00688   0.05888   0.04758   0.05233   0.07191   0.06665   0.02188   0.00564   0.00398   0.00381   0.02454   0.00748   0.00025   0.00750   0.00824   0.00373   0.00284   0.00126   0.00840   0.00549   0.00569   0.02818   0.14528   0.01034   0.02339   0.02078   0.01481   0.00776   0.01023   0.00485   0.00925   0.00220   0.10556   0.18661   0.07529   0.10810   0.00541   0.09381   0.10508   3.01717   0.80862   1.09075   0.66255   0.87815  
  8 3466.6736  10682.490984  x:  0.26293   0.14142   0.09022   0.00679   0.05884   0.04764   0.05232   0.07272   0.06692   0.02280   0.00525   0.00307   0.00397   0.02385   0.00704   0.00078   0.00716   0.00843   0.00444   0.00460   0.00063   0.00900   0.00544   0.00561   0.02669   0.14569   0.01057   0.02450   0.02005   0.01528   0.00828   0.01055   0.00490   0.00870   0.00029   0.10904   0.18568   0.07599   0.10788   0.00527   0.09263   0.10672   3.01952   0.80596   1.09177   0.66400   0.86125  
  9 3794.0156  10677.199930  x:  0.26274   0.14279   0.09017   0.00678   0.05883   0.04776   0.05223   0.07303   0.06695   0.02381   0.00499   0.00249   0.00435   0.02311   0.00665   0.00129   0.00683   0.00854   0.00501   0.00497   0.00000   0.00925   0.00563   0.00575   0.02500   0.14600   0.01083   0.02573   0.01928   0.01570   0.00840   0.01095   0.00528   0.00905   0.00053   0.11137   0.18492   0.07636   0.10771   0.00521   0.09176   0.10786   3.02149   0.80373   1.09263   0.66521   0.84706  
 10 13183.4203  10645.776836  x:  0.26092   0.15325   0.08918   0.00545   0.05901   0.04926   0.05116   0.07356   0.06585   0.03136   0.00258   0.00538   0.00278   0.01804   0.00792   0.00553   0.00945   0.00833   0.00093   0.00181   0.00000   0.00991   0.00603   0.00624   0.00957   0.14857   0.01296   0.03461   0.01388   0.01836   0.00552   0.01149   0.00454   0.00474   0.00030   0.12816   0.17836   0.07827   0.10636   0.00641   0.08548   0.11607   3.03933   0.78346   1.10033   0.67631   0.71776  
 11 15772.7901  10638.998627  x:  0.26035   0.15607   0.08881   0.00512   0.05911   0.04975   0.05082   0.07335   0.06535   0.03318   0.00293   0.00750   0.00162   0.01698   0.00863   0.00660   0.01044   0.00821   0.00298   0.00073   0.00000   0.01002   0.00563   0.00597   0.00570   0.14930   0.01354   0.03679   0.01283   0.01886   0.00501   0.01140   0.00352   0.00363   0.00032   0.13245   0.17646   0.07859   0.10600   0.00676   0.08388   0.11816   3.04472   0.77733   1.10264   0.67968   0.67859  
 12 33799.2383  10624.673389  x:  0.25909   0.16104   0.08779   0.00551   0.05941   0.05090   0.05000   0.07173   0.06389   0.03627   0.00544   0.01410   0.00221   0.01595   0.01055   0.00816   0.01255   0.00764   0.00407   0.00427   0.00000   0.00890   0.00496   0.00554   0.00118   0.15066   0.01482   0.04062   0.01205   0.01905   0.00222   0.01081   0.00272   0.00484   0.00060   0.13921   0.17264   0.07846   0.10531   0.00663   0.08133   0.12146   3.05617   0.76428   1.10750   0.68689   0.59511  
 13 24097.8106  10581.526377  x:  0.25599   0.17095   0.08484   0.00609   0.06039   0.05416   0.04771   0.06540   0.05932   0.04524   0.00786   0.02387   0.00301   0.01300   0.01187   0.01214   0.01449   0.00744   0.00553   0.00621   0.00000   0.00900   0.00354   0.00410   0.00718   0.15375   0.01903   0.05148   0.00981   0.02062   0.00000   0.01013   0.00498   0.00314   0.00082   0.15036   0.16386   0.07647   0.10380   0.00627   0.07657   0.12718   3.08339   0.73317   1.11897   0.70414   0.39627  
 14 30214.0595  10576.339826  x:  0.25525   0.17319   0.08415   0.00699   0.06064   0.05489   0.04720   0.06378   0.05822   0.04682   0.00750   0.02589   0.00429   0.01314   0.01275   0.01284   0.01550   0.00706   0.00591   0.00636   0.00000   0.00805   0.00441   0.00471   0.00779   0.15446   0.01974   0.05337   0.01029   0.02059   0.00217   0.00928   0.00586   0.00218   0.00082   0.15276   0.16182   0.07590   0.10347   0.00533   0.07568   0.12835   3.09006   0.72552   1.12175   0.70841   0.34755  
 15 45232.6007  10567.497912  x:  0.25469   0.17452   0.08370   0.00662   0.06082   0.05519   0.04706   0.06212   0.05734   0.04626   0.00447   0.02333   0.00220   0.01663   0.01154   0.01273   0.01401   0.00754   0.00565   0.00638   0.00000   0.00833   0.00624   0.00610   0.00734   0.15498   0.01897   0.05297   0.01413   0.01983   0.00148   0.00852   0.00308   0.00415   0.00083   0.15354   0.16053   0.07520   0.10349   0.00565   0.07623   0.12851   3.09649   0.71796   1.12427   0.71279   0.30151  
 16 6391.1941  10564.145335  x:  0.25463   0.17471   0.08380   0.00601   0.06082   0.05495   0.04735   0.06175   0.05739   0.04427   0.00494   0.02175   0.00316   0.01848   0.01013   0.01202   0.01208   0.00796   0.00513   0.00534   0.00000   0.00914   0.00390   0.00456   0.00558   0.15510   0.01760   0.05087   0.01548   0.01894   0.00125   0.00903   0.00472   0.00362   0.00074   0.15329   0.16051   0.07504   0.10374   0.00615   0.07730   0.12810   3.09922   0.71458   1.12518   0.71490   0.28353  
 17 2590.4419  10562.502948  x:  0.25483   0.17457   0.08419   0.00572   0.06077   0.05449   0.04781   0.06193   0.05790   0.04196   0.00723   0.02030   0.00372   0.01730   0.00922   0.01091   0.01072   0.00768   0.00470   0.00486   0.00000   0.00925   0.00538   0.00488   0.00514   0.15511   0.01649   0.04833   0.01315   0.01840   0.00105   0.01023   0.00386   0.00263   0.00068   0.15264   0.16103   0.07512   0.10412   0.00639   0.07857   0.12746   3.10103   0.71212   1.12561   0.71660   0.27446  
 18 942.3406  10561.680352  x:  0.25505   0.17443   0.08454   0.00581   0.06073   0.05417   0.04813   0.06220   0.05830   0.04051   0.00740   0.01895   0.00257   0.01574   0.00964   0.01012   0.01115   0.00732   0.00457   0.00496   0.00000   0.00894   0.00477   0.00536   0.00502   0.15512   0.01613   0.04662   0.01130   0.01839   0.00116   0.01034   0.00435   0.00314   0.00067   0.15212   0.16153   0.07525   0.10441   0.00627   0.07940   0.12698   3.10218   0.71047   1.12581   0.71780   0.27021  
 19 819.3320  10561.421581  x:  0.25521   0.17438   0.08474   0.00578   0.06072   0.05405   0.04826   0.06239   0.05852   0.04013   0.00714   0.01835   0.00307   0.01487   0.01001   0.00977   0.01160   0.00739   0.00453   0.00481   0.00000   0.00898   0.00432   0.00498   0.00507   0.15513   0.01631   0.04611   0.01096   0.01869   0.00122   0.01033   0.00371   0.00348   0.00066   0.15187   0.16182   0.07536   0.10456   0.00628   0.07970   0.12677   3.10277   0.70958   1.12588   0.71847   0.26894  
 20 469.5339  10561.187701  x:  0.25553   0.17439   0.08508   0.00579   0.06069   0.05390   0.04841   0.06279   0.05889   0.03996   0.00723   0.01809   0.00291   0.01399   0.01041   0.00924   0.01203   0.00780   0.00449   0.00479   0.00000   0.00940   0.00486   0.00428   0.00493   0.15518   0.01699   0.04588   0.01152   0.01945   0.00120   0.01052   0.00394   0.00360   0.00065   0.15157   0.16232   0.07564   0.10479   0.00626   0.07995   0.12652   3.10375   0.70805   1.12595   0.71966   0.26804  
 21 274.2015  10560.831522  x:  0.25625   0.17449   0.08576   0.00578   0.06065   0.05366   0.04863   0.06361   0.05962   0.04011   0.00769   0.01802   0.00298   0.01343   0.01076   0.00822   0.01234   0.00832   0.00441   0.00470   0.00000   0.01023   0.00453   0.00536   0.00475   0.15529   0.01842   0.04601   0.01236   0.02094   0.00113   0.01097   0.00397   0.00338   0.00064   0.15102   0.16333   0.07625   0.10523   0.00626   0.08023   0.12609   3.10585   0.70476   1.12610   0.72221   0.26693  
 22 434.4986  10559.896319  x:  0.25848   0.17498   0.08758   0.00582   0.06056   0.05324   0.04898   0.06589   0.06144   0.04155   0.00753   0.01819   0.00270   0.01582   0.01095   0.00541   0.01252   0.00724   0.00431   0.00469   0.00000   0.01057   0.00446   0.00482   0.00449   0.15571   0.02143   0.04760   0.01104   0.02389   0.00113   0.01095   0.00380   0.00309   0.00064   0.14959   0.16624   0.07808   0.10641   0.00624   0.08047   0.12507   3.11250   0.69426   1.12657   0.73034   0.26490  
 23 490.0100  10558.551840  x:  0.26179   0.17599   0.08932   0.00560   0.06056   0.05322   0.04889   0.06828   0.06256   0.04390   0.00609   0.01995   0.00233   0.01434   0.00889   0.00262   0.01161   0.00810   0.00437   0.00493   0.00000   0.00957   0.00414   0.00466   0.00444   0.15645   0.02028   0.05019   0.01117   0.02268   0.00114   0.00892   0.00359   0.00242   0.00067   0.14808   0.16977   0.08023   0.10761   0.00653   0.07998   0.12411   3.12330   0.67728   1.12734   0.74338   0.26330  
 24 498.2080  10556.135501  x:  0.26831   0.17795   0.09152   0.00549   0.06069   0.05363   0.04857   0.07147   0.06288   0.04697   0.00447   0.02136   0.00279   0.01453   0.01142   0.00171   0.01300   0.00758   0.00472   0.00523   0.00000   0.01423   0.00472   0.00505   0.00481   0.15796   0.01502   0.05285   0.01077   0.01867   0.00118   0.01060   0.00395   0.00266   0.00069   0.14531   0.17578   0.08332   0.10929   0.00656   0.07908   0.12248   3.14673   0.64060   1.12908   0.77135   0.26081  
 25 911.4960  10551.545324  x:  0.28123   0.18203   0.09392   0.00602   0.06088   0.05435   0.04800   0.07553   0.06245   0.04946   0.00987   0.01732   0.00222   0.01469   0.01224   0.00639   0.01496   0.00606   0.00428   0.00488   0.00000   0.01047   0.00403   0.00460   0.00521   0.16064   0.01281   0.05453   0.01334   0.01574   0.00119   0.00962   0.00346   0.00267   0.00069   0.14077   0.18589   0.08773   0.11143   0.00583   0.07792   0.12013   3.19892   0.55929   1.13318   0.83279   0.25626  
 26 1617.7125  10548.533873  x:  0.28828   0.18448   0.09344   0.00592   0.06096   0.05476   0.04768   0.07575   0.06122   0.04716   0.00805   0.01957   0.00286   0.01628   0.01144   0.00953   0.01446   0.01198   0.00474   0.00516   0.00000   0.00941   0.00472   0.00503   0.00519   0.16188   0.01457   0.05174   0.01066   0.01647   0.00122   0.00881   0.00397   0.00311   0.00072   0.13927   0.18961   0.08855   0.11149   0.00592   0.07749   0.11979   3.23393   0.50545   1.13619   0.87304   0.25402  
 27 2378.5054  10545.716446  x:  0.29236   0.18625   0.09151   0.00578   0.06094   0.05495   0.04748   0.07393   0.05989   0.04406   0.00396   0.02316   0.00323   0.01452   0.00948   0.01104   0.01163   0.00836   0.00528   0.00562   0.00000   0.00914   0.00492   0.00513   0.00510   0.16234   0.01683   0.04870   0.01111   0.01845   0.00116   0.01078   0.00424   0.00304   0.00076   0.13940   0.18980   0.08747   0.11042   0.00617   0.07722   0.12073   3.26240   0.46265   1.13895   0.90471   0.25295  
 28 2219.3605  10543.502465  x:  0.29174   0.18717   0.08711   0.00574   0.06077   0.05487   0.04747   0.06836   0.05876   0.04323   0.00597   0.02138   0.00329   0.01437   0.01072   0.00880   0.01105   0.00719   0.00486   0.00513   0.00000   0.01179   0.00502   0.00523   0.00493   0.16146   0.01661   0.04858   0.01116   0.01991   0.00114   0.00701   0.00425   0.00333   0.00070   0.14239   0.18338   0.08280   0.10726   0.00632   0.07700   0.12420   3.28838   0.42701   1.14240   0.93061   0.25360  
 29 766.6662  10542.122602  x:  0.29026   0.18746   0.08423   0.00585   0.06066   0.05475   0.04754   0.06438   0.05833   0.04331   0.00686   0.01965   0.00272   0.01496   0.01124   0.00661   0.01262   0.00828   0.00460   0.00508   0.00000   0.01026   0.00448   0.00488   0.00505   0.16057   0.01627   0.04927   0.01157   0.01969   0.00118   0.01006   0.00381   0.00285   0.00070   0.14466   0.17792   0.07919   0.10505   0.00631   0.07704   0.12674   3.30643   0.40349   1.14507   0.94773   0.25427  
 30 1683.9415  10541.662485  x:  0.28623   0.18584   0.08621   0.00581   0.06076   0.05443   0.04837   0.06535   0.05992   0.04384   0.00686   0.01975   0.00281   0.01508   0.00934   0.00676   0.01452   0.00794   0.00463   0.00506   0.00000   0.01120   0.00460   0.00497   0.00491   0.15940   0.01759   0.04930   0.01147   0.01773   0.00119   0.00992   0.00390   0.00297   0.00070   0.14487   0.17444   0.07823   0.10563   0.00631   0.07877   0.12654   3.31538   0.39751   1.14737   0.95299   0.25453  
 31 169.3993  10540.915829  x:  0.27753   0.18219   0.09066   0.00575   0.06097   0.05398   0.04940   0.06814   0.06245   0.04520   0.00641   0.02018   0.00271   0.01487   0.01150   0.00730   0.01217   0.00829   0.00469   0.00515   0.00000   0.01048   0.00453   0.00490   0.00487   0.15715   0.01744   0.04964   0.01151   0.01715   0.00120   0.00982   0.00386   0.00283   0.00071   0.14487   0.16850   0.07746   0.10735   0.00630   0.08145   0.12549   3.33244   0.38912   1.15223   0.96141   0.25503  
 32 388.7982  10540.492350  x:  0.27188   0.17982   0.09232   0.00583   0.06097   0.05412   0.04871   0.06945   0.06233   0.04523   0.00643   0.02053   0.00281   0.01506   0.01049   0.00749   0.01306   0.00830   0.00475   0.00520   0.00000   0.01024   0.00460   0.00496   0.00500   0.15612   0.01477   0.04946   0.01160   0.02002   0.00117   0.00977   0.00393   0.00293   0.00071   0.14483   0.16653   0.07839   0.10839   0.00622   0.08110   0.12447   3.34424   0.38588   1.15597   0.96603   0.25541  
 33 272.9618  10539.365099  x:  0.25718   0.17401   0.09216   0.00588   0.06060   0.05533   0.04479   0.07055   0.05795   0.04357   0.00687   0.01950   0.00277   0.01499   0.01069   0.00683   0.01282   0.00820   0.00458   0.00502   0.00000   0.01062   0.00453   0.00491   0.00485   0.15485   0.01671   0.04850   0.01151   0.01860   0.00119   0.00997   0.00384   0.00296   0.00069   0.14535   0.16714   0.08456   0.11010   0.00621   0.07503   0.12156   3.38146   0.38224   1.16869   0.97763   0.25688  
 34 260.6457  10537.263818  x:  0.24031   0.16894   0.08429   0.00572   0.06058   0.05448   0.05498   0.06632   0.06041   0.04300   0.00657   0.01978   0.00279   0.01505   0.01074   0.00714   0.01276   0.00828   0.00464   0.00507   0.00000   0.01041   0.00456   0.00493   0.00493   0.15690   0.01614   0.04975   0.01161   0.01850   0.00120   0.00985   0.00387   0.00294   0.00070   0.14749   0.17685   0.09222   0.10805   0.00606   0.07757   0.12004   3.46449   0.38491   1.19875   0.99894   0.25991  
 35 289.7936  10531.673271  x:  0.22940   0.16921   0.08185   0.00621   0.06135   0.05178   0.03865   0.06465   0.06661   0.04357   0.00656   0.01939   0.00266   0.01523   0.01059   0.00703   0.01230   0.00836   0.00458   0.00499   0.00000   0.01050   0.00452   0.00491   0.00473   0.16312   0.01597   0.04728   0.01179   0.01844   0.00124   0.00997   0.00384   0.00305   0.00070   0.15006   0.19171   0.08486   0.10184   0.00596   0.09186   0.12240   3.68783   0.40428   1.28192   1.05050   0.26839  
 36 565.8330  10519.366272  x:  0.23357   0.17488   0.09706   0.00547   0.06157   0.05755   0.04966   0.06992   0.05410   0.03972   0.00776   0.01609   0.00265   0.01593   0.00981   0.00448   0.01159   0.00818   0.00401   0.00433   0.00000   0.00993   0.00437   0.00484   0.00432   0.16874   0.01680   0.03867   0.01227   0.01944   0.00129   0.01051   0.00368   0.00353   0.00061   0.14511   0.20112   0.05288   0.10097   0.00692   0.08625   0.12412   4.19332   0.45381   1.47233   1.16272   0.28782  
 37 1860.6969  10510.696917  x:  0.25930   0.17637   0.09644   0.00504   0.05874   0.04880   0.04942   0.05906   0.06821   0.02840   0.00749   0.01418   0.00260   0.01598   0.01019   0.00459   0.01125   0.00836   0.00384   0.00415   0.00000   0.01008   0.00434   0.00482   0.00405   0.15799   0.01601   0.03897   0.01251   0.01894   0.00133   0.01054   0.00361   0.00353   0.00063   0.13158   0.17881   0.06465   0.11352   0.00715   0.07572   0.11998   4.55816   0.48985   1.61247   1.23878   0.30135  
 38 1570.8563  10508.155251  x:  0.27117   0.17504   0.09137   0.00507   0.06060   0.05297   0.05025   0.06165   0.06263   0.03449   0.00791   0.01366   0.00250   0.01621   0.00973   0.00377   0.01093   0.00828   0.00371   0.00399   0.00000   0.00998   0.00429   0.00480   0.00407   0.15203   0.01649   0.03183   0.01265   0.01921   0.00136   0.01077   0.00357   0.00371   0.00060   0.12868   0.16712   0.07720   0.11336   0.00680   0.08254   0.11915   4.66643   0.49942   1.65547   1.25896   0.30560  
 39 1012.3471  10507.744807  x:  0.27406   0.17265   0.08992   0.00509   0.06059   0.05296   0.05041   0.06523   0.06001   0.03100   0.00791   0.01356   0.00257   0.01623   0.00984   0.00370   0.01109   0.00827   0.00370   0.00400   0.00000   0.00999   0.00428   0.00479   0.00410   0.15098   0.01655   0.03523   0.01264   0.01917   0.00136   0.01072   0.00356   0.00366   0.00060   0.12824   0.16504   0.07915   0.11052   0.00679   0.08510   0.11882   4.68365   0.49973   1.66342   1.26035   0.30624  
 40 223.2970  10507.442951  x:  0.27758   0.16568   0.08821   0.00511   0.05961   0.05115   0.05051   0.06858   0.06158   0.03216   0.00786   0.01358   0.00255   0.01622   0.00979   0.00382   0.01102   0.00829   0.00371   0.00399   0.00000   0.00997   0.00429   0.00480   0.00402   0.15103   0.01642   0.03424   0.01263   0.01909   0.00135   0.01073   0.00357   0.00368   0.00060   0.12796   0.16497   0.07862   0.10538   0.00694   0.08288   0.11802   4.69593   0.49641   1.67227   1.25614   0.30663  
 41 72.2660  10506.962969  x:  0.28357   0.15460   0.08908   0.00508   0.06209   0.05596   0.05016   0.06804   0.06371   0.03123   0.00793   0.01338   0.00254   0.01621   0.00983   0.00378   0.01093   0.00831   0.00367   0.00395   0.00000   0.01001   0.00428   0.00479   0.00395   0.15257   0.01631   0.03455   0.01264   0.01905   0.00136   0.01073   0.00356   0.00371   0.00060   0.13126   0.16758   0.07828   0.10691   0.00687   0.08266   0.11908   4.71517   0.48559   1.69125   1.24129   0.30803  
 42 85.4994  10506.302864  x:  0.28963   0.14614   0.09151   0.00522   0.05976   0.05102   0.05034   0.06622   0.06001   0.03201   0.00798   0.01339   0.00256   0.01630   0.00974   0.00369   0.01091   0.00831   0.00366   0.00394   0.00000   0.01003   0.00428   0.00480   0.00407   0.15424   0.01623   0.03436   0.01270   0.01896   0.00136   0.01069   0.00355   0.00374   0.00060   0.13514   0.17168   0.07854   0.11188   0.00665   0.08488   0.11974   4.74079   0.46808   1.71937   1.21699   0.31036  
 43 210.4134  10503.457597  x:  0.29744   0.16070   0.09310   0.00506   0.05867   0.05256   0.05034   0.06991   0.06189   0.03000   0.00825   0.01226   0.00254   0.01657   0.00982   0.00329   0.01071   0.00836   0.00350   0.00375   0.00000   0.01011   0.00425   0.00480   0.00395   0.15362   0.01535   0.03196   0.01300   0.01834   0.00140   0.01048   0.00350   0.00386   0.00059   0.12689   0.18493   0.08023   0.11077   0.00683   0.08588   0.10637   4.84551   0.38428   1.84604   1.09950   0.32167  
 44 202.3952  10503.203466  x:  0.29718   0.16184   0.09278   0.00498   0.06193   0.05095   0.05047   0.07160   0.06185   0.02965   0.00826   0.01210   0.00254   0.01661   0.00984   0.00327   0.01075   0.00837   0.00349   0.00374   0.00000   0.01010   0.00425   0.00480   0.00393   0.15430   0.01524   0.03136   0.01303   0.01825   0.00140   0.01045   0.00350   0.00386   0.00059   0.12184   0.18625   0.08111   0.11127   0.00676   0.08520   0.11231   4.85494   0.37642   1.85817   1.08857   0.32264  
 45 124.5515  10503.157711  x:  0.29702   0.16194   0.09273   0.00497   0.05991   0.05181   0.05046   0.07197   0.06210   0.02952   0.00826   0.01207   0.00254   0.01661   0.00986   0.00328   0.01075   0.00837   0.00349   0.00374   0.00000   0.01009   0.00425   0.00481   0.00393   0.15470   0.01521   0.03124   0.01304   0.01822   0.00140   0.01045   0.00349   0.00386   0.00059   0.12042   0.18642   0.08143   0.11144   0.00673   0.08526   0.11429   4.85630   0.37518   1.86034   1.08692   0.32278  
 46 41.1068  10502.840311  x:  0.29638   0.16193   0.09605   0.00491   0.06013   0.05165   0.05069   0.07001   0.06178   0.02893   0.00836   0.01172   0.00257   0.01667   0.00987   0.00298   0.01075   0.00831   0.00344   0.00369   0.00000   0.00987   0.00426   0.00482   0.00392   0.16472   0.01534   0.03072   0.01313   0.01826   0.00140   0.01044   0.00350   0.00392   0.00058   0.11902   0.18298   0.08421   0.10861   0.00674   0.08546   0.11330   4.84713   0.37662   1.87614   1.09467   0.32331  
 47  3.2977  10498.762405  x:  0.28974   0.15799   0.07987   0.00507   0.05982   0.05061   0.05010   0.07864   0.06332   0.02688   0.00881   0.00891   0.00281   0.01715   0.00986   0.00094   0.01064   0.00786   0.00319   0.00330   0.00000   0.00770   0.00450   0.00500   0.00383   0.17438   0.01583   0.02824   0.01389   0.01808   0.00138   0.01042   0.00364   0.00441   0.00056   0.11347   0.17733   0.07650   0.12150   0.00667   0.08707   0.10659   4.73318   0.39760   2.05910   1.19296   0.32648  
 48 84.5991  10498.450418  x:  0.28883   0.15744   0.07771   0.00509   0.05978   0.05047   0.05002   0.07978   0.06353   0.02660   0.00887   0.00852   0.00285   0.01722   0.00986   0.00066   0.01063   0.00779   0.00316   0.00324   0.00090   0.00740   0.00453   0.00503   0.00382   0.17563   0.01590   0.02790   0.01400   0.01806   0.00138   0.01041   0.00366   0.00447   0.00055   0.11271   0.17658   0.07546   0.12322   0.00667   0.08730   0.10569   4.71740   0.40050   2.08443   1.20656   0.32692  
 49 32268.7554  10496.107514  x:  0.28684   0.15587   0.07970   0.00504   0.05969   0.05028   0.05001   0.07775   0.06346   0.02569   0.00898   0.00755   0.00294   0.01738   0.00988   0.00000   0.01061   0.00765   0.00308   0.00312   0.00127   0.00666   0.00461   0.00509   0.00388   0.17093   0.01595   0.02704   0.01427   0.01800   0.00137   0.01039   0.00372   0.00462   0.00055   0.11113   0.17758   0.07551   0.12109   0.00664   0.08793   0.10606   4.67720   0.40798   2.14863   1.24126   0.32792  
 50 1006.9226  10486.758278  x:  0.28892   0.15100   0.08110   0.00381   0.06075   0.05036   0.04994   0.07338   0.06451   0.02567   0.00804   0.00000   0.00369   0.01905   0.01053   0.00000   0.01152   0.00668   0.00328   0.00302   0.00281   0.00354   0.00544   0.00581   0.00548   0.16688   0.01546   0.02728   0.01639   0.01655   0.00130   0.00933   0.00429   0.00528   0.00060   0.09375   0.18244   0.07357   0.11984   0.00780   0.09154   0.10124   4.88404   0.38100   1.33749   0.95132   0.30903  
 51  4.5474  10483.562963  x:  0.28906   0.14897   0.08203   0.00348   0.06112   0.05041   0.04993   0.07148   0.06466   0.02555   0.00735   0.00063   0.00403   0.01960   0.01058   0.00000   0.01156   0.00632   0.00354   0.00322   0.00300   0.00265   0.00577   0.00609   0.00624   0.16473   0.01523   0.02711   0.01709   0.01613   0.00129   0.00900   0.00458   0.00537   0.00074   0.08759   0.18406   0.07300   0.11894   0.00827   0.09295   0.09963   4.93193   0.37518   1.11302   0.87478   0.30373  
 52  8.3782  10474.387101  x:  0.28029   0.13849   0.08503   0.00191   0.06161   0.05026   0.05021   0.06433   0.06239   0.02097   0.00385   0.00104   0.00391   0.02131   0.01040   0.00000   0.01125   0.00716   0.00439   0.00425   0.00149   0.00975   0.00581   0.00623   0.00858   0.15479   0.01258   0.02020   0.01783   0.01504   0.00144   0.00814   0.00462   0.00447   0.00106   0.07397   0.18513   0.07047   0.11402   0.01062   0.09831   0.09477   4.76990   0.40245   1.27955   0.96770   0.30820  
 53  2.4943  10470.054472  x:  0.27596   0.13510   0.08890   0.00205   0.06118   0.05018   0.05055   0.05907   0.06265   0.02591   0.00416   0.00125   0.00434   0.02217   0.00941   0.00000   0.00944   0.00697   0.00481   0.00451   0.00169   0.00830   0.00628   0.00658   0.01012   0.14809   0.01251   0.02754   0.01878   0.01521   0.00155   0.00862   0.00514   0.00523   0.00089   0.07239   0.18831   0.07062   0.11188   0.01080   0.10092   0.09481   4.53859   0.42235   1.67152   1.12405   0.31972  
 54  1.3021  10468.292549  x:  0.27450   0.13344   0.09092   0.00240   0.06120   0.05048   0.05056   0.05654   0.06137   0.02593   0.00320   0.00118   0.00480   0.02283   0.00904   0.00000   0.00934   0.00704   0.00528   0.00483   0.00046   0.00753   0.00665   0.00687   0.01141   0.14682   0.01250   0.02716   0.01926   0.01548   0.00155   0.00843   0.00562   0.00513   0.00097   0.07538   0.19101   0.07003   0.11109   0.01085   0.10351   0.09390   4.43420   0.43141   1.55599   1.11415   0.31738  
 55  0.4210  10467.867849  x:  0.27396   0.13282   0.09167   0.00252   0.06121   0.05060   0.05057   0.05560   0.06089   0.02594   0.00284   0.00116   0.00497   0.02307   0.00890   0.00102   0.00930   0.00706   0.00546   0.00495   0.00000   0.00724   0.00678   0.00698   0.01189   0.14635   0.01250   0.02702   0.01944   0.01557   0.00156   0.00836   0.00580   0.00510   0.00100   0.07649   0.19202   0.06981   0.11080   0.01087   0.10447   0.09357   4.39543   0.43478   1.51308   1.11047   0.31651  
 56 35799.3129  10466.552504  x:  0.27289   0.13349   0.09272   0.00308   0.06091   0.05076   0.05040   0.05612   0.05984   0.02531   0.00499   0.00106   0.00569   0.02373   0.00839   0.00060   0.00916   0.00690   0.00576   0.00500   0.00045   0.00688   0.00729   0.00739   0.01384   0.14532   0.01314   0.02587   0.02015   0.01630   0.00157   0.00887   0.00656   0.00518   0.00118   0.07763   0.19517   0.06925   0.11098   0.01099   0.10650   0.09412   4.25875   0.45148   1.33599   1.09370   0.31430  
 57  0.4347  10466.064305  x:  0.27404   0.13445   0.09183   0.00328   0.06073   0.05078   0.05028   0.05726   0.05962   0.02496   0.00473   0.00109   0.00583   0.02385   0.00862   0.00000   0.00957   0.00698   0.00579   0.00495   0.00090   0.00642   0.00733   0.00741   0.01427   0.14627   0.01298   0.02531   0.02027   0.01608   0.00155   0.00868   0.00669   0.00506   0.00124   0.07753   0.19463   0.06918   0.11145   0.01086   0.10625   0.09464   4.24851   0.45160   1.35742   1.10076   0.31496  
 58  0.0901  10466.064305  x:  0.27404   0.13445   0.09183   0.00328   0.06073   0.05078   0.05028   0.05726   0.05962   0.02496   0.00473   0.00109   0.00583   0.02385   0.00862   0.00000   0.00957   0.00698   0.00579   0.00495   0.00090   0.00642   0.00733   0.00741   0.01427   0.14627   0.01298   0.02531   0.02027   0.01608   0.00155   0.00868   0.00669   0.00506   0.00124   0.07753   0.19463   0.06918   0.11145   0.01086   0.10625   0.09464   4.24851   0.45160   1.35742   1.10076   0.31496  
 59  0.0330  10465.302411  x:  0.27405   0.13447   0.09182   0.00327   0.06073   0.05077   0.05028   0.05731   0.05966   0.02497   0.00438   0.00278   0.00589   0.02384   0.00865   0.00010   0.00956   0.00701   0.00583   0.00449   0.00132   0.00630   0.00729   0.00736   0.01482   0.14629   0.01295   0.02533   0.02024   0.01604   0.00112   0.00865   0.00683   0.00492   0.00144   0.07754   0.19462   0.06920   0.11146   0.01090   0.10621   0.09465   4.24851   0.45159   1.35742   1.10076   0.31497  
 60 1012.2432  10465.218689  x:  0.27406   0.13448   0.09182   0.00327   0.06073   0.05077   0.05028   0.05732   0.05966   0.02497   0.00431   0.00281   0.00590   0.02384   0.00865   0.00000   0.00956   0.00702   0.00584   0.00440   0.00128   0.00628   0.00728   0.00735   0.01494   0.14630   0.01294   0.02533   0.02023   0.01603   0.00108   0.00864   0.00685   0.00489   0.00145   0.07755   0.19462   0.06920   0.11147   0.01091   0.10621   0.09466   4.24851   0.45159   1.35742   1.10077   0.31497  
 61 530.3826  10464.842798  x:  0.27412   0.13455   0.09178   0.00323   0.06072   0.05074   0.05029   0.05750   0.05977   0.02497   0.00343   0.00269   0.00603   0.02379   0.00874   0.00000   0.00954   0.00710   0.00593   0.00336   0.00197   0.00599   0.00717   0.00722   0.01668   0.14638   0.01280   0.02538   0.02013   0.01591   0.00105   0.00857   0.00718   0.00458   0.00141   0.07761   0.19457   0.06928   0.11150   0.01105   0.10608   0.09470   4.24852   0.45156   1.35742   1.10077   0.31498  
 62 1102.6847  10464.606051  x:  0.27426   0.13469   0.09170   0.00323   0.06070   0.05070   0.05031   0.05781   0.05993   0.02496   0.00383   0.00278   0.00609   0.02371   0.00886   0.00000   0.00954   0.00714   0.00594   0.00386   0.00188   0.00588   0.00710   0.00714   0.01919   0.14654   0.01247   0.02548   0.01999   0.01575   0.00165   0.00853   0.00734   0.00461   0.00160   0.07773   0.19449   0.06943   0.11157   0.01125   0.10583   0.09479   4.24852   0.45151   1.35742   1.10079   0.31500  
 63 252.9638  10464.528241  x:  0.27433   0.13477   0.09165   0.00325   0.06069   0.05068   0.05031   0.05795   0.05998   0.02495   0.00407   0.00264   0.00605   0.02366   0.00888   0.00000   0.00954   0.00712   0.00591   0.00412   0.00197   0.00598   0.00713   0.00717   0.01999   0.14662   0.01227   0.02551   0.01993   0.01569   0.00119   0.00853   0.00724   0.00469   0.00141   0.07779   0.19444   0.06951   0.11161   0.01131   0.10570   0.09483   4.24852   0.45148   1.35742   1.10080   0.31501  
 64 248.2335  10464.497373  x:  0.27446   0.13489   0.09156   0.00328   0.06067   0.05066   0.05032   0.05813   0.05999   0.02490   0.00401   0.00245   0.00592   0.02361   0.00886   0.00000   0.00956   0.00704   0.00584   0.00402   0.00195   0.00624   0.00724   0.00731   0.02014   0.14677   0.01198   0.02554   0.01992   0.01572   0.00121   0.00860   0.00693   0.00488   0.00154   0.07788   0.19435   0.06964   0.11166   0.01131   0.10548   0.09490   4.24853   0.45143   1.35742   1.10082   0.31502  
 65 64.0804  10464.484586  x:  0.27455   0.13496   0.09150   0.00328   0.06066   0.05064   0.05032   0.05824   0.05999   0.02487   0.00399   0.00240   0.00590   0.02358   0.00885   0.00000   0.00956   0.00702   0.00584   0.00399   0.00191   0.00626   0.00726   0.00733   0.02013   0.14686   0.01185   0.02555   0.01992   0.01574   0.00130   0.00862   0.00687   0.00487   0.00136   0.07793   0.19429   0.06972   0.11168   0.01130   0.10534   0.09495   4.24853   0.45139   1.35742   1.10083   0.31502  
 66 87.1735  10464.463107  x:  0.27477   0.13515   0.09135   0.00326   0.06064   0.05062   0.05032   0.05849   0.05998   0.02482   0.00400   0.00217   0.00596   0.02352   0.00885   0.00000   0.00957   0.00706   0.00589   0.00405   0.00190   0.00610   0.00722   0.00729   0.02000   0.14710   0.01168   0.02557   0.01992   0.01579   0.00130   0.00862   0.00700   0.00470   0.00142   0.07806   0.19414   0.06991   0.11176   0.01127   0.10500   0.09506   4.24854   0.45130   1.35742   1.10085   0.31504  
 67 77.6669  10464.452164  x:  0.27506   0.13539   0.09117   0.00328   0.06061   0.05059   0.05032   0.05876   0.05997   0.02481   0.00404   0.00213   0.00602   0.02352   0.00889   0.00000   0.00955   0.00709   0.00585   0.00400   0.00189   0.00611   0.00715   0.00720   0.01994   0.14741   0.01187   0.02558   0.01993   0.01577   0.00130   0.00855   0.00714   0.00495   0.00139   0.07821   0.19394   0.07014   0.11185   0.01126   0.10459   0.09519   4.24855   0.45117   1.35742   1.10089   0.31505  
 68 39.0444  10464.433202  x:  0.27575   0.13591   0.09075   0.00328   0.06056   0.05055   0.05032   0.05931   0.05997   0.02479   0.00396   0.00219   0.00596   0.02353   0.00892   0.00000   0.00954   0.00706   0.00586   0.00407   0.00190   0.00620   0.00719   0.00724   0.01991   0.14810   0.01225   0.02557   0.01993   0.01572   0.00130   0.00852   0.00702   0.00476   0.00141   0.07853   0.19348   0.07062   0.11203   0.01127   0.10370   0.09549   4.24858   0.45085   1.35742   1.10098   0.31508  
 69 72.3619  10464.427352  x:  0.27604   0.13610   0.09061   0.00326   0.06056   0.05055   0.05032   0.05945   0.05997   0.02480   0.00407   0.00224   0.00596   0.02355   0.00887   0.00000   0.00956   0.00705   0.00589   0.00398   0.00190   0.00608   0.00723   0.00730   0.01990   0.14836   0.01210   0.02556   0.01993   0.01573   0.00129   0.00861   0.00700   0.00478   0.00142   0.07861   0.19329   0.07077   0.11209   0.01127   0.10341   0.09558   4.24859   0.45070   1.35743   1.10103   0.31508  
 70 45.1733  10464.424627  x:  0.27623   0.13620   0.09053   0.00327   0.06056   0.05056   0.05032   0.05946   0.05997   0.02482   0.00398   0.00228   0.00598   0.02355   0.00885   0.00000   0.00957   0.00707   0.00587   0.00405   0.00191   0.00610   0.00721   0.00727   0.01989   0.14849   0.01192   0.02556   0.01992   0.01575   0.00128   0.00862   0.00704   0.00481   0.00142   0.07863   0.19316   0.07082   0.11211   0.01127   0.10329   0.09562   4.24861   0.45059   1.35743   1.10106   0.31507  
 71 33.7884  10464.423407  x:  0.27638   0.13624   0.09051   0.00328   0.06057   0.05057   0.05032   0.05940   0.05997   0.02484   0.00402   0.00229   0.00598   0.02356   0.00887   0.00000   0.00955   0.00707   0.00586   0.00401   0.00191   0.00616   0.00718   0.00723   0.01989   0.14857   0.01186   0.02555   0.01992   0.01577   0.00129   0.00857   0.00706   0.00477   0.00142   0.07861   0.19307   0.07081   0.11211   0.01127   0.10327   0.09563   4.24862   0.45050   1.35743   1.10109   0.31506  
 72 16.1399  10464.419237  x:  0.27709   0.13639   0.09044   0.00326   0.06063   0.05065   0.05031   0.05900   0.05997   0.02489   0.00400   0.00228   0.00595   0.02358   0.00894   0.00000   0.00952   0.00706   0.00591   0.00403   0.00191   0.00609   0.00720   0.00725   0.01991   0.14887   0.01187   0.02555   0.01993   0.01578   0.00129   0.00846   0.00700   0.00481   0.00141   0.07843   0.19263   0.07069   0.11206   0.01125   0.10334   0.09562   4.24867   0.44999   1.35745   1.10123   0.31498  
 73 20.7949  10464.416708  x:  0.27756   0.13648   0.09042   0.00328   0.06066   0.05068   0.05031   0.05876   0.05997   0.02489   0.00401   0.00226   0.00597   0.02357   0.00888   0.00000   0.00955   0.00707   0.00585   0.00403   0.00190   0.00612   0.00721   0.00728   0.01993   0.14904   0.01193   0.02554   0.01994   0.01577   0.00129   0.00859   0.00705   0.00479   0.00142   0.07831   0.19236   0.07061   0.11203   0.01126   0.10341   0.09560   4.24871   0.44964   1.35746   1.10134   0.31493  
 74 45.9246  10464.416107  x:  0.27769   0.13648   0.09045   0.00326   0.06065   0.05066   0.05031   0.05878   0.05997   0.02485   0.00401   0.00226   0.00597   0.02356   0.00884   0.00000   0.00957   0.00707   0.00591   0.00403   0.00190   0.00614   0.00719   0.00724   0.01993   0.14905   0.01194   0.02555   0.01993   0.01575   0.00129   0.00861   0.00703   0.00479   0.00142   0.07828   0.19231   0.07060   0.11202   0.01128   0.10346   0.09559   4.24873   0.44950   1.35746   1.10138   0.31491  
 75 10.8465  10464.414375  x:  0.27812   0.13645   0.09062   0.00328   0.06059   0.05056   0.05033   0.05895   0.05996   0.02473   0.00401   0.00227   0.00597   0.02352   0.00883   0.00000   0.00957   0.00706   0.00585   0.00403   0.00190   0.00611   0.00719   0.00723   0.01991   0.14900   0.01193   0.02557   0.01991   0.01570   0.00129   0.00856   0.00702   0.00479   0.00142   0.07820   0.19218   0.07060   0.11200   0.01134   0.10363   0.09553   4.24880   0.44898   1.35748   1.10154   0.31483  
 76 18.4173  10464.413482  x:  0.27834   0.13643   0.09070   0.00327   0.06056   0.05052   0.05033   0.05906   0.05996   0.02473   0.00401   0.00227   0.00599   0.02352   0.00889   0.00000   0.00955   0.00707   0.00588   0.00403   0.00190   0.00614   0.00721   0.00728   0.01991   0.14895   0.01192   0.02557   0.01991   0.01573   0.00129   0.00858   0.00706   0.00479   0.00142   0.07816   0.19214   0.07061   0.11199   0.01132   0.10372   0.09550   4.24884   0.44867   1.35749   1.10163   0.31478  
 77 24.0824  10464.412655  x:  0.27852   0.13638   0.09077   0.00327   0.06055   0.05052   0.05033   0.05916   0.05997   0.02483   0.00401   0.00227   0.00597   0.02356   0.00890   0.00000   0.00955   0.00706   0.00587   0.00403   0.00190   0.00612   0.00719   0.00724   0.01992   0.14888   0.01193   0.02556   0.01993   0.01580   0.00128   0.00861   0.00703   0.00479   0.00142   0.07816   0.19213   0.07064   0.11198   0.01126   0.10378   0.09548   4.24889   0.44832   1.35751   1.10174   0.31473  
 78 15.7051  10464.412062  x:  0.27863   0.13633   0.09078   0.00328   0.06057   0.05055   0.05032   0.05919   0.05997   0.02490   0.00401   0.00227   0.00597   0.02358   0.00883   0.00000   0.00957   0.00707   0.00588   0.00403   0.00190   0.00613   0.00721   0.00726   0.01992   0.14880   0.01194   0.02554   0.01994   0.01579   0.00129   0.00856   0.00705   0.00479   0.00142   0.07817   0.19217   0.07067   0.11199   0.01124   0.10379   0.09547   4.24894   0.44802   1.35753   1.10183   0.31469  
 79 13.3128  10464.410881  x:  0.27877   0.13621   0.09073   0.00323   0.06062   0.05067   0.05030   0.05917   0.05997   0.02495   0.00401   0.00226   0.00598   0.02360   0.00886   0.00000   0.00955   0.00707   0.00586   0.00403   0.00190   0.00613   0.00719   0.00727   0.01991   0.14862   0.01193   0.02553   0.01993   0.01568   0.00129   0.00859   0.00704   0.00479   0.00142   0.07824   0.19230   0.07076   0.11201   0.01130   0.10374   0.09548   4.24905   0.44731   1.35757   1.10206   0.31460  
 80 14.6348  10464.410170  x:  0.27884   0.13614   0.09069   0.00331   0.06064   0.05072   0.05029   0.05913   0.05997   0.02491   0.00400   0.00226   0.00597   0.02359   0.00888   0.00000   0.00955   0.00706   0.00589   0.00403   0.00190   0.00613   0.00720   0.00725   0.01991   0.14852   0.01193   0.02554   0.01992   0.01569   0.00129   0.00860   0.00704   0.00479   0.00142   0.07828   0.19239   0.07080   0.11203   0.01132   0.10369   0.09550   4.24913   0.44686   1.35760   1.10220   0.31455  
 81 28.3843  10464.409251  x:  0.27887   0.13605   0.09062   0.00327   0.06066   0.05074   0.05029   0.05907   0.05997   0.02481   0.00400   0.00227   0.00597   0.02355   0.00887   0.00000   0.00957   0.00706   0.00587   0.00403   0.00190   0.00613   0.00721   0.00725   0.01992   0.14842   0.01194   0.02556   0.01991   0.01579   0.00128   0.00858   0.00705   0.00479   0.00142   0.07834   0.19251   0.07082   0.11205   0.01130   0.10362   0.09552   4.24924   0.44624   1.35765   1.10240   0.31448  
 82 26.8619  10464.408799  x:  0.27882   0.13604   0.09059   0.00328   0.06064   0.05066   0.05030   0.05903   0.05997   0.02479   0.00400   0.00227   0.00599   0.02354   0.00886   0.00000   0.00954   0.00708   0.00588   0.00403   0.00190   0.00613   0.00717   0.00728   0.01993   0.14842   0.01194   0.02556   0.01993   0.01577   0.00128   0.00858   0.00703   0.00479   0.00142   0.07835   0.19256   0.07079   0.11204   0.01125   0.10358   0.09553   4.24931   0.44591   1.35768   1.10251   0.31446  
 83  9.5373  10464.408153  x:  0.27871   0.13604   0.09055   0.00327   0.06059   0.05053   0.05033   0.05899   0.05997   0.02481   0.00400   0.00227   0.00597   0.02354   0.00886   0.00000   0.00954   0.00706   0.00587   0.00403   0.00190   0.00613   0.00721   0.00725   0.01993   0.14846   0.01193   0.02555   0.01995   0.01572   0.00129   0.00859   0.00705   0.00478   0.00142   0.07835   0.19263   0.07072   0.11204   0.01121   0.10353   0.09555   4.24943   0.44540   1.35774   1.10269   0.31443  
 84 21.8885  10464.407647  x:  0.27857   0.13607   0.09054   0.00328   0.06056   0.05046   0.05034   0.05899   0.05997   0.02486   0.00400   0.00227   0.00599   0.02356   0.00887   0.00000   0.00959   0.00708   0.00587   0.00403   0.00190   0.00614   0.00720   0.00726   0.01992   0.14853   0.01194   0.02555   0.01993   0.01575   0.00128   0.00858   0.00704   0.00478   0.00142   0.07834   0.19266   0.07065   0.11203   0.01129   0.10351   0.09557   4.24953   0.44500   1.35780   1.10284   0.31441  
 85 13.6533  10464.407294  x:  0.27845   0.13611   0.09056   0.00328   0.06055   0.05048   0.05034   0.05901   0.05997   0.02487   0.00400   0.00227   0.00597   0.02357   0.00885   0.00000   0.00954   0.00706   0.00587   0.00403   0.00190   0.00614   0.00719   0.00726   0.01992   0.14861   0.01194   0.02555   0.01991   0.01578   0.00128   0.00858   0.00705   0.00478   0.00142   0.07832   0.19267   0.07061   0.11203   0.01133   0.10352   0.09557   4.24962   0.44471   1.35784   1.10295   0.31440  
 86 12.8287  10464.406753  x:  0.27822   0.13621   0.09061   0.00328   0.06058   0.05060   0.05033   0.05907   0.05997   0.02485   0.00400   0.00227   0.00600   0.02357   0.00885   0.00000   0.00953   0.00709   0.00588   0.00403   0.00190   0.00614   0.00722   0.00725   0.01992   0.14874   0.01194   0.02556   0.01991   0.01576   0.00128   0.00859   0.00704   0.00478   0.00142   0.07829   0.19265   0.07056   0.11201   0.01130   0.10356   0.09556   4.24977   0.44426   1.35793   1.10314   0.31440  
 87 11.9619  10464.406582  x:  0.27815   0.13624   0.09063   0.00328   0.06059   0.05063   0.05032   0.05909   0.05997   0.02484   0.00400   0.00227   0.00598   0.02356   0.00886   0.00000   0.00956   0.00707   0.00588   0.00403   0.00190   0.00614   0.00720   0.00727   0.01992   0.14879   0.01194   0.02556   0.01992   0.01575   0.00128   0.00858   0.00705   0.00478   0.00142   0.07828   0.19264   0.07055   0.11201   0.01128   0.10358   0.09555   4.24983   0.44412   1.35797   1.10320   0.31440  
 88 16.1303  10464.406400  x:  0.27805   0.13630   0.09065   0.00328   0.06062   0.05061   0.05031   0.05905   0.05997   0.02484   0.00400   0.00227   0.00598   0.02354   0.00886   0.00000   0.00955   0.00707   0.00588   0.00403   0.00190   0.00614   0.00720   0.00726   0.01992   0.14878   0.01194   0.02553   0.01997   0.01576   0.00128   0.00858   0.00705   0.00478   0.00142   0.07829   0.19256   0.07067   0.11202   0.01129   0.10363   0.09553   4.24995   0.44401   1.35806   1.10329   0.31441  
 89  1.9555  10464.406283  x:  0.27799   0.13633   0.09065   0.00328   0.06063   0.05058   0.05031   0.05903   0.05997   0.02484   0.00400   0.00227   0.00598   0.02356   0.00886   0.00000   0.00955   0.00707   0.00588   0.00403   0.00190   0.00614   0.00720   0.00726   0.01992   0.14876   0.01194   0.02555   0.01991   0.01575   0.00128   0.00858   0.00705   0.00478   0.00142   0.07829   0.19250   0.07075   0.11203   0.01127   0.10366   0.09551   4.25006   0.44395   1.35813   1.10335   0.31442  
 90  3.8132  10464.406176  x:  0.27796   0.13633   0.09065   0.00328   0.06060   0.05059   0.05032   0.05903   0.05997   0.02484   0.00400   0.00227   0.00596   0.02357   0.00886   0.00000   0.00955   0.00710   0.00588   0.00403   0.00190   0.00614   0.00720   0.00726   0.01992   0.14873   0.01194   0.02558   0.01992   0.01575   0.00128   0.00858   0.00705   0.00478   0.00142   0.07829   0.19243   0.07076   0.11203   0.01128   0.10365   0.09551   4.25020   0.44393   1.35824   1.10343   0.31442  
 91  2.2569  10464.405911  x:  0.27790   0.13633   0.09062   0.00328   0.06053   0.05062   0.05035   0.05902   0.05997   0.02485   0.00400   0.00227   0.00599   0.02358   0.00886   0.00000   0.00955   0.00706   0.00587   0.00403   0.00190   0.00614   0.00720   0.00726   0.01992   0.14863   0.01194   0.02563   0.01995   0.01575   0.00128   0.00858   0.00705   0.00478   0.00142   0.07828   0.19229   0.07076   0.11203   0.01128   0.10363   0.09552   4.25055   0.44390   1.35852   1.10362   0.31443  
 92 16.0620  10464.405385  x:  0.27781   0.13631   0.09059   0.00328   0.06047   0.05065   0.05037   0.05905   0.05997   0.02484   0.00400   0.00227   0.00599   0.02354   0.00886   0.00000   0.00955   0.00707   0.00587   0.00403   0.00189   0.00614   0.00720   0.00726   0.01993   0.14848   0.01194   0.02551   0.01990   0.01575   0.00128   0.00858   0.00705   0.00478   0.00142   0.07827   0.19206   0.07072   0.11203   0.01128   0.10357   0.09554   4.25129   0.44386   1.35909   1.10400   0.31444  
 93 11.8899  10464.403733  x:  0.27773   0.13622   0.09055   0.00329   0.06078   0.05053   0.05018   0.05913   0.05997   0.02482   0.00400   0.00227   0.00600   0.02363   0.00886   0.00000   0.00956   0.00707   0.00587   0.00402   0.00189   0.00614   0.00721   0.00725   0.01993   0.14831   0.01194   0.02554   0.01990   0.01576   0.00128   0.00859   0.00705   0.00478   0.00141   0.07829   0.19176   0.07057   0.11201   0.01128   0.10348   0.09559   4.25377   0.44387   1.36102   1.10526   0.31450  
 94 11.4248  10464.400314  x:  0.27775   0.13608   0.09059   0.00329   0.06095   0.05047   0.05023   0.05913   0.05996   0.02498   0.00400   0.00227   0.00602   0.02332   0.00889   0.00000   0.00956   0.00706   0.00586   0.00401   0.00189   0.00614   0.00723   0.00724   0.01992   0.14838   0.01195   0.02569   0.01980   0.01575   0.00128   0.00859   0.00704   0.00478   0.00141   0.07841   0.19173   0.07058   0.11201   0.01127   0.10350   0.09562   4.25895   0.44396   1.36506   1.10787   0.31462  
 95 31.5340  10464.386787  x:  0.27795   0.13567   0.09078   0.00330   0.06092   0.05046   0.05064   0.05895   0.05998   0.02489   0.00400   0.00227   0.00611   0.02362   0.00892   0.00000   0.00958   0.00703   0.00584   0.00399   0.00187   0.00613   0.00733   0.00718   0.01996   0.14890   0.01193   0.02550   0.01961   0.01577   0.00128   0.00860   0.00703   0.00478   0.00140   0.07882   0.19206   0.07092   0.11202   0.01120   0.10373   0.09559   4.27972   0.44440   1.38127   1.11831   0.31508  
 96 162.7354  10464.384033  x:  0.27801   0.13583   0.09072   0.00332   0.06064   0.05045   0.05017   0.05890   0.05998   0.02491   0.00400   0.00227   0.00613   0.02361   0.00893   0.00000   0.00959   0.00703   0.00583   0.00398   0.00186   0.00613   0.00734   0.00717   0.01997   0.14891   0.01193   0.02551   0.01956   0.01577   0.00128   0.00860   0.00702   0.00478   0.00140   0.07865   0.19228   0.07104   0.11205   0.01119   0.10375   0.09551   4.28393   0.44450   1.38456   1.12039   0.31510  
 97 55.6293  10464.382886  x:  0.27807   0.13626   0.09062   0.00332   0.06074   0.05043   0.05029   0.05893   0.05997   0.02491   0.00400   0.00227   0.00614   0.02361   0.00894   0.00000   0.00959   0.00703   0.00583   0.00398   0.00186   0.00613   0.00735   0.00716   0.01997   0.14872   0.01193   0.02551   0.01954   0.01577   0.00128   0.00860   0.00702   0.00478   0.00140   0.07830   0.19250   0.07106   0.11209   0.01119   0.10370   0.09544   4.28559   0.44454   1.38586   1.12116   0.31499  
 98 11.6928  10464.382722  x:  0.27808   0.13642   0.09068   0.00332   0.06074   0.05043   0.05028   0.05890   0.05998   0.02491   0.00400   0.00227   0.00614   0.02361   0.00894   0.00000   0.00959   0.00703   0.00583   0.00398   0.00186   0.00613   0.00735   0.00716   0.01997   0.14865   0.01193   0.02551   0.01954   0.01577   0.00128   0.00860   0.00702   0.00478   0.00140   0.07840   0.19253   0.07102   0.11207   0.01118   0.10372   0.09552   4.28579   0.44453   1.38601   1.12116   0.31494  
 99  1.2440  10464.381389  x:  0.27807   0.13646   0.09067   0.00332   0.06075   0.05043   0.05028   0.05891   0.05970   0.02491   0.00400   0.00227   0.00614   0.02362   0.00893   0.00000   0.00958   0.00703   0.00583   0.00398   0.00186   0.00613   0.00734   0.00716   0.02000   0.14869   0.01193   0.02551   0.01954   0.01577   0.00128   0.00860   0.00702   0.00478   0.00140   0.07860   0.19251   0.07093   0.11206   0.01120   0.10367   0.09518   4.28666   0.44420   1.38661   1.11992   0.31466  
100  0.4892  10464.374253  x:  0.27799   0.13622   0.09053   0.00333   0.06081   0.05044   0.05029   0.05901   0.06043   0.02488   0.00398   0.00227   0.00610   0.02363   0.00893   0.00000   0.00957   0.00705   0.00584   0.00396   0.00183   0.00613   0.00730   0.00718   0.01999   0.14894   0.01192   0.02554   0.01954   0.01578   0.00128   0.00860   0.00704   0.00477   0.00140   0.07861   0.19242   0.07093   0.11213   0.01120   0.10366   0.09483   4.29119   0.44238   1.38967   1.11302   0.31395  
101 13.1098  10464.359932  x:  0.27795   0.13574   0.09047   0.00334   0.06088   0.05050   0.05028   0.05913   0.05982   0.02485   0.00395   0.00227   0.00604   0.02370   0.00891   0.00000   0.00957   0.00710   0.00587   0.00394   0.00178   0.00612   0.00722   0.00723   0.02013   0.14924   0.01192   0.02561   0.01952   0.01581   0.00126   0.00859   0.00706   0.00476   0.00140   0.07792   0.19243   0.07119   0.11226   0.01112   0.10382   0.09573   4.30026   0.43860   1.39565   1.09918   0.31422  
102 48.7188  10464.350812  x:  0.27819   0.13594   0.09060   0.00334   0.06090   0.05055   0.05029   0.05910   0.05994   0.02484   0.00393   0.00227   0.00599   0.02374   0.00890   0.00000   0.00957   0.00712   0.00588   0.00392   0.00174   0.00611   0.00717   0.00727   0.02018   0.14905   0.01192   0.02567   0.01950   0.01582   0.00126   0.00858   0.00709   0.00475   0.00140   0.07793   0.19260   0.07099   0.11206   0.01114   0.10355   0.09518   4.30590   0.43615   1.39913   1.09070   0.31620  
103 33.7992  10464.349996  x:  0.27821   0.13600   0.09028   0.00334   0.06090   0.05055   0.05029   0.05919   0.05994   0.02483   0.00393   0.00227   0.00599   0.02374   0.00890   0.00000   0.00957   0.00712   0.00589   0.00392   0.00174   0.00611   0.00717   0.00727   0.02018   0.14904   0.01192   0.02567   0.01950   0.01582   0.00125   0.00858   0.00709   0.00475   0.00140   0.07805   0.19261   0.07090   0.11222   0.01113   0.10382   0.09517   4.30630   0.43609   1.39899   1.09044   0.31632  
104  1.4670  10464.272543  x:  0.27836   0.13601   0.09122   0.00329   0.06085   0.05063   0.05019   0.05905   0.05997   0.02481   0.00377   0.00227   0.00601   0.02373   0.00889   0.00000   0.00960   0.00701   0.00593   0.00379   0.00149   0.00603   0.00703   0.00733   0.02061   0.14923   0.01187   0.02569   0.01959   0.01579   0.00118   0.00854   0.00718   0.00469   0.00140   0.07794   0.19257   0.07059   0.11436   0.01114   0.10342   0.09505   4.33857   0.43740   1.36678   1.08640   0.31592  
105  2.2528  10464.248019  x:  0.27839   0.13602   0.09049   0.00328   0.06083   0.05066   0.05016   0.05933   0.05997   0.02479   0.00372   0.00227   0.00601   0.02372   0.00889   0.00000   0.00961   0.00697   0.00595   0.00375   0.00141   0.00601   0.00698   0.00735   0.02076   0.14931   0.01186   0.02570   0.01961   0.01578   0.00115   0.00853   0.00721   0.00467   0.00140   0.07795   0.19263   0.07094   0.11208   0.01123   0.10363   0.09515   4.34896   0.43787   1.35631   1.08520   0.31566  
106 69.5482  10464.158111  x:  0.27836   0.13636   0.09062   0.00324   0.06059   0.05061   0.05032   0.05922   0.05999   0.02483   0.00356   0.00229   0.00605   0.02352   0.00892   0.00000   0.00954   0.00710   0.00594   0.00353   0.00109   0.00593   0.00712   0.00719   0.02131   0.14884   0.01180   0.02558   0.01992   0.01570   0.00106   0.00854   0.00725   0.00459   0.00141   0.07837   0.19254   0.07072   0.11217   0.01136   0.10354   0.09562   4.30062   0.44377   1.38431   1.11520   0.31520  
107  0.8361  10464.153310  x:  0.27826   0.13632   0.09063   0.00325   0.06056   0.05059   0.05031   0.05917   0.05999   0.02484   0.00359   0.00232   0.00606   0.02351   0.00892   0.00000   0.00952   0.00712   0.00593   0.00355   0.00116   0.00594   0.00715   0.00716   0.02142   0.14880   0.01182   0.02557   0.01991   0.01569   0.00104   0.00854   0.00725   0.00459   0.00142   0.07838   0.19249   0.07075   0.11207   0.01137   0.10354   0.09560   4.28461   0.44666   1.38299   1.12233   0.31496  
108  0.0230  10464.152940  x:  0.27824   0.13633   0.09063   0.00325   0.06059   0.05059   0.05031   0.05916   0.06000   0.02484   0.00360   0.00233   0.00606   0.02353   0.00892   0.00000   0.00952   0.00712   0.00593   0.00357   0.00115   0.00595   0.00714   0.00717   0.02144   0.14881   0.01182   0.02557   0.01988   0.01570   0.00106   0.00854   0.00726   0.00459   0.00142   0.07836   0.19250   0.07076   0.11206   0.01136   0.10355   0.09558   4.28264   0.44731   1.38213   1.12397   0.31489  
109  0.0032  10464.152920  x:  0.27824   0.13634   0.09063   0.00325   0.06060   0.05059   0.05032   0.05917   0.06000   0.02484   0.00360   0.00233   0.00606   0.02353   0.00892   0.00000   0.00952   0.00712   0.00593   0.00356   0.00115   0.00595   0.00714   0.00718   0.02145   0.14882   0.01182   0.02558   0.01988   0.01570   0.00105   0.00854   0.00726   0.00460   0.00142   0.07835   0.19251   0.07076   0.11206   0.01135   0.10355   0.09558   4.28297   0.44734   1.38233   1.12446   0.31488  
110  0.0006  10464.152917  x:  0.27824   0.13633   0.09063   0.00325   0.06060   0.05060   0.05031   0.05917   0.06000   0.02484   0.00360   0.00233   0.00606   0.02353   0.00892   0.00000   0.00952   0.00712   0.00593   0.00356   0.00115   0.00595   0.00714   0.00718   0.02145   0.14883   0.01182   0.02558   0.01988   0.01570   0.00105   0.00854   0.00726   0.00459   0.00142   0.07834   0.19251   0.07076   0.11206   0.01135   0.10355   0.09557   4.28301   0.44737   1.38253   1.12469   0.31488  
111  0.0002  10464.152917  x:  0.27824   0.13633   0.09063   0.00325   0.06060   0.05060   0.05031   0.05917   0.06000   0.02484   0.00360   0.00233   0.00606   0.02353   0.00892   0.00000   0.00952   0.00712   0.00593   0.00356   0.00115   0.00595   0.00714   0.00718   0.02145   0.14883   0.01182   0.02558   0.01988   0.01570   0.00105   0.00854   0.00726   0.00459   0.00142   0.07834   0.19251   0.07076   0.11206   0.01136   0.10355   0.09557   4.28304   0.44739   1.38260   1.12478   0.31489  
112  0.0001  10464.152917  x:  0.27824   0.13633   0.09063   0.00325   0.06060   0.05060   0.05031   0.05917   0.06000   0.02484   0.00360   0.00233   0.00606   0.02353   0.00892   0.00000   0.00952   0.00712   0.00593   0.00356   0.00115   0.00595   0.00714   0.00718   0.02145   0.14883   0.01182   0.02558   0.01988   0.01570   0.00105   0.00854   0.00726   0.00459   0.00142   0.07834   0.19251   0.07076   0.11206   0.01136   0.10355   0.09557   4.28306   0.44740   1.38261   1.12479   0.31489  
113  0.0000  10464.152917  x:  0.27824   0.13633   0.09063   0.00325   0.06060   0.05060   0.05031   0.05917   0.06000   0.02484   0.00360   0.00233   0.00606   0.02353   0.00892   0.00000   0.00952   0.00712   0.00593   0.00356   0.00115   0.00595   0.00714   0.00718   0.02145   0.14883   0.01182   0.02558   0.01988   0.01570   0.00105   0.00854   0.00726   0.00459   0.00142   0.07834   0.19251   0.07076   0.11206   0.01136   0.10355   0.09557   4.28306   0.44740   1.38261   1.12479   0.31489  
114  0.0000  10464.152917  x:  0.27824   0.13633   0.09063   0.00325   0.06060   0.05060   0.05031   0.05917   0.06000   0.02484   0.00360   0.00233   0.00606   0.02353   0.00892   0.00000   0.00952   0.00712   0.00593   0.00356   0.00115   0.00595   0.00714   0.00718   0.02145   0.14883   0.01182   0.02558   0.01988   0.01570   0.00105   0.00854   0.00726   0.00459   0.00142   0.07834   0.19251   0.07076   0.11206   0.01136   0.10355   0.09557   4.28306   0.44740   1.38261   1.12479   0.31489  