

TREE # 1

  0  0.0000  13461.186617  x:  0.36826   0.07062   0.00720   0.13921   0.12976   0.10564   0.17512   0.07302   0.07041   0.01860   0.03711   0.00956   0.01947   0.01673   0.00903   0.01422   0.02413   0.01472   0.01167   0.01334   0.06697   0.30034   0.00000   0.03920   0.06707   0.03865   0.03363   0.00938   0.02524   0.01451   0.00507   0.01040   0.12469   0.00873   0.10201   0.08664   0.06768   3.00000   1.39835   0.16116   0.29812  
  1 99.0000  13428.918782  x:  0.36977   0.07645   0.01390   0.14170   0.13003   0.10647   0.17857   0.07618   0.07061   0.02358   0.03599   0.01113   0.02063   0.01782   0.00488   0.00671   0.02111   0.01386   0.00612   0.00998   0.06664   0.30215   0.00602   0.04139   0.06828   0.03817   0.03224   0.00894   0.02088   0.01579   0.00000   0.00887   0.12728   0.01366   0.10249   0.08805   0.06961   3.00106   1.39924   0.16037   0.28526  
  2 1978.3158  13410.129997  x:  0.37099   0.08115   0.01926   0.14371   0.13025   0.10715   0.18136   0.07873   0.07078   0.02757   0.03508   0.01239   0.02156   0.01869   0.00158   0.00066   0.01868   0.01317   0.00168   0.00729   0.06636   0.30361   0.01075   0.04315   0.06927   0.03778   0.03112   0.00858   0.01737   0.01683   0.00050   0.00768   0.12937   0.01760   0.10288   0.08918   0.07116   3.00192   1.39995   0.15973   0.27486  
  3 33773.9963  13402.604751  x:  0.37151   0.08305   0.02098   0.14453   0.13033   0.10739   0.18253   0.07977   0.07083   0.02887   0.03470   0.01273   0.02193   0.01897   0.00291   0.00000   0.01785   0.01304   0.00268   0.00676   0.06616   0.30424   0.01156   0.04382   0.06966   0.03763   0.03071   0.00854   0.01610   0.01713   0.00057   0.00753   0.13024   0.01875   0.10304   0.08964   0.07175   3.00229   1.40026   0.15945   0.27030  
  4 4389.7307  13363.096674  x:  0.37622   0.10008   0.03659   0.15194   0.13100   0.10956   0.19302   0.08909   0.07130   0.04070   0.03130   0.01595   0.02526   0.02152   0.01233   0.00193   0.01041   0.01180   0.00917   0.00172   0.06444   0.30982   0.01948   0.04987   0.07324   0.03635   0.02696   0.00813   0.00467   0.01992   0.00126   0.00596   0.13800   0.02937   0.10442   0.09379   0.07705   3.00566   1.40306   0.15694   0.22960  
  5 72847.9794  13329.302858  x:  0.38214   0.12023   0.05295   0.16086   0.13176   0.11194   0.20582   0.10012   0.07177   0.05275   0.02754   0.01856   0.02853   0.02371   0.01846   0.00306   0.00547   0.01147   0.01291   0.01759   0.06208   0.31682   0.02519   0.05671   0.07746   0.03509   0.02312   0.00853   0.00134   0.02247   0.00177   0.00675   0.14738   0.03975   0.10608   0.09874   0.08304   3.00993   1.40659   0.15378   0.17840  
  6 10169.4676  13301.001947  x:  0.38788   0.13940   0.06824   0.16938   0.13251   0.11417   0.21810   0.11060   0.07221   0.06389   0.02417   0.02084   0.03147   0.02561   0.02419   0.00409   0.00386   0.01140   0.01636   0.02519   0.05982   0.32360   0.03019   0.06313   0.08147   0.03398   0.01985   0.00910   0.01126   0.02477   0.00221   0.00742   0.15635   0.04930   0.10767   0.10346   0.08867   3.01407   1.40999   0.15075   0.12920  
  7 24767.9503  13287.135384  x:  0.39101   0.14831   0.07362   0.17347   0.13291   0.11499   0.22425   0.11539   0.07234   0.06729   0.02354   0.02076   0.03203   0.02557   0.02532   0.00425   0.01532   0.01261   0.01686   0.02626   0.05863   0.32727   0.02950   0.06569   0.08323   0.03383   0.02005   0.00977   0.01092   0.02476   0.00228   0.00860   0.16071   0.05182   0.10842   0.10566   0.09090   3.01637   1.41173   0.14923   0.10540  
  8 5731.5230  13268.517224  x:  0.39786   0.16048   0.07162   0.17959   0.13372   0.11489   0.23508   0.12131   0.07195   0.06223   0.02773   0.01493   0.02820   0.02071   0.02063   0.00345   0.00994   0.01498   0.01325   0.02109   0.05657   0.33506   0.01194   0.06685   0.08492   0.03543   0.02811   0.01160   0.00859   0.01945   0.00175   0.01140   0.16756   0.04480   0.10933   0.10846   0.09172   3.02164   1.41465   0.14679   0.07842  
  9 1309.9591  13260.721222  x:  0.40409   0.17240   0.07207   0.18509   0.13400   0.11471   0.24514   0.12673   0.07134   0.06004   0.02675   0.01465   0.02744   0.02100   0.01833   0.00319   0.01009   0.01202   0.01261   0.02035   0.05561   0.34204   0.00120   0.06804   0.08596   0.03474   0.02348   0.00766   0.00835   0.01983   0.00157   0.00560   0.17367   0.04070   0.10958   0.11048   0.09271   3.02691   1.41694   0.14497   0.07748  
 10 739.5110  13258.007210  x:  0.40630   0.17655   0.07212   0.18697   0.13405   0.11459   0.24868   0.12853   0.07111   0.05927   0.02648   0.01474   0.02730   0.02115   0.01775   0.00314   0.01008   0.01186   0.01265   0.02007   0.05567   0.34454   0.00000   0.06839   0.08625   0.03451   0.02244   0.00799   0.00829   0.02000   0.00152   0.00726   0.17574   0.03921   0.10962   0.11111   0.09302   3.02887   1.41776   0.14433   0.07846  
 11 1290.9469  13238.911562  x:  0.43690   0.23007   0.06499   0.21152   0.13482   0.11213   0.29611   0.15089   0.06787   0.04254   0.02750   0.01182   0.02308   0.01942   0.01263   0.00299   0.01061   0.01508   0.01687   0.01953   0.05840   0.37938   0.00800   0.07128   0.08951   0.03336   0.02000   0.01391   0.00840   0.01800   0.00153   0.00733   0.20302   0.01214   0.11012   0.11891   0.09547   3.05642   1.42906   0.13551   0.08983  
 12 2965.5399  13234.679844  x:  0.44577   0.24239   0.05916   0.21642   0.13522   0.11137   0.30834   0.15391   0.06800   0.03995   0.03055   0.01737   0.02714   0.02183   0.01434   0.00304   0.01107   0.01407   0.01549   0.02011   0.06056   0.38954   0.00866   0.07086   0.08939   0.03528   0.02997   0.00811   0.00878   0.02043   0.00152   0.00872   0.20880   0.01232   0.11079   0.11987   0.09716   3.06667   1.43281   0.13271   0.09339  
 13 724.3338  13232.111259  x:  0.45354   0.24924   0.05027   0.21799   0.13608   0.11123   0.31718   0.15227   0.06929   0.04156   0.03079   0.01657   0.03021   0.02290   0.01698   0.00308   0.01130   0.01469   0.01270   0.02044   0.06371   0.39849   0.00694   0.06903   0.08846   0.03798   0.03249   0.01396   0.00889   0.02130   0.00150   0.00650   0.21118   0.02035   0.11202   0.11929   0.09936   3.07878   1.43662   0.13007   0.09592  
 14 449.0898  13228.961113  x:  0.46371   0.25440   0.03614   0.21778   0.13787   0.11212   0.32699   0.14645   0.07185   0.04470   0.02979   0.01208   0.03003   0.02141   0.01869   0.00310   0.01120   0.01523   0.01083   0.02019   0.06783   0.41024   0.00878   0.06588   0.08665   0.04054   0.02838   0.00914   0.00884   0.01965   0.00149   0.00852   0.21184   0.02794   0.11382   0.11755   0.10108   3.09770   1.44208   0.12650   0.09580  
 15 584.1932  13226.592821  x:  0.47324   0.25560   0.02597   0.21553   0.14038   0.11538   0.33450   0.13749   0.07463   0.04779   0.03005   0.02004   0.02712   0.02129   0.01599   0.00298   0.01095   0.01363   0.01301   0.01969   0.06875   0.42109   0.00965   0.06319   0.08510   0.03966   0.02427   0.01028   0.00858   0.02046   0.00147   0.00885   0.20986   0.02878   0.11503   0.11529   0.10044   3.12026   1.44804   0.12282   0.09336  
 16 461.4920  13222.200757  x:  0.49135   0.25398   0.02698   0.20935   0.14636   0.12706   0.34678   0.11746   0.07903   0.05509   0.02392   0.01691   0.02850   0.02652   0.01218   0.00291   0.01063   0.01692   0.01667   0.01961   0.06417   0.44099   0.00906   0.06157   0.08430   0.03355   0.02797   0.01006   0.00852   0.02488   0.00147   0.00843   0.20318   0.02531   0.11584   0.11169   0.09731   3.17454   1.46146   0.11498   0.09337  
 17 451.0233  13218.348745  x:  0.50627   0.25031   0.03548   0.20381   0.15051   0.13636   0.35590   0.10240   0.08123   0.05838   0.03041   0.01499   0.03101   0.02330   0.01543   0.00310   0.01132   0.01091   0.01470   0.02044   0.05972   0.45664   0.00963   0.06233   0.08578   0.03398   0.02783   0.01110   0.00886   0.02116   0.00153   0.00885   0.19763   0.02307   0.11580   0.11036   0.09543   3.22821   1.47418   0.10780   0.09502  
 18 815.0412  13216.345952  x:  0.51398   0.24635   0.04153   0.20066   0.15153   0.13942   0.35976   0.09717   0.08120   0.05744   0.03288   0.01784   0.03080   0.02082   0.01807   0.00316   0.01114   0.01762   0.01253   0.02076   0.05850   0.46404   0.00881   0.06377   0.08731   0.03697   0.02578   0.01006   0.00899   0.01957   0.00155   0.00827   0.19535   0.02350   0.11540   0.11097   0.09543   3.26370   1.48218   0.10349   0.09623  
 19 847.5811  13208.618568  x:  0.53501   0.22342   0.05461   0.19069   0.14852   0.13673   0.36529   0.09728   0.07575   0.04068   0.02339   0.01953   0.02156   0.02270   0.02134   0.00330   0.01119   0.01394   0.01026   0.02084   0.06398   0.48071   0.00962   0.06933   0.09179   0.04849   0.02490   0.01000   0.00885   0.02464   0.00158   0.00910   0.19263   0.02728   0.11303   0.11781   0.09900   3.40081   1.51127   0.08879   0.09485  
 20 735.2468  13197.799481  x:  0.56029   0.18717   0.06401   0.18101   0.14031   0.12219   0.36740   0.11308   0.06592   0.03171   0.02853   0.01816   0.03578   0.02616   0.01130   0.00311   0.01070   0.01442   0.02021   0.02034   0.07442   0.49638   0.00930   0.07458   0.09164   0.04191   0.01987   0.00962   0.00860   0.02161   0.00165   0.00917   0.19436   0.03121   0.10964   0.12678   0.10435   3.61662   1.55524   0.06760   0.09261  
 21 1475.0267  13187.773795  x:  0.57713   0.16051   0.06836   0.18066   0.13323   0.10592   0.36546   0.13482   0.06147   0.04960   0.02694   0.01928   0.02734   0.01701   0.01348   0.00326   0.01117   0.01413   0.01916   0.02120   0.07620   0.50193   0.00786   0.07782   0.08827   0.02868   0.02599   0.00923   0.00900   0.01855   0.00169   0.00836   0.19981   0.02974   0.10753   0.13074   0.10636   3.81730   1.59436   0.04984   0.09610  
 22 1860.9467  13180.559884  x:  0.58257   0.14834   0.06402   0.18874   0.13108   0.09668   0.35841   0.15081   0.06464   0.06204   0.03301   0.01695   0.02535   0.03097   0.02016   0.00331   0.01087   0.01521   0.01164   0.02092   0.06598   0.49578   0.00886   0.07535   0.08466   0.03464   0.02240   0.00999   0.00881   0.02161   0.00162   0.00859   0.20415   0.01920   0.10738   0.12611   0.10200   3.97979   1.62399   0.03781   0.09522  
 23 1426.8113  13170.878009  x:  0.57854   0.15164   0.05785   0.20683   0.13378   0.09855   0.34416   0.16494   0.07362   0.06302   0.02272   0.01879   0.03713   0.02050   0.01820   0.00314   0.01053   0.01379   0.01237   0.02014   0.04688   0.47449   0.01084   0.06680   0.08196   0.04704   0.02175   0.01059   0.00850   0.02289   0.00157   0.00910   0.20823   0.01627   0.11022   0.11339   0.09550   4.18483   1.65855   0.02598   0.09548  
 24 1330.1141  13156.265491  x:  0.55802   0.18341   0.05632   0.23774   0.14197   0.11910   0.31780   0.17356   0.08604   0.05073   0.03213   0.01579   0.02280   0.02355   0.01205   0.00320   0.01083   0.01472   0.01966   0.02064   0.04619   0.42591   0.01097   0.05150   0.08098   0.04081   0.02456   0.00888   0.00882   0.01944   0.00165   0.00894   0.21059   0.03154   0.11583   0.09477   0.09002   4.51089   1.71006   0.01154   0.09901  
 25 1609.9819  13148.611382  x:  0.53884   0.20915   0.04931   0.24777   0.14346   0.12729   0.30352   0.16593   0.08673   0.04551   0.02893   0.01718   0.02879   0.02142   0.02046   0.00315   0.01048   0.01464   0.00947   0.01991   0.06394   0.39645   0.01007   0.05014   0.08245   0.03024   0.02236   0.00965   0.00845   0.02225   0.00150   0.00856   0.20761   0.02286   0.11619   0.09747   0.08735   4.68294   1.73493   0.00701   0.09650  
 26 1382.0298  13142.933569  x:  0.51527   0.23801   0.04168   0.24716   0.13945   0.12525   0.29541   0.15091   0.07884   0.05351   0.02653   0.01732   0.02912   0.02423   0.01595   0.00302   0.01060   0.01407   0.01308   0.01968   0.06888   0.37421   0.00895   0.06068   0.08561   0.03857   0.02511   0.00979   0.00849   0.01491   0.00149   0.00786   0.20371   0.01735   0.11275   0.11173   0.09287   4.81320   1.75119   0.00717   0.09800  
 27 909.4178  13140.662558  x:  0.50213   0.25183   0.03744   0.24410   0.13653   0.12137   0.29317   0.14296   0.07278   0.05464   0.03070   0.01479   0.02821   0.02090   0.01424   0.00298   0.01057   0.01437   0.01449   0.01950   0.06509   0.36608   0.00914   0.06526   0.08547   0.03940   0.02496   0.00977   0.00840   0.02290   0.00145   0.00786   0.20240   0.01665   0.11012   0.11776   0.09671   4.87002   1.75734   0.00860   0.09813  
 28 1085.6654  13138.634741  x:  0.48658   0.26420   0.03405   0.23727   0.13337   0.11439   0.29375   0.13598   0.06615   0.04988   0.02955   0.01534   0.02784   0.02256   0.01653   0.00297   0.01047   0.01432   0.01170   0.01923   0.05444   0.36310   0.01019   0.06685   0.08217   0.03318   0.02460   0.00977   0.00832   0.02023   0.00142   0.00818   0.20266   0.01843   0.10670   0.11916   0.09995   4.91653   1.76071   0.01220   0.09744  
 29 508.7570  13136.609341  x:  0.45590   0.27766   0.03888   0.22024   0.13125   0.10235   0.30083   0.13297   0.06873   0.04952   0.02933   0.01507   0.02754   0.02170   0.01586   0.00297   0.01049   0.01429   0.01250   0.01934   0.05829   0.37069   0.00935   0.06355   0.07670   0.03564   0.02511   0.00979   0.00836   0.01998   0.00143   0.00782   0.20703   0.01689   0.10250   0.10635   0.09567   4.96573   1.75983   0.02300   0.09627  
 30 187.3559  13135.772600  x:  0.43572   0.27858   0.03701   0.21281   0.13365   0.10458   0.30668   0.13668   0.07233   0.04978   0.02976   0.01494   0.02766   0.02196   0.01597   0.00297   0.01053   0.01443   0.01231   0.01934   0.05701   0.37912   0.00947   0.06101   0.08451   0.03483   0.02534   0.00980   0.00838   0.02012   0.00142   0.00790   0.20941   0.01690   0.11024   0.11020   0.09378   4.98795   1.75632   0.03331   0.09669  
 31 110.9298  13135.265421  x:  0.42216   0.27509   0.03515   0.21454   0.13726   0.11330   0.31274   0.14049   0.07110   0.05018   0.02991   0.01503   0.02779   0.02196   0.01623   0.00297   0.01056   0.01446   0.01200   0.01935   0.05744   0.38629   0.00945   0.06272   0.07858   0.03583   0.02536   0.00990   0.00839   0.02022   0.00142   0.00793   0.20947   0.01655   0.10880   0.11338   0.09629   5.00230   1.75047   0.04613   0.09662  
 32 76.6034  13134.933276  x:  0.41700   0.27118   0.03357   0.22122   0.13693   0.11506   0.31868   0.14016   0.06937   0.05055   0.02990   0.01509   0.02801   0.02208   0.01621   0.00296   0.01057   0.01446   0.01196   0.01933   0.05800   0.38994   0.00943   0.06493   0.08378   0.03534   0.02544   0.00987   0.00839   0.02024   0.00141   0.00796   0.20747   0.01697   0.10418   0.11044   0.09749   5.01277   1.74254   0.06202   0.09611  
 33 56.7444  13134.288736  x:  0.41725   0.26546   0.03605   0.23362   0.13289   0.11081   0.33054   0.13542   0.07110   0.04980   0.03001   0.01525   0.02795   0.02211   0.01597   0.00299   0.01066   0.01454   0.01258   0.01952   0.05924   0.39219   0.00932   0.06499   0.08175   0.03547   0.02564   0.00991   0.00847   0.02027   0.00144   0.00800   0.20306   0.01799   0.11132   0.11254   0.09609   5.03467   1.72118   0.10477   0.09482  
 34 74.9870  13132.992122  x:  0.43934   0.26342   0.03680   0.22599   0.13918   0.11429   0.34125   0.13862   0.07432   0.05130   0.03056   0.01553   0.02841   0.02244   0.01628   0.00305   0.01089   0.01490   0.01279   0.01992   0.05972   0.38812   0.00942   0.05725   0.08415   0.03686   0.02634   0.01010   0.00867   0.02056   0.00146   0.00817   0.20844   0.01768   0.10768   0.11780   0.10009   5.07917   1.67377   0.20478   0.09219  
 35 93.2858  13132.623931  x:  0.44677   0.26392   0.03526   0.22253   0.14072   0.11618   0.34070   0.14055   0.07717   0.05060   0.03096   0.01546   0.02860   0.02254   0.01649   0.00306   0.01097   0.01500   0.01260   0.02000   0.05963   0.38886   0.00945   0.06530   0.08426   0.03634   0.02655   0.01026   0.00872   0.02066   0.00146   0.00822   0.21082   0.01806   0.10984   0.11579   0.09986   5.09223   1.66053   0.23535   0.09166  
 36 169.8912  13132.441717  x:  0.45031   0.26550   0.03503   0.22216   0.14085   0.11775   0.33561   0.14132   0.07160   0.05128   0.03095   0.01553   0.02868   0.02262   0.01659   0.00306   0.01102   0.01501   0.01256   0.02006   0.06022   0.39308   0.00935   0.06624   0.08458   0.03697   0.02666   0.01028   0.00875   0.02071   0.00146   0.00822   0.21212   0.01795   0.11331   0.11344   0.09868   5.09814   1.65601   0.25076   0.09127  
 37 60.5633  13132.231638  x:  0.45327   0.26871   0.03554   0.22533   0.14018   0.11662   0.32272   0.14085   0.07403   0.05097   0.03109   0.01553   0.02866   0.02261   0.01655   0.00307   0.01105   0.01506   0.01272   0.02013   0.06037   0.40399   0.00921   0.06549   0.08482   0.03682   0.02676   0.01030   0.00878   0.02073   0.00147   0.00822   0.21299   0.01812   0.11147   0.11604   0.09907   5.10428   1.65549   0.27001   0.09099  
 38 36.2948  13132.063571  x:  0.45358   0.26890   0.03602   0.22584   0.14281   0.11498   0.32126   0.14097   0.07482   0.05081   0.03105   0.01557   0.02874   0.02262   0.01654   0.00306   0.01105   0.01509   0.01262   0.02009   0.06069   0.40524   0.00911   0.06503   0.08511   0.03676   0.02682   0.01040   0.00877   0.02072   0.00146   0.00817   0.21101   0.01623   0.11382   0.11399   0.10626   5.10639   1.67155   0.28698   0.09110  
 39 11.2130  13125.404412  x:  0.46384   0.27095   0.02903   0.22669   0.16667   0.10268   0.32625   0.15874   0.07055   0.04585   0.03178   0.01414   0.02739   0.02122   0.01548   0.00289   0.01095   0.01504   0.01199   0.01900   0.06023   0.41232   0.00791   0.06556   0.08377   0.03650   0.02837   0.01029   0.00848   0.01980   0.00141   0.00750   0.16116   0.01782   0.10964   0.11745   0.09157   5.17600   2.36927   0.95550   0.09197  
 40 93.7167  13112.591411  x:  0.47648   0.24881   0.01594   0.22908   0.11117   0.12951   0.33579   0.14737   0.07795   0.04013   0.03214   0.01199   0.02614   0.01946   0.01382   0.00247   0.01048   0.01479   0.00943   0.01630   0.05984   0.41625   0.00584   0.05583   0.08272   0.03704   0.03065   0.01044   0.00765   0.01828   0.00126   0.00626   0.17436   0.00986   0.10995   0.11158   0.10024   5.30551   3.68175   2.20711   0.09340  
 41 1566.9813  13105.888639  x:  0.47823   0.22071   0.01179   0.24619   0.13523   0.12265   0.33901   0.11109   0.07327   0.03546   0.03186   0.01140   0.02534   0.01862   0.01218   0.00230   0.01036   0.01446   0.00968   0.01517   0.06284   0.41464   0.00500   0.05957   0.08322   0.03648   0.03143   0.01031   0.00728   0.01777   0.00123   0.00584   0.23369   0.01016   0.10988   0.11542   0.09441   5.37798   4.41781   2.90656   0.09462  
 42 1762.6510  13091.898078  x:  0.50191   0.17704   0.02222   0.21364   0.13750   0.12241   0.32927   0.10771   0.07131   0.02606   0.03074   0.01208   0.02219   0.01746   0.00379   0.00135   0.01236   0.01359   0.00803   0.01023   0.06485   0.42683   0.00080   0.05349   0.07965   0.03651   0.03135   0.00992   0.00687   0.01636   0.00079   0.00795   0.20890   0.01088   0.10693   0.10798   0.09243   5.84257   4.80546   3.16562   0.10165  
 43  0.6830  13089.673342  x:  0.50748   0.17125   0.02165   0.20826   0.13939   0.12154   0.32784   0.10845   0.07139   0.02945   0.03048   0.01250   0.02221   0.01812   0.00692   0.00134   0.01338   0.01341   0.00410   0.00998   0.06440   0.42994   0.00115   0.05320   0.07919   0.03712   0.03021   0.00951   0.00731   0.01662   0.00076   0.00888   0.20372   0.01071   0.10666   0.10764   0.09132   5.96502   4.87831   3.23327   0.10313  
 44  0.5549  13088.109499  x:  0.51034   0.17082   0.01815   0.20528   0.14066   0.12042   0.32447   0.11062   0.07214   0.03645   0.03050   0.01266   0.02361   0.01949   0.00518   0.00134   0.01481   0.01338   0.00587   0.01010   0.06296   0.43121   0.00228   0.05353   0.07881   0.03729   0.02817   0.00903   0.00822   0.01750   0.00082   0.00996   0.19828   0.01201   0.10678   0.10769   0.09008   6.11547   5.00938   3.37673   0.10413  
 45  0.5512  13086.907042  x:  0.50643   0.17531   0.01633   0.20661   0.13998   0.11536   0.31458   0.11288   0.07240   0.03224   0.03115   0.01212   0.02360   0.01857   0.00537   0.00133   0.01648   0.01396   0.00523   0.00973   0.06105   0.42663   0.00117   0.05385   0.07789   0.03666   0.02771   0.00926   0.00970   0.01746   0.00094   0.00941   0.18968   0.01149   0.10651   0.10706   0.08774   6.34684   5.16663   3.51962   0.10314  
 46  0.2632  13086.505322  x:  0.50580   0.17487   0.02134   0.21078   0.13799   0.11472   0.31839   0.11115   0.07232   0.03129   0.03103   0.01259   0.02324   0.01869   0.00557   0.00139   0.01721   0.01387   0.00540   0.00990   0.06108   0.42595   0.00198   0.05428   0.07858   0.03642   0.02753   0.00950   0.01069   0.01743   0.00104   0.00958   0.19624   0.01182   0.10674   0.10787   0.08928   6.40814   5.39492   3.75269   0.10217  
 47  0.4162  13086.144297  x:  0.50750   0.17369   0.01913   0.21118   0.13869   0.11748   0.32657   0.11078   0.07175   0.03299   0.03103   0.01234   0.02304   0.01897   0.00476   0.00130   0.01747   0.01376   0.00491   0.00909   0.06222   0.42793   0.00173   0.05433   0.07912   0.03658   0.02833   0.00956   0.01166   0.01697   0.00110   0.00898   0.20109   0.01044   0.10670   0.10900   0.09098   6.44397   5.59828   3.94565   0.10065  
 48  0.2543  13085.947196  x:  0.51048   0.17658   0.01733   0.20974   0.13942   0.11968   0.32838   0.11286   0.07207   0.03225   0.03090   0.01212   0.02343   0.01866   0.00530   0.00140   0.01751   0.01374   0.00527   0.00916   0.06280   0.43083   0.00178   0.05411   0.07917   0.03694   0.02893   0.00939   0.01261   0.01685   0.00126   0.00865   0.20088   0.01232   0.10704   0.10864   0.09069   6.41320   5.70244   4.05540   0.10044  
 49  0.1338  13085.708656  x:  0.51246   0.17838   0.01909   0.21026   0.13980   0.11845   0.32304   0.11183   0.07301   0.03298   0.03077   0.01263   0.02375   0.01879   0.00528   0.00143   0.01719   0.01389   0.00531   0.00866   0.06259   0.43190   0.00168   0.05408   0.07870   0.03685   0.02881   0.00924   0.01389   0.01719   0.00146   0.00858   0.19770   0.01080   0.10719   0.10779   0.08894   6.34246   5.92848   4.29083   0.10113  
 50  0.1889  13085.624465  x:  0.50979   0.17540   0.01852   0.21052   0.13934   0.11772   0.32177   0.11157   0.07263   0.03263   0.03087   0.01247   0.02334   0.01880   0.00500   0.00140   0.01692   0.01379   0.00499   0.00822   0.06202   0.42981   0.00185   0.05413   0.07868   0.03671   0.02853   0.00934   0.01433   0.01706   0.00153   0.00889   0.19683   0.01179   0.10702   0.10785   0.08961   6.31378   6.07675   4.43843   0.10161  
 51  0.2151  13085.592651  x:  0.50680   0.17428   0.01877   0.20954   0.13932   0.11748   0.32290   0.11149   0.07205   0.03267   0.03108   0.01221   0.02315   0.01886   0.00512   0.00144   0.01674   0.01378   0.00514   0.00847   0.06220   0.42787   0.00166   0.05418   0.07887   0.03660   0.02858   0.00943   0.01453   0.01696   0.00162   0.00888   0.19775   0.01146   0.10687   0.10835   0.09038   6.29313   6.15358   4.51567   0.10170  
 52  0.0901  13085.562873  x:  0.50488   0.17580   0.01829   0.20876   0.13922   0.11756   0.32320   0.11189   0.07182   0.03222   0.03101   0.01246   0.02359   0.01864   0.00498   0.00143   0.01653   0.01372   0.00500   0.00868   0.06217   0.42655   0.00182   0.05419   0.07881   0.03658   0.02847   0.00938   0.01459   0.01690   0.00170   0.00901   0.19812   0.01111   0.10673   0.10841   0.08988   6.28764   6.27243   4.62850   0.10165  
 53  0.0824  13085.518263  x:  0.50641   0.17553   0.01873   0.20982   0.13866   0.11780   0.32190   0.11156   0.07230   0.03264   0.03092   0.01244   0.02344   0.01882   0.00480   0.00144   0.01637   0.01379   0.00482   0.00908   0.06247   0.42734   0.00156   0.05409   0.07867   0.03665   0.02834   0.00925   0.01452   0.01703   0.00185   0.00900   0.19769   0.01178   0.10683   0.10794   0.08917   6.30110   6.50273   4.85418   0.10157  
 54  0.1609  13085.477772  x:  0.50956   0.17483   0.01830   0.21026   0.13953   0.11778   0.32270   0.11170   0.07258   0.03241   0.03097   0.01214   0.02300   0.01890   0.00484   0.00147   0.01629   0.01381   0.00488   0.00924   0.06207   0.42968   0.00180   0.05399   0.07868   0.03663   0.02842   0.00939   0.01420   0.01706   0.00203   0.00900   0.19646   0.01118   0.10697   0.10798   0.09014   6.32058   6.70037   5.05756   0.10145  
 55  0.1678  13085.433314  x:  0.50968   0.17491   0.01868   0.20965   0.13971   0.11755   0.32384   0.11163   0.07218   0.03270   0.03090   0.01258   0.02354   0.01861   0.00489   0.00149   0.01632   0.01390   0.00489   0.00901   0.06193   0.42999   0.00170   0.05416   0.07895   0.03680   0.02852   0.00954   0.01375   0.01691   0.00224   0.00881   0.19815   0.01149   0.10696   0.10837   0.09049   6.33024   7.00270   5.37081   0.10146  
 56  0.2034  13085.412770  x:  0.50787   0.17583   0.01870   0.20968   0.13928   0.11764   0.32315   0.11182   0.07209   0.03257   0.03096   0.01231   0.02334   0.01890   0.00490   0.00150   0.01638   0.01377   0.00491   0.00870   0.06220   0.42854   0.00174   0.05424   0.07884   0.03665   0.02850   0.00936   0.01354   0.01698   0.00236   0.00876   0.19809   0.01152   0.10687   0.10825   0.08967   6.32303   7.18513   5.54625   0.10159  
 57  0.1901  13085.409839  x:  0.50765   0.17552   0.01863   0.20998   0.13923   0.11768   0.32288   0.11181   0.07228   0.03261   0.03098   0.01238   0.02332   0.01876   0.00491   0.00150   0.01646   0.01377   0.00494   0.00867   0.06223   0.42837   0.00173   0.05418   0.07880   0.03668   0.02846   0.00937   0.01352   0.01704   0.00240   0.00880   0.19742   0.01145   0.10690   0.10819   0.09000   6.31845   7.24276   5.60075   0.10161  
 58  0.0648  13085.408179  x:  0.50782   0.17564   0.01865   0.20965   0.13930   0.11762   0.32303   0.11174   0.07228   0.03258   0.03099   0.01236   0.02337   0.01885   0.00491   0.00150   0.01662   0.01380   0.00492   0.00870   0.06216   0.42863   0.00172   0.05416   0.07879   0.03666   0.02845   0.00940   0.01352   0.01700   0.00242   0.00886   0.19740   0.01147   0.10689   0.10821   0.09000   6.31432   7.30283   5.66176   0.10157  
 59  0.0366  13085.407486  x:  0.50783   0.17555   0.01861   0.20986   0.13931   0.11767   0.32303   0.11186   0.07220   0.03259   0.03097   0.01236   0.02331   0.01878   0.00490   0.00149   0.01670   0.01378   0.00492   0.00872   0.06219   0.42859   0.00172   0.05420   0.07882   0.03668   0.02845   0.00937   0.01352   0.01701   0.00242   0.00885   0.19765   0.01147   0.10690   0.10822   0.08988   6.31142   7.32506   5.68519   0.10157  
 60  0.0215  13085.406269  x:  0.50775   0.17559   0.01862   0.21005   0.13928   0.11772   0.32292   0.11161   0.07227   0.03256   0.03095   0.01234   0.02341   0.01882   0.00489   0.00147   0.01675   0.01377   0.00491   0.00872   0.06229   0.42837   0.00172   0.05419   0.07882   0.03669   0.02852   0.00937   0.01351   0.01704   0.00239   0.00880   0.19762   0.01145   0.10692   0.10820   0.09005   6.30770   7.36539   5.72566   0.10161  
 61  0.0120  13085.403119  x:  0.50739   0.17540   0.01870   0.20936   0.13925   0.11766   0.32250   0.11182   0.07229   0.03260   0.03101   0.01241   0.02325   0.01880   0.00490   0.00142   0.01674   0.01380   0.00492   0.00874   0.06221   0.42807   0.00176   0.05413   0.07876   0.03665   0.02854   0.00942   0.01346   0.01698   0.00235   0.00875   0.19712   0.01148   0.10684   0.10815   0.08988   6.30709   7.55499   5.91320   0.10164  
 62  0.0681  13085.398639  x:  0.50731   0.17498   0.01860   0.20966   0.13923   0.11746   0.32264   0.11168   0.07214   0.03263   0.03102   0.01228   0.02342   0.01875   0.00495   0.00136   0.01662   0.01381   0.00493   0.00876   0.06207   0.42841   0.00175   0.05417   0.07875   0.03665   0.02847   0.00935   0.01349   0.01698   0.00238   0.00878   0.19731   0.01147   0.10686   0.10816   0.08977   6.31143   7.95708   6.31488   0.10160  
 63  0.1991  13085.396742  x:  0.50758   0.17570   0.01859   0.20983   0.13929   0.11758   0.32288   0.11179   0.07220   0.03261   0.03096   0.01239   0.02333   0.01882   0.00494   0.00134   0.01661   0.01378   0.00495   0.00874   0.06221   0.42856   0.00172   0.05421   0.07882   0.03667   0.02847   0.00937   0.01355   0.01703   0.00239   0.00882   0.19752   0.01146   0.10689   0.10822   0.08999   6.31315   8.15642   6.51612   0.10159  
 64  0.2060  13085.396183  x:  0.50795   0.17559   0.01869   0.20983   0.13931   0.11774   0.32309   0.11187   0.07230   0.03260   0.03096   0.01234   0.02336   0.01878   0.00494   0.00133   0.01663   0.01377   0.00495   0.00871   0.06220   0.42854   0.00172   0.05416   0.07881   0.03668   0.02847   0.00940   0.01355   0.01700   0.00238   0.00884   0.19750   0.01147   0.10690   0.10820   0.08991   6.31348   8.23964   6.59926   0.10159  
 65  0.0591  13085.393779  x:  0.50847   0.17544   0.01854   0.21003   0.13928   0.11773   0.32326   0.11147   0.07220   0.03258   0.03098   0.01240   0.02331   0.01882   0.00498   0.00136   0.01663   0.01380   0.00496   0.00870   0.06209   0.42839   0.00171   0.05421   0.07878   0.03665   0.02843   0.00934   0.01349   0.01694   0.00233   0.00890   0.19765   0.01144   0.10691   0.10823   0.08988   6.31356   8.53398   6.89259   0.10161  
 66  0.0519  13085.388772  x:  0.50790   0.17589   0.01861   0.20975   0.13939   0.11749   0.32294   0.11215   0.07216   0.03262   0.03101   0.01232   0.02335   0.01880   0.00492   0.00143   0.01659   0.01378   0.00494   0.00871   0.06211   0.42839   0.00170   0.05418   0.07884   0.03668   0.02842   0.00936   0.01346   0.01709   0.00229   0.00890   0.19748   0.01144   0.10691   0.10821   0.09009   6.31202   9.17530   7.53497   0.10158  
 67  0.2736  13085.386185  x:  0.50748   0.17550   0.01860   0.20986   0.13922   0.11767   0.32301   0.11169   0.07227   0.03256   0.03094   0.01238   0.02334   0.01880   0.00491   0.00146   0.01662   0.01376   0.00494   0.00872   0.06226   0.42858   0.00171   0.05417   0.07880   0.03667   0.02847   0.00941   0.01353   0.01698   0.00232   0.00882   0.19738   0.01147   0.10685   0.10822   0.08982   6.31122   9.80356   8.16296   0.10157  
 68  0.4387  13085.385143  x:  0.50784   0.17559   0.01865   0.20972   0.13933   0.11765   0.32282   0.11182   0.07220   0.03260   0.03098   0.01234   0.02333   0.01878   0.00493   0.00145   0.01663   0.01380   0.00492   0.00872   0.06216   0.42855   0.00174   0.05419   0.07879   0.03668   0.02846   0.00935   0.01354   0.01701   0.00233   0.00882   0.19748   0.01145   0.10693   0.10817   0.09003   6.31349  10.56405   8.92322   0.10162  
 69  0.4513  13085.384582  x:  0.50777   0.17551   0.01858   0.20989   0.13930   0.11764   0.32296   0.11184   0.07223   0.03259   0.03099   0.01237   0.02335   0.01882   0.00492   0.00145   0.01662   0.01379   0.00494   0.00872   0.06218   0.42841   0.00173   0.05417   0.07881   0.03667   0.02849   0.00941   0.01353   0.01703   0.00232   0.00883   0.19748   0.01147   0.10688   0.10822   0.08988   6.31276  11.33368   9.69308   0.10160  
 70  0.4999  13085.384336  x:  0.50769   0.17563   0.01862   0.20976   0.13927   0.11762   0.32295   0.11173   0.07224   0.03259   0.03097   0.01235   0.02333   0.01878   0.00492   0.00145   0.01662   0.01377   0.00493   0.00872   0.06220   0.42845   0.00172   0.05418   0.07880   0.03667   0.02847   0.00937   0.01353   0.01699   0.00232   0.00883   0.19740   0.01146   0.10687   0.10820   0.08993   6.31235  12.03526  10.39454   0.10159  
 71  0.5234  13085.384215  x:  0.50776   0.17550   0.01862   0.20981   0.13930   0.11765   0.32289   0.11186   0.07222   0.03258   0.03097   0.01236   0.02334   0.01881   0.00493   0.00145   0.01662   0.01379   0.00493   0.00872   0.06219   0.42853   0.00172   0.05419   0.07880   0.03667   0.02847   0.00938   0.01353   0.01701   0.00232   0.00883   0.19745   0.01145   0.10691   0.10818   0.08994   6.31231  12.80494  11.16427   0.10160  
 72  0.5415  13085.384157  x:  0.50772   0.17559   0.01861   0.20981   0.13929   0.11763   0.32293   0.11177   0.07223   0.03259   0.03098   0.01235   0.02334   0.01879   0.00492   0.00145   0.01662   0.01378   0.00494   0.00872   0.06218   0.42849   0.00173   0.05417   0.07881   0.03668   0.02847   0.00939   0.01353   0.01701   0.00232   0.00883   0.19746   0.01146   0.10688   0.10821   0.08992   6.31243  13.55734  11.91664   0.10160  
 73  0.5397  13085.384129  x:  0.50772   0.17555   0.01862   0.20981   0.13929   0.11764   0.32294   0.11181   0.07224   0.03258   0.03097   0.01236   0.02334   0.01880   0.00492   0.00145   0.01662   0.01378   0.00493   0.00872   0.06219   0.42848   0.00172   0.05418   0.07880   0.03667   0.02847   0.00938   0.01353   0.01700   0.00232   0.00883   0.19743   0.01146   0.10689   0.10820   0.08993   6.31252  14.32175  12.68109   0.10160  
 74  0.5112  13085.384115  x:  0.50775   0.17556   0.01861   0.20980   0.13929   0.11764   0.32290   0.11179   0.07222   0.03259   0.03097   0.01236   0.02334   0.01880   0.00492   0.00145   0.01662   0.01378   0.00493   0.00872   0.06219   0.42849   0.00173   0.05418   0.07880   0.03667   0.02847   0.00938   0.01353   0.01701   0.00232   0.00883   0.19746   0.01146   0.10689   0.10820   0.08993   6.31246  15.40701  13.76631   0.10160  
 75  0.5861  13085.384110  x:  0.50772   0.17556   0.01861   0.20981   0.13929   0.11763   0.32294   0.11180   0.07223   0.03259   0.03097   0.01236   0.02334   0.01880   0.00492   0.00145   0.01662   0.01378   0.00493   0.00872   0.06219   0.42849   0.00172   0.05418   0.07880   0.03667   0.02847   0.00938   0.01353   0.01701   0.00232   0.00883   0.19744   0.01146   0.10688   0.10820   0.08993   6.31245  16.18710  14.54643   0.10160  
 76  0.5624  13085.384108  x:  0.50773   0.17556   0.01861   0.20980   0.13929   0.11764   0.32292   0.11180   0.07223   0.03259   0.03097   0.01236   0.02334   0.01880   0.00492   0.00145   0.01662   0.01378   0.00493   0.00872   0.06219   0.42849   0.00172   0.05418   0.07880   0.03667   0.02847   0.00938   0.01353   0.01701   0.00232   0.00883   0.19745   0.01146   0.10689   0.10820   0.08993   6.31244  16.79352  15.15283   0.10160  
 77  0.3900  13085.384108  x:  0.50774   0.17556   0.01861   0.20980   0.13929   0.11764   0.32291   0.11180   0.07222   0.03259   0.03097   0.01236   0.02334   0.01880   0.00492   0.00145   0.01662   0.01378   0.00493   0.00872   0.06219   0.42849   0.00172   0.05418   0.07880   0.03667   0.02847   0.00938   0.01353   0.01701   0.00232   0.00883   0.19745   0.01146   0.10689   0.10820   0.08993   6.31246  17.96370  16.32300   0.10160  
 78  1.5085  13085.384107  x:  0.50774   0.17556   0.01861   0.20980   0.13929   0.11764   0.32292   0.11180   0.07223   0.03259   0.03097   0.01236   0.02334   0.01880   0.00492   0.00145   0.01662   0.01378   0.00493   0.00872   0.06219   0.42849   0.00172   0.05418   0.07880   0.03667   0.02847   0.00938   0.01353   0.01701   0.00232   0.00883   0.19745   0.01146   0.10689   0.10820   0.08993   6.31244  17.54933  15.90863   0.10160  
 79  1.6679  13085.384107  x:  0.50774   0.17556   0.01861   0.20980   0.13929   0.11764   0.32292   0.11180   0.07223   0.03259   0.03097   0.01236   0.02334   0.01880   0.00492   0.00145   0.01662   0.01378   0.00493   0.00872   0.06219   0.42849   0.00172   0.05418   0.07880   0.03667   0.02847   0.00938   0.01353   0.01701   0.00232   0.00883   0.19745   0.01146   0.10689   0.10820   0.08993   6.31244  17.54933  15.90863   0.10160  
 80  1.7887  13085.384107  x:  0.50774   0.17556   0.01861   0.20980   0.13929   0.11764   0.32292   0.11180   0.07223   0.03259   0.03097   0.01236   0.02334   0.01880   0.00492   0.00145   0.01662   0.01378   0.00493   0.00872   0.06219   0.42849   0.00172   0.05418   0.07880   0.03667   0.02847   0.00938   0.01353   0.01701   0.00232   0.00883   0.19745   0.01146   0.10689   0.10820   0.08993   6.31245  17.54949  15.90879   0.10160  
 81  0.0571  13085.384107  x:  0.50773   0.17556   0.01861   0.20981   0.13929   0.11764   0.32293   0.11180   0.07223   0.03259   0.03097   0.01236   0.02334   0.01880   0.00492   0.00145   0.01662   0.01378   0.00493   0.00872   0.06219   0.42849   0.00172   0.05418   0.07880   0.03667   0.02847   0.00938   0.01353   0.01701   0.00232   0.00883   0.19744   0.01146   0.10689   0.10820   0.08993   6.31245  17.54952  15.90883   0.10160  
 82  0.0000  13085.384107  x:  0.50773   0.17556   0.01861   0.20981   0.13929   0.11764   0.32293   0.11180   0.07223   0.03259   0.03097   0.01236   0.02334   0.01880   0.00492   0.00145   0.01662   0.01378   0.00493   0.00872   0.06219   0.42849   0.00172   0.05418   0.07880   0.03667   0.02847   0.00938   0.01353   0.01701   0.00232   0.00883   0.19744   0.01146   0.10689   0.10820   0.08993   6.31245  17.54952  15.90884   0.10160  
 83  0.0000  13085.384107  x:  0.50773   0.17556   0.01861   0.20981   0.13929   0.11764   0.32293   0.11180   0.07223   0.03259   0.03097   0.01236   0.02334   0.01880   0.00492   0.00145   0.01662   0.01378   0.00493   0.00872   0.06219   0.42849   0.00172   0.05418   0.07880   0.03667   0.02847   0.00938   0.01353   0.01701   0.00232   0.00883   0.19744   0.01146   0.10689   0.10820   0.08993   6.31245  17.54952  15.90883   0.10160  