

TREE # 1

  0  0.0000  10759.549915  x:  0.26385   0.11577   0.08596   0.00000   0.06063   0.05075   0.04950   0.04981   0.05520   0.02619   0.00368   0.00258   0.00477   0.02271   0.00778   0.00197   0.00852   0.00766   0.00524   0.00418   0.00162   0.00718   0.00615   0.00626   0.01824   0.14125   0.01212   0.02718   0.01864   0.01586   0.00123   0.00887   0.00574   0.00380   0.00237   0.05365   0.19416   0.06079   0.10998   0.00040   0.10813   0.08203   3.00000   1.16374   0.04304   0.25098  
  1 99.0000  10748.871477  x:  0.26399   0.11620   0.08621   0.00460   0.06083   0.05082   0.04975   0.05018   0.05553   0.02611   0.00374   0.00249   0.00570   0.02287   0.00845   0.00034   0.00895   0.00761   0.00573   0.00389   0.00000   0.00685   0.00670   0.00676   0.01864   0.14143   0.01210   0.02712   0.01885   0.01595   0.00158   0.00875   0.00652   0.00438   0.00152   0.05445   0.19428   0.06125   0.11023   0.00825   0.10824   0.08257   3.00012   1.16386   0.04291   0.24912  
  2 3118.8648  10747.643557  x:  0.26406   0.11639   0.08631   0.00539   0.06090   0.05084   0.04983   0.05034   0.05567   0.02608   0.00376   0.00247   0.00599   0.02294   0.00869   0.00146   0.00910   0.00759   0.00588   0.00381   0.00114   0.00673   0.00689   0.00693   0.01880   0.14152   0.01209   0.02710   0.01894   0.01599   0.00157   0.00871   0.00677   0.00454   0.00134   0.05479   0.19434   0.06142   0.11032   0.00999   0.10826   0.08278   3.00018   1.16391   0.04286   0.24830  
  3 3304.3647  10741.738290  x:  0.26474   0.11815   0.08718   0.00244   0.06146   0.05086   0.05039   0.05188   0.05703   0.02572   0.00385   0.00256   0.00747   0.02354   0.01032   0.00134   0.01022   0.00749   0.00664   0.00353   0.00115   0.00596   0.00794   0.00792   0.02024   0.14235   0.01199   0.02692   0.01972   0.01630   0.00000   0.00853   0.00805   0.00517   0.00224   0.05802   0.19486   0.06280   0.11096   0.01172   0.10834   0.08452   3.00072   1.16443   0.04235   0.24039  
  4 955.4925  10737.637033  x:  0.26530   0.11962   0.08790   0.00000   0.06193   0.05088   0.05086   0.05315   0.05816   0.02542   0.00391   0.00262   0.00862   0.02403   0.01161   0.00125   0.01110   0.00742   0.00722   0.00332   0.00115   0.00536   0.00876   0.00869   0.02142   0.14305   0.01190   0.02677   0.02037   0.01657   0.00054   0.00839   0.00905   0.00565   0.00284   0.06069   0.19530   0.06395   0.11150   0.01297   0.10841   0.08596   3.00116   1.16486   0.04193   0.23379  
  5 18609.6489  10704.327794  x:  0.27240   0.13715   0.09682   0.00679   0.06789   0.05177   0.05708   0.06783   0.07121   0.02188   0.00378   0.00248   0.01441   0.02881   0.02089   0.00043   0.01714   0.00722   0.00911   0.00491   0.00140   0.00412   0.01277   0.01256   0.03331   0.15164   0.01063   0.02532   0.02678   0.01919   0.00148   0.00802   0.01380   0.00579   0.00045   0.09185   0.20069   0.07692   0.11760   0.00447   0.10901   0.10264   3.00672   1.17013   0.03670   0.15196  
  6 3416.4971  10700.310295  x:  0.27429   0.14135   0.09890   0.00850   0.06922   0.05201   0.05838   0.07093   0.07400   0.02142   0.00381   0.00250   0.01393   0.02932   0.02122   0.00042   0.01700   0.00743   0.00834   0.00460   0.00161   0.00598   0.01213   0.01194   0.03508   0.15385   0.01030   0.02522   0.02753   0.01939   0.00195   0.00837   0.01313   0.00520   0.00626   0.09891   0.20212   0.07986   0.11916   0.00396   0.10925   0.10655   3.00820   1.17145   0.03540   0.13099  
  7 5572.9702  10689.401518  x:  0.27727   0.14667   0.10127   0.00521   0.07050   0.05230   0.05924   0.07368   0.07652   0.02205   0.00400   0.00272   0.00922   0.02831   0.01718   0.00041   0.01314   0.00800   0.00524   0.00269   0.00179   0.00837   0.00791   0.00791   0.03453   0.15704   0.00993   0.02577   0.02639   0.01847   0.00131   0.00861   0.00840   0.00287   0.00351   0.10682   0.20430   0.08310   0.12134   0.00715   0.10982   0.11122   3.01051   1.17321   0.03365   0.10187  
  8 2520.8422  10687.897435  x:  0.27804   0.14767   0.10160   0.00474   0.07056   0.05232   0.05916   0.07374   0.07660   0.02247   0.00380   0.00235   0.00795   0.02767   0.01535   0.00044   0.01190   0.00783   0.00604   0.00471   0.00179   0.00786   0.00748   0.00752   0.03349   0.15777   0.00991   0.02595   0.02557   0.01807   0.00122   0.00860   0.00767   0.00554   0.00326   0.10799   0.20483   0.08346   0.12174   0.00756   0.10994   0.11193   3.01116   1.17356   0.03331   0.09629  
  9 1179.7215  10686.968027  x:  0.27902   0.14843   0.10163   0.00498   0.07027   0.05225   0.05869   0.07297   0.07596   0.02316   0.00376   0.00291   0.00770   0.02665   0.01292   0.00052   0.01109   0.00736   0.00756   0.00374   0.00171   0.00607   0.00868   0.00868   0.03123   0.15851   0.01002   0.02612   0.02415   0.01758   0.00127   0.00876   0.00865   0.00534   0.00346   0.10834   0.20542   0.08327   0.12198   0.00731   0.11000   0.11213   3.01204   1.17382   0.03306   0.09278  
 10 445.4980  10686.723465  x:  0.27958   0.14878   0.10157   0.00495   0.07003   0.05217   0.05837   0.07243   0.07550   0.02337   0.00380   0.00199   0.00826   0.02631   0.01250   0.00056   0.01139   0.00740   0.00733   0.00405   0.00166   0.00616   0.00902   0.00899   0.03005   0.15888   0.01012   0.02612   0.02359   0.01750   0.00127   0.00869   0.00912   0.00496   0.00345   0.10840   0.20573   0.08305   0.12205   0.00728   0.11000   0.11213   3.01260   1.17394   0.03295   0.09183  
 11 289.4151  10686.487330  x:  0.28049   0.14934   0.10146   0.00494   0.06964   0.05202   0.05787   0.07154   0.07476   0.02354   0.00384   0.00266   0.00919   0.02595   0.01247   0.00062   0.01210   0.00755   0.00671   0.00460   0.00158   0.00665   0.00922   0.00917   0.02831   0.15946   0.01030   0.02608   0.02295   0.01748   0.00128   0.00850   0.00957   0.00488   0.00336   0.10846   0.20623   0.08267   0.12214   0.00724   0.10998   0.11210   3.01354   1.17410   0.03279   0.09078  
 12 383.4388  10686.288765  x:  0.28175   0.15012   0.10132   0.00508   0.06915   0.05183   0.05729   0.07044   0.07388   0.02335   0.00366   0.00251   0.00959   0.02592   0.01342   0.00068   0.01276   0.00756   0.00670   0.00374   0.00151   0.00663   0.00892   0.00888   0.02666   0.16020   0.01049   0.02595   0.02273   0.01765   0.00130   0.00845   0.00939   0.00560   0.00332   0.10862   0.20690   0.08217   0.12222   0.00706   0.10990   0.11204   3.01493   1.17433   0.03258   0.09008  
 13 220.5255  10686.123067  x:  0.28338   0.15115   0.10120   0.00511   0.06862   0.05161   0.05673   0.06925   0.07300   0.02287   0.00405   0.00253   0.00928   0.02619   0.01456   0.00073   0.01287   0.00740   0.00728   0.00418   0.00146   0.00613   0.00870   0.00868   0.02557   0.16110   0.01064   0.02579   0.02305   0.01787   0.00130   0.00866   0.00901   0.00505   0.00342   0.10892   0.20775   0.08157   0.12231   0.00712   0.10979   0.11201   3.01684   1.17462   0.03232   0.08976  
 14 211.9910  10685.974307  x:  0.28534   0.15239   0.10114   0.00508   0.06817   0.05144   0.05632   0.06813   0.07230   0.02245   0.00324   0.00254   0.00873   0.02654   0.01489   0.00076   0.01234   0.00743   0.00722   0.00431   0.00144   0.00641   0.00906   0.00904   0.02550   0.16209   0.01068   0.02568   0.02369   0.01794   0.00129   0.00862   0.00915   0.00490   0.00338   0.10937   0.20874   0.08094   0.12240   0.00719   0.10963   0.11200   3.01931   1.17498   0.03198   0.08985  
 15 191.7646  10685.780361  x:  0.28837   0.15429   0.10110   0.00509   0.06761   0.05125   0.05588   0.06660   0.07147   0.02211   0.00403   0.00250   0.00830   0.02698   0.01476   0.00078   0.01160   0.00755   0.00678   0.00410   0.00141   0.00683   0.00949   0.00946   0.02598   0.16356   0.01065   0.02559   0.02455   0.01792   0.00127   0.00845   0.00950   0.00525   0.00331   0.11008   0.21026   0.08003   0.12252   0.00719   0.10939   0.11201   3.02331   1.17555   0.03145   0.09020  
 16 448.5417  10685.399653  x:  0.29471   0.15812   0.10122   0.00517   0.06698   0.05115   0.05560   0.06420   0.07055   0.02271   0.00380   0.00255   0.00949   0.02725   0.01315   0.00079   0.01183   0.00755   0.00659   0.00413   0.00142   0.00602   0.00871   0.00865   0.02821   0.16640   0.01037   0.02568   0.02526   0.01766   0.00128   0.00859   0.00937   0.00523   0.00346   0.11151   0.21337   0.07834   0.12275   0.00721   0.10897   0.11206   3.03236   1.17683   0.03027   0.09143  
 17 337.5858  10685.236076  x:  0.29769   0.15970   0.10143   0.00510   0.06713   0.05136   0.05591   0.06375   0.07066   0.02331   0.00387   0.00255   0.00929   0.02686   0.01292   0.00076   0.01253   0.00740   0.00763   0.00406   0.00144   0.00703   0.00875   0.00873   0.02903   0.16749   0.01023   0.02585   0.02448   0.01766   0.00128   0.00864   0.00897   0.00513   0.00332   0.11193   0.21477   0.07776   0.12284   0.00725   0.10889   0.11206   3.03747   1.17752   0.02964   0.09215  
 18 268.6601  10684.967205  x:  0.30215   0.16165   0.10199   0.00510   0.06800   0.05199   0.05694   0.06413   0.07153   0.02402   0.00385   0.00253   0.00811   0.02593   0.01373   0.00069   0.01304   0.00764   0.00684   0.00414   0.00153   0.00642   0.00910   0.00911   0.02949   0.16871   0.01018   0.02620   0.02238   0.01786   0.00130   0.00862   0.00873   0.00516   0.00344   0.11208   0.21674   0.07725   0.12297   0.00730   0.10902   0.11203   3.04662   1.17871   0.02855   0.09335  
 19 297.1162  10684.612517  x:  0.30748   0.16308   0.10287   0.00503   0.06962   0.05285   0.05844   0.06600   0.07329   0.02358   0.00384   0.00254   0.00891   0.02545   0.01443   0.00057   0.01117   0.00719   0.00709   0.00416   0.00164   0.00672   0.00851   0.00841   0.02823   0.16943   0.01051   0.02645   0.02147   0.01791   0.00131   0.00864   0.00985   0.00513   0.00341   0.11119   0.21885   0.07724   0.12312   0.00724   0.10960   0.11188   3.06092   1.18046   0.02696   0.09466  
 20 276.5689  10684.079768  x:  0.31459   0.16391   0.10400   0.00489   0.07171   0.05361   0.05997   0.06931   0.07575   0.02241   0.00387   0.00255   0.00955   0.02598   0.01328   0.00052   0.01149   0.00858   0.00727   0.00410   0.00169   0.00661   0.00894   0.00905   0.02545   0.16955   0.01068   0.02645   0.02326   0.01763   0.00128   0.00876   0.00848   0.00519   0.00340   0.10872   0.22134   0.07778   0.12336   0.00732   0.11078   0.11154   3.08463   1.18324   0.02444   0.09595  
 21 477.7840  10683.724718  x:  0.31829   0.16365   0.10438   0.00484   0.07230   0.05352   0.06007   0.07100   0.07668   0.02257   0.00388   0.00255   0.00877   0.02662   0.01261   0.00057   0.01272   0.00673   0.00679   0.00412   0.00165   0.00660   0.00896   0.00892   0.02448   0.16913   0.01070   0.02626   0.02459   0.01763   0.00126   0.00865   0.00886   0.00526   0.00340   0.10670   0.22239   0.07834   0.12351   0.00740   0.11153   0.11132   3.10073   1.18503   0.02284   0.09619  
 22 600.0603  10682.936561  x:  0.32485   0.16126   0.10424   0.00494   0.07166   0.05208   0.05817   0.07334   0.07703   0.02512   0.00388   0.00254   0.00743   0.02780   0.01303   0.00076   0.01355   0.00852   0.00736   0.00414   0.00146   0.00658   0.00837   0.00800   0.02519   0.16706   0.01079   0.02564   0.02574   0.01811   0.00124   0.00857   0.01116   0.00518   0.00338   0.10121   0.22351   0.07999   0.12386   0.00732   0.11309   0.11089   3.14161   1.18933   0.01900   0.09529  
 23 641.0230  10681.565704  x:  0.33375   0.15647   0.10332   0.00518   0.06951   0.04969   0.05455   0.07566   0.07632   0.02715   0.00387   0.00253   0.00943   0.02842   0.01492   0.00101   0.01181   0.00741   0.00702   0.00413   0.00118   0.00654   0.00905   0.00966   0.02840   0.16319   0.01064   0.02527   0.02513   0.01852   0.00127   0.00895   0.00892   0.00523   0.00334   0.09276   0.22420   0.08283   0.12437   0.00707   0.11508   0.11048   3.21169   1.19648   0.01264   0.09325  
 24 1504.1616  10680.194128  x:  0.33826   0.15210   0.10181   0.00523   0.06744   0.04963   0.05343   0.07537   0.07433   0.02086   0.00383   0.00253   0.00948   0.02660   0.01462   0.00096   0.01292   0.00752   0.00734   0.00412   0.00123   0.00630   0.00979   0.00827   0.03144   0.15981   0.00963   0.02621   0.02301   0.01746   0.00131   0.00735   0.00931   0.00509   0.00339   0.08886   0.22279   0.08533   0.12456   0.00700   0.11523   0.11102   3.28028   1.20313   0.00678   0.09208  
 25 1013.7398  10679.250001  x:  0.33900   0.14937   0.10058   0.00508   0.06662   0.05087   0.05451   0.07391   0.07259   0.01881   0.00383   0.00253   0.00921   0.02538   0.01427   0.00076   0.01356   0.00765   0.00701   0.00405   0.00142   0.00660   0.00830   0.00954   0.03211   0.15780   0.01007   0.02644   0.02276   0.01741   0.00126   0.01111   0.01024   0.00545   0.00313   0.08918   0.22042   0.08680   0.12436   0.00705   0.11412   0.11188   3.33458   1.20818   0.00234   0.09202  
 26 1328.2290  10675.084251  x:  0.33656   0.14287   0.09734   0.00490   0.06597   0.05551   0.06008   0.06822   0.06797   0.02140   0.00380   0.00250   0.00909   0.02391   0.01422   0.00000   0.01286   0.00751   0.00706   0.00406   0.00216   0.00642   0.00814   0.00962   0.03046   0.15334   0.01127   0.02603   0.02457   0.01828   0.00123   0.00916   0.00968   0.00525   0.00322   0.09563   0.21159   0.08997   0.12319   0.00708   0.10919   0.11481   3.49614   1.22287  -0.01048   0.09347  
 27 2396.9919  10674.438467  x:  0.33575   0.14266   0.09734   0.00489   0.06613   0.05521   0.06001   0.06796   0.06809   0.02150   0.00380   0.00249   0.00909   0.02452   0.01416   0.00000   0.01274   0.00751   0.00702   0.00406   0.00081   0.00646   0.00854   0.00924   0.03015   0.15330   0.01073   0.02593   0.02419   0.01800   0.00123   0.00951   0.00962   0.00528   0.00320   0.09658   0.21077   0.08989   0.12301   0.00710   0.10883   0.11488   3.51117   1.22419  -0.01162   0.09379  
 28 1819.3503  10672.748302  x:  0.33025   0.14135   0.09741   0.00482   0.06699   0.05257   0.05873   0.06626   0.06892   0.02214   0.00378   0.00247   0.00903   0.02856   0.01367   0.00000   0.01221   0.00751   0.00677   0.00402   0.00153   0.00664   0.01049   0.00738   0.02795   0.15321   0.00758   0.02522   0.02173   0.01627   0.00124   0.01127   0.00932   0.00544   0.00308   0.10246   0.20553   0.08905   0.12184   0.00726   0.10670   0.11507   3.61051   1.23282  -0.01909   0.09574  
 29 3359.8083  10670.759035  x:  0.32151   0.14177   0.09891   0.00491   0.06826   0.04693   0.05416   0.06581   0.07203   0.02116   0.00375   0.00246   0.00852   0.03174   0.01229   0.00000   0.01221   0.00752   0.00692   0.00400   0.00145   0.00648   0.00773   0.00942   0.02638   0.15515   0.01034   0.02524   0.01872   0.01546   0.00127   0.00945   0.00921   0.00526   0.00321   0.10904   0.20051   0.08593   0.12034   0.00750   0.10549   0.11378   3.71809   1.24188  -0.02688   0.09810  
 30 2848.3411  10669.287849  x:  0.31168   0.14399   0.10111   0.00498   0.06862   0.04404   0.04934   0.06669   0.07480   0.02099   0.00374   0.00245   0.00853   0.02643   0.01202   0.00000   0.01198   0.00748   0.00677   0.00397   0.00148   0.00654   0.00923   0.00793   0.02588   0.15866   0.01103   0.02683   0.02070   0.01870   0.00120   0.01029   0.00895   0.00535   0.00316   0.11205   0.19849   0.08082   0.11917   0.00769   0.10646   0.11058   3.79912   1.24828  -0.03231   0.09914  
 31 1397.4010  10668.590756  x:  0.30553   0.14595   0.10227   0.00502   0.06813   0.04494   0.04814   0.06735   0.07544   0.02127   0.00373   0.00244   0.00848   0.02413   0.01288   0.00000   0.01193   0.00745   0.00683   0.00398   0.00139   0.00645   0.00787   0.00909   0.02589   0.16110   0.00836   0.02643   0.02195   0.01697   0.00122   0.00964   0.00923   0.00527   0.00319   0.11177   0.19898   0.07744   0.11882   0.00772   0.10790   0.10811   3.83589   1.25090  -0.03447   0.09901  
 32 1030.1582  10667.862353  x:  0.29699   0.14905   0.10337   0.00497   0.06681   0.04806   0.04899   0.06794   0.07514   0.02133   0.00373   0.00243   0.00853   0.02478   0.01342   0.00000   0.01215   0.00741   0.00681   0.00398   0.00144   0.00646   0.00882   0.00841   0.02687   0.16450   0.01026   0.02492   0.02195   0.01467   0.00125   0.01003   0.00916   0.00530   0.00315   0.10937   0.20135   0.07320   0.11874   0.00777   0.11027   0.10470   3.87706   1.25347  -0.03652   0.09817  
 33 844.3544  10667.434764  x:  0.29097   0.15159   0.10371   0.00488   0.06598   0.04962   0.05073   0.06811   0.07437   0.02086   0.00372   0.00243   0.00869   0.02680   0.01285   0.00000   0.01220   0.00743   0.00686   0.00397   0.00143   0.00642   0.00853   0.00872   0.02730   0.16665   0.00950   0.02483   0.02112   0.01735   0.00122   0.00978   0.00922   0.00530   0.00314   0.10698   0.20400   0.07118   0.11899   0.00783   0.11177   0.10289   3.90160   1.25471  -0.03742   0.09757  
 34 697.6895  10667.169474  x:  0.28592   0.15467   0.10301   0.00488   0.06643   0.04750   0.05286   0.06776   0.07324   0.02115   0.00373   0.00243   0.00870   0.02702   0.01315   0.00000   0.01224   0.00743   0.00687   0.00398   0.00143   0.00642   0.00855   0.00876   0.02723   0.16765   0.00957   0.02737   0.02144   0.01670   0.00122   0.00983   0.00930   0.00531   0.00313   0.10462   0.20817   0.07268   0.11985   0.00774   0.11190   0.10373   3.91690   1.25466  -0.03713   0.09772  
 35 176.6286  10667.017936  x:  0.28277   0.15709   0.10231   0.00487   0.06719   0.04656   0.05293   0.06756   0.07288   0.02101   0.00373   0.00243   0.00867   0.02624   0.01297   0.00000   0.01218   0.00743   0.00686   0.00397   0.00143   0.00643   0.00856   0.00869   0.02716   0.16778   0.00958   0.02523   0.02135   0.01685   0.00122   0.00983   0.00923   0.00531   0.00313   0.10328   0.21147   0.07469   0.12052   0.00770   0.11137   0.10528   3.92549   1.25402  -0.03633   0.09821  
 36 151.5371  10666.958903  x:  0.28159   0.15833   0.10194   0.00489   0.06743   0.04804   0.05130   0.06744   0.07336   0.02111   0.00373   0.00244   0.00865   0.02651   0.01294   0.00000   0.01217   0.00744   0.00686   0.00398   0.00144   0.00644   0.00855   0.00870   0.02700   0.16719   0.00963   0.02576   0.02130   0.01687   0.00122   0.00985   0.00923   0.00532   0.00313   0.10284   0.21311   0.07562   0.12061   0.00767   0.11059   0.10640   3.92902   1.25294  -0.03514   0.09843  
 37 54.7001  10666.872020  x:  0.28157   0.15990   0.10232   0.00489   0.06560   0.04775   0.05192   0.06736   0.07503   0.02113   0.00373   0.00244   0.00864   0.02641   0.01296   0.00000   0.01217   0.00745   0.00686   0.00398   0.00144   0.00644   0.00856   0.00870   0.02672   0.16399   0.00967   0.02569   0.02136   0.01687   0.00122   0.00985   0.00924   0.00532   0.00313   0.10262   0.21487   0.07397   0.11945   0.00772   0.10889   0.10720   3.93475   1.24664  -0.02846   0.09773  
 38 21.5885  10666.642918  x:  0.28314   0.16178   0.10324   0.00487   0.06999   0.04769   0.05179   0.06719   0.07296   0.02113   0.00374   0.00244   0.00870   0.02664   0.01307   0.00000   0.01227   0.00747   0.00689   0.00399   0.00144   0.00647   0.00858   0.00875   0.02732   0.15995   0.00978   0.02577   0.02150   0.01693   0.00122   0.00987   0.00929   0.00532   0.00314   0.10328   0.21678   0.07193   0.11885   0.00773   0.10972   0.10631   3.95069   1.22545  -0.00603   0.09552  
 39 61.0269  10666.105902  x:  0.28757   0.16312   0.10439   0.00496   0.06720   0.04857   0.05223   0.06932   0.07310   0.02163   0.00379   0.00247   0.00861   0.02675   0.01282   0.00000   0.01218   0.00758   0.00690   0.00400   0.00147   0.00661   0.00857   0.00873   0.02688   0.16314   0.00998   0.02623   0.02142   0.01709   0.00124   0.01002   0.00919   0.00535   0.00321   0.10652   0.21794   0.07644   0.12271   0.00755   0.11516   0.10573   3.98789   1.17367   0.04884   0.09328  
 40 167.2434  10665.948122  x:  0.28895   0.16124   0.10367   0.00495   0.06875   0.04872   0.05283   0.06798   0.07562   0.02161   0.00380   0.00248   0.00867   0.02690   0.01305   0.00000   0.01230   0.00760   0.00693   0.00401   0.00147   0.00662   0.00862   0.00879   0.02727   0.16807   0.00989   0.02618   0.02175   0.01717   0.00125   0.01003   0.00928   0.00536   0.00321   0.10418   0.21741   0.07593   0.12307   0.00753   0.11328   0.10761   3.99890   1.15820   0.06532   0.09158  
 41 114.2950  10665.936783  x:  0.28904   0.16106   0.10426   0.00495   0.06863   0.04873   0.05276   0.06888   0.07480   0.02163   0.00380   0.00248   0.00866   0.02692   0.01302   0.00000   0.01229   0.00760   0.00693   0.00401   0.00147   0.00662   0.00861   0.00878   0.02728   0.16877   0.00989   0.02621   0.02171   0.01717   0.00125   0.01004   0.00927   0.00536   0.00321   0.10400   0.21737   0.07584   0.12249   0.00754   0.11249   0.10817   3.99959   1.15732   0.06636   0.09158  
 42 12.8566  10665.877507  x:  0.28903   0.16030   0.10477   0.00492   0.06862   0.04878   0.05282   0.06784   0.07506   0.02163   0.00380   0.00248   0.00865   0.02688   0.01300   0.00000   0.01227   0.00760   0.00692   0.00401   0.00147   0.00662   0.00860   0.00877   0.02727   0.16932   0.00987   0.02619   0.02171   0.01717   0.00124   0.01002   0.00926   0.00535   0.00320   0.10401   0.21822   0.07732   0.11847   0.00759   0.11338   0.10753   4.00105   1.15874   0.06757   0.09149  
 43  1.1362  10661.307071  x:  0.28879   0.12767   0.10428   0.00365   0.06647   0.04939   0.05205   0.06100   0.06892   0.02318   0.00374   0.00244   0.00739   0.02473   0.01053   0.00000   0.01048   0.00748   0.00647   0.00383   0.00130   0.00654   0.00795   0.00795   0.02221   0.16563   0.01042   0.02636   0.02058   0.01668   0.00105   0.00931   0.00796   0.00513   0.00223   0.09795   0.23724   0.06808   0.12235   0.00919   0.11134   0.10205   4.10420   1.28466   0.14383   0.09705  
 44 12.5527  10658.276421  x:  0.29181   0.14144   0.09202   0.00277   0.06504   0.04997   0.05239   0.05974   0.06403   0.02411   0.00368   0.00240   0.00664   0.02334   0.00902   0.00000   0.00937   0.00736   0.00618   0.00371   0.00117   0.00642   0.00756   0.00743   0.01914   0.16227   0.01086   0.02636   0.01988   0.01633   0.00090   0.00880   0.00717   0.00499   0.00154   0.07759   0.21587   0.06907   0.11698   0.01034   0.10883   0.09667   4.17307   1.36884   0.19516   0.09960  
 45 245.5123  10658.168558  x:  0.29180   0.14246   0.09654   0.00270   0.06504   0.05016   0.05251   0.05739   0.06405   0.02415   0.00368   0.00240   0.00663   0.02332   0.00901   0.00000   0.00935   0.00737   0.00618   0.00371   0.00117   0.00642   0.00756   0.00742   0.01907   0.16166   0.01086   0.02636   0.01991   0.01635   0.00090   0.00878   0.00716   0.00499   0.00151   0.07564   0.21396   0.06962   0.11783   0.01032   0.10963   0.09807   4.17569   1.37206   0.19707   0.09992  
 46 43.9502  10658.167452  x:  0.29180   0.14246   0.09654   0.00270   0.06504   0.05016   0.05251   0.05739   0.06405   0.02415   0.00368   0.00240   0.00663   0.02332   0.00901   0.00006   0.00935   0.00737   0.00618   0.00371   0.00117   0.00642   0.00756   0.00742   0.01907   0.16166   0.01086   0.02636   0.01991   0.01635   0.00090   0.00878   0.00716   0.00499   0.00151   0.07563   0.21396   0.06962   0.11784   0.01032   0.10963   0.09806   4.17569   1.37206   0.19707   0.09992  
 47 39.3431  10658.167062  x:  0.29181   0.14247   0.09663   0.00270   0.06505   0.05016   0.05251   0.05736   0.06406   0.02415   0.00368   0.00240   0.00663   0.02332   0.00901   0.00006   0.00935   0.00737   0.00618   0.00371   0.00117   0.00642   0.00756   0.00742   0.01908   0.16166   0.01086   0.02635   0.01991   0.01635   0.00090   0.00878   0.00717   0.00499   0.00151   0.07562   0.21396   0.06974   0.11789   0.01032   0.10943   0.09783   4.17573   1.37212   0.19713   0.09990  
 48  1.3012  10657.561310  x:  0.29817   0.14360   0.09590   0.00284   0.06454   0.05099   0.05299   0.05759   0.06346   0.02464   0.00373   0.00245   0.00665   0.02388   0.01073   0.00015   0.01004   0.00739   0.00619   0.00378   0.00110   0.00624   0.00732   0.00741   0.02234   0.15851   0.01110   0.02645   0.02040   0.01645   0.00096   0.00835   0.00746   0.00482   0.00151   0.07771   0.20978   0.07145   0.11824   0.01051   0.10995   0.09864   4.28136   1.56249   0.40058   0.10373  
 49  0.5662  10657.412226  x:  0.29996   0.14359   0.09671   0.00269   0.06469   0.05125   0.05315   0.05839   0.06456   0.02499   0.00377   0.00246   0.00678   0.02395   0.00985   0.00021   0.00995   0.00749   0.00615   0.00368   0.00103   0.00622   0.00743   0.00745   0.02143   0.15818   0.01109   0.02648   0.02031   0.01636   0.00097   0.00856   0.00749   0.00474   0.00124   0.08001   0.21077   0.07199   0.11866   0.01081   0.10973   0.09899   4.35352   1.81176   0.65051   0.10449  
 50  0.3164  10657.323646  x:  0.29930   0.14317   0.09653   0.00288   0.06482   0.05105   0.05294   0.05838   0.06461   0.02498   0.00377   0.00246   0.00688   0.02388   0.00997   0.00028   0.00990   0.00745   0.00624   0.00367   0.00093   0.00601   0.00759   0.00756   0.02086   0.15909   0.01103   0.02644   0.02018   0.01637   0.00109   0.00858   0.00753   0.00471   0.00160   0.07829   0.21157   0.07167   0.11844   0.01105   0.10944   0.09872   4.39643   2.18045   1.01380   0.10478  
 51  0.3595  10657.215868  x:  0.29796   0.14291   0.09619   0.00272   0.06480   0.05076   0.05281   0.05768   0.06384   0.02473   0.00374   0.00244   0.00657   0.02369   0.01022   0.00039   0.00977   0.00734   0.00618   0.00369   0.00079   0.00630   0.00731   0.00740   0.02161   0.15985   0.01097   0.02644   0.02016   0.01640   0.00116   0.00858   0.00727   0.00478   0.00137   0.07737   0.21175   0.07126   0.11810   0.01153   0.10951   0.09855   4.40518   2.81581   1.64401   0.10326  
 52  0.5113  10657.119230  x:  0.29897   0.14400   0.09661   0.00280   0.06470   0.05100   0.05314   0.05788   0.06409   0.02460   0.00375   0.00245   0.00682   0.02390   0.00992   0.00057   0.01006   0.00749   0.00617   0.00378   0.00063   0.00634   0.00740   0.00746   0.02141   0.15854   0.01107   0.02645   0.02047   0.01643   0.00129   0.00843   0.00766   0.00482   0.00148   0.07955   0.21037   0.07182   0.11835   0.01172   0.10994   0.09888   4.36190   3.54462   2.38400   0.10281  
 53  0.5712  10657.080123  x:  0.29958   0.14337   0.09653   0.00275   0.06472   0.05111   0.05308   0.05849   0.06458   0.02479   0.00376   0.00246   0.00680   0.02391   0.01021   0.00070   0.00988   0.00745   0.00621   0.00371   0.00052   0.00616   0.00754   0.00751   0.02131   0.15858   0.01107   0.02646   0.02022   0.01639   0.00135   0.00856   0.00738   0.00475   0.00141   0.07858   0.21117   0.07165   0.11840   0.01180   0.10974   0.09893   4.34207   4.07139   2.91028   0.10363  
 54  0.5012  10657.063342  x:  0.29853   0.14325   0.09635   0.00270   0.06480   0.05102   0.05295   0.05797   0.06409   0.02488   0.00376   0.00246   0.00669   0.02384   0.00993   0.00079   0.00993   0.00742   0.00620   0.00369   0.00042   0.00613   0.00737   0.00745   0.02148   0.15925   0.01104   0.02645   0.02024   0.01635   0.00137   0.00849   0.00752   0.00471   0.00144   0.07842   0.21137   0.07138   0.11824   0.01173   0.10965   0.09878   4.34320   4.56473   3.39910   0.10417  
 55  0.4015  10657.047424  x:  0.29818   0.14370   0.09648   0.00267   0.06480   0.05100   0.05306   0.05793   0.06415   0.02482   0.00376   0.00245   0.00681   0.02381   0.01018   0.00088   0.00990   0.00743   0.00616   0.00372   0.00031   0.00628   0.00744   0.00744   0.02118   0.15915   0.01106   0.02647   0.02031   0.01641   0.00138   0.00847   0.00741   0.00475   0.00145   0.07904   0.21087   0.07157   0.11831   0.01137   0.10981   0.09887   4.34905   5.21334   4.04880   0.10393  
 56  0.3851  10657.038161  x:  0.29896   0.14353   0.09649   0.00263   0.06473   0.05102   0.05307   0.05830   0.06441   0.02481   0.00375   0.00246   0.00676   0.02390   0.01004   0.00094   0.00994   0.00745   0.00619   0.00372   0.00026   0.00624   0.00748   0.00749   0.02149   0.15880   0.01104   0.02646   0.02029   0.01640   0.00135   0.00854   0.00746   0.00475   0.00145   0.07847   0.21103   0.07166   0.11844   0.01106   0.10981   0.09891   4.35071   5.68599   4.52285   0.10368  
 57  0.4507  10657.034255  x:  0.29900   0.14331   0.09642   0.00261   0.06474   0.05104   0.05301   0.05804   0.06418   0.02479   0.00375   0.00246   0.00672   0.02385   0.01008   0.00095   0.00990   0.00744   0.00621   0.00371   0.00026   0.00614   0.00740   0.00745   0.02133   0.15881   0.01107   0.02644   0.02025   0.01637   0.00130   0.00850   0.00748   0.00474   0.00144   0.07867   0.21120   0.07155   0.11840   0.01092   0.10970   0.09885   4.35089   5.98620   4.82150   0.10378  
 58  0.2473  10657.028857  x:  0.29840   0.14347   0.09638   0.00264   0.06479   0.05103   0.05299   0.05799   0.06416   0.02480   0.00376   0.00245   0.00682   0.02378   0.01003   0.00087   0.00995   0.00742   0.00617   0.00372   0.00033   0.00620   0.00746   0.00748   0.02140   0.15918   0.01106   0.02645   0.02026   0.01638   0.00121   0.00853   0.00742   0.00478   0.00143   0.07861   0.21093   0.07150   0.11833   0.01090   0.10976   0.09883   4.34920   6.42234   5.25696   0.10394  
 59  0.1748  10657.025266  x:  0.29863   0.14353   0.09647   0.00270   0.06476   0.05102   0.05302   0.05819   0.06431   0.02482   0.00376   0.00245   0.00672   0.02390   0.01008   0.00079   0.00990   0.00743   0.00620   0.00372   0.00040   0.00622   0.00744   0.00747   0.02135   0.15897   0.01106   0.02645   0.02031   0.01639   0.00115   0.00853   0.00748   0.00477   0.00142   0.07864   0.21104   0.07160   0.11840   0.01107   0.10980   0.09890   4.34859   6.66690   5.50272   0.10386  
 60  0.2230  10657.024071  x:  0.29895   0.14342   0.09645   0.00274   0.06473   0.05102   0.05302   0.05811   0.06425   0.02481   0.00375   0.00246   0.00677   0.02385   0.01006   0.00077   0.00992   0.00744   0.00620   0.00371   0.00043   0.00619   0.00743   0.00746   0.02139   0.15881   0.01105   0.02646   0.02025   0.01639   0.00116   0.00853   0.00745   0.00476   0.00142   0.07862   0.21116   0.07158   0.11839   0.01120   0.10975   0.09887   4.34952   6.81537   5.65130   0.10378  
 61  0.1455  10657.022998  x:  0.29877   0.14335   0.09640   0.00276   0.06476   0.05102   0.05299   0.05808   0.06420   0.02480   0.00376   0.00246   0.00674   0.02386   0.01007   0.00078   0.00992   0.00743   0.00618   0.00371   0.00042   0.00619   0.00745   0.00749   0.02135   0.15901   0.01105   0.02644   0.02028   0.01638   0.00118   0.00853   0.00748   0.00477   0.00141   0.07859   0.21098   0.07153   0.11831   0.01126   0.10972   0.09882   4.35104   7.34442   6.17990   0.10378  
 62  0.2246  10657.021882  x:  0.29871   0.14352   0.09648   0.00275   0.06476   0.05103   0.05301   0.05815   0.06429   0.02479   0.00376   0.00245   0.00675   0.02385   0.01005   0.00078   0.00990   0.00743   0.00620   0.00372   0.00042   0.00620   0.00742   0.00745   0.02139   0.15899   0.01106   0.02645   0.02028   0.01639   0.00119   0.00852   0.00743   0.00476   0.00143   0.07868   0.21110   0.07157   0.11838   0.01120   0.10977   0.09888   4.35014   8.18570   7.02157   0.10380  
 63  0.5087  10657.021257  x:  0.29885   0.14345   0.09644   0.00273   0.06474   0.05102   0.05302   0.05811   0.06425   0.02481   0.00376   0.00245   0.00676   0.02386   0.01007   0.00076   0.00993   0.00744   0.00620   0.00371   0.00044   0.00620   0.00744   0.00746   0.02137   0.15885   0.01106   0.02645   0.02025   0.01639   0.00118   0.00853   0.00748   0.00476   0.00142   0.07859   0.21116   0.07157   0.11839   0.01117   0.10976   0.09887   4.34913   8.90722   7.74306   0.10381  
 64  0.6377  10657.020896  x:  0.29886   0.14339   0.09643   0.00272   0.06475   0.05102   0.05302   0.05809   0.06422   0.02481   0.00375   0.00246   0.00674   0.02386   0.01006   0.00072   0.00991   0.00744   0.00618   0.00371   0.00049   0.00619   0.00745   0.00749   0.02138   0.15889   0.01105   0.02645   0.02028   0.01639   0.00118   0.00852   0.00745   0.00476   0.00143   0.07865   0.21102   0.07158   0.11835   0.01120   0.10973   0.09887   4.34967   9.84232   8.67800   0.10380  
 65  0.6804  10657.020689  x:  0.29879   0.14343   0.09645   0.00272   0.06476   0.05102   0.05301   0.05813   0.06426   0.02481   0.00376   0.00246   0.00676   0.02385   0.01007   0.00069   0.00992   0.00743   0.00620   0.00371   0.00052   0.00620   0.00743   0.00746   0.02137   0.15895   0.01105   0.02645   0.02028   0.01639   0.00119   0.00853   0.00747   0.00476   0.00143   0.07862   0.21106   0.07156   0.11836   0.01121   0.10975   0.09886   4.35001  10.62787   9.46366   0.10379  
 66  0.6944  10657.020620  x:  0.29881   0.14345   0.09645   0.00272   0.06475   0.05102   0.05301   0.05811   0.06425   0.02480   0.00376   0.00245   0.00675   0.02386   0.01006   0.00065   0.00992   0.00744   0.00620   0.00371   0.00055   0.00620   0.00744   0.00747   0.02138   0.15890   0.01105   0.02645   0.02026   0.01639   0.00119   0.00853   0.00746   0.00476   0.00143   0.07864   0.21113   0.07157   0.11838   0.01119   0.10976   0.09887   4.34975  11.37893  10.21475   0.10380  
 67  0.6003  10657.020608  x:  0.29882   0.14343   0.09644   0.00272   0.06475   0.05102   0.05302   0.05811   0.06425   0.02481   0.00376   0.00245   0.00676   0.02386   0.01006   0.00064   0.00992   0.00744   0.00619   0.00371   0.00056   0.00620   0.00744   0.00747   0.02138   0.15891   0.01105   0.02645   0.02027   0.01639   0.00119   0.00852   0.00746   0.00476   0.00142   0.07862   0.21108   0.07157   0.11837   0.01119   0.10975   0.09887   4.34977  11.61510  10.45084   0.10380  
 68  0.2819  10657.020606  x:  0.29881   0.14343   0.09644   0.00272   0.06475   0.05102   0.05301   0.05811   0.06425   0.02481   0.00376   0.00246   0.00675   0.02386   0.01006   0.00064   0.00992   0.00744   0.00619   0.00371   0.00057   0.00620   0.00744   0.00747   0.02138   0.15892   0.01105   0.02645   0.02027   0.01639   0.00119   0.00853   0.00746   0.00476   0.00142   0.07863   0.21108   0.07157   0.11837   0.01119   0.10975   0.09887   4.34982  11.71106  10.54682   0.10380  
 69  0.0943  10657.020603  x:  0.29881   0.14344   0.09644   0.00273   0.06475   0.05102   0.05301   0.05811   0.06425   0.02481   0.00376   0.00246   0.00676   0.02386   0.01006   0.00064   0.00992   0.00744   0.00619   0.00371   0.00056   0.00620   0.00744   0.00747   0.02138   0.15891   0.01105   0.02645   0.02027   0.01639   0.00119   0.00852   0.00746   0.00476   0.00142   0.07863   0.21110   0.07157   0.11837   0.01118   0.10975   0.09887   4.34983  11.94295  10.77872   0.10380  
 70  0.0656  10657.020593  x:  0.29882   0.14343   0.09644   0.00273   0.06475   0.05102   0.05302   0.05812   0.06425   0.02481   0.00376   0.00245   0.00675   0.02385   0.01006   0.00065   0.00992   0.00744   0.00619   0.00371   0.00055   0.00620   0.00744   0.00747   0.02138   0.15890   0.01105   0.02645   0.02027   0.01639   0.00119   0.00853   0.00746   0.00476   0.00142   0.07862   0.21108   0.07157   0.11837   0.01118   0.10975   0.09887   4.34974  12.64734  11.48306   0.10380  
 71  0.2155  10657.020587  x:  0.29881   0.14343   0.09644   0.00272   0.06475   0.05102   0.05301   0.05811   0.06425   0.02481   0.00376   0.00246   0.00675   0.02386   0.01006   0.00066   0.00992   0.00744   0.00620   0.00371   0.00055   0.00620   0.00744   0.00747   0.02138   0.15892   0.01105   0.02645   0.02027   0.01639   0.00119   0.00853   0.00746   0.00476   0.00142   0.07863   0.21108   0.07156   0.11836   0.01119   0.10975   0.09886   4.34981  13.39193  12.22771   0.10380  
 72  0.4816  10657.020585  x:  0.29881   0.14344   0.09644   0.00272   0.06475   0.05102   0.05301   0.05811   0.06425   0.02481   0.00376   0.00246   0.00675   0.02386   0.01006   0.00065   0.00992   0.00744   0.00619   0.00371   0.00055   0.00620   0.00744   0.00747   0.02138   0.15891   0.01105   0.02645   0.02027   0.01639   0.00119   0.00852   0.00746   0.00476   0.00142   0.07863   0.21109   0.07157   0.11837   0.01119   0.10975   0.09887   4.34980  13.95811  12.79387   0.10380  
 73  0.4229  10657.020583  x:  0.29881   0.14343   0.09644   0.00272   0.06475   0.05102   0.05301   0.05811   0.06425   0.02481   0.00376   0.00246   0.00675   0.02386   0.01006   0.00065   0.00992   0.00744   0.00619   0.00371   0.00055   0.00620   0.00744   0.00747   0.02138   0.15891   0.01105   0.02645   0.02027   0.01639   0.00119   0.00853   0.00746   0.00476   0.00142   0.07863   0.21108   0.07157   0.11837   0.01119   0.10975   0.09887   4.34978  14.79960  13.63535   0.10380  
 74  0.4467  10657.020583  x:  0.29881   0.14343   0.09644   0.00272   0.06475   0.05102   0.05301   0.05811   0.06425   0.02481   0.00376   0.00246   0.00675   0.02386   0.01006   0.00065   0.00992   0.00744   0.00619   0.00371   0.00055   0.00620   0.00744   0.00747   0.02138   0.15892   0.01105   0.02645   0.02027   0.01639   0.00119   0.00852   0.00746   0.00476   0.00142   0.07863   0.21109   0.07156   0.11837   0.01119   0.10975   0.09887   4.34980  15.55627  14.39204   0.10380  
 75  0.4996  10657.020582  x:  0.29881   0.14343   0.09644   0.00272   0.06475   0.05102   0.05301   0.05811   0.06425   0.02481   0.00376   0.00246   0.00675   0.02386   0.01006   0.00065   0.00992   0.00744   0.00619   0.00371   0.00055   0.00620   0.00744   0.00747   0.02138   0.15891   0.01105   0.02645   0.02027   0.01639   0.00119   0.00853   0.00746   0.00476   0.00142   0.07863   0.21109   0.07157   0.11837   0.01119   0.10975   0.09887   4.34980  17.13075  15.96650   0.10380  
 76  0.7337  10657.020582  x:  0.29881   0.14343   0.09644   0.00272   0.06475   0.05102   0.05301   0.05811   0.06425   0.02481   0.00376   0.00246   0.00675   0.02386   0.01006   0.00065   0.00992   0.00744   0.00619   0.00371   0.00055   0.00620   0.00744   0.00747   0.02138   0.15891   0.01105   0.02645   0.02027   0.01639   0.00119   0.00853   0.00746   0.00476   0.00142   0.07863   0.21109   0.07157   0.11837   0.01119   0.10975   0.09887   4.34980  16.99873  15.83449   0.10380  
 77  0.2384  10657.020582  x:  0.29881   0.14343   0.09644   0.00272   0.06475   0.05102   0.05301   0.05811   0.06425   0.02481   0.00376   0.00246   0.00675   0.02386   0.01006   0.00065   0.00992   0.00744   0.00619   0.00371   0.00055   0.00620   0.00744   0.00747   0.02138   0.15891   0.01105   0.02645   0.02027   0.01639   0.00119   0.00853   0.00746   0.00476   0.00142   0.07863   0.21109   0.07157   0.11837   0.01119   0.10975   0.09887   4.34980  17.07501  15.91077   0.10380  
 78  0.7678  10657.020582  x:  0.29881   0.14343   0.09644   0.00272   0.06475   0.05102   0.05301   0.05811   0.06425   0.02481   0.00376   0.00246   0.00675   0.02386   0.01006   0.00065   0.00992   0.00744   0.00619   0.00371   0.00055   0.00620   0.00744   0.00747   0.02138   0.15891   0.01105   0.02645   0.02027   0.01639   0.00119   0.00853   0.00746   0.00476   0.00142   0.07863   0.21109   0.07157   0.11837   0.01119   0.10975   0.09887   4.34979  17.21127  16.04703   0.10380  
 79  1.0324  10657.020582  x:  0.29881   0.14343   0.09644   0.00272   0.06475   0.05102   0.05301   0.05811   0.06425   0.02481   0.00376   0.00246   0.00675   0.02386   0.01006   0.00065   0.00992   0.00744   0.00619   0.00371   0.00055   0.00620   0.00744   0.00747   0.02138   0.15891   0.01105   0.02645   0.02027   0.01639   0.00119   0.00853   0.00746   0.00476   0.00142   0.07863   0.21109   0.07157   0.11837   0.01119   0.10975   0.09887   4.34979  17.15339  15.98915   0.10380  
 80  0.1915  10657.020582  x:  0.29881   0.14343   0.09644   0.00272   0.06475   0.05102   0.05301   0.05811   0.06425   0.02481   0.00376   0.00246   0.00675   0.02386   0.01006   0.00065   0.00992   0.00744   0.00619   0.00371   0.00055   0.00620   0.00744   0.00747   0.02138   0.15891   0.01105   0.02645   0.02027   0.01639   0.00119   0.00853   0.00746   0.00476   0.00142   0.07863   0.21109   0.07157   0.11837   0.01119   0.10975   0.09887   4.34980  17.15344  15.98920   0.10380  
 81  0.0000  10657.020582  x:  0.29881   0.14343   0.09644   0.00272   0.06475   0.05102   0.05301   0.05811   0.06425   0.02481   0.00376   0.00246   0.00675   0.02386   0.01006   0.00065   0.00992   0.00744   0.00619   0.00371   0.00055   0.00620   0.00744   0.00747   0.02138   0.15891   0.01105   0.02645   0.02027   0.01639   0.00119   0.00853   0.00746   0.00476   0.00142   0.07863   0.21109   0.07157   0.11837   0.01119   0.10975   0.09887   4.34980  17.15348  15.98924   0.10380  