

TREE # 1

  0  0.0000  10792.497065  x:  0.26385   0.11577   0.08596   0.00000   0.06063   0.05075   0.04950   0.04981   0.05520   0.02619   0.00368   0.00258   0.00477   0.02271   0.00778   0.00197   0.00852   0.00766   0.00524   0.00418   0.00162   0.00718   0.00615   0.00626   0.01824   0.14125   0.01212   0.02718   0.01864   0.01586   0.00123   0.00887   0.00574   0.00380   0.00237   0.05365   0.19416   0.06079   0.10998   0.00040   0.10813   0.08203   3.00000   1.16374   0.04304   0.25098   2.82902  
  1 99.0000  10781.604740  x:  0.26400   0.11619   0.08619   0.00524   0.06082   0.05082   0.04974   0.05018   0.05552   0.02611   0.00374   0.00248   0.00569   0.02286   0.00844   0.00034   0.00894   0.00760   0.00572   0.00391   0.00000   0.00684   0.00669   0.00675   0.01864   0.14143   0.01210   0.02722   0.01887   0.01594   0.00157   0.00874   0.00651   0.00437   0.00151   0.05447   0.19437   0.06134   0.11022   0.00817   0.10823   0.08257   3.00013   1.16391   0.04294   0.24919   2.82898  
  2 3208.2276  10780.447838  x:  0.26406   0.11635   0.08628   0.00603   0.06088   0.05083   0.04981   0.05032   0.05565   0.02607   0.00375   0.00247   0.00595   0.02292   0.00866   0.00138   0.00908   0.00758   0.00586   0.00384   0.00107   0.00674   0.00686   0.00690   0.01879   0.14151   0.01209   0.02724   0.01896   0.01597   0.00156   0.00870   0.00673   0.00451   0.00136   0.05479   0.19446   0.06153   0.11030   0.00971   0.10825   0.08276   3.00018   1.16399   0.04290   0.24848   2.82897  
  3 3252.6982  10774.259868  x:  0.26478   0.11812   0.08711   0.00277   0.06142   0.05082   0.05033   0.05191   0.05704   0.02568   0.00384   0.00255   0.00753   0.02352   0.01037   0.00126   0.01023   0.00747   0.00666   0.00355   0.00106   0.00591   0.00797   0.00795   0.02030   0.14238   0.01199   0.02742   0.01983   0.01628   0.00000   0.00849   0.00810   0.00521   0.00213   0.05824   0.19536   0.06335   0.11096   0.01196   0.10831   0.08455   3.00075   1.16477   0.04248   0.24056   2.82883  
  4 963.3201  10770.324055  x:  0.26539   0.11963   0.08782   0.00000   0.06189   0.05082   0.05078   0.05325   0.05822   0.02534   0.00391   0.00261   0.00879   0.02402   0.01177   0.00115   0.01118   0.00737   0.00730   0.00333   0.00105   0.00525   0.00885   0.00878   0.02157   0.14312   0.01190   0.02757   0.02058   0.01656   0.00063   0.00833   0.00920   0.00575   0.00265   0.06118   0.19614   0.06490   0.11152   0.01369   0.10837   0.08607   3.00124   1.16544   0.04212   0.23380   2.82870  
  5 19082.3434  10736.264584  x:  0.27297   0.13735   0.09643   0.00638   0.06770   0.05143   0.05669   0.06846   0.07161   0.02149   0.00374   0.00254   0.01463   0.02872   0.02129   0.00037   0.01729   0.00715   0.00908   0.00519   0.00136   0.00432   0.01285   0.01262   0.03405   0.15210   0.01063   0.02925   0.02776   0.01914   0.00168   0.00794   0.01394   0.00568   0.00032   0.09469   0.20543   0.08215   0.11771   0.00475   0.10868   0.10324   3.00719   1.17354   0.03783   0.15121   2.82720  
  6 2949.7649  10733.501771  x:  0.27448   0.14065   0.09801   0.00786   0.06875   0.05157   0.05772   0.07112   0.07396   0.02096   0.00375   0.00251   0.01491   0.02933   0.02224   0.00032   0.01774   0.00724   0.00889   0.00521   0.00150   0.00497   0.01290   0.01267   0.03590   0.15384   0.01038   0.02950   0.02874   0.01944   0.00208   0.00807   0.01404   0.00542   0.00423   0.10076   0.20722   0.08530   0.11890   0.00374   0.10879   0.10640   3.00837   1.17511   0.03701   0.13515   2.82690  
  7 10246.7022  10719.975677  x:  0.27810   0.14706   0.10082   0.00514   0.07038   0.05193   0.05893   0.07487   0.07735   0.02158   0.00413   0.00266   0.01008   0.02850   0.01845   0.00030   0.01385   0.00813   0.00528   0.00250   0.00171   0.00947   0.00837   0.00835   0.03604   0.15774   0.00988   0.02952   0.02787   0.01862   0.00151   0.00882   0.00903   0.00284   0.00295   0.11130   0.21115   0.09093   0.12150   0.00700   0.10935   0.11225   3.01120   1.17857   0.03541   0.09967   2.82618  
  8 2785.2362  10717.643768  x:  0.27918   0.14848   0.10131   0.00458   0.07054   0.05200   0.05892   0.07516   0.07763   0.02214   0.00377   0.00237   0.00829   0.02776   0.01620   0.00034   0.01220   0.00790   0.00601   0.00527   0.00172   0.00834   0.00750   0.00754   0.03493   0.15877   0.00983   0.02937   0.02687   0.01813   0.00138   0.00868   0.00777   0.00578   0.00276   0.11329   0.21218   0.09196   0.12207   0.00765   0.10951   0.11335   3.01209   1.17948   0.03509   0.09121   2.82596  
  9 1564.8983  10716.265202  x:  0.28018   0.14926   0.10136   0.00476   0.07029   0.05197   0.05851   0.07452   0.07709   0.02285   0.00372   0.00280   0.00763   0.02679   0.01369   0.00042   0.01118   0.00731   0.00741   0.00412   0.00164   0.00518   0.00837   0.00838   0.03283   0.15955   0.00992   0.02911   0.02540   0.01764   0.00142   0.00849   0.00832   0.00533   0.00286   0.11394   0.21298   0.09218   0.12232   0.00746   0.10958   0.11363   3.01299   1.18016   0.03500   0.08656   2.82573  
 10 615.4919  10715.884768  x:  0.28087   0.14962   0.10123   0.00476   0.06997   0.05187   0.05809   0.07379   0.07647   0.02314   0.00379   0.00181   0.00837   0.02632   0.01292   0.00048   0.01150   0.00730   0.00733   0.00432   0.00157   0.00568   0.00900   0.00897   0.03126   0.15999   0.01004   0.02896   0.02454   0.01750   0.00143   0.00834   0.00912   0.00512   0.00282   0.11402   0.21348   0.09209   0.12235   0.00736   0.10957   0.11355   3.01368   1.18058   0.03504   0.08506   2.82555  
 11 308.8291  10715.622502  x:  0.28161   0.14998   0.10107   0.00480   0.06960   0.05174   0.05763   0.07298   0.07578   0.02332   0.00382   0.00264   0.00918   0.02595   0.01256   0.00054   0.01202   0.00738   0.00708   0.00466   0.00149   0.00632   0.00942   0.00936   0.02969   0.16044   0.01018   0.02883   0.02381   0.01744   0.00145   0.00824   0.00975   0.00514   0.00278   0.11408   0.21402   0.09196   0.12237   0.00727   0.10953   0.11344   3.01446   1.18104   0.03510   0.08385   2.82536  
 12 567.2000  10715.312547  x:  0.28324   0.15077   0.10074   0.00494   0.06885   0.05144   0.05679   0.07138   0.07447   0.02295   0.00346   0.00252   0.00993   0.02595   0.01400   0.00063   0.01313   0.00760   0.00657   0.00416   0.00139   0.00565   0.00887   0.00882   0.02732   0.16134   0.01044   0.02878   0.02341   0.01769   0.00147   0.00844   0.00944   0.00565   0.00278   0.11432   0.21520   0.09168   0.12233   0.00710   0.10938   0.11317   3.01631   1.18205   0.03532   0.08273   2.82489  
 13 209.7041  10715.158897  x:  0.28452   0.15140   0.10053   0.00495   0.06836   0.05124   0.05629   0.07032   0.07367   0.02251   0.00429   0.00250   0.00972   0.02615   0.01491   0.00067   0.01322   0.00736   0.00717   0.00448   0.00135   0.00566   0.00876   0.00873   0.02637   0.16198   0.01056   0.02884   0.02363   0.01785   0.00147   0.00843   0.00916   0.00521   0.00279   0.11459   0.21614   0.09151   0.12228   0.00714   0.10923   0.11299   3.01788   1.18289   0.03552   0.08240   2.82450  
 14 228.9040  10714.982065  x:  0.28632   0.15230   0.10031   0.00492   0.06781   0.05101   0.05580   0.06907   0.07282   0.02202   0.00343   0.00252   0.00913   0.02649   0.01552   0.00070   0.01276   0.00715   0.00767   0.00462   0.00132   0.00604   0.00902   0.00901   0.02595   0.16282   0.01063   0.02898   0.02425   0.01794   0.00146   0.00825   0.00913   0.00488   0.00278   0.11506   0.21748   0.09129   0.12219   0.00721   0.10901   0.11279   3.02022   1.18413   0.03583   0.08236   2.82391  
 15 263.4675  10714.677392  x:  0.29014   0.15419   0.09997   0.00501   0.06696   0.05069   0.05517   0.06686   0.07155   0.02164   0.00393   0.00252   0.00847   0.02702   0.01542   0.00072   0.01168   0.00758   0.00689   0.00410   0.00130   0.00620   0.00957   0.00953   0.02648   0.16448   0.01062   0.02923   0.02548   0.01788   0.00145   0.00808   0.00960   0.00571   0.00276   0.11613   0.22033   0.09089   0.12200   0.00715   0.10853   0.11242   3.02550   1.18692   0.03655   0.08284   2.82258  
 16 323.1999  10714.254744  x:  0.29581   0.15691   0.09971   0.00494   0.06619   0.05051   0.05479   0.06430   0.07040   0.02224   0.00378   0.00253   0.00927   0.02724   0.01408   0.00072   0.01167   0.00761   0.00617   0.00495   0.00132   0.00545   0.00909   0.00902   0.02834   0.16676   0.01041   0.02941   0.02639   0.01764   0.00143   0.00871   0.00973   0.00490   0.00282   0.11766   0.22460   0.09031   0.12174   0.00736   0.10791   0.11196   3.03397   1.19137   0.03772   0.08401   2.82046  
 17 435.2229  10713.938497  x:  0.30020   0.15886   0.09969   0.00500   0.06599   0.05060   0.05490   0.06288   0.07000   0.02301   0.00379   0.00254   0.00984   0.02703   0.01305   0.00068   0.01246   0.00729   0.00739   0.00424   0.00135   0.00600   0.00855   0.00850   0.02979   0.16835   0.01019   0.02937   0.02616   0.01755   0.00144   0.00859   0.00928   0.00541   0.00280   0.11864   0.22789   0.08982   0.12156   0.00727   0.10754   0.11165   3.04112   1.19511   0.03873   0.08506   2.81867  
 18 587.4992  10713.485355  x:  0.30603   0.16082   0.10027   0.00493   0.06697   0.05139   0.05609   0.06293   0.07086   0.02363   0.00383   0.00252   0.00858   0.02597   0.01374   0.00061   0.01347   0.00772   0.00695   0.00449   0.00143   0.00586   0.00914   0.00921   0.03065   0.16988   0.01004   0.02892   0.02343   0.01788   0.00147   0.00756   0.00829   0.00515   0.00285   0.11904   0.23223   0.08901   0.12147   0.00741   0.10755   0.11137   3.05307   1.20134   0.04049   0.08670   2.81568  
 19 309.6102  10713.051001  x:  0.31134   0.16203   0.10112   0.00487   0.06840   0.05225   0.05745   0.06416   0.07230   0.02343   0.00384   0.00253   0.00807   0.02530   0.01471   0.00053   0.01261   0.00710   0.00698   0.00443   0.00151   0.00612   0.00900   0.00896   0.03018   0.17079   0.01019   0.02872   0.02144   0.01802   0.00147   0.00940   0.00953   0.00538   0.00280   0.11856   0.23613   0.08810   0.12151   0.00740   0.10793   0.11119   3.06629   1.20818   0.04250   0.08810   2.81238  
 20 508.3962  10712.313644  x:  0.31889   0.16264   0.10266   0.00478   0.07080   0.05328   0.05926   0.06748   0.07497   0.02244   0.00378   0.00255   0.00992   0.02548   0.01471   0.00047   0.01057   0.00821   0.00746   0.00449   0.00157   0.00596   0.00837   0.00825   0.02758   0.17123   0.01058   0.02914   0.02203   0.01768   0.00148   0.00792   0.00988   0.00516   0.00283   0.11625   0.24158   0.08655   0.12182   0.00736   0.10912   0.11105   3.08992   1.22033   0.04623   0.08974   2.80649  
 21 582.8165  10711.519695  x:  0.32569   0.16222   0.10400   0.00466   0.07259   0.05362   0.06015   0.07111   0.07731   0.02195   0.00386   0.00254   0.00992   0.02641   0.01333   0.00053   0.01196   0.00657   0.00672   0.00438   0.00151   0.00594   0.00905   0.00915   0.02487   0.17089   0.01072   0.02987   0.02485   0.01738   0.00143   0.00846   0.00856   0.00547   0.00280   0.11280   0.24640   0.08504   0.12234   0.00751   0.11061   0.11104   3.11650   1.23393   0.05057   0.09069   2.79986  
 22 906.1951  10710.958009  x:  0.32931   0.16098   0.10440   0.00463   0.07269   0.05300   0.05953   0.07311   0.07808   0.02284   0.00382   0.00254   0.00847   0.02707   0.01288   0.00062   0.01365   0.00874   0.00749   0.00451   0.00142   0.00595   0.00913   0.00906   0.02440   0.16994   0.01071   0.03011   0.02638   0.01772   0.00139   0.00939   0.00938   0.00532   0.00277   0.10967   0.24888   0.08427   0.12284   0.00758   0.11165   0.11119   3.13759   1.24462   0.05418   0.09057   2.79460  
 23 770.3358  10709.347434  x:  0.33564   0.15613   0.10409   0.00488   0.07049   0.05012   0.05575   0.07642   0.07797   0.02603   0.00384   0.00254   0.00765   0.02785   0.01464   0.00084   0.01387   0.00679   0.00688   0.00453   0.00120   0.00581   0.00841   0.00798   0.02735   0.16622   0.01072   0.02972   0.02685   0.01901   0.00141   0.00716   0.01170   0.00523   0.00281   0.10107   0.25302   0.08332   0.12432   0.00738   0.11390   0.11196   3.19666   1.27436   0.06470   0.08890   2.77985  
 24 1019.5693  10707.698095  x:  0.34008   0.15097   0.10304   0.00511   0.06767   0.04787   0.05227   0.07843   0.07685   0.02587   0.00381   0.00254   0.01023   0.02766   0.01627   0.00093   0.01191   0.00760   0.00742   0.00437   0.00108   0.00596   0.00942   0.00999   0.03135   0.16213   0.01017   0.02913   0.02546   0.01884   0.00145   0.00903   0.00880   0.00540   0.00272   0.09355   0.25578   0.08337   0.12565   0.00708   0.11539   0.11301   3.25980   1.30601   0.07621   0.08721   2.76406  
 25 2001.5744  10705.502756  x:  0.34075   0.14595   0.10080   0.00504   0.06527   0.04879   0.05204   0.07802   0.07420   0.01785   0.00377   0.00253   0.00998   0.02613   0.01490   0.00072   0.01373   0.00752   0.00737   0.00440   0.00129   0.00568   0.00967   0.00862   0.03437   0.15771   0.00919   0.02932   0.02357   0.01619   0.00147   0.00835   0.00967   0.00532   0.00270   0.09009   0.25575   0.08582   0.12635   0.00711   0.11480   0.11460   3.33910   1.34549   0.09125   0.08681   2.74418  
 26 1296.6518  10699.698713  x:  0.33487   0.13939   0.09607   0.00482   0.06441   0.05429   0.05758   0.07373   0.06893   0.01931   0.00375   0.00251   0.00974   0.02473   0.01460   0.00000   0.01334   0.00743   0.00728   0.00437   0.00198   0.00564   0.00733   0.01071   0.03287   0.15122   0.01135   0.03084   0.02443   0.01820   0.00141   0.00828   0.00986   0.00530   0.00267   0.09327   0.25049   0.09276   0.12558   0.00709   0.11005   0.11714   3.49972   1.42518   0.12255   0.08901   2.70380  
 27 1833.9728  10697.831936  x:  0.33238   0.13812   0.09511   0.00479   0.06463   0.05483   0.05859   0.07253   0.06808   0.02053   0.00374   0.00250   0.00977   0.02511   0.01480   0.00000   0.01291   0.00741   0.00727   0.00436   0.00049   0.00567   0.00954   0.00876   0.03190   0.14989   0.01046   0.03065   0.02447   0.01792   0.00141   0.00839   0.00945   0.00531   0.00266   0.09511   0.24837   0.09442   0.12506   0.00708   0.10862   0.11755   3.54905   1.44960   0.13231   0.09002   2.69136  
 28 5191.6801  10696.266862  x:  0.32839   0.13625   0.09372   0.00475   0.06498   0.05526   0.05977   0.07066   0.06689   0.02240   0.00373   0.00249   0.00978   0.02585   0.01507   0.00000   0.01233   0.00737   0.00724   0.00433   0.00165   0.00571   0.01268   0.00601   0.03024   0.14798   0.00898   0.03019   0.02448   0.01733   0.00141   0.00855   0.00886   0.00533   0.00265   0.09801   0.24495   0.09680   0.12421   0.00707   0.10647   0.11806   3.62658   1.48797   0.14768   0.09159   2.67182  
 29 15048.2703  10692.137881  x:  0.31659   0.13740   0.09476   0.00480   0.06760   0.04743   0.05530   0.06821   0.07018   0.02331   0.00369   0.00246   0.00896   0.03002   0.01452   0.00000   0.01204   0.00727   0.00709   0.00432   0.00152   0.00566   0.00975   0.00808   0.02645   0.14923   0.00566   0.02544   0.02221   0.01232   0.00146   0.00819   0.00920   0.00527   0.00268   0.10730   0.23513   0.09683   0.12086   0.00733   0.10361   0.11595   3.78274   1.56492   0.17972   0.09610   2.63221  
 30 2828.1878  10689.623903  x:  0.30733   0.13953   0.09658   0.00481   0.06923   0.04124   0.05053   0.06680   0.07355   0.02182   0.00367   0.00244   0.00874   0.03103   0.01256   0.00000   0.01191   0.00729   0.00700   0.00428   0.00153   0.00559   0.01027   0.00727   0.02511   0.15181   0.01119   0.02327   0.02052   0.01390   0.00143   0.00820   0.00861   0.00527   0.00268   0.11376   0.22744   0.09479   0.11817   0.00767   0.10249   0.11326   3.89174   1.61851   0.20250   0.09906   2.60446  
 31 5276.5769  10687.797095  x:  0.29952   0.14303   0.09917   0.00480   0.06907   0.04043   0.04652   0.06605   0.07586   0.02038   0.00365   0.00243   0.00897   0.02692   0.01181   0.00000   0.01154   0.00721   0.00694   0.00426   0.00150   0.00552   0.01007   0.00724   0.02485   0.15613   0.00788   0.02650   0.02087   0.01869   0.00135   0.00820   0.00859   0.00529   0.00267   0.11672   0.22101   0.08938   0.11613   0.00794   0.10365   0.10924   3.96520   1.65437   0.21875   0.09999   2.58551  
 32 1871.2527  10686.410206  x:  0.29252   0.14713   0.10175   0.00486   0.06743   0.04362   0.04513   0.06542   0.07665   0.02135   0.00365   0.00243   0.00882   0.02330   0.01358   0.00000   0.01179   0.00722   0.00701   0.00426   0.00151   0.00555   0.01035   0.00720   0.02607   0.16129   0.00916   0.02857   0.02239   0.01495   0.00140   0.00821   0.00864   0.00525   0.00266   0.11701   0.21556   0.08221   0.11482   0.00800   0.10603   0.10477   4.01994   1.68084   0.23182   0.09943   2.57113  
 33 1375.7278  10685.699577  x:  0.28780   0.15079   0.10310   0.00475   0.06534   0.04641   0.04804   0.06503   0.07544   0.02087   0.00364   0.00243   0.00908   0.02678   0.01330   0.00000   0.01189   0.00720   0.00703   0.00425   0.00152   0.00551   0.01042   0.00728   0.02722   0.16539   0.00878   0.02605   0.02194   0.01603   0.00139   0.00819   0.00870   0.00526   0.00264   0.11502   0.21266   0.07670   0.11491   0.00810   0.10830   0.10202   4.04872   1.69437   0.24007   0.09829   2.56318  
 34 556.8864  10685.466000  x:  0.28500   0.15457   0.10275   0.00473   0.06560   0.04351   0.05115   0.06553   0.07362   0.02089   0.00365   0.00243   0.00911   0.02602   0.01348   0.00000   0.01192   0.00721   0.00705   0.00426   0.00152   0.00551   0.01046   0.00729   0.02741   0.16775   0.00875   0.02670   0.02211   0.01587   0.00139   0.00820   0.00873   0.00526   0.00263   0.11243   0.21284   0.07653   0.11671   0.00804   0.10905   0.10302   4.05782   1.69778   0.24573   0.09834   2.55980  
 35 102.7647  10685.174465  x:  0.28059   0.16156   0.10144   0.00475   0.06749   0.04528   0.04894   0.06666   0.07259   0.02103   0.00366   0.00244   0.00911   0.02641   0.01336   0.00000   0.01193   0.00723   0.00707   0.00427   0.00152   0.00553   0.01046   0.00730   0.02736   0.17060   0.00881   0.02637   0.02205   0.01596   0.00139   0.00822   0.00874   0.00528   0.00264   0.10800   0.21484   0.07920   0.11959   0.00789   0.10903   0.10605   4.06875   1.70047   0.25747   0.09901   2.55434  
 36 97.2323  10684.798527  x:  0.27738   0.16704   0.10093   0.00475   0.06375   0.04544   0.04997   0.06524   0.07798   0.02118   0.00366   0.00244   0.00909   0.02700   0.01342   0.00000   0.01196   0.00724   0.00708   0.00428   0.00153   0.00553   0.01051   0.00731   0.02677   0.16906   0.00890   0.02748   0.02179   0.01590   0.00139   0.00821   0.00878   0.00529   0.00264   0.10436   0.21900   0.08155   0.11727   0.00791   0.10692   0.10574   4.08159   1.70016   0.28359   0.09774   2.54444  
 37 64.9877  10684.364289  x:  0.27606   0.16968   0.10169   0.00474   0.06519   0.04537   0.05057   0.06441   0.07846   0.02094   0.00367   0.00245   0.00917   0.02468   0.01379   0.00000   0.01198   0.00725   0.00709   0.00429   0.00153   0.00556   0.01055   0.00729   0.02703   0.16641   0.00867   0.02392   0.02368   0.01642   0.00137   0.00828   0.00887   0.00529   0.00264   0.10334   0.22251   0.08141   0.11497   0.00792   0.10629   0.10473   4.09549   1.69853   0.31690   0.09562   2.53226  
 38 201.2444  10682.970977  x:  0.27475   0.17407   0.10538   0.00468   0.07323   0.04532   0.05068   0.06378   0.07448   0.02108   0.00371   0.00247   0.00930   0.02744   0.01391   0.00000   0.01228   0.00734   0.00715   0.00431   0.00155   0.00565   0.01061   0.00747   0.02870   0.15898   0.00909   0.02762   0.02251   0.01617   0.00141   0.00833   0.00892   0.00529   0.00266   0.10440   0.23124   0.07812   0.11064   0.00798   0.10721   0.10237   4.14113   1.69217   0.43129   0.08898   2.49072  
 39 648.4874  10680.636675  x:  0.28076   0.17271   0.10981   0.00481   0.06579   0.04680   0.05058   0.07119   0.07347   0.02211   0.00380   0.00252   0.00893   0.02687   0.01310   0.00000   0.01201   0.00755   0.00710   0.00437   0.00157   0.00593   0.01042   0.00738   0.02677   0.16058   0.00946   0.02702   0.02220   0.01640   0.00144   0.00857   0.00869   0.00532   0.00278   0.11610   0.23596   0.07590   0.12076   0.00773   0.11423   0.10834   4.21437   1.68139   0.62358   0.08475   2.42086  
 40 608.3246  10679.585120  x:  0.28876   0.16621   0.10560   0.00485   0.07090   0.04716   0.05212   0.06653   0.08000   0.02211   0.00385   0.00255   0.00907   0.02736   0.01366   0.00000   0.01226   0.00764   0.00717   0.00441   0.00159   0.00602   0.01058   0.00747   0.02794   0.17208   0.00926   0.02707   0.02307   0.01666   0.00146   0.00867   0.00886   0.00533   0.00280   0.11415   0.22993   0.07827   0.12527   0.00753   0.11480   0.10891   4.24665   1.67834   0.71332   0.07997   2.38740  
 41 380.2439  10679.352510  x:  0.29321   0.16674   0.10767   0.00483   0.07033   0.04725   0.05220   0.06952   0.07809   0.02222   0.00385   0.00255   0.00907   0.02749   0.01362   0.00000   0.01228   0.00765   0.00717   0.00442   0.00159   0.00604   0.01059   0.00747   0.02811   0.17580   0.00924   0.02701   0.02302   0.01666   0.00146   0.00868   0.00885   0.00533   0.00280   0.11208   0.22468   0.08216   0.12091   0.00759   0.11259   0.10850   4.25187   1.68037   0.73328   0.07924   2.37871  
 42 89.6586  10679.195629  x:  0.29791   0.17139   0.10820   0.00482   0.07053   0.04735   0.05232   0.06778   0.07874   0.02226   0.00386   0.00255   0.00906   0.02750   0.01364   0.00000   0.01228   0.00766   0.00718   0.00442   0.00159   0.00605   0.01059   0.00747   0.02804   0.17202   0.00931   0.02689   0.02307   0.01668   0.00146   0.00869   0.00886   0.00533   0.00281   0.11093   0.21794   0.08220   0.12068   0.00753   0.11450   0.11104   4.25042   1.68960   0.74682   0.07922   2.36915  
 43 29.0273  10678.799842  x:  0.30091   0.17500   0.10650   0.00484   0.07062   0.04723   0.05216   0.06967   0.07852   0.02221   0.00386   0.00255   0.00908   0.02748   0.01366   0.00000   0.01230   0.00766   0.00717   0.00441   0.00159   0.00605   0.01057   0.00749   0.02808   0.16822   0.00936   0.02683   0.02306   0.01669   0.00146   0.00869   0.00886   0.00533   0.00280   0.11068   0.21390   0.08277   0.12694   0.00761   0.11048   0.10383   4.23784   1.72668   0.78089   0.07891   2.33838  
 44 45.3640  10669.550361  x:  0.29840   0.16478   0.08914   0.00460   0.06894   0.04729   0.05221   0.07436   0.07581   0.02239   0.00383   0.00251   0.00874   0.02678   0.01301   0.00000   0.01195   0.00758   0.00701   0.00430   0.00153   0.00599   0.01009   0.00761   0.02644   0.17272   0.00938   0.02553   0.02212   0.01657   0.00140   0.00858   0.00872   0.00524   0.00261   0.10875   0.21631   0.07406   0.11342   0.00813   0.12000   0.10621   3.86287   2.77539   1.68398   0.08714   1.48980  
 45 255.3473  10668.228731  x:  0.29686   0.16028   0.10725   0.00441   0.06912   0.04781   0.05254   0.06659   0.07590   0.02242   0.00383   0.00251   0.00879   0.02686   0.01316   0.00000   0.01200   0.00758   0.00703   0.00431   0.00153   0.00598   0.01013   0.00768   0.02654   0.17376   0.00930   0.02545   0.02229   0.01665   0.00139   0.00858   0.00881   0.00525   0.00257   0.10506   0.21740   0.07452   0.11909   0.00805   0.11443   0.10974   3.81380   2.91302   1.80202   0.08860   1.37823  
 46 955.8570  10668.212446  x:  0.29677   0.16025   0.10772   0.00441   0.06912   0.04783   0.05259   0.06620   0.07585   0.02244   0.00384   0.00251   0.00879   0.02688   0.01315   0.00000   0.01199   0.00758   0.00703   0.00431   0.00153   0.00598   0.01013   0.00768   0.02653   0.17375   0.00930   0.02544   0.02228   0.01665   0.00139   0.00858   0.00881   0.00526   0.00257   0.10508   0.21752   0.07588   0.11918   0.00803   0.11607   0.10870   3.81415   2.91304   1.80192   0.08872   1.37622  
 47  2.9741  10663.160579  x:  0.29514   0.15499   0.10531   0.00393   0.06807   0.04851   0.05274   0.06288   0.07215   0.02298   0.00380   0.00248   0.00811   0.02590   0.01193   0.00000   0.01128   0.00749   0.00680   0.00417   0.00145   0.00597   0.00946   0.00779   0.02407   0.17124   0.00967   0.02533   0.02152   0.01651   0.00130   0.00851   0.00847   0.00518   0.00235   0.09597   0.21010   0.07411   0.11878   0.00878   0.11433   0.10562   3.90951   2.85301   1.73203   0.09106   1.00000  
 48 10.1958  10658.285457  x:  0.29801   0.14385   0.09672   0.00267   0.06479   0.05017   0.05275   0.05780   0.06376   0.02417   0.00373   0.00243   0.00642   0.02372   0.00965   0.00000   0.00973   0.00738   0.00612   0.00374   0.00117   0.00623   0.00703   0.00747   0.02124   0.15971   0.01067   0.02638   0.02021   0.01625   0.00105   0.00856   0.00722   0.00480   0.00160   0.07530   0.21269   0.07071   0.11800   0.01060   0.10958   0.09842   4.19773   2.68905   1.52258   0.09830   1.00000  
 49  0.4927  10658.284345  x:  0.29801   0.14384   0.09671   0.00267   0.06479   0.05017   0.05275   0.05780   0.06375   0.02417   0.00373   0.00243   0.00642   0.02372   0.00965   0.00006   0.00973   0.00738   0.00612   0.00374   0.00117   0.00623   0.00703   0.00747   0.02124   0.15969   0.01067   0.02638   0.02021   0.01625   0.00105   0.00856   0.00721   0.00480   0.00160   0.07528   0.21269   0.07070   0.11800   0.01060   0.10958   0.09841   4.19800   2.68890   1.52239   0.09831   1.00000  
 50 247.9634  10657.829788  x:  0.29922   0.14199   0.09660   0.00280   0.06439   0.05136   0.05319   0.05775   0.06411   0.02480   0.00377   0.00247   0.00703   0.02378   0.01054   0.00011   0.00995   0.00746   0.00623   0.00373   0.00114   0.00625   0.00787   0.00748   0.02134   0.15824   0.01112   0.02649   0.02038   0.01651   0.00110   0.00851   0.00757   0.00479   0.00151   0.08140   0.20900   0.07240   0.11878   0.01065   0.10953   0.09919   4.33230   2.83731   1.69457   0.10024   1.00000  
 51  0.2114  10657.568719  x:  0.30122   0.14495   0.09764   0.00265   0.06485   0.05142   0.05297   0.05881   0.06532   0.02513   0.00378   0.00247   0.00673   0.02408   0.00986   0.00018   0.01018   0.00746   0.00619   0.00365   0.00104   0.00622   0.00726   0.00733   0.02204   0.15957   0.01120   0.02664   0.02044   0.01634   0.00111   0.00857   0.00759   0.00470   0.00128   0.07894   0.21375   0.07246   0.11881   0.01101   0.11020   0.09961   4.41028   3.19433   2.04301   0.10116   1.00000  
 52  0.3185  10657.323679  x:  0.29853   0.14349   0.09655   0.00277   0.06517   0.05072   0.05291   0.05777   0.06357   0.02484   0.00373   0.00244   0.00675   0.02389   0.01056   0.00024   0.00960   0.00740   0.00627   0.00378   0.00094   0.00603   0.00752   0.00766   0.02068   0.15966   0.01111   0.02624   0.02020   0.01647   0.00119   0.00851   0.00726   0.00482   0.00135   0.07654   0.20933   0.07190   0.11804   0.01138   0.10971   0.09879   4.38550   3.69750   2.53136   0.10208   1.00000  
 53  0.3025  10657.187545  x:  0.29808   0.14243   0.09611   0.00287   0.06473   0.05073   0.05309   0.05771   0.06382   0.02458   0.00375   0.00245   0.00669   0.02366   0.00963   0.00035   0.00997   0.00742   0.00617   0.00377   0.00085   0.00612   0.00745   0.00751   0.02144   0.15870   0.01098   0.02632   0.02021   0.01639   0.00126   0.00849   0.00752   0.00483   0.00148   0.07996   0.20969   0.07136   0.11833   0.01156   0.10958   0.09865   4.34754   4.13182   2.96997   0.10255   1.00000  
 54  0.4497  10657.124659  x:  0.29947   0.14378   0.09650   0.00287   0.06459   0.05097   0.05303   0.05838   0.06479   0.02472   0.00377   0.00245   0.00684   0.02392   0.01035   0.00047   0.01001   0.00745   0.00618   0.00371   0.00075   0.00627   0.00740   0.00738   0.02158   0.15868   0.01099   0.02653   0.02034   0.01638   0.00129   0.00853   0.00750   0.00475   0.00147   0.07878   0.21226   0.07146   0.11847   0.01163   0.10982   0.09887   4.33968   4.56723   3.40909   0.10330   1.00000  
 55  0.4436  10657.082504  x:  0.29927   0.14392   0.09662   0.00271   0.06480   0.05125   0.05305   0.05832   0.06432   0.02494   0.00376   0.00246   0.00669   0.02394   0.00993   0.00060   0.00979   0.00745   0.00619   0.00364   0.00062   0.00628   0.00749   0.00744   0.02125   0.15922   0.01108   0.02647   0.02028   0.01634   0.00129   0.00854   0.00737   0.00466   0.00137   0.07821   0.21023   0.07211   0.11822   0.01170   0.10977   0.09911   4.35079   5.10412   3.94322   0.10343   1.00000  
 56  0.4252  10657.056364  x:  0.29854   0.14292   0.09645   0.00272   0.06486   0.05107   0.05295   0.05776   0.06383   0.02488   0.00375   0.00246   0.00679   0.02381   0.01006   0.00072   0.01001   0.00742   0.00621   0.00374   0.00048   0.00615   0.00739   0.00757   0.02137   0.15917   0.01107   0.02644   0.02021   0.01640   0.00130   0.00849   0.00760   0.00477   0.00141   0.07854   0.21131   0.07133   0.11827   0.01156   0.10974   0.09872   4.34868   5.69947   4.53397   0.10384   1.00000  
 57  0.4719  10657.040591  x:  0.29866   0.14348   0.09637   0.00269   0.06473   0.05098   0.05304   0.05818   0.06447   0.02477   0.00376   0.00245   0.00674   0.02382   0.01012   0.00084   0.00989   0.00744   0.00618   0.00373   0.00036   0.00617   0.00745   0.00745   0.02145   0.15880   0.01104   0.02642   0.02028   0.01639   0.00129   0.00852   0.00735   0.00479   0.00145   0.07910   0.21117   0.07138   0.11846   0.01135   0.10975   0.09882   4.34717   6.22692   5.06382   0.10360   1.00000  
 58  0.4626  10657.033698  x:  0.29899   0.14367   0.09647   0.00266   0.06471   0.05099   0.05304   0.05826   0.06436   0.02479   0.00376   0.00246   0.00677   0.02390   0.01004   0.00095   0.00993   0.00743   0.00620   0.00370   0.00025   0.00620   0.00747   0.00742   0.02135   0.15886   0.01106   0.02645   0.02030   0.01638   0.00127   0.00851   0.00754   0.00475   0.00144   0.07843   0.21087   0.07173   0.11837   0.01116   0.10977   0.09893   4.34980   6.70690   5.54395   0.10364   1.00000  
 59  0.4601  10657.030893  x:  0.29889   0.14335   0.09649   0.00264   0.06476   0.05103   0.05303   0.05805   0.06414   0.02480   0.00376   0.00246   0.00675   0.02386   0.01006   0.00101   0.00992   0.00744   0.00620   0.00370   0.00019   0.00621   0.00742   0.00749   0.02138   0.15896   0.01106   0.02647   0.02024   0.01639   0.00125   0.00852   0.00745   0.00473   0.00143   0.07862   0.21118   0.07165   0.11835   0.01106   0.10975   0.09891   4.35122   7.07222   5.90759   0.10376   1.00000  
 60  0.3936  10657.029051  x:  0.29864   0.14343   0.09638   0.00267   0.06477   0.05102   0.05300   0.05810   0.06433   0.02481   0.00375   0.00246   0.00674   0.02383   0.01007   0.00104   0.00994   0.00743   0.00618   0.00372   0.00015   0.00619   0.00747   0.00748   0.02139   0.15892   0.01104   0.02642   0.02028   0.01638   0.00123   0.00852   0.00746   0.00478   0.00144   0.07864   0.21097   0.07141   0.11843   0.01101   0.10979   0.09880   4.34926   7.46475   6.30076   0.10380   1.00000  
 61  0.2302  10657.026463  x:  0.29883   0.14355   0.09645   0.00273   0.06471   0.05103   0.05302   0.05819   0.06423   0.02482   0.00376   0.00245   0.00678   0.02387   0.01006   0.00103   0.00989   0.00743   0.00620   0.00371   0.00017   0.00619   0.00742   0.00744   0.02133   0.15886   0.01105   0.02645   0.02027   0.01639   0.00118   0.00852   0.00748   0.00477   0.00142   0.07877   0.21110   0.07167   0.11838   0.01109   0.10972   0.09891   4.34735   7.94086   6.77715   0.10373   1.00000  
 62  0.2121  10657.025342  x:  0.29890   0.14341   0.09647   0.00275   0.06474   0.05103   0.05302   0.05810   0.06424   0.02481   0.00376   0.00246   0.00675   0.02387   0.01006   0.00099   0.00993   0.00744   0.00620   0.00371   0.00021   0.00620   0.00746   0.00747   0.02143   0.15893   0.01105   0.02646   0.02027   0.01639   0.00116   0.00853   0.00746   0.00476   0.00141   0.07857   0.21110   0.07165   0.11835   0.01120   0.10974   0.09891   4.34901   8.09057   6.92651   0.10376   1.00000  
 63  0.1649  10657.024822  x:  0.29880   0.14342   0.09644   0.00276   0.06477   0.05102   0.05300   0.05811   0.06429   0.02481   0.00375   0.00246   0.00675   0.02385   0.01007   0.00094   0.00993   0.00744   0.00619   0.00371   0.00026   0.00620   0.00743   0.00748   0.02134   0.15893   0.01106   0.02645   0.02028   0.01639   0.00115   0.00853   0.00747   0.00477   0.00142   0.07864   0.21106   0.07149   0.11837   0.01127   0.10978   0.09883   4.35062   8.12085   6.95677   0.10378   1.00000  
 64  0.0260  10657.023722  x:  0.29873   0.14353   0.09643   0.00276   0.06476   0.05099   0.05299   0.05813   0.06418   0.02477   0.00375   0.00246   0.00680   0.02384   0.01005   0.00080   0.00988   0.00743   0.00620   0.00371   0.00040   0.00620   0.00747   0.00746   0.02141   0.15892   0.01105   0.02644   0.02025   0.01638   0.00117   0.00853   0.00746   0.00477   0.00144   0.07865   0.21117   0.07149   0.11837   0.01131   0.10973   0.09882   4.35066   8.22318   7.05900   0.10380   1.00000  
 65  0.0356  10657.022195  x:  0.29881   0.14339   0.09645   0.00273   0.06473   0.05100   0.05301   0.05811   0.06424   0.02478   0.00376   0.00245   0.00673   0.02387   0.01008   0.00065   0.00993   0.00743   0.00620   0.00371   0.00056   0.00620   0.00743   0.00745   0.02138   0.15890   0.01104   0.02644   0.02028   0.01639   0.00119   0.00853   0.00746   0.00476   0.00144   0.07867   0.21099   0.07168   0.11836   0.01124   0.10970   0.09891   4.34994   8.58829   7.42415   0.10377   1.00000  
 66  0.2605  10657.021575  x:  0.29887   0.14340   0.09645   0.00271   0.06474   0.05104   0.05303   0.05811   0.06428   0.02482   0.00376   0.00245   0.00677   0.02385   0.01005   0.00061   0.00992   0.00744   0.00619   0.00371   0.00060   0.00620   0.00744   0.00747   0.02135   0.15889   0.01105   0.02646   0.02027   0.01639   0.00118   0.00852   0.00746   0.00476   0.00142   0.07860   0.21114   0.07158   0.11837   0.01116   0.10976   0.09888   4.34984   8.97160   7.80726   0.10380   1.00000  
 67  0.4135  10657.021412  x:  0.29879   0.14346   0.09644   0.00272   0.06475   0.05103   0.05301   0.05812   0.06423   0.02481   0.00375   0.00246   0.00675   0.02386   0.01007   0.00061   0.00991   0.00743   0.00619   0.00371   0.00060   0.00620   0.00743   0.00747   0.02140   0.15892   0.01105   0.02645   0.02027   0.01639   0.00117   0.00853   0.00747   0.00476   0.00142   0.07862   0.21106   0.07154   0.11837   0.01115   0.10976   0.09885   4.34983   9.22258   8.05837   0.10381   1.00000  
 68  0.2651  10657.021225  x:  0.29875   0.14342   0.09644   0.00274   0.06475   0.05101   0.05301   0.05810   0.06425   0.02479   0.00375   0.00246   0.00675   0.02386   0.01006   0.00061   0.00993   0.00743   0.00620   0.00372   0.00060   0.00619   0.00745   0.00746   0.02135   0.15893   0.01106   0.02645   0.02027   0.01639   0.00117   0.00853   0.00746   0.00477   0.00142   0.07866   0.21111   0.07158   0.11838   0.01115   0.10972   0.09887   4.34938   9.67882   8.51435   0.10383   1.00000  
 69  0.2122  10657.020896  x:  0.29885   0.14339   0.09644   0.00274   0.06473   0.05101   0.05301   0.05811   0.06428   0.02479   0.00376   0.00246   0.00677   0.02385   0.01006   0.00063   0.00991   0.00744   0.00618   0.00371   0.00057   0.00620   0.00742   0.00747   0.02139   0.15889   0.01106   0.02645   0.02027   0.01639   0.00119   0.00852   0.00746   0.00476   0.00143   0.07859   0.21101   0.07162   0.11837   0.01116   0.10976   0.09889   4.35009  10.46933   9.30520   0.10379   1.00000  
 70  0.3470  10657.020720  x:  0.29885   0.14345   0.09645   0.00273   0.06475   0.05102   0.05301   0.05812   0.06423   0.02481   0.00376   0.00246   0.00674   0.02386   0.01006   0.00065   0.00991   0.00744   0.00619   0.00371   0.00055   0.00620   0.00744   0.00747   0.02137   0.15889   0.01106   0.02646   0.02027   0.01639   0.00119   0.00852   0.00747   0.00476   0.00142   0.07862   0.21113   0.07155   0.11837   0.01118   0.10977   0.09886   4.35026  11.04167   9.87744   0.10379   1.00000  
 71  0.5706  10657.020661  x:  0.29879   0.14344   0.09644   0.00272   0.06476   0.05102   0.05301   0.05811   0.06425   0.02481   0.00375   0.00246   0.00676   0.02386   0.01006   0.00066   0.00992   0.00744   0.00620   0.00371   0.00055   0.00620   0.00744   0.00746   0.02138   0.15893   0.01105   0.02645   0.02027   0.01639   0.00119   0.00853   0.00746   0.00476   0.00142   0.07863   0.21107   0.07156   0.11837   0.01119   0.10974   0.09886   4.34981  11.53971  10.37543   0.10380   1.00000  
 72  0.4830  10657.020626  x:  0.29881   0.14342   0.09644   0.00272   0.06475   0.05102   0.05302   0.05811   0.06426   0.02481   0.00376   0.00246   0.00675   0.02385   0.01007   0.00065   0.00991   0.00743   0.00619   0.00371   0.00055   0.00620   0.00744   0.00747   0.02138   0.15892   0.01105   0.02645   0.02027   0.01639   0.00119   0.00852   0.00747   0.00476   0.00142   0.07864   0.21109   0.07158   0.11837   0.01120   0.10974   0.09888   4.34943  12.22305  11.05881   0.10380   1.00000  
 73  0.4608  10657.020602  x:  0.29883   0.14345   0.09645   0.00272   0.06475   0.05102   0.05301   0.05812   0.06424   0.02481   0.00376   0.00246   0.00676   0.02386   0.01006   0.00065   0.00992   0.00744   0.00619   0.00371   0.00055   0.00620   0.00744   0.00747   0.02138   0.15890   0.01105   0.02645   0.02027   0.01639   0.00119   0.00852   0.00746   0.00476   0.00142   0.07862   0.21108   0.07156   0.11837   0.01119   0.10976   0.09886   4.34976  12.98973  11.82558   0.10379   1.00000  
 74  0.5046  10657.020592  x:  0.29881   0.14343   0.09644   0.00272   0.06475   0.05102   0.05301   0.05811   0.06425   0.02480   0.00375   0.00246   0.00675   0.02386   0.01006   0.00065   0.00991   0.00744   0.00620   0.00371   0.00055   0.00620   0.00744   0.00747   0.02138   0.15892   0.01105   0.02645   0.02027   0.01639   0.00119   0.00853   0.00746   0.00476   0.00142   0.07863   0.21109   0.07156   0.11837   0.01119   0.10975   0.09886   4.34986  13.64916  12.48487   0.10380   1.00000  
 75  0.5186  10657.020587  x:  0.29881   0.14344   0.09644   0.00272   0.06475   0.05102   0.05301   0.05812   0.06425   0.02481   0.00376   0.00246   0.00675   0.02386   0.01006   0.00065   0.00992   0.00744   0.00619   0.00371   0.00055   0.00620   0.00744   0.00747   0.02138   0.15891   0.01105   0.02645   0.02027   0.01639   0.00119   0.00853   0.00746   0.00476   0.00143   0.07863   0.21108   0.07157   0.11837   0.01119   0.10975   0.09887   4.34981  14.41518  13.25094   0.10380   1.00000  
 76  0.5064  10657.020584  x:  0.29882   0.14343   0.09645   0.00272   0.06475   0.05102   0.05301   0.05811   0.06425   0.02481   0.00376   0.00246   0.00675   0.02386   0.01006   0.00065   0.00992   0.00744   0.00619   0.00371   0.00055   0.00620   0.00744   0.00747   0.02138   0.15891   0.01105   0.02645   0.02027   0.01639   0.00119   0.00852   0.00746   0.00476   0.00142   0.07863   0.21109   0.07156   0.11837   0.01119   0.10976   0.09887   4.34980  15.27609  14.11188   0.10380   1.00000  
 77  0.5631  10657.020583  x:  0.29881   0.14343   0.09644   0.00272   0.06475   0.05102   0.05301   0.05811   0.06425   0.02481   0.00376   0.00246   0.00675   0.02386   0.01006   0.00065   0.00992   0.00744   0.00619   0.00371   0.00055   0.00620   0.00744   0.00747   0.02138   0.15892   0.01105   0.02645   0.02027   0.01639   0.00119   0.00853   0.00746   0.00476   0.00142   0.07863   0.21109   0.07157   0.11837   0.01119   0.10975   0.09887   4.34979  15.78949  14.62524   0.10380   1.00000  
 78  0.3990  10657.020582  x:  0.29881   0.14344   0.09644   0.00272   0.06475   0.05102   0.05301   0.05811   0.06425   0.02480   0.00376   0.00246   0.00675   0.02386   0.01006   0.00065   0.00992   0.00744   0.00619   0.00371   0.00055   0.00620   0.00744   0.00747   0.02138   0.15891   0.01105   0.02645   0.02027   0.01639   0.00119   0.00853   0.00746   0.00476   0.00142   0.07863   0.21109   0.07157   0.11837   0.01119   0.10975   0.09887   4.34978  17.84299  16.67876   0.10380   1.00000  
 79  0.6834  10657.020582  x:  0.29881   0.14343   0.09644   0.00272   0.06475   0.05102   0.05301   0.05811   0.06425   0.02481   0.00376   0.00246   0.00675   0.02386   0.01006   0.00065   0.00992   0.00744   0.00619   0.00371   0.00055   0.00620   0.00744   0.00747   0.02138   0.15891   0.01105   0.02645   0.02027   0.01639   0.00119   0.00853   0.00746   0.00476   0.00142   0.07863   0.21109   0.07157   0.11837   0.01119   0.10975   0.09887   4.34979  17.59336  16.42913   0.10380   1.00000  
 80  0.3984  10657.020582  x:  0.29881   0.14343   0.09644   0.00272   0.06475   0.05102   0.05301   0.05811   0.06425   0.02481   0.00376   0.00246   0.00675   0.02386   0.01006   0.00065   0.00992   0.00744   0.00619   0.00371   0.00055   0.00620   0.00744   0.00747   0.02138   0.15891   0.01105   0.02645   0.02027   0.01639   0.00119   0.00853   0.00746   0.00476   0.00142   0.07863   0.21109   0.07157   0.11837   0.01119   0.10975   0.09887   4.34979  17.59336  16.42913   0.10380   1.00000  
 81  0.2301  10657.020582  x:  0.29881   0.14343   0.09644   0.00272   0.06475   0.05102   0.05301   0.05811   0.06425   0.02481   0.00376   0.00246   0.00675   0.02386   0.01006   0.00065   0.00992   0.00744   0.00619   0.00371   0.00055   0.00620   0.00744   0.00747   0.02138   0.15891   0.01105   0.02645   0.02027   0.01639   0.00119   0.00853   0.00746   0.00476   0.00142   0.07863   0.21109   0.07157   0.11837   0.01119   0.10975   0.09887   4.34979  17.59336  16.42913   0.10380   1.00000  
 82  0.0748  10657.020582  x:  0.29881   0.14343   0.09644   0.00272   0.06475   0.05102   0.05301   0.05811   0.06425   0.02481   0.00376   0.00246   0.00675   0.02386   0.01006   0.00065   0.00992   0.00744   0.00619   0.00371   0.00055   0.00620   0.00744   0.00747   0.02138   0.15891   0.01105   0.02645   0.02027   0.01639   0.00119   0.00853   0.00746   0.00476   0.00142   0.07863   0.21109   0.07157   0.11837   0.01119   0.10975   0.09887   4.34979  17.59336  16.42913   0.10380   1.00000  
 83  0.0364  10657.020582  x:  0.29881   0.14343   0.09644   0.00272   0.06475   0.05102   0.05301   0.05811   0.06425   0.02481   0.00376   0.00246   0.00675   0.02386   0.01006   0.00065   0.00992   0.00744   0.00619   0.00371   0.00055   0.00620   0.00744   0.00747   0.02138   0.15891   0.01105   0.02645   0.02027   0.01639   0.00119   0.00853   0.00746   0.00476   0.00142   0.07863   0.21109   0.07157   0.11837   0.01119   0.10975   0.09887   4.34979  17.59336  16.42913   0.10380   1.00000  
 84  0.0603  10657.020582  x:  0.29881   0.14343   0.09644   0.00272   0.06475   0.05102   0.05301   0.05811   0.06425   0.02481   0.00376   0.00246   0.00675   0.02386   0.01006   0.00065   0.00992   0.00744   0.00619   0.00371   0.00055   0.00620   0.00744   0.00747   0.02138   0.15891   0.01105   0.02645   0.02027   0.01639   0.00119   0.00853   0.00746   0.00476   0.00142   0.07863   0.21109   0.07157   0.11837   0.01119   0.10975   0.09887   4.34979  17.59336  16.42913   0.10380   1.00000  
 85  0.0107  10657.020582  x:  0.29881   0.14343   0.09644   0.00272   0.06475   0.05102   0.05301   0.05811   0.06425   0.02481   0.00376   0.00246   0.00675   0.02386   0.01006   0.00065   0.00992   0.00744   0.00619   0.00371   0.00055   0.00620   0.00744   0.00747   0.02138   0.15891   0.01105   0.02645   0.02027   0.01639   0.00119   0.00853   0.00746   0.00476   0.00142   0.07863   0.21109   0.07157   0.11837   0.01119   0.10975   0.09887   4.34979  17.59336  16.42913   0.10380   1.00000  
 86  0.0305  10657.020582  x:  0.29881   0.14343   0.09644   0.00272   0.06475   0.05102   0.05301   0.05811   0.06425   0.02481   0.00376   0.00246   0.00675   0.02386   0.01006   0.00065   0.00992   0.00744   0.00619   0.00371   0.00055   0.00620   0.00744   0.00747   0.02138   0.15891   0.01105   0.02645   0.02027   0.01639   0.00119   0.00853   0.00746   0.00476   0.00142   0.07863   0.21109   0.07157   0.11837   0.01119   0.10975   0.09887   4.34979  17.59336  16.42913   0.10380   1.00000  
 87  0.0102  10657.020582  x:  0.29881   0.14343   0.09644   0.00272   0.06475   0.05102   0.05301   0.05811   0.06425   0.02481   0.00376   0.00246   0.00675   0.02386   0.01006   0.00065   0.00992   0.00744   0.00619   0.00371   0.00055   0.00620   0.00744   0.00747   0.02138   0.15891   0.01105   0.02645   0.02027   0.01639   0.00119   0.00853   0.00746   0.00476   0.00142   0.07863   0.21109   0.07157   0.11837   0.01119   0.10975   0.09887   4.34979  17.59336  16.42913   0.10380   1.00000  
 88  0.0067  10657.020582  x:  0.29881   0.14343   0.09644   0.00272   0.06475   0.05102   0.05301   0.05811   0.06425   0.02481   0.00376   0.00246   0.00675   0.02386   0.01006   0.00065   0.00992   0.00744   0.00619   0.00371   0.00055   0.00620   0.00744   0.00747   0.02138   0.15891   0.01105   0.02645   0.02027   0.01639   0.00119   0.00853   0.00746   0.00476   0.00142   0.07863   0.21109   0.07157   0.11837   0.01119   0.10975   0.09887   4.34979  17.59336  16.42913   0.10380   1.00000  
 89  0.0070  10657.020582  x:  0.29881   0.14343   0.09644   0.00272   0.06475   0.05102   0.05301   0.05811   0.06425   0.02481   0.00376   0.00246   0.00675   0.02386   0.01006   0.00065   0.00992   0.00744   0.00619   0.00371   0.00055   0.00620   0.00744   0.00747   0.02138   0.15891   0.01105   0.02645   0.02027   0.01639   0.00119   0.00853   0.00746   0.00476   0.00142   0.07863   0.21109   0.07157   0.11837   0.01119   0.10975   0.09887   4.34979  17.59336  16.42913   0.10380   1.00000  
 90  0.0122  10657.020582  x:  0.29881   0.14343   0.09644   0.00272   0.06475   0.05102   0.05301   0.05811   0.06425   0.02481   0.00376   0.00246   0.00675   0.02386   0.01006   0.00065   0.00992   0.00744   0.00619   0.00371   0.00055   0.00620   0.00744   0.00747   0.02138   0.15891   0.01105   0.02645   0.02027   0.01639   0.00119   0.00853   0.00746   0.00476   0.00142   0.07863   0.21109   0.07157   0.11837   0.01119   0.10975   0.09887   4.34979  17.59336  16.42913   0.10380   1.00000  
 91  0.0045  10657.020582  x:  0.29881   0.14343   0.09644   0.00272   0.06475   0.05102   0.05301   0.05811   0.06425   0.02481   0.00376   0.00246   0.00675   0.02386   0.01006   0.00065   0.00992   0.00744   0.00619   0.00371   0.00055   0.00620   0.00744   0.00747   0.02138   0.15891   0.01105   0.02645   0.02027   0.01639   0.00119   0.00853   0.00746   0.00476   0.00142   0.07863   0.21109   0.07157   0.11837   0.01119   0.10975   0.09887   4.34979  17.59336  16.42913   0.10380   1.00000  
 92  0.0033  10657.020582  x:  0.29881   0.14343   0.09644   0.00272   0.06475   0.05102   0.05301   0.05811   0.06425   0.02481   0.00376   0.00246   0.00675   0.02386   0.01006   0.00065   0.00992   0.00744   0.00619   0.00371   0.00055   0.00620   0.00744   0.00747   0.02138   0.15891   0.01105   0.02645   0.02027   0.01639   0.00119   0.00853   0.00746   0.00476   0.00142   0.07863   0.21109   0.07157   0.11837   0.01119   0.10975   0.09887   4.34979  17.59336  16.42913   0.10380   1.00000  
 93  0.0037  10657.020582  x:  0.29881   0.14343   0.09644   0.00272   0.06475   0.05102   0.05301   0.05811   0.06425   0.02481   0.00376   0.00246   0.00675   0.02386   0.01006   0.00065   0.00992   0.00744   0.00619   0.00371   0.00055   0.00620   0.00744   0.00747   0.02138   0.15891   0.01105   0.02645   0.02027   0.01639   0.00119   0.00853   0.00746   0.00476   0.00142   0.07863   0.21109   0.07157   0.11837   0.01119   0.10975   0.09887   4.34979  17.59336  16.42913   0.10380   1.00000  
 94  0.0039  10657.020582  x:  0.29881   0.14343   0.09644   0.00272   0.06475   0.05102   0.05301   0.05811   0.06425   0.02481   0.00376   0.00246   0.00675   0.02386   0.01006   0.00065   0.00992   0.00744   0.00619   0.00371   0.00055   0.00620   0.00744   0.00747   0.02138   0.15891   0.01105   0.02645   0.02027   0.01639   0.00119   0.00853   0.00746   0.00476   0.00142   0.07863   0.21109   0.07157   0.11837   0.01119   0.10975   0.09887   4.34979  17.59336  16.42913   0.10380   1.00000  
 95  0.0170  10657.020582  x:  0.29881   0.14343   0.09644   0.00272   0.06475   0.05102   0.05301   0.05811   0.06425   0.02481   0.00376   0.00246   0.00675   0.02386   0.01006   0.00065   0.00992   0.00744   0.00619   0.00371   0.00055   0.00620   0.00744   0.00747   0.02138   0.15891   0.01105   0.02645   0.02027   0.01639   0.00119   0.00853   0.00746   0.00476   0.00142   0.07863   0.21109   0.07157   0.11837   0.01119   0.10975   0.09887   4.34979  17.59336  16.42913   0.10380   1.00000  
check convergence!
