

TREE # 1

  0  0.0000  13454.116660  x:  0.36826   0.07062   0.00720   0.13921   0.12976   0.10564   0.17512   0.07302   0.07041   0.01860   0.03711   0.00956   0.01947   0.01673   0.00903   0.01422   0.02413   0.01472   0.01167   0.01334   0.06697   0.30034   0.00000   0.03920   0.06707   0.03865   0.03363   0.00938   0.02524   0.01451   0.00507   0.01040   0.12469   0.00873   0.10201   0.08664   0.06768   3.00000   1.39835   0.16116   0.29812   2.50136  
  1 99.0000  13421.647459  x:  0.36977   0.07644   0.01351   0.14189   0.12999   0.10643   0.17856   0.07616   0.07062   0.02357   0.03598   0.01113   0.02062   0.01781   0.00487   0.00671   0.02110   0.01386   0.00613   0.00988   0.06663   0.30214   0.00608   0.04136   0.06827   0.03816   0.03223   0.00893   0.02087   0.01578   0.00000   0.00886   0.12727   0.01365   0.10248   0.08804   0.06961   3.00106   1.39919   0.16034   0.28508   2.50135  
  2 1982.4722  13402.593166  x:  0.37099   0.08115   0.01857   0.14406   0.13017   0.10708   0.18135   0.07870   0.07078   0.02757   0.03506   0.01239   0.02154   0.01867   0.00157   0.00064   0.01866   0.01317   0.00169   0.00710   0.06634   0.30359   0.01086   0.04311   0.06924   0.03776   0.03110   0.00858   0.01735   0.01681   0.00050   0.00766   0.12936   0.01759   0.10286   0.08917   0.07116   3.00192   1.39987   0.15967   0.27450   2.50134  
  3 34039.0502  13394.884459  x:  0.37152   0.08306   0.02021   0.14496   0.13023   0.10731   0.18252   0.07975   0.07083   0.02888   0.03467   0.01274   0.02192   0.01896   0.00291   0.00000   0.01783   0.01303   0.00266   0.00654   0.06614   0.30422   0.01170   0.04378   0.06964   0.03762   0.03068   0.00853   0.01607   0.01711   0.00057   0.00750   0.13023   0.01876   0.10301   0.08963   0.07175   3.00230   1.40017   0.15938   0.26985   2.50134  
  4 4463.5843  13355.348236  x:  0.37608   0.09957   0.03460   0.15274   0.13074   0.10932   0.19267   0.08875   0.07131   0.04038   0.03135   0.01588   0.02513   0.02142   0.01202   0.00186   0.01057   0.01179   0.00871   0.00149   0.06445   0.30961   0.01960   0.04960   0.07307   0.03635   0.02702   0.00811   0.00495   0.01981   0.00122   0.00594   0.13774   0.02910   0.10433   0.09363   0.07688   3.00556   1.40275   0.15686   0.22983   2.50131  
  5 77305.1846  13331.869004  x:  0.37969   0.11198   0.04440   0.15870   0.13109   0.11075   0.20050   0.09551   0.07162   0.04805   0.02898   0.01764   0.02721   0.02285   0.01608   0.00261   0.00703   0.01145   0.01112   0.01070   0.06302   0.31385   0.02374   0.05381   0.07565   0.03553   0.02457   0.00824   0.00143   0.02146   0.00155   0.00611   0.14348   0.03579   0.10532   0.09666   0.08060   3.00816   1.40479   0.15487   0.19825   2.50128  
  6 12254.5414  13294.047968  x:  0.38654   0.13512   0.06211   0.16987   0.13176   0.11335   0.21523   0.10811   0.07217   0.06175   0.02477   0.02055   0.03084   0.02525   0.02315   0.00388   0.00330   0.01121   0.01524   0.01956   0.06028   0.32192   0.03042   0.06154   0.08045   0.03412   0.02037   0.00885   0.01261   0.02433   0.00209   0.00695   0.15426   0.04760   0.10719   0.10232   0.08743   3.01311   1.40865   0.15110   0.13838   2.50123  
  7 22212.8694  13277.513276  x:  0.39000   0.14550   0.06866   0.17506   0.13207   0.11434   0.22220   0.11370   0.07236   0.06641   0.02359   0.02089   0.03180   0.02556   0.02498   0.00416   0.01460   0.01226   0.01613   0.02115   0.05890   0.32595   0.03090   0.06466   0.08252   0.03378   0.01986   0.00950   0.01363   0.02473   0.00222   0.00822   0.15924   0.05130   0.10803   0.10486   0.09018   3.01564   1.41051   0.14929   0.11044   2.50120  
  8 7952.1919  13257.566991  x:  0.39668   0.15754   0.06657   0.18221   0.13241   0.11423   0.23284   0.11951   0.07197   0.06144   0.02756   0.01500   0.02803   0.02069   0.02020   0.00335   0.00976   0.01534   0.01252   0.01679   0.05666   0.33351   0.01362   0.06579   0.08419   0.03526   0.02813   0.01171   0.01055   0.01936   0.00169   0.01188   0.16597   0.04443   0.10888   0.10762   0.09099   3.02079   1.41320   0.14670   0.08151   2.50115  
  9 1374.8810  13249.853942  x:  0.40251   0.16869   0.06656   0.18826   0.13232   0.11400   0.24229   0.12454   0.07142   0.05919   0.02688   0.01457   0.02722   0.02082   0.01779   0.00308   0.00980   0.01190   0.01195   0.01614   0.05559   0.34000   0.00285   0.06681   0.08515   0.03465   0.02394   0.00760   0.01024   0.01951   0.00150   0.00499   0.17168   0.04042   0.10908   0.10949   0.09187   3.02573   1.41515   0.14485   0.07944   2.50110  
 10 764.9232  13246.386689  x:  0.40548   0.17440   0.06677   0.19127   0.13221   0.11385   0.24708   0.12700   0.07112   0.05837   0.02640   0.01486   0.02711   0.02117   0.01682   0.00299   0.00974   0.01122   0.01190   0.01575   0.05550   0.34332   0.00000   0.06732   0.08557   0.03426   0.02204   0.00755   0.01006   0.01990   0.00142   0.00722   0.17452   0.03868   0.10912   0.11035   0.09233   3.02837   1.41613   0.14391   0.08060   2.50108  
 11 1392.3591  13227.397590  x:  0.43544   0.22737   0.05989   0.21990   0.13103   0.11131   0.29377   0.14884   0.06798   0.04276   0.02705   0.01249   0.02331   0.01993   0.01118   0.00278   0.01013   0.01555   0.01638   0.01517   0.05777   0.37714   0.00599   0.07005   0.08869   0.03275   0.01876   0.01573   0.00998   0.01849   0.00140   0.00769   0.20126   0.01316   0.10931   0.11786   0.09474   3.05547   1.42600   0.13455   0.09264   2.50081  
 12 1946.2612  13222.677098  x:  0.44498   0.24127   0.05477   0.22691   0.13112   0.11062   0.30721   0.15251   0.06809   0.04019   0.03009   0.01677   0.02689   0.02169   0.01353   0.00288   0.01075   0.01404   0.01460   0.01580   0.06034   0.38798   0.00717   0.06985   0.08875   0.03480   0.03005   0.00898   0.01052   0.02021   0.00141   0.00922   0.20776   0.01236   0.10994   0.11906   0.09643   3.06629   1.42945   0.13130   0.09703   2.50070  
 13 807.7135  13219.690722  x:  0.45417   0.24861   0.04443   0.22961   0.13249   0.11083   0.31734   0.14968   0.06990   0.04231   0.03079   0.01479   0.02982   0.02225   0.01731   0.00295   0.01098   0.01600   0.01065   0.01610   0.06503   0.39854   0.00490   0.06742   0.08754   0.03861   0.03151   0.01391   0.01070   0.02042   0.00138   0.00735   0.21005   0.02265   0.11161   0.11817   0.09898   3.08120   1.43323   0.12782   0.09994   2.50055  
 14 378.4263  13216.841317  x:  0.46385   0.25195   0.03135   0.22996   0.13501   0.11234   0.32602   0.14269   0.07261   0.04442   0.03058   0.01290   0.02841   0.02068   0.01719   0.00295   0.01081   0.01505   0.01077   0.01585   0.06933   0.40969   0.00755   0.06409   0.08567   0.04076   0.02668   0.00872   0.01056   0.01894   0.00139   0.00962   0.20973   0.02787   0.11345   0.11625   0.09982   3.10034   1.43748   0.12395   0.09870   2.50035  
 15 499.6977  13214.533801  x:  0.47347   0.25235   0.02295   0.22851   0.13854   0.11606   0.33326   0.13307   0.07543   0.04716   0.02974   0.02017   0.02705   0.02243   0.01408   0.00283   0.01064   0.01230   0.01349   0.01552   0.07014   0.42058   0.00785   0.06148   0.08416   0.03940   0.02565   0.01147   0.01029   0.02176   0.00137   0.00948   0.20736   0.02791   0.11474   0.11401   0.09891   3.12386   1.44222   0.11969   0.09655   2.50010  
 16 495.0503  13211.393321  x:  0.48762   0.25076   0.02410   0.22511   0.14457   0.12448   0.34279   0.11788   0.07877   0.05248   0.02547   0.02059   0.02901   0.02495   0.01263   0.00276   0.01021   0.02052   0.01468   0.01544   0.06689   0.43606   0.00663   0.06040   0.08363   0.03484   0.02676   0.00938   0.01026   0.02362   0.00136   0.00882   0.20253   0.02573   0.11565   0.11151   0.09692   3.16551   1.44998   0.11278   0.09694   2.49966  
 17 555.4099  13206.960411  x:  0.50537   0.24647   0.03284   0.21997   0.15136   0.13497   0.35371   0.10014   0.08167   0.05708   0.02672   0.01454   0.03133   0.02318   0.01541   0.00295   0.01084   0.01325   0.01298   0.01605   0.06127   0.45478   0.00747   0.06109   0.08499   0.03273   0.02880   0.01129   0.01063   0.02071   0.00141   0.00930   0.19640   0.02241   0.11599   0.10986   0.09484   3.22550   1.46059   0.10340   0.09861   2.49903  
 18 939.5259  13203.650620  x:  0.51759   0.23828   0.04173   0.21474   0.15229   0.13780   0.35902   0.09477   0.08061   0.05362   0.03546   0.01988   0.02784   0.02016   0.01813   0.00306   0.01092   0.01625   0.01122   0.01646   0.05929   0.46594   0.00735   0.06421   0.08809   0.04016   0.02457   0.01065   0.01085   0.02021   0.00146   0.00918   0.19380   0.02332   0.11494   0.11177   0.09555   3.28471   1.47005   0.09518   0.09944   2.49839  
 19 560.5782  13194.609969  x:  0.54389   0.20911   0.05527   0.20102   0.14597   0.13198   0.36537   0.10067   0.07277   0.03688   0.02754   0.01572   0.02179   0.02934   0.01461   0.00309   0.01078   0.01372   0.01559   0.01635   0.06442   0.48596   0.00807   0.07145   0.09278   0.04997   0.02550   0.01008   0.01065   0.02707   0.00150   0.00989   0.19300   0.02948   0.11121   0.12023   0.10057   3.45507   1.49526   0.07359   0.09800   2.49653  
 20 895.8754  13183.765439  x:  0.57023   0.17355   0.06190   0.18966   0.13448   0.11664   0.36757   0.12042   0.06347   0.03557   0.02343   0.02156   0.03832   0.01999   0.01179   0.00295   0.01049   0.01339   0.01809   0.01608   0.07257   0.50146   0.00736   0.07601   0.09127   0.03921   0.02329   0.01067   0.01049   0.01847   0.00153   0.00952   0.19683   0.02945   0.10739   0.12799   0.10428   3.67461   1.52585   0.04773   0.09667   2.49410  
 21 1627.8507  13175.713163  x:  0.58327   0.15378   0.06159   0.18949   0.12727   0.10404   0.36467   0.13892   0.06200   0.05155   0.03275   0.01756   0.02961   0.02300   0.01663   0.00311   0.01064   0.01393   0.01363   0.01645   0.07286   0.50378   0.00697   0.07600   0.08650   0.02658   0.02362   0.01041   0.01067   0.02405   0.00151   0.00933   0.20174   0.02453   0.10628   0.12852   0.10352   3.84291   1.54759   0.02969   0.09728   2.49220  
 22 1595.2011  13167.516293  x:  0.58633   0.14811   0.05946   0.20063   0.12643   0.09830   0.35533   0.15573   0.06925   0.06849   0.02239   0.02024   0.02232   0.02142   0.01879   0.00317   0.01081   0.01375   0.01151   0.01667   0.06126   0.49241   0.00711   0.07169   0.08259   0.04048   0.02696   0.01079   0.01085   0.01787   0.00152   0.00900   0.20635   0.01864   0.10836   0.12069   0.09854   4.02006   1.56788   0.01342   0.09985   2.49014  
 23 1213.0007  13157.829485  x:  0.57989   0.15595   0.05390   0.22052   0.13164   0.10211   0.33805   0.16839   0.07863   0.06717   0.03045   0.01370   0.03647   0.02438   0.01279   0.00298   0.01039   0.01393   0.01663   0.01609   0.04700   0.46568   0.00899   0.06052   0.08005   0.05068   0.02344   0.01079   0.01046   0.02633   0.00149   0.00954   0.20917   0.01703   0.11273   0.10717   0.09218   4.24599   1.59122  -0.00466   0.09912   2.48745  
 24 1560.5889  13141.828617  x:  0.55696   0.19068   0.05186   0.25120   0.14423   0.12157   0.30880   0.17246   0.08849   0.04490   0.02995   0.01810   0.02655   0.02154   0.01536   0.00306   0.01054   0.01372   0.01437   0.01624   0.05192   0.41245   0.00939   0.04620   0.08139   0.03151   0.02488   0.01008   0.01062   0.01845   0.00150   0.00949   0.20882   0.02952   0.11868   0.09439   0.08966   4.59615   1.62370  -0.02876   0.10041   2.48316  
 25 1794.3765  13134.653641  x:  0.53412   0.21986   0.04368   0.25615   0.14382   0.12534   0.29614   0.15822   0.08417   0.04762   0.02637   0.01701   0.02919   0.01673   0.01901   0.00300   0.01037   0.01368   0.00912   0.01577   0.06977   0.38392   0.00799   0.05704   0.08575   0.03481   0.02424   0.01059   0.01026   0.02601   0.00137   0.00893   0.20386   0.01806   0.11560   0.10644   0.09072   4.76440   1.63575  -0.03652   0.09936   2.48097  
 26 951.5294  13131.374733  x:  0.51976   0.23655   0.03895   0.25500   0.14102   0.12371   0.29199   0.14877   0.07804   0.05150   0.02971   0.01640   0.03013   0.02479   0.01614   0.00291   0.01039   0.01414   0.01149   0.01566   0.07198   0.37190   0.00736   0.06342   0.08645   0.03606   0.02447   0.01072   0.01029   0.01815   0.00138   0.00851   0.20180   0.01583   0.11251   0.11402   0.09387   4.84250   1.64003  -0.03869   0.09975   2.47990  
 27 1222.1977  13128.524121  x:  0.50217   0.25380   0.03457   0.24909   0.13562   0.11768   0.29153   0.13880   0.06847   0.05339   0.02981   0.01518   0.02750   0.01913   0.01236   0.00286   0.01053   0.01428   0.01541   0.01567   0.06166   0.36518   0.00753   0.06739   0.08390   0.03437   0.02722   0.01043   0.01037   0.01945   0.00138   0.00835   0.20150   0.01982   0.10825   0.11923   0.09894   4.90869   1.64157  -0.03829   0.10108   2.47890  
 28 678.4722  13127.194351  x:  0.48963   0.26198   0.03192   0.24260   0.13224   0.11263   0.29316   0.13411   0.06498   0.04981   0.02778   0.01619   0.02846   0.02095   0.01649   0.00287   0.01034   0.01416   0.01060   0.01543   0.05527   0.36515   0.00855   0.06653   0.08108   0.03320   0.02551   0.01041   0.01017   0.01956   0.00134   0.00874   0.20238   0.01822   0.10591   0.11804   0.09935   4.94013   1.64077  -0.03640   0.09952   2.47835  
 29 403.0179  13125.200609  x:  0.45807   0.27572   0.03733   0.22473   0.12818   0.10401   0.30140   0.13109   0.07082   0.04898   0.02883   0.01545   0.02799   0.02040   0.01523   0.00287   0.01039   0.01434   0.01202   0.01552   0.06081   0.37353   0.00747   0.06185   0.07727   0.03456   0.02606   0.01053   0.01024   0.01937   0.00135   0.00831   0.20734   0.01695   0.10426   0.10678   0.09506   4.98954   1.63543  -0.02886   0.09858   2.47724  
 30 222.5840  13124.484994  x:  0.43975   0.27571   0.03438   0.21938   0.13245   0.10729   0.30722   0.13516   0.07274   0.04972   0.02898   0.01539   0.02810   0.02043   0.01533   0.00287   0.01042   0.01444   0.01180   0.01551   0.05914   0.38135   0.00763   0.06056   0.08468   0.03384   0.02635   0.01051   0.01025   0.01932   0.00134   0.00839   0.20918   0.01700   0.11083   0.11140   0.09390   5.00881   1.62976  -0.02177   0.09915   2.47652  
 31 97.9942  13124.073805  x:  0.42792   0.27214   0.03298   0.22224   0.13686   0.11398   0.31275   0.13857   0.07104   0.04984   0.02923   0.01539   0.02810   0.02050   0.01545   0.00287   0.01046   0.01441   0.01167   0.01552   0.05969   0.38753   0.00760   0.06285   0.07908   0.03465   0.02636   0.01059   0.01026   0.01937   0.00134   0.00843   0.20871   0.01686   0.10902   0.11321   0.09599   5.02053   1.62263  -0.01321   0.09908   2.47579  
 32 71.4289  13123.815333  x:  0.42340   0.26819   0.03217   0.22919   0.13524   0.11470   0.31810   0.13790   0.07002   0.05020   0.02913   0.01548   0.02823   0.02057   0.01544   0.00287   0.01047   0.01442   0.01167   0.01552   0.06022   0.39062   0.00757   0.06401   0.08344   0.03428   0.02643   0.01056   0.01027   0.01941   0.00134   0.00845   0.20643   0.01720   0.10525   0.11034   0.09703   5.02887   1.61324  -0.00207   0.09860   2.47491  
 33 46.3355  13123.452159  x:  0.42349   0.26382   0.03418   0.23759   0.13104   0.11220   0.32580   0.13472   0.07224   0.04928   0.02923   0.01569   0.02842   0.02070   0.01542   0.00288   0.01051   0.01452   0.01193   0.01561   0.06095   0.39184   0.00753   0.06357   0.08180   0.03430   0.02644   0.01061   0.01033   0.01953   0.00135   0.00849   0.20336   0.01779   0.11092   0.11337   0.09610   5.04165   1.59442   0.02029   0.09773   2.47312  
 34 59.7979  13122.583186  x:  0.44183   0.26166   0.03466   0.23357   0.13888   0.11397   0.33576   0.13677   0.07140   0.05079   0.02974   0.01581   0.02868   0.02102   0.01565   0.00293   0.01069   0.01479   0.01209   0.01585   0.06235   0.38795   0.00750   0.05860   0.08360   0.03572   0.02698   0.01076   0.01051   0.01996   0.00137   0.00861   0.20778   0.01752   0.10978   0.11616   0.09761   5.07346   1.54022   0.08538   0.09557   2.46763  
 35 68.1882  13122.342594  x:  0.44759   0.26177   0.03317   0.23165   0.13968   0.11519   0.33612   0.13801   0.07518   0.05008   0.03001   0.01579   0.02887   0.02103   0.01572   0.00293   0.01075   0.01488   0.01201   0.01588   0.06144   0.38828   0.00759   0.06410   0.08395   0.03512   0.02714   0.01087   0.01054   0.01989   0.00137   0.00867   0.20953   0.01799   0.11017   0.11521   0.09821   5.08251   1.52479   0.10423   0.09518   2.46589  
 36 153.1058  13122.195296  x:  0.45108   0.26373   0.03290   0.23175   0.13681   0.11826   0.32949   0.13882   0.07229   0.05053   0.03012   0.01576   0.02881   0.02110   0.01576   0.00293   0.01079   0.01492   0.01201   0.01592   0.06204   0.39389   0.00745   0.06519   0.08419   0.03548   0.02728   0.01090   0.01057   0.01992   0.00137   0.00866   0.21070   0.01769   0.11331   0.11307   0.09831   5.08785   1.51627   0.11580   0.09487   2.46435  
 37 36.2695  13122.092894  x:  0.45286   0.26560   0.03328   0.23366   0.13739   0.11698   0.32176   0.13867   0.07414   0.05031   0.03019   0.01579   0.02888   0.02111   0.01576   0.00294   0.01081   0.01496   0.01209   0.01596   0.06204   0.40049   0.00738   0.06404   0.08435   0.03541   0.02731   0.01092   0.01060   0.01993   0.00137   0.00867   0.21106   0.01792   0.11116   0.11569   0.09811   5.09136   1.51172   0.12346   0.09467   2.46276  
 38 28.0775  13122.048266  x:  0.45305   0.26578   0.03364   0.23438   0.14021   0.11453   0.32042   0.13837   0.07347   0.05013   0.03019   0.01581   0.02890   0.02112   0.01574   0.00294   0.01081   0.01498   0.01210   0.01595   0.06231   0.40169   0.00733   0.06474   0.08444   0.03536   0.02731   0.01095   0.01060   0.01996   0.00137   0.00865   0.21047   0.01742   0.11249   0.11466   0.09996   5.09246   1.51260   0.12560   0.09468   2.46122  
 39  6.5787  13120.502207  x:  0.45681   0.26579   0.03094   0.23346   0.14724   0.10954   0.32179   0.14217   0.06592   0.04780   0.03064   0.01522   0.02814   0.02084   0.01538   0.00289   0.01080   0.01493   0.01199   0.01570   0.06266   0.40483   0.00680   0.06981   0.08346   0.03484   0.02770   0.01078   0.01047   0.01924   0.00136   0.00838   0.19786   0.02094   0.11180   0.11339   0.08160   5.12261   1.58104   0.18043   0.09454   2.39825  
 40  9.3371  13109.493364  x:  0.47763   0.25185   0.01604   0.21744   0.13834   0.11571   0.33207   0.15267   0.07392   0.03664   0.03336   0.01080   0.02534   0.01874   0.01278   0.00235   0.01029   0.01556   0.00923   0.01309   0.06162   0.41584   0.00333   0.05708   0.08134   0.03423   0.02982   0.01077   0.00910   0.01697   0.00119   0.00634   0.14485   0.01025   0.10816   0.11245   0.09510   5.32846   2.05664   0.55306   0.09598   1.96491  
 41 470.2756  13101.256527  x:  0.48623   0.21611   0.00615   0.22225   0.14054   0.11933   0.33548   0.11859   0.07065   0.02734   0.03452   0.00838   0.02362   0.01788   0.01067   0.00198   0.00992   0.01568   0.00782   0.01117   0.06394   0.42012   0.00107   0.05742   0.08077   0.03339   0.03079   0.01053   0.00804   0.01559   0.00108   0.00507   0.19322   0.00660   0.10734   0.11294   0.09010   5.48944   2.43097   0.84344   0.09694   1.62524  
 42 844.6452  13091.445883  x:  0.50517   0.17850   0.02183   0.21546   0.13934   0.11795   0.33559   0.10237   0.07123   0.02672   0.03290   0.01174   0.02216   0.01858   0.00626   0.00156   0.01144   0.01408   0.00766   0.00994   0.06396   0.43022   0.00135   0.05437   0.08034   0.03532   0.02992   0.00933   0.00796   0.01635   0.00087   0.00753   0.20487   0.01147   0.10658   0.11087   0.08897   5.77709   3.00886   1.37162   0.10073   1.00000  
 43  1.9604  13088.310770  x:  0.51021   0.16811   0.01620   0.20861   0.13970   0.11953   0.32803   0.10915   0.07275   0.03726   0.03060   0.01304   0.02323   0.01902   0.00590   0.00133   0.01340   0.01317   0.00480   0.00956   0.06213   0.43172   0.00201   0.05304   0.07934   0.03764   0.02851   0.00875   0.00862   0.01743   0.00075   0.00911   0.20194   0.01158   0.10695   0.10832   0.08921   6.03464   3.30966   1.67027   0.10320   1.00000  
 44  0.7351  13087.234408  x:  0.50763   0.17270   0.01760   0.20554   0.13930   0.11802   0.31885   0.11403   0.07278   0.03445   0.03026   0.01258   0.02373   0.01897   0.00397   0.00130   0.01490   0.01355   0.00643   0.00982   0.06175   0.42807   0.00148   0.05320   0.07855   0.03762   0.02816   0.00919   0.00956   0.01790   0.00083   0.00928   0.19579   0.01199   0.10698   0.10675   0.08935   6.20632   3.46917   1.83158   0.10352   1.00000  
 45  0.3967  13086.693651  x:  0.50629   0.17545   0.01978   0.20532   0.13897   0.11681   0.31495   0.11514   0.07258   0.03146   0.03039   0.01234   0.02364   0.01891   0.00564   0.00140   0.01592   0.01373   0.00533   0.01025   0.06188   0.42614   0.00140   0.05354   0.07826   0.03728   0.02794   0.00949   0.01033   0.01788   0.00091   0.00940   0.19352   0.01208   0.10695   0.10634   0.08947   6.30685   3.57208   1.93601   0.10340   1.00000  
 46  0.6338  13086.312962  x:  0.50633   0.17434   0.01955   0.21074   0.13869   0.11654   0.32104   0.10923   0.07171   0.03260   0.03091   0.01246   0.02306   0.01844   0.00542   0.00141   0.01682   0.01367   0.00543   0.01028   0.06179   0.42652   0.00211   0.05455   0.07852   0.03643   0.02808   0.00949   0.01119   0.01644   0.00102   0.00947   0.19638   0.01066   0.10646   0.10859   0.09003   6.38545   3.71556   2.07144   0.10193   1.00000  
 47  0.1863  13086.065583  x:  0.50857   0.17390   0.01808   0.21157   0.13920   0.11784   0.32655   0.11080   0.07189   0.03253   0.03126   0.01235   0.02304   0.01898   0.00497   0.00134   0.01740   0.01407   0.00477   0.00984   0.06244   0.42934   0.00156   0.05426   0.07897   0.03640   0.02871   0.00943   0.01193   0.01718   0.00109   0.00898   0.19758   0.01214   0.10654   0.10902   0.08986   6.41453   3.87946   2.22833   0.10072   1.00000  
 48  0.1664  13085.852504  x:  0.51118   0.17777   0.01779   0.20956   0.14004   0.11868   0.32701   0.11415   0.07264   0.03272   0.03113   0.01225   0.02398   0.01885   0.00501   0.00141   0.01774   0.01370   0.00543   0.00958   0.06222   0.43183   0.00196   0.05381   0.07911   0.03687   0.02876   0.00922   0.01295   0.01766   0.00130   0.00864   0.20020   0.01115   0.10734   0.10812   0.09012   6.37233   4.04997   2.40738   0.10052   1.00000  
 49  0.1503  13085.649737  x:  0.51029   0.17707   0.01859   0.20900   0.13973   0.11771   0.32180   0.11267   0.07245   0.03273   0.03087   0.01233   0.02334   0.01851   0.00493   0.00138   0.01762   0.01367   0.00495   0.00865   0.06214   0.43033   0.00144   0.05409   0.07863   0.03680   0.02858   0.00943   0.01372   0.01648   0.00149   0.00842   0.19880   0.01049   0.10727   0.10733   0.09001   6.31892   4.27276   2.63393   0.10120   1.00000  
 50  0.1933  13085.573063  x:  0.50854   0.17537   0.01793   0.20988   0.13951   0.11763   0.32112   0.11138   0.07222   0.03219   0.03082   0.01211   0.02309   0.01876   0.00502   0.00141   0.01742   0.01371   0.00499   0.00834   0.06207   0.42871   0.00186   0.05434   0.07865   0.03677   0.02833   0.00943   0.01404   0.01677   0.00160   0.00874   0.19751   0.01166   0.10698   0.10782   0.08985   6.29349   4.37912   2.74211   0.10161   1.00000  
 51  0.2032  13085.540351  x:  0.50682   0.17430   0.01858   0.21011   0.13914   0.11764   0.32281   0.11108   0.07218   0.03268   0.03091   0.01243   0.02336   0.01884   0.00513   0.00143   0.01717   0.01393   0.00513   0.00835   0.06235   0.42775   0.00169   0.05416   0.07884   0.03672   0.02855   0.00944   0.01422   0.01723   0.00168   0.00883   0.19704   0.01139   0.10674   0.10853   0.08987   6.28543   4.45551   2.81737   0.10175   1.00000  
 52  0.0908  13085.508556  x:  0.50580   0.17561   0.01911   0.20882   0.13896   0.11753   0.32352   0.11233   0.07220   0.03258   0.03116   0.01252   0.02355   0.01879   0.00498   0.00143   0.01677   0.01368   0.00495   0.00836   0.06221   0.42735   0.00179   0.05388   0.07884   0.03646   0.02868   0.00928   0.01435   0.01691   0.00176   0.00908   0.19679   0.01148   0.10676   0.10832   0.08987   6.29879   4.58919   2.94488   0.10164   1.00000  
 53  0.0961  13085.476121  x:  0.50783   0.17578   0.01896   0.20974   0.13936   0.11746   0.32223   0.11196   0.07221   0.03290   0.03111   0.01224   0.02311   0.01880   0.00496   0.00147   0.01629   0.01368   0.00509   0.00863   0.06211   0.42859   0.00164   0.05432   0.07873   0.03653   0.02864   0.00930   0.01441   0.01694   0.00190   0.00908   0.19753   0.01176   0.10708   0.10782   0.08984   6.31672   4.74467   3.10119   0.10153   1.00000  
 54  0.1102  13085.456621  x:  0.50894   0.17541   0.01849   0.21034   0.13947   0.11765   0.32255   0.11153   0.07230   0.03240   0.03085   0.01244   0.02337   0.01882   0.00489   0.00146   0.01605   0.01381   0.00493   0.00868   0.06203   0.42922   0.00172   0.05426   0.07873   0.03671   0.02839   0.00940   0.01431   0.01711   0.00198   0.00899   0.19773   0.01132   0.10698   0.10801   0.08994   6.32728   4.85843   3.21800   0.10150   1.00000  
 55  0.1263  13085.438546  x:  0.50817   0.17543   0.01824   0.20961   0.13925   0.11790   0.32431   0.11187   0.07226   0.03254   0.03091   0.01231   0.02341   0.01877   0.00499   0.00148   0.01607   0.01384   0.00495   0.00880   0.06228   0.42881   0.00171   0.05386   0.07887   0.03676   0.02834   0.00942   0.01413   0.01679   0.00208   0.00870   0.19756   0.01148   0.10666   0.10865   0.09001   6.32253   4.98573   3.34827   0.10161   1.00000  
 56  0.0813  13085.415587  x:  0.50665   0.17552   0.01865   0.20927   0.13907   0.11761   0.32297   0.11209   0.07210   0.03260   0.03107   0.01214   0.02308   0.01880   0.00491   0.00148   0.01631   0.01374   0.00487   0.00876   0.06234   0.42758   0.00180   0.05430   0.07887   0.03661   0.02850   0.00937   0.01377   0.01713   0.00222   0.00857   0.19722   0.01117   0.10684   0.10826   0.08989   6.31598   5.20045   3.55784   0.10163   1.00000  
 57  0.1308  13085.402451  x:  0.50684   0.17536   0.01854   0.20970   0.13919   0.11746   0.32184   0.11179   0.07214   0.03258   0.03102   0.01241   0.02343   0.01873   0.00488   0.00148   0.01651   0.01381   0.00494   0.00874   0.06221   0.42778   0.00176   0.05438   0.07873   0.03659   0.02859   0.00938   0.01356   0.01697   0.00232   0.00867   0.19709   0.01152   0.10696   0.10795   0.08985   6.31275   5.34560   3.70163   0.10162   1.00000  
 58  0.1654  13085.398056  x:  0.50771   0.17550   0.01866   0.20974   0.13928   0.11758   0.32272   0.11169   0.07230   0.03260   0.03097   0.01233   0.02335   0.01883   0.00490   0.00148   0.01662   0.01380   0.00492   0.00872   0.06216   0.42856   0.00174   0.05401   0.07875   0.03667   0.02852   0.00939   0.01350   0.01701   0.00236   0.00883   0.19730   0.01148   0.10683   0.10819   0.08995   6.31324   5.42326   3.78231   0.10162   1.00000  
 59  0.0799  13085.397579  x:  0.50783   0.17554   0.01861   0.20981   0.13932   0.11767   0.32302   0.11184   0.07223   0.03258   0.03098   0.01237   0.02332   0.01879   0.00491   0.00149   0.01664   0.01378   0.00492   0.00872   0.06219   0.42859   0.00172   0.05421   0.07882   0.03668   0.02847   0.00938   0.01351   0.01701   0.00237   0.00883   0.19743   0.01147   0.10689   0.10821   0.08992   6.31275   5.44351   3.80347   0.10159   1.00000  
 60  0.0254  13085.397248  x:  0.50776   0.17568   0.01863   0.20988   0.13927   0.11763   0.32296   0.11176   0.07221   0.03260   0.03096   0.01232   0.02339   0.01879   0.00491   0.00148   0.01665   0.01377   0.00492   0.00871   0.06222   0.42840   0.00171   0.05423   0.07883   0.03668   0.02843   0.00938   0.01352   0.01701   0.00238   0.00883   0.19762   0.01145   0.10693   0.10820   0.08992   6.31256   5.48116   3.84069   0.10155   1.00000  
 61  0.0162  13085.395413  x:  0.50732   0.17580   0.01852   0.20980   0.13914   0.11749   0.32264   0.11190   0.07227   0.03255   0.03093   0.01241   0.02324   0.01881   0.00492   0.00143   0.01662   0.01380   0.00496   0.00869   0.06214   0.42776   0.00172   0.05394   0.07873   0.03664   0.02837   0.00939   0.01353   0.01699   0.00238   0.00883   0.19772   0.01140   0.10683   0.10820   0.09001   6.31308   5.75874   4.11565   0.10153   1.00000  
 62  0.0488  13085.392490  x:  0.50770   0.17534   0.01861   0.20976   0.13931   0.11759   0.32307   0.11180   0.07219   0.03258   0.03096   0.01233   0.02338   0.01880   0.00494   0.00139   0.01661   0.01375   0.00494   0.00871   0.06214   0.42842   0.00172   0.05426   0.07877   0.03666   0.02846   0.00938   0.01352   0.01701   0.00236   0.00883   0.19737   0.01147   0.10682   0.10822   0.08994   6.31394   6.01077   4.36926   0.10163   1.00000  
 63  0.1592  13085.391908  x:  0.50780   0.17571   0.01862   0.20982   0.13930   0.11767   0.32294   0.11179   0.07223   0.03262   0.03097   0.01237   0.02334   0.01880   0.00494   0.00137   0.01662   0.01379   0.00495   0.00872   0.06220   0.42857   0.00173   0.05419   0.07883   0.03667   0.02848   0.00938   0.01352   0.01701   0.00236   0.00883   0.19745   0.01147   0.10691   0.10820   0.08991   6.31374   6.16697   4.52675   0.10159   1.00000  
 64  0.1515  13085.391450  x:  0.50777   0.17532   0.01867   0.20991   0.13929   0.11762   0.32295   0.11194   0.07228   0.03258   0.03098   0.01236   0.02333   0.01878   0.00493   0.00136   0.01664   0.01378   0.00496   0.00873   0.06218   0.42853   0.00173   0.05410   0.07878   0.03670   0.02847   0.00939   0.01354   0.01700   0.00236   0.00882   0.19750   0.01145   0.10689   0.10820   0.08998   6.31241   6.32301   4.68259   0.10156   1.00000  
 65  0.0516  13085.389676  x:  0.50757   0.17557   0.01865   0.20955   0.13929   0.11749   0.32293   0.11160   0.07221   0.03257   0.03094   0.01238   0.02334   0.01880   0.00491   0.00139   0.01668   0.01376   0.00492   0.00881   0.06218   0.42840   0.00172   0.05425   0.07874   0.03672   0.02846   0.00938   0.01360   0.01702   0.00237   0.00883   0.19746   0.01147   0.10679   0.10823   0.08998   6.30695   6.72804   5.08708   0.10160   1.00000  
 66  0.1210  13085.388111  x:  0.50764   0.17540   0.01857   0.20993   0.13925   0.11776   0.32270   0.11190   0.07222   0.03261   0.03096   0.01234   0.02335   0.01880   0.00491   0.00142   0.01666   0.01381   0.00491   0.00883   0.06222   0.42838   0.00173   0.05414   0.07887   0.03664   0.02848   0.00938   0.01360   0.01699   0.00234   0.00885   0.19730   0.01146   0.10697   0.10816   0.08981   6.30556   7.03591   5.39583   0.10162   1.00000  
 67  0.1787  13085.385730  x:  0.50765   0.17559   0.01853   0.20976   0.13932   0.11762   0.32293   0.11170   0.07225   0.03256   0.03104   0.01235   0.02333   0.01876   0.00490   0.00145   0.01663   0.01375   0.00494   0.00874   0.06214   0.42839   0.00171   0.05410   0.07878   0.03664   0.02847   0.00939   0.01351   0.01702   0.00230   0.00884   0.19746   0.01143   0.10687   0.10821   0.08998   6.31071   7.78738   6.14637   0.10160   1.00000  
 68  0.2723  13085.384886  x:  0.50775   0.17554   0.01865   0.20981   0.13930   0.11762   0.32296   0.11184   0.07222   0.03259   0.03096   0.01236   0.02334   0.01884   0.00493   0.00145   0.01662   0.01380   0.00493   0.00871   0.06220   0.42850   0.00173   0.05424   0.07879   0.03668   0.02845   0.00938   0.01351   0.01699   0.00232   0.00883   0.19750   0.01146   0.10687   0.10819   0.08992   6.31252   8.37988   6.73918   0.10160   1.00000  
 69  0.4399  13085.384528  x:  0.50775   0.17558   0.01863   0.20982   0.13925   0.11764   0.32291   0.11178   0.07222   0.03259   0.03096   0.01236   0.02334   0.01876   0.00492   0.00145   0.01662   0.01377   0.00493   0.00871   0.06220   0.42853   0.00173   0.05414   0.07882   0.03669   0.02848   0.00938   0.01353   0.01702   0.00233   0.00882   0.19741   0.01148   0.10690   0.10820   0.08990   6.31344   9.03542   7.39481   0.10159   1.00000  
 70  0.4238  13085.384292  x:  0.50775   0.17556   0.01860   0.20979   0.13932   0.11763   0.32295   0.11182   0.07224   0.03258   0.03098   0.01236   0.02334   0.01882   0.00492   0.00145   0.01662   0.01378   0.00494   0.00872   0.06219   0.42849   0.00172   0.05419   0.07880   0.03667   0.02848   0.00938   0.01354   0.01700   0.00232   0.00883   0.19743   0.01144   0.10689   0.10820   0.08996   6.31271   9.88174   8.24104   0.10160   1.00000  
 71  0.4656  13085.384187  x:  0.50772   0.17556   0.01862   0.20981   0.13928   0.11764   0.32292   0.11179   0.07223   0.03260   0.03097   0.01236   0.02334   0.01879   0.00493   0.00145   0.01663   0.01378   0.00493   0.00872   0.06218   0.42848   0.00172   0.05418   0.07880   0.03667   0.02847   0.00938   0.01353   0.01701   0.00232   0.00883   0.19746   0.01146   0.10688   0.10819   0.08991   6.31229  10.65639   9.01571   0.10160   1.00000  
 72  0.5116  13085.384144  x:  0.50773   0.17556   0.01861   0.20981   0.13929   0.11764   0.32293   0.11179   0.07222   0.03258   0.03097   0.01236   0.02334   0.01881   0.00492   0.00145   0.01662   0.01378   0.00494   0.00872   0.06220   0.42849   0.00172   0.05418   0.07881   0.03667   0.02847   0.00938   0.01353   0.01701   0.00232   0.00883   0.19743   0.01146   0.10690   0.10820   0.08993   6.31243  11.43533   9.79466   0.10160   1.00000  
 73  0.4691  13085.384123  x:  0.50773   0.17556   0.01862   0.20980   0.13929   0.11763   0.32293   0.11181   0.07223   0.03259   0.03097   0.01236   0.02334   0.01879   0.00492   0.00145   0.01662   0.01379   0.00493   0.00872   0.06218   0.42849   0.00173   0.05418   0.07879   0.03667   0.02847   0.00938   0.01353   0.01701   0.00232   0.00883   0.19745   0.01146   0.10688   0.10820   0.08993   6.31239  12.25449  10.61379   0.10160   1.00000  
 74  0.4874  13085.384114  x:  0.50773   0.17556   0.01861   0.20981   0.13929   0.11764   0.32292   0.11179   0.07223   0.03259   0.03097   0.01236   0.02334   0.01880   0.00492   0.00145   0.01662   0.01378   0.00493   0.00872   0.06219   0.42849   0.00172   0.05418   0.07881   0.03667   0.02847   0.00938   0.01353   0.01701   0.00232   0.00883   0.19744   0.01146   0.10689   0.10820   0.08992   6.31246  13.04551  11.40484   0.10160   1.00000  
 75  0.4940  13085.384109  x:  0.50773   0.17556   0.01861   0.20980   0.13929   0.11763   0.32293   0.11180   0.07223   0.03259   0.03097   0.01236   0.02334   0.01880   0.00492   0.00145   0.01662   0.01378   0.00493   0.00872   0.06219   0.42849   0.00172   0.05418   0.07880   0.03667   0.02847   0.00938   0.01353   0.01701   0.00232   0.00883   0.19744   0.01146   0.10689   0.10820   0.08993   6.31247  13.98258  12.34190   0.10160   1.00000  
 76  0.5280  13085.384107  x:  0.50773   0.17556   0.01861   0.20981   0.13929   0.11763   0.32292   0.11180   0.07223   0.03259   0.03097   0.01236   0.02334   0.01880   0.00492   0.00145   0.01662   0.01378   0.00493   0.00872   0.06219   0.42849   0.00172   0.05418   0.07880   0.03667   0.02847   0.00938   0.01353   0.01701   0.00232   0.00883   0.19745   0.01146   0.10688   0.10820   0.08993   6.31246  16.26800  14.62731   0.10160   1.00000  
 77  1.0124  13085.384107  x:  0.50773   0.17556   0.01861   0.20981   0.13929   0.11763   0.32292   0.11180   0.07223   0.03259   0.03097   0.01236   0.02334   0.01880   0.00492   0.00145   0.01662   0.01378   0.00493   0.00872   0.06219   0.42849   0.00172   0.05418   0.07880   0.03667   0.02847   0.00938   0.01353   0.01701   0.00232   0.00883   0.19745   0.01146   0.10688   0.10820   0.08993   6.31246  16.26800  14.62731   0.10160   1.00000  
 78  3.1916  13085.384107  x:  0.50773   0.17556   0.01861   0.20981   0.13929   0.11763   0.32292   0.11180   0.07223   0.03259   0.03097   0.01236   0.02334   0.01880   0.00492   0.00145   0.01662   0.01378   0.00493   0.00872   0.06219   0.42849   0.00172   0.05418   0.07880   0.03667   0.02847   0.00938   0.01353   0.01701   0.00232   0.00883   0.19745   0.01146   0.10688   0.10820   0.08993   6.31249  16.26456  14.62387   0.10160   1.00000  
 79  0.3037  13085.384106  x:  0.50773   0.17556   0.01861   0.20981   0.13929   0.11764   0.32293   0.11180   0.07223   0.03259   0.03097   0.01236   0.02334   0.01880   0.00492   0.00145   0.01662   0.01378   0.00493   0.00872   0.06219   0.42849   0.00172   0.05418   0.07880   0.03667   0.02847   0.00938   0.01353   0.01701   0.00232   0.00883   0.19744   0.01146   0.10689   0.10820   0.08993   6.31248  16.26616  14.62548   0.10160   1.00000  
 80  0.0026  13085.384106  x:  0.50773   0.17556   0.01861   0.20981   0.13929   0.11764   0.32293   0.11180   0.07223   0.03259   0.03097   0.01236   0.02334   0.01880   0.00492   0.00145   0.01662   0.01378   0.00493   0.00872   0.06219   0.42849   0.00172   0.05418   0.07880   0.03667   0.02847   0.00938   0.01353   0.01701   0.00232   0.00883   0.19744   0.01146   0.10689   0.10820   0.08993   6.31248  16.26617  14.62548   0.10160   1.00000  