Supplemental results for CODEML (seqf: Human_TAS1R1_breaks2_2nd_attempt.txt  treef: TAS1R1_revised_tree_following_error_message.txt)


MLEs of dN/dS (w) for site classes (K=4)

site class             0        1       2a       2b
proportion       0.76210  0.23790  0.00000  0.00000
background w     0.10380  1.00000  0.10380  1.00000
foreground w     0.10380  1.00000  1.00000  1.00000

Naive Empirical Bayes (NEB) probabilities for 4 classes
(amino acids refer to 1st sequence: 1.Tarsier)

   1 M   0.99195 0.00805 0.00000 0.00000 ( 1)
   2 F   0.67653 0.32347 0.00000 0.00000 ( 1)
   3 H   0.48334 0.51666 0.00000 0.00000 ( 2)
   4 H   0.00045 0.99955 0.00000 0.00000 ( 2)
   5 V   0.00001 0.99999 0.00000 0.00000 ( 2)
   6 A   0.63354 0.36646 0.00000 0.00000 ( 1)
   7 H   0.00701 0.99299 0.00000 0.00000 ( 2)
   8 L   0.95342 0.04658 0.00000 0.00000 ( 1)
   9 V   0.43877 0.56123 0.00000 0.00000 ( 2)
  10 G   0.90045 0.09955 0.00000 0.00000 ( 1)
  11 L   0.94667 0.05333 0.00000 0.00000 ( 1)
  12 Q   0.95016 0.04984 0.00000 0.00000 ( 1)
  13 L   0.94051 0.05949 0.00000 0.00000 ( 1)
  14 S   0.05615 0.94385 0.00000 0.00000 ( 2)
  15 I   0.60059 0.39940 0.00000 0.00000 ( 1)
  16 S   0.89838 0.10162 0.00000 0.00000 ( 1)
  17 C   0.87620 0.12380 0.00000 0.00000 ( 1)
  18 C   0.98564 0.01436 0.00000 0.00000 ( 1)
  19 W   0.68521 0.31479 0.00000 0.00000 ( 1)
  20 A   0.98099 0.01901 0.00000 0.00000 ( 1)
  21 F   0.79780 0.20220 0.00000 0.00000 ( 1)
  22 S   0.48030 0.51970 0.00000 0.00000 ( 2)
  23 C   0.98595 0.01405 0.00000 0.00000 ( 1)
  24 H   0.98298 0.01702 0.00000 0.00000 ( 1)
  25 N   0.08643 0.91357 0.00000 0.00000 ( 2)
  26 T   0.01662 0.98338 0.00000 0.00000 ( 2)
  27 E   0.83424 0.16576 0.00000 0.00000 ( 1)
  28 F   0.03874 0.96126 0.00000 0.00000 ( 2)
  29 S   0.93257 0.06743 0.00000 0.00000 ( 1)
  30 P   0.95583 0.04417 0.00000 0.00000 ( 1)
  31 D   0.92462 0.07538 0.00000 0.00000 ( 1)
  32 F   0.99273 0.00727 0.00000 0.00000 ( 1)
  33 S   0.90309 0.09691 0.00000 0.00000 ( 1)
  34 L   0.98911 0.01089 0.00000 0.00000 ( 1)
  35 P   0.79173 0.20827 0.00000 0.00000 ( 1)
  36 G   0.97126 0.02874 0.00000 0.00000 ( 1)
  37 N   0.69754 0.30246 0.00000 0.00000 ( 1)
  38 Y   0.98507 0.01493 0.00000 0.00000 ( 1)
  39 L   0.98889 0.01111 0.00000 0.00000 ( 1)
  40 L   0.95139 0.04861 0.00000 0.00000 ( 1)
  41 A   0.41838 0.58162 0.00000 0.00000 ( 2)
  42 G   0.98769 0.01231 0.00000 0.00000 ( 1)
  43 F   0.19756 0.80244 0.00000 0.00000 ( 2)
  44 F   0.99267 0.00733 0.00000 0.00000 ( 1)
  45 P   0.60583 0.39417 0.00000 0.00000 ( 1)
  46 L   0.99011 0.00989 0.00000 0.00000 ( 1)
  47 H   0.94995 0.05005 0.00000 0.00000 ( 1)
  48 G   0.13411 0.86589 0.00000 0.00000 ( 2)
  49 D   0.29185 0.70815 0.00000 0.00000 ( 2)
  50 C   0.13353 0.86647 0.00000 0.00000 ( 2)
  51 L   0.67013 0.32987 0.00000 0.00000 ( 1)
  52 Q   0.96327 0.03673 0.00000 0.00000 ( 1)
  53 V   0.98410 0.01590 0.00000 0.00000 ( 1)
  54 R   0.95478 0.04521 0.00000 0.00000 ( 1)
  55 H   0.46911 0.53089 0.00000 0.00000 ( 2)
  56 R   0.88852 0.11148 0.00000 0.00000 ( 1)
  57 P   0.98239 0.01761 0.00000 0.00000 ( 1)
  58 E   0.98165 0.01835 0.00000 0.00000 ( 1)
  59 V   0.98323 0.01677 0.00000 0.00000 ( 1)
  60 T   0.82828 0.17172 0.00000 0.00000 ( 1)
  61 L   0.96126 0.03874 0.00000 0.00000 ( 1)
  62 C   0.92491 0.07509 0.00000 0.00000 ( 1)
  63 D   0.98896 0.01104 0.00000 0.00000 ( 1)
  64 R   0.96755 0.03245 0.00000 0.00000 ( 1)
  65 T   0.00046 0.99954 0.00000 0.00000 ( 2)
  66 C   0.04222 0.95778 0.00000 0.00000 ( 2)
  67 G   0.06929 0.93071 0.00000 0.00000 ( 2)
  68 F   0.99033 0.00967 0.00000 0.00000 ( 1)
  69 N   0.95599 0.04401 0.00000 0.00000 ( 1)
  70 G   0.29113 0.70887 0.00000 0.00000 ( 2)
  71 H   0.97941 0.02059 0.00000 0.00000 ( 1)
  72 G   0.84800 0.15200 0.00000 0.00000 ( 1)
  73 Y   0.40662 0.59338 0.00000 0.00000 ( 2)
  74 H   0.37518 0.62482 0.00000 0.00000 ( 2)
  75 L   0.89162 0.10838 0.00000 0.00000 ( 1)
  76 F   0.92890 0.07110 0.00000 0.00000 ( 1)
  77 Q   0.21852 0.78148 0.00000 0.00000 ( 2)
  78 A   0.33912 0.66088 0.00000 0.00000 ( 2)
  79 M   0.41561 0.58439 0.00000 0.00000 ( 2)
  80 R   0.74628 0.25372 0.00000 0.00000 ( 1)
  81 L   0.68571 0.31429 0.00000 0.00000 ( 1)
  82 S   0.00057 0.99943 0.00000 0.00000 ( 2)
  83 I   0.18637 0.81363 0.00000 0.00000 ( 2)
  84 E   0.19255 0.80745 0.00000 0.00000 ( 2)
  85 A   0.77253 0.22747 0.00000 0.00000 ( 1)
  86 I   0.95028 0.04972 0.00000 0.00000 ( 1)
  87 N   0.98746 0.01254 0.00000 0.00000 ( 1)
  88 N   0.98746 0.01254 0.00000 0.00000 ( 1)
  89 S   0.98490 0.01510 0.00000 0.00000 ( 1)
  90 T   0.97200 0.02800 0.00000 0.00000 ( 1)
  91 V   0.48537 0.51463 0.00000 0.00000 ( 2)
  92 L   0.94412 0.05588 0.00000 0.00000 ( 1)
  93 L   0.94387 0.05613 0.00000 0.00000 ( 1)
  94 P   0.98887 0.01113 0.00000 0.00000 ( 1)
  95 N   0.79116 0.20884 0.00000 0.00000 ( 1)
  96 V   0.10825 0.89175 0.00000 0.00000 ( 2)
  97 T   0.91311 0.08689 0.00000 0.00000 ( 1)
  98 L   0.54039 0.45961 0.00000 0.00000 ( 1)
  99 G   0.97868 0.02132 0.00000 0.00000 ( 1)
 100 Y   0.19442 0.80558 0.00000 0.00000 ( 2)
 101 E   0.00385 0.99615 0.00000 0.00000 ( 2)
 102 L   0.95145 0.04855 0.00000 0.00000 ( 1)
 103 Y   0.08674 0.91326 0.00000 0.00000 ( 2)
 104 D   0.95920 0.04080 0.00000 0.00000 ( 1)
 105 V   0.97882 0.02118 0.00000 0.00000 ( 1)
 106 C   0.97977 0.02023 0.00000 0.00000 ( 1)
 107 S   0.94895 0.05105 0.00000 0.00000 ( 1)
 108 E   0.85741 0.14259 0.00000 0.00000 ( 1)
 109 S   0.92940 0.07060 0.00000 0.00000 ( 1)
 110 A   0.98961 0.01039 0.00000 0.00000 ( 1)
 111 N   0.95082 0.04918 0.00000 0.00000 ( 1)
 112 V   0.97882 0.02118 0.00000 0.00000 ( 1)
 113 Y   0.92688 0.07312 0.00000 0.00000 ( 1)
 114 A   0.98841 0.01159 0.00000 0.00000 ( 1)
 115 T   0.97219 0.02781 0.00000 0.00000 ( 1)
 116 L   0.94412 0.05588 0.00000 0.00000 ( 1)
 117 S   0.09163 0.90837 0.00000 0.00000 ( 2)
 118 V   0.82768 0.17232 0.00000 0.00000 ( 1)
 119 L   0.98741 0.01259 0.00000 0.00000 ( 1)
 120 S   0.98402 0.01598 0.00000 0.00000 ( 1)
 121 L   0.14459 0.85541 0.00000 0.00000 ( 2)
 122 P   0.42950 0.57050 0.00000 0.00000 ( 2)
 123 G   0.97611 0.02389 0.00000 0.00000 ( 1)
 124 T   0.07897 0.92103 0.00000 0.00000 ( 2)
 125 R   0.00001 0.99999 0.00000 0.00000 ( 2)
 126 H   0.98603 0.01397 0.00000 0.00000 ( 1)
 127 I   0.94739 0.05261 0.00000 0.00000 ( 1)
 128 D   0.31846 0.68154 0.00000 0.00000 ( 2)
 129 I   0.90013 0.09987 0.00000 0.00000 ( 1)
 130 Q   0.91536 0.08464 0.00000 0.00000 ( 1)
 131 G   0.45430 0.54570 0.00000 0.00000 ( 2)
 132 D   0.85683 0.14317 0.00000 0.00000 ( 1)
 133 F   0.12802 0.87197 0.00000 0.00000 ( 2)
 134 L   0.98741 0.01259 0.00000 0.00000 ( 1)
 135 H   0.00559 0.99441 0.00000 0.00000 ( 2)
 136 Y   0.92588 0.07412 0.00000 0.00000 ( 1)
 137 S   0.03852 0.96148 0.00000 0.00000 ( 2)
 138 P   0.97271 0.02729 0.00000 0.00000 ( 1)
 139 K   0.79418 0.20582 0.00000 0.00000 ( 1)
 140 I   0.71252 0.28748 0.00000 0.00000 ( 1)
 141 V   0.74197 0.25803 0.00000 0.00000 ( 1)
 142 A   0.96745 0.03255 0.00000 0.00000 ( 1)
 143 V   0.97900 0.02100 0.00000 0.00000 ( 1)
 144 I   0.54003 0.45997 0.00000 0.00000 ( 1)
 145 G   0.81691 0.18309 0.00000 0.00000 ( 1)
 146 P   0.64578 0.35422 0.00000 0.00000 ( 1)
 147 D   0.46312 0.53688 0.00000 0.00000 ( 2)
 148 S   0.00033 0.99967 0.00000 0.00000 ( 2)
 149 T   0.90098 0.09902 0.00000 0.00000 ( 1)
 150 D   0.09741 0.90259 0.00000 0.00000 ( 2)
 151 H   0.00015 0.99985 0.00000 0.00000 ( 2)
 152 A   0.63648 0.36352 0.00000 0.00000 ( 1)
 153 A   0.75322 0.24678 0.00000 0.00000 ( 1)
 154 T   0.64633 0.35367 0.00000 0.00000 ( 1)
 155 T   0.08542 0.91458 0.00000 0.00000 ( 2)
 156 A   0.96978 0.03022 0.00000 0.00000 ( 1)
 157 A   0.88748 0.11252 0.00000 0.00000 ( 1)
 158 L   0.94006 0.05994 0.00000 0.00000 ( 1)
 159 L   0.94847 0.05153 0.00000 0.00000 ( 1)
 160 S   0.88100 0.11900 0.00000 0.00000 ( 1)
 161 P   0.92932 0.07068 0.00000 0.00000 ( 1)
 162 F   0.40300 0.59700 0.00000 0.00000 ( 2)
 163 L   0.94155 0.05845 0.00000 0.00000 ( 1)
 164 V   0.36535 0.63465 0.00000 0.00000 ( 2)
 165 P   0.98856 0.01144 0.00000 0.00000 ( 1)
 166 L   0.17212 0.82788 0.00000 0.00000 ( 2)
 167 I   0.99300 0.00700 0.00000 0.00000 ( 1)
 168 S   0.98974 0.01026 0.00000 0.00000 ( 1)
 169 Y   0.95677 0.04323 0.00000 0.00000 ( 1)
 170 E   0.00393 0.99607 0.00000 0.00000 ( 2)
 171 A   0.99233 0.00767 0.00000 0.00000 ( 1)
 172 S   0.98974 0.01026 0.00000 0.00000 ( 1)
 173 S   0.98904 0.01096 0.00000 0.00000 ( 1)
 174 T   0.00039 0.99961 0.00000 0.00000 ( 2)
 175 T   0.02578 0.97422 0.00000 0.00000 ( 2)
 176 L   0.98536 0.01464 0.00000 0.00000 ( 1)
 177 S   0.47078 0.52922 0.00000 0.00000 ( 2)
 178 V   0.00060 0.99940 0.00000 0.00000 ( 2)
 179 K   0.97967 0.02033 0.00000 0.00000 ( 1)
 180 R   0.23438 0.76562 0.00000 0.00000 ( 2)
 181 Q   0.67535 0.32465 0.00000 0.00000 ( 1)
 182 Y   0.93379 0.06621 0.00000 0.00000 ( 1)
 183 P   0.99002 0.00998 0.00000 0.00000 ( 1)
 184 S   0.94113 0.05887 0.00000 0.00000 ( 1)
 185 F   0.98540 0.01460 0.00000 0.00000 ( 1)
 186 L   0.95145 0.04855 0.00000 0.00000 ( 1)
 187 R   0.98574 0.01426 0.00000 0.00000 ( 1)
 188 T   0.99101 0.00899 0.00000 0.00000 ( 1)
 189 I   0.94548 0.05452 0.00000 0.00000 ( 1)
 190 P   0.99002 0.00998 0.00000 0.00000 ( 1)
 191 S   0.32458 0.67542 0.00000 0.00000 ( 2)
 192 D   0.99133 0.00867 0.00000 0.00000 ( 1)
 193 R   0.33486 0.66514 0.00000 0.00000 ( 2)
 194 H   0.07068 0.92932 0.00000 0.00000 ( 2)
 195 Q   0.96327 0.03673 0.00000 0.00000 ( 1)
 196 V   0.98323 0.01677 0.00000 0.00000 ( 1)
 197 E   0.98257 0.01743 0.00000 0.00000 ( 1)
 198 V   0.54083 0.45917 0.00000 0.00000 ( 1)
 199 M   0.92106 0.07894 0.00000 0.00000 ( 1)
 200 V   0.98323 0.01677 0.00000 0.00000 ( 1)
 201 L   0.66181 0.33819 0.00000 0.00000 ( 1)
 202 L   0.95145 0.04855 0.00000 0.00000 ( 1)
 203 L   0.95125 0.04875 0.00000 0.00000 ( 1)
 204 Q   0.01851 0.98149 0.00000 0.00000 ( 2)
 205 R   0.28988 0.71012 0.00000 0.00000 ( 2)
 206 F   0.99288 0.00712 0.00000 0.00000 ( 1)
 207 R   0.00046 0.99954 0.00000 0.00000 ( 2)
 208 W   0.95390 0.04610 0.00000 0.00000 ( 1)
 209 V   0.45768 0.54232 0.00000 0.00000 ( 2)
 210 W   0.95390 0.04610 0.00000 0.00000 ( 1)
 211 I   0.99416 0.00584 0.00000 0.00000 ( 1)
 212 S   0.94171 0.05829 0.00000 0.00000 ( 1)
 213 L   0.95145 0.04855 0.00000 0.00000 ( 1)
 214 V   0.27443 0.72557 0.00000 0.00000 ( 2)
 215 G   0.98887 0.01113 0.00000 0.00000 ( 1)
 216 S   0.98914 0.01086 0.00000 0.00000 ( 1)
 217 Y   0.00139 0.99861 0.00000 0.00000 ( 2)
 218 G   0.79776 0.20224 0.00000 0.00000 ( 1)
 219 D   0.99177 0.00823 0.00000 0.00000 ( 1)
 220 Y   0.95677 0.04323 0.00000 0.00000 ( 1)
 221 G   0.97894 0.02106 0.00000 0.00000 ( 1)
 222 Q   0.76117 0.23883 0.00000 0.00000 ( 1)
 223 Q   0.11870 0.88130 0.00000 0.00000 ( 2)
 224 G   0.79191 0.20809 0.00000 0.00000 ( 1)
 225 V   0.98073 0.01927 0.00000 0.00000 ( 1)
 226 Q   0.73031 0.26969 0.00000 0.00000 ( 1)
 227 A   0.64965 0.35035 0.00000 0.00000 ( 1)
 228 L   0.95336 0.04664 0.00000 0.00000 ( 1)
 229 E   0.37503 0.62497 0.00000 0.00000 ( 2)
 230 N   0.00947 0.99053 0.00000 0.00000 ( 2)
 231 Q   0.72889 0.27111 0.00000 0.00000 ( 1)
 232 A   0.99233 0.00767 0.00000 0.00000 ( 1)
 233 T   0.97770 0.02230 0.00000 0.00000 ( 1)
 234 D   0.00154 0.99846 0.00000 0.00000 ( 2)
 235 Q   0.70860 0.29139 0.00000 0.00000 ( 1)
 236 G   0.35828 0.64172 0.00000 0.00000 ( 2)
 237 I   0.94454 0.05546 0.00000 0.00000 ( 1)
 238 C   0.98626 0.01374 0.00000 0.00000 ( 1)
 239 I   0.95657 0.04343 0.00000 0.00000 ( 1)
 240 A   0.94746 0.05254 0.00000 0.00000 ( 1)
 241 F   0.99288 0.00712 0.00000 0.00000 ( 1)
 242 K   0.97967 0.02033 0.00000 0.00000 ( 1)
 243 D   0.92048 0.07952 0.00000 0.00000 ( 1)
 244 I   0.43015 0.56985 0.00000 0.00000 ( 2)
 245 V   0.84917 0.15083 0.00000 0.00000 ( 1)
 246 P   0.98758 0.01242 0.00000 0.00000 ( 1)
 247 L   0.92350 0.07650 0.00000 0.00000 ( 1)
 248 S   0.60270 0.39730 0.00000 0.00000 ( 1)
 249 A   0.99233 0.00767 0.00000 0.00000 ( 1)
 250 R   0.00023 0.99977 0.00000 0.00000 ( 2)
 251 V   0.97790 0.02209 0.00000 0.00000 ( 1)
 252 G   0.96693 0.03307 0.00000 0.00000 ( 1)
 253 D   0.95506 0.04494 0.00000 0.00000 ( 1)
 254 E   0.36836 0.63164 0.00000 0.00000 ( 2)
 255 R   0.78300 0.21700 0.00000 0.00000 ( 1)
 256 M   0.99195 0.00805 0.00000 0.00000 ( 1)
 257 Q   0.73107 0.26893 0.00000 0.00000 ( 1)
 258 G   0.00476 0.99524 0.00000 0.00000 ( 2)
 259 M   0.08046 0.91954 0.00000 0.00000 ( 2)
 260 M   0.99195 0.00805 0.00000 0.00000 ( 1)
 261 N   0.00069 0.99931 0.00000 0.00000 ( 2)
 262 R   0.08695 0.91305 0.00000 0.00000 ( 2)
 263 L   0.95145 0.04855 0.00000 0.00000 ( 1)
 264 A   0.93022 0.06978 0.00000 0.00000 ( 1)
 265 R   0.02451 0.97549 0.00000 0.00000 ( 2)
 266 A   0.99082 0.00918 0.00000 0.00000 ( 1)
 267 G   0.00477 0.99523 0.00000 0.00000 ( 2)
 268 T   0.91581 0.08419 0.00000 0.00000 ( 1)
 269 T   0.83722 0.16278 0.00000 0.00000 ( 1)
 270 V   0.98994 0.01006 0.00000 0.00000 ( 1)
 271 V   0.98323 0.01677 0.00000 0.00000 ( 1)
 272 V   0.32977 0.67023 0.00000 0.00000 ( 2)
 273 V   0.94863 0.05137 0.00000 0.00000 ( 1)
 274 F   0.98235 0.01765 0.00000 0.00000 ( 1)
 275 S   0.98842 0.01158 0.00000 0.00000 ( 1)
 276 S   0.00613 0.99387 0.00000 0.00000 ( 2)
 277 R   0.11682 0.88318 0.00000 0.00000 ( 2)
 278 R   0.00030 0.99970 0.00000 0.00000 ( 2)
 279 L   0.09036 0.90964 0.00000 0.00000 ( 2)
 280 A   0.99233 0.00767 0.00000 0.00000 ( 1)
 281 R   0.81747 0.18253 0.00000 0.00000 ( 1)
 282 V   0.98323 0.01677 0.00000 0.00000 ( 1)
 283 F   0.98785 0.01215 0.00000 0.00000 ( 1)
 284 F   0.98965 0.01035 0.00000 0.00000 ( 1)
 285 E   0.98257 0.01743 0.00000 0.00000 ( 1)
 286 S   0.98329 0.01671 0.00000 0.00000 ( 1)
 287 V   0.98323 0.01677 0.00000 0.00000 ( 1)
 288 V   0.98323 0.01677 0.00000 0.00000 ( 1)
 289 L   0.95072 0.04928 0.00000 0.00000 ( 1)
 290 A   0.92947 0.07053 0.00000 0.00000 ( 1)
 291 N   0.91533 0.08467 0.00000 0.00000 ( 1)
 292 L   0.67050 0.32950 0.00000 0.00000 ( 1)
 293 T   0.94104 0.05896 0.00000 0.00000 ( 1)
 294 G   0.98887 0.01113 0.00000 0.00000 ( 1)
 295 K   0.97967 0.02033 0.00000 0.00000 ( 1)
 296 V   0.98323 0.01677 0.00000 0.00000 ( 1)
 297 W   0.95390 0.04610 0.00000 0.00000 ( 1)
 298 I   0.47595 0.52405 0.00000 0.00000 ( 2)
 299 A   0.99233 0.00767 0.00000 0.00000 ( 1)
 300 S   0.87418 0.12582 0.00000 0.00000 ( 1)
 301 E   0.91885 0.08115 0.00000 0.00000 ( 1)
 302 D   0.50670 0.49330 0.00000 0.00000 ( 1)
 303 W   0.95390 0.04610 0.00000 0.00000 ( 1)
 304 A   0.91875 0.08125 0.00000 0.00000 ( 1)
 305 I   0.92145 0.07855 0.00000 0.00000 ( 1)
 306 S   0.98842 0.01158 0.00000 0.00000 ( 1)
 307 R   0.04690 0.95310 0.00000 0.00000 ( 2)
 308 H   0.89436 0.10564 0.00000 0.00000 ( 1)
 309 I   0.99416 0.00584 0.00000 0.00000 ( 1)
 310 T   0.64743 0.35257 0.00000 0.00000 ( 1)
 311 G   0.28911 0.71089 0.00000 0.00000 ( 2)
 312 V   0.98046 0.01954 0.00000 0.00000 ( 1)
 313 P   0.97982 0.02018 0.00000 0.00000 ( 1)
 314 G   0.97707 0.02293 0.00000 0.00000 ( 1)
 315 I   0.99416 0.00584 0.00000 0.00000 ( 1)
 316 Q   0.19962 0.80038 0.00000 0.00000 ( 2)
 317 G   0.43238 0.56762 0.00000 0.00000 ( 2)
 318 I   0.96963 0.03037 0.00000 0.00000 ( 1)
 319 G   0.97646 0.02354 0.00000 0.00000 ( 1)
 320 T   0.00029 0.99971 0.00000 0.00000 ( 2)
 321 V   0.98386 0.01614 0.00000 0.00000 ( 1)
 322 L   0.95145 0.04855 0.00000 0.00000 ( 1)
 323 G   0.95871 0.04129 0.00000 0.00000 ( 1)
 324 V   0.98286 0.01714 0.00000 0.00000 ( 1)
 325 A   0.99233 0.00767 0.00000 0.00000 ( 1)
 326 I   0.99416 0.00584 0.00000 0.00000 ( 1)
 327 Q   0.96327 0.03673 0.00000 0.00000 ( 1)
 328 L   0.02843 0.97157 0.00000 0.00000 ( 2)
 329 R   0.31481 0.68519 0.00000 0.00000 ( 2)
 330 L   0.00012 0.99988 0.00000 0.00000 ( 2)
 331 V   0.92628 0.07372 0.00000 0.00000 ( 1)
 332 P   0.94875 0.05125 0.00000 0.00000 ( 1)
 333 G   0.90173 0.09827 0.00000 0.00000 ( 1)
 334 L   0.95114 0.04886 0.00000 0.00000 ( 1)
 335 K   0.83339 0.16661 0.00000 0.00000 ( 1)
 336 E   0.80772 0.19228 0.00000 0.00000 ( 1)
 337 F   0.67898 0.32102 0.00000 0.00000 ( 1)
 338 E   0.90754 0.09246 0.00000 0.00000 ( 1)
 339 E   0.96114 0.03886 0.00000 0.00000 ( 1)
 340 A   0.99233 0.00767 0.00000 0.00000 ( 1)
 341 Y   0.92494 0.07506 0.00000 0.00000 ( 1)
 342 A   0.93067 0.06933 0.00000 0.00000 ( 1)
 343 Q   0.00090 0.99910 0.00000 0.00000 ( 2)
 344 A   0.52857 0.47143 0.00000 0.00000 ( 1)
 345 D   0.99177 0.00823 0.00000 0.00000 ( 1)
 346 K   0.97967 0.02033 0.00000 0.00000 ( 1)
 347 G   0.00411 0.99589 0.00000 0.00000 ( 2)
 348 A   0.92042 0.07958 0.00000 0.00000 ( 1)
 349 P   0.03951 0.96049 0.00000 0.00000 ( 2)
 350 L   0.14463 0.85537 0.00000 0.00000 ( 2)
 351 P   0.47182 0.52818 0.00000 0.00000 ( 2)
 352 C   0.98441 0.01559 0.00000 0.00000 ( 1)
 353 P   0.00870 0.99130 0.00000 0.00000 ( 2)
 354 T   0.03186 0.96814 0.00000 0.00000 ( 2)
 355 G   0.90097 0.09903 0.00000 0.00000 ( 1)
 356 A   0.88399 0.11601 0.00000 0.00000 ( 1)
 357 W   0.70374 0.29626 0.00000 0.00000 ( 1)
 358 C   0.98626 0.01374 0.00000 0.00000 ( 1)
 359 S   0.98974 0.01026 0.00000 0.00000 ( 1)
 360 S   0.98974 0.01026 0.00000 0.00000 ( 1)
 361 N   0.94564 0.05436 0.00000 0.00000 ( 1)
 362 Q   0.96327 0.03673 0.00000 0.00000 ( 1)
 363 L   0.47818 0.52182 0.00000 0.00000 ( 2)
 364 C   0.98441 0.01559 0.00000 0.00000 ( 1)
 365 R   0.89988 0.10012 0.00000 0.00000 ( 1)
 366 E   0.08829 0.91171 0.00000 0.00000 ( 2)
 367 C   0.98428 0.01572 0.00000 0.00000 ( 1)
 368 C   0.00022 0.99978 0.00000 0.00000 ( 2)
 369 A   0.67370 0.32630 0.00000 0.00000 ( 1)
 370 F   0.99288 0.00712 0.00000 0.00000 ( 1)
 371 T   0.00004 0.99996 0.00000 0.00000 ( 2)
 372 A   0.06826 0.93174 0.00000 0.00000 ( 2)
 373 H   0.98910 0.01090 0.00000 0.00000 ( 1)
 374 T   0.00003 0.99997 0.00000 0.00000 ( 2)
 375 T   0.92132 0.07868 0.00000 0.00000 ( 1)
 376 P   0.98949 0.01051 0.00000 0.00000 ( 1)
 377 T   0.02565 0.97434 0.00000 0.00000 ( 2)
 378 L   0.98234 0.01766 0.00000 0.00000 ( 1)
 379 G   0.00008 0.99992 0.00000 0.00000 ( 2)
 380 P   0.51822 0.48178 0.00000 0.00000 ( 1)
 381 F   0.92999 0.07001 0.00000 0.00000 ( 1)
 382 S   0.98842 0.01158 0.00000 0.00000 ( 1)
 383 M   0.99195 0.00805 0.00000 0.00000 ( 1)
 384 S   0.94413 0.05587 0.00000 0.00000 ( 1)
 385 S   0.60039 0.39961 0.00000 0.00000 ( 1)
 386 A   0.99233 0.00767 0.00000 0.00000 ( 1)
 387 Y   0.98507 0.01493 0.00000 0.00000 ( 1)
 388 N   0.99030 0.00970 0.00000 0.00000 ( 1)
 389 V   0.23782 0.76218 0.00000 0.00000 ( 2)
 390 Y   0.97875 0.02125 0.00000 0.00000 ( 1)
 391 Q   0.01968 0.98032 0.00000 0.00000 ( 2)
 392 A   0.93474 0.06526 0.00000 0.00000 ( 1)
 393 V   0.98323 0.01677 0.00000 0.00000 ( 1)
 394 Y   0.95781 0.04219 0.00000 0.00000 ( 1)
 395 T   0.01799 0.98201 0.00000 0.00000 ( 2)
 396 V   0.98323 0.01677 0.00000 0.00000 ( 1)
 397 A   0.99205 0.00795 0.00000 0.00000 ( 1)
 398 H   0.94633 0.05367 0.00000 0.00000 ( 1)
 399 G   0.98887 0.01113 0.00000 0.00000 ( 1)
 400 L   0.99050 0.00950 0.00000 0.00000 ( 1)
 401 H   0.98932 0.01068 0.00000 0.00000 ( 1)
 402 Q   0.96327 0.03673 0.00000 0.00000 ( 1)
 403 L   0.99050 0.00950 0.00000 0.00000 ( 1)
 404 L   0.95145 0.04855 0.00000 0.00000 ( 1)
 405 G   0.98887 0.01113 0.00000 0.00000 ( 1)
 406 C   0.96160 0.03840 0.00000 0.00000 ( 1)
 407 A   0.91088 0.08912 0.00000 0.00000 ( 1)
 408 S   0.94691 0.05309 0.00000 0.00000 ( 1)
 409 G   0.87932 0.12068 0.00000 0.00000 ( 1)
 410 A   0.83485 0.16515 0.00000 0.00000 ( 1)
 411 C   0.93287 0.06713 0.00000 0.00000 ( 1)
 412 S   0.98842 0.01158 0.00000 0.00000 ( 1)
 413 R   0.97745 0.02255 0.00000 0.00000 ( 1)
 414 S   0.47834 0.52166 0.00000 0.00000 ( 2)
 415 Q   0.00702 0.99298 0.00000 0.00000 ( 2)
 416 V   0.99242 0.00758 0.00000 0.00000 ( 1)
 417 Y   0.36391 0.63609 0.00000 0.00000 ( 2)
 418 P   0.98940 0.01060 0.00000 0.00000 ( 1)
 419 W   0.95390 0.04610 0.00000 0.00000 ( 1)
 420 Q   0.96327 0.03673 0.00000 0.00000 ( 1)
 421 L   0.93927 0.06073 0.00000 0.00000 ( 1)
 422 L   0.94743 0.05257 0.00000 0.00000 ( 1)
 423 E   0.85062 0.14938 0.00000 0.00000 ( 1)
 424 Q   0.96327 0.03673 0.00000 0.00000 ( 1)
 425 I   0.99416 0.00584 0.00000 0.00000 ( 1)
 426 H   0.00748 0.99252 0.00000 0.00000 ( 2)
 427 K   0.97905 0.02095 0.00000 0.00000 ( 1)
 428 A   0.86440 0.13560 0.00000 0.00000 ( 1)
 429 N   0.64195 0.35805 0.00000 0.00000 ( 1)
 430 F   0.99267 0.00733 0.00000 0.00000 ( 1)
 431 L   0.93927 0.06073 0.00000 0.00000 ( 1)
 432 L   0.85421 0.14579 0.00000 0.00000 ( 1)
 433 H   0.98686 0.01314 0.00000 0.00000 ( 1)
 434 E   0.00474 0.99526 0.00000 0.00000 ( 2)
 435 D   0.99177 0.00823 0.00000 0.00000 ( 1)
 436 T   0.94893 0.05107 0.00000 0.00000 ( 1)
 437 V   0.98323 0.01677 0.00000 0.00000 ( 1)
 438 T   0.00160 0.99840 0.00000 0.00000 ( 2)
 439 F   0.67586 0.32414 0.00000 0.00000 ( 1)
 440 N   0.15627 0.84373 0.00000 0.00000 ( 2)
 441 D   0.99177 0.00823 0.00000 0.00000 ( 1)
 442 N   0.96321 0.03679 0.00000 0.00000 ( 1)
 443 G   0.14724 0.85276 0.00000 0.00000 ( 2)
 444 D   0.31934 0.68066 0.00000 0.00000 ( 2)
 445 P   0.90437 0.09563 0.00000 0.00000 ( 1)
 446 L   0.40986 0.59014 0.00000 0.00000 ( 2)
 447 S   0.94283 0.05717 0.00000 0.00000 ( 1)
 448 G   0.89289 0.10711 0.00000 0.00000 ( 1)
 449 Y   0.92494 0.07506 0.00000 0.00000 ( 1)
 450 N   0.08824 0.91176 0.00000 0.00000 ( 2)
 451 I   0.95656 0.04344 0.00000 0.00000 ( 1)
 452 I   0.95657 0.04343 0.00000 0.00000 ( 1)
 453 A   0.92936 0.07064 0.00000 0.00000 ( 1)
 454 W   0.95390 0.04610 0.00000 0.00000 ( 1)
 455 D   0.99177 0.00823 0.00000 0.00000 ( 1)
 456 W   0.95390 0.04610 0.00000 0.00000 ( 1)
 457 I   0.01716 0.98284 0.00000 0.00000 ( 2)
 458 G   0.97447 0.02553 0.00000 0.00000 ( 1)
 459 F   0.49423 0.50577 0.00000 0.00000 ( 2)
 460 K   0.85021 0.14979 0.00000 0.00000 ( 1)
 461 W   0.95390 0.04610 0.00000 0.00000 ( 1)
 462 T   0.99101 0.00899 0.00000 0.00000 ( 1)
 463 F   0.99174 0.00826 0.00000 0.00000 ( 1)
 464 T   0.96926 0.03074 0.00000 0.00000 ( 1)
 465 V   0.39649 0.60351 0.00000 0.00000 ( 2)
 466 I   0.02412 0.97588 0.00000 0.00000 ( 2)
 467 G   0.98049 0.01951 0.00000 0.00000 ( 1)
 468 S   0.98778 0.01222 0.00000 0.00000 ( 1)
 469 S   0.98842 0.01158 0.00000 0.00000 ( 1)
 470 T   0.89850 0.10150 0.00000 0.00000 ( 1)
 471 A   0.15385 0.84615 0.00000 0.00000 ( 2)
 472 S   0.58748 0.41252 0.00000 0.00000 ( 1)
 473 P   0.87077 0.12923 0.00000 0.00000 ( 1)
 474 V   0.63333 0.36667 0.00000 0.00000 ( 1)
 475 R   0.00099 0.99901 0.00000 0.00000 ( 2)
 476 L   0.89062 0.10938 0.00000 0.00000 ( 1)
 477 D   0.90208 0.09792 0.00000 0.00000 ( 1)
 478 I   0.95458 0.04542 0.00000 0.00000 ( 1)
 479 N   0.94564 0.05436 0.00000 0.00000 ( 1)
 480 E   0.85076 0.14924 0.00000 0.00000 ( 1)
 481 T   0.99099 0.00901 0.00000 0.00000 ( 1)
 482 K   0.89777 0.10223 0.00000 0.00000 ( 1)
 483 I   0.99376 0.00624 0.00000 0.00000 ( 1)
 484 Q   0.96327 0.03673 0.00000 0.00000 ( 1)
 485 W   0.95390 0.04610 0.00000 0.00000 ( 1)
 486 H   0.87682 0.12318 0.00000 0.00000 ( 1)
 487 R   0.06771 0.93229 0.00000 0.00000 ( 2)
 488 K   0.97967 0.02033 0.00000 0.00000 ( 1)
 489 D   0.92547 0.07453 0.00000 0.00000 ( 1)
 490 N   0.99054 0.00946 0.00000 0.00000 ( 1)
 491 Q   0.96327 0.03673 0.00000 0.00000 ( 1)
 492 V   0.98286 0.01714 0.00000 0.00000 ( 1)
 493 P   0.94486 0.05514 0.00000 0.00000 ( 1)
 494 Q   0.31608 0.68392 0.00000 0.00000 ( 2)
 495 S   0.93257 0.06743 0.00000 0.00000 ( 1)
 496 V   0.98323 0.01677 0.00000 0.00000 ( 1)
 497 C   0.97089 0.02911 0.00000 0.00000 ( 1)
 498 S   0.98842 0.01158 0.00000 0.00000 ( 1)
 499 S   0.97704 0.02296 0.00000 0.00000 ( 1)
 500 D   0.99126 0.00874 0.00000 0.00000 ( 1)
 501 C   0.93807 0.06193 0.00000 0.00000 ( 1)
 502 L   0.93927 0.06073 0.00000 0.00000 ( 1)
 503 E   0.50194 0.49806 0.00000 0.00000 ( 1)
 504 G   0.97360 0.02640 0.00000 0.00000 ( 1)
 505 H   0.90309 0.09691 0.00000 0.00000 ( 1)
 506 Q   0.96327 0.03673 0.00000 0.00000 ( 1)
 507 R   0.05478 0.94522 0.00000 0.00000 ( 2)
 508 V   0.98323 0.01677 0.00000 0.00000 ( 1)
 509 V   0.95020 0.04980 0.00000 0.00000 ( 1)
 510 V   0.00032 0.99968 0.00000 0.00000 ( 2)
 511 G   0.59674 0.40326 0.00000 0.00000 ( 1)
 512 S   0.93160 0.06840 0.00000 0.00000 ( 1)
 513 H   0.18141 0.81859 0.00000 0.00000 ( 2)
 514 H   0.90552 0.09448 0.00000 0.00000 ( 1)
 515 C   0.93557 0.06443 0.00000 0.00000 ( 1)
 516 C   0.98626 0.01374 0.00000 0.00000 ( 1)
 517 F   0.96350 0.03650 0.00000 0.00000 ( 1)
 518 E   0.85307 0.14693 0.00000 0.00000 ( 1)
 519 C   0.93287 0.06713 0.00000 0.00000 ( 1)
 520 V   0.97335 0.02665 0.00000 0.00000 ( 1)
 521 P   0.98682 0.01318 0.00000 0.00000 ( 1)
 522 C   0.93371 0.06629 0.00000 0.00000 ( 1)
 523 E   0.28156 0.71844 0.00000 0.00000 ( 2)
 524 S   0.61194 0.38806 0.00000 0.00000 ( 1)
 525 G   0.97609 0.02391 0.00000 0.00000 ( 1)
 526 T   0.32934 0.67066 0.00000 0.00000 ( 2)
 527 F   0.57052 0.42948 0.00000 0.00000 ( 1)
 528 L   0.44856 0.55144 0.00000 0.00000 ( 2)
 529 N   0.51665 0.48335 0.00000 0.00000 ( 1)
 530 K   0.33188 0.66812 0.00000 0.00000 ( 2)
 531 S   0.93513 0.06487 0.00000 0.00000 ( 1)
 532 D   0.98896 0.01104 0.00000 0.00000 ( 1)
 533 L   0.88115 0.11885 0.00000 0.00000 ( 1)
 534 Y   0.84215 0.15785 0.00000 0.00000 ( 1)
 535 R   0.11193 0.88807 0.00000 0.00000 ( 2)
 536 C   0.98155 0.01845 0.00000 0.00000 ( 1)
 537 Q   0.96327 0.03673 0.00000 0.00000 ( 1)
 538 P   0.60409 0.39591 0.00000 0.00000 ( 1)
 539 C   0.93287 0.06713 0.00000 0.00000 ( 1)
 540 G   0.97707 0.02293 0.00000 0.00000 ( 1)
 541 K   0.90833 0.09167 0.00000 0.00000 ( 1)
 542 E   0.90754 0.09246 0.00000 0.00000 ( 1)
 543 E   0.98254 0.01746 0.00000 0.00000 ( 1)
 544 W   0.95390 0.04610 0.00000 0.00000 ( 1)
 545 A   0.87757 0.12243 0.00000 0.00000 ( 1)
 546 P   0.94928 0.05072 0.00000 0.00000 ( 1)
 547 E   0.05245 0.94755 0.00000 0.00000 ( 2)
 548 G   0.38915 0.61085 0.00000 0.00000 ( 2)
 549 S   0.98974 0.01026 0.00000 0.00000 ( 1)
 550 Q   0.96327 0.03673 0.00000 0.00000 ( 1)
 551 T   0.90697 0.09303 0.00000 0.00000 ( 1)
 552 C   0.98626 0.01374 0.00000 0.00000 ( 1)
 553 F   0.99204 0.00796 0.00000 0.00000 ( 1)
 554 P   0.51184 0.48816 0.00000 0.00000 ( 1)
 555 R   0.97817 0.02183 0.00000 0.00000 ( 1)
 556 T   0.95024 0.04976 0.00000 0.00000 ( 1)
 557 V   0.98051 0.01949 0.00000 0.00000 ( 1)
 558 V   0.85860 0.14140 0.00000 0.00000 ( 1)
 559 F   0.16119 0.83881 0.00000 0.00000 ( 2)
 560 L   0.95071 0.04929 0.00000 0.00000 ( 1)
 561 A   0.13848 0.86152 0.00000 0.00000 ( 2)
 562 W   0.17244 0.82756 0.00000 0.00000 ( 2)
 563 H   0.16061 0.83939 0.00000 0.00000 ( 2)
 564 E   0.98257 0.01743 0.00000 0.00000 ( 1)
 565 C   0.00871 0.99129 0.00000 0.00000 ( 2)
 566 I   0.92401 0.07599 0.00000 0.00000 ( 1)
 567 S   0.93257 0.06743 0.00000 0.00000 ( 1)
 568 W   0.95390 0.04610 0.00000 0.00000 ( 1)
 569 V   0.98323 0.01677 0.00000 0.00000 ( 1)
 570 L   0.94799 0.05201 0.00000 0.00000 ( 1)
 571 L   0.95109 0.04891 0.00000 0.00000 ( 1)
 572 A   0.41636 0.58364 0.00000 0.00000 ( 2)
 573 A   0.65982 0.34018 0.00000 0.00000 ( 1)
 574 N   0.97542 0.02458 0.00000 0.00000 ( 1)
 575 T   0.78342 0.21658 0.00000 0.00000 ( 1)
 576 L   0.16900 0.83100 0.00000 0.00000 ( 2)
 577 L   0.94972 0.05028 0.00000 0.00000 ( 1)
 578 L   0.95133 0.04867 0.00000 0.00000 ( 1)
 579 V   0.67056 0.32944 0.00000 0.00000 ( 1)
 580 V   0.66963 0.33037 0.00000 0.00000 ( 1)
 581 V   0.68175 0.31825 0.00000 0.00000 ( 1)
 582 V   0.14193 0.85807 0.00000 0.00000 ( 2)
 583 G   0.97809 0.02191 0.00000 0.00000 ( 1)
 584 T   0.61695 0.38305 0.00000 0.00000 ( 1)
 585 V   0.63516 0.36484 0.00000 0.00000 ( 1)
 586 G   0.98638 0.01362 0.00000 0.00000 ( 1)
 587 L   0.95145 0.04855 0.00000 0.00000 ( 1)
 588 F   0.95315 0.04685 0.00000 0.00000 ( 1)
 589 A   0.99185 0.00815 0.00000 0.00000 ( 1)
 590 W   0.95390 0.04610 0.00000 0.00000 ( 1)
 591 H   0.98936 0.01064 0.00000 0.00000 ( 1)
 592 Q   0.35298 0.64702 0.00000 0.00000 ( 2)
 593 D   0.99177 0.00823 0.00000 0.00000 ( 1)
 594 T   0.99013 0.00987 0.00000 0.00000 ( 1)
 595 P   0.93718 0.06282 0.00000 0.00000 ( 1)
 596 V   0.98323 0.01677 0.00000 0.00000 ( 1)
 597 V   0.98261 0.01739 0.00000 0.00000 ( 1)
 598 R   0.97745 0.02255 0.00000 0.00000 ( 1)
 599 S   0.85600 0.14400 0.00000 0.00000 ( 1)
 600 A   0.92025 0.07975 0.00000 0.00000 ( 1)
 601 G   0.97707 0.02293 0.00000 0.00000 ( 1)
 602 G   0.98887 0.01113 0.00000 0.00000 ( 1)
 603 W   0.00361 0.99639 0.00000 0.00000 ( 2)
 604 L   0.95145 0.04855 0.00000 0.00000 ( 1)
 605 C   0.98610 0.01390 0.00000 0.00000 ( 1)
 606 F   0.98235 0.01765 0.00000 0.00000 ( 1)
 607 L   0.97817 0.02183 0.00000 0.00000 ( 1)
 608 M   0.99195 0.00805 0.00000 0.00000 ( 1)
 609 L   0.94847 0.05153 0.00000 0.00000 ( 1)
 610 G   0.98769 0.01231 0.00000 0.00000 ( 1)
 611 S   0.98763 0.01237 0.00000 0.00000 ( 1)
 612 L   0.95145 0.04855 0.00000 0.00000 ( 1)
 613 A   0.89319 0.10681 0.00000 0.00000 ( 1)
 614 G   0.00985 0.99015 0.00000 0.00000 ( 2)
 615 A   0.57483 0.42517 0.00000 0.00000 ( 1)
 616 S   0.98679 0.01321 0.00000 0.00000 ( 1)
 617 C   0.00788 0.99212 0.00000 0.00000 ( 2)
 618 S   0.98974 0.01026 0.00000 0.00000 ( 1)
 619 L   0.91027 0.08973 0.00000 0.00000 ( 1)
 620 Y   0.92494 0.07506 0.00000 0.00000 ( 1)
 621 G   0.98858 0.01142 0.00000 0.00000 ( 1)
 622 F   0.99248 0.00752 0.00000 0.00000 ( 1)
 623 F   0.95315 0.04685 0.00000 0.00000 ( 1)
 624 G   0.97360 0.02640 0.00000 0.00000 ( 1)
 625 E   0.97266 0.02734 0.00000 0.00000 ( 1)
 626 P   0.98851 0.01149 0.00000 0.00000 ( 1)
 627 T   0.52217 0.47783 0.00000 0.00000 ( 1)
 628 L   0.14022 0.85978 0.00000 0.00000 ( 2)
 629 P   0.73130 0.26870 0.00000 0.00000 ( 1)
 630 A   0.47999 0.52001 0.00000 0.00000 ( 2)
 631 C   0.98441 0.01559 0.00000 0.00000 ( 1)
 632 L   0.93906 0.06094 0.00000 0.00000 ( 1)
 633 L   0.95118 0.04881 0.00000 0.00000 ( 1)
 634 R   0.98587 0.01413 0.00000 0.00000 ( 1)
 635 Q   0.95970 0.04030 0.00000 0.00000 ( 1)
 636 A   0.90673 0.09327 0.00000 0.00000 ( 1)
 637 I   0.90119 0.09881 0.00000 0.00000 ( 1)
 638 F   0.95315 0.04685 0.00000 0.00000 ( 1)
 639 A   0.99109 0.00891 0.00000 0.00000 ( 1)
 640 L   0.94684 0.05316 0.00000 0.00000 ( 1)
 641 G   0.93616 0.06384 0.00000 0.00000 ( 1)
 642 F   0.98540 0.01460 0.00000 0.00000 ( 1)
 643 T   0.89550 0.10450 0.00000 0.00000 ( 1)
 644 I   0.94585 0.05415 0.00000 0.00000 ( 1)
 645 F   0.99262 0.00738 0.00000 0.00000 ( 1)
 646 L   0.95120 0.04880 0.00000 0.00000 ( 1)
 647 S   0.98827 0.01173 0.00000 0.00000 ( 1)
 648 C   0.98626 0.01374 0.00000 0.00000 ( 1)
 649 L   0.67050 0.32950 0.00000 0.00000 ( 1)
 650 T   0.87612 0.12388 0.00000 0.00000 ( 1)
 651 V   0.94538 0.05462 0.00000 0.00000 ( 1)
 652 R   0.98549 0.01451 0.00000 0.00000 ( 1)
 653 S   0.98319 0.01681 0.00000 0.00000 ( 1)
 654 F   0.99288 0.00712 0.00000 0.00000 ( 1)
 655 Q   0.88890 0.11110 0.00000 0.00000 ( 1)
 656 L   0.91376 0.08624 0.00000 0.00000 ( 1)
 657 V   0.91640 0.08360 0.00000 0.00000 ( 1)
 658 I   0.99416 0.00584 0.00000 0.00000 ( 1)
 659 I   0.99344 0.00656 0.00000 0.00000 ( 1)
 660 F   0.99288 0.00712 0.00000 0.00000 ( 1)
 661 K   0.97967 0.02033 0.00000 0.00000 ( 1)
 662 F   0.95315 0.04685 0.00000 0.00000 ( 1)
 663 S   0.98759 0.01241 0.00000 0.00000 ( 1)
 664 T   0.54272 0.45728 0.00000 0.00000 ( 1)
 665 K   0.97816 0.02184 0.00000 0.00000 ( 1)
 666 V   0.08523 0.91477 0.00000 0.00000 ( 2)
 667 P   0.97587 0.02413 0.00000 0.00000 ( 1)
 668 T   0.12269 0.87731 0.00000 0.00000 ( 2)
 669 F   0.99288 0.00712 0.00000 0.00000 ( 1)
 670 Y   0.40870 0.59130 0.00000 0.00000 ( 2)
 671 H   0.16280 0.83720 0.00000 0.00000 ( 2)
 672 T   0.56613 0.43387 0.00000 0.00000 ( 1)
 673 W   0.95390 0.04610 0.00000 0.00000 ( 1)
 674 V   0.99126 0.00874 0.00000 0.00000 ( 1)
 675 Q   0.88418 0.11582 0.00000 0.00000 ( 1)
 676 N   0.99054 0.00946 0.00000 0.00000 ( 1)
 677 H   0.98503 0.01497 0.00000 0.00000 ( 1)
 678 G   0.93422 0.06578 0.00000 0.00000 ( 1)
 679 A   0.95581 0.04419 0.00000 0.00000 ( 1)
 680 A   0.06185 0.93815 0.00000 0.00000 ( 2)
 681 L   0.95145 0.04855 0.00000 0.00000 ( 1)
 682 F   0.95315 0.04685 0.00000 0.00000 ( 1)
 683 I   0.64813 0.35187 0.00000 0.00000 ( 1)
 684 M   0.37575 0.62425 0.00000 0.00000 ( 2)
 685 I   0.99378 0.00622 0.00000 0.00000 ( 1)
 686 S   0.90837 0.09163 0.00000 0.00000 ( 1)
 687 S   0.85600 0.14400 0.00000 0.00000 ( 1)
 688 M   0.00623 0.99377 0.00000 0.00000 ( 2)
 689 A   0.07005 0.92995 0.00000 0.00000 ( 2)
 690 Q   0.96327 0.03673 0.00000 0.00000 ( 1)
 691 L   0.94795 0.05205 0.00000 0.00000 ( 1)
 692 L   0.94362 0.05638 0.00000 0.00000 ( 1)
 693 I   0.99416 0.00584 0.00000 0.00000 ( 1)
 694 C   0.93351 0.06649 0.00000 0.00000 ( 1)
 695 L   0.85421 0.14579 0.00000 0.00000 ( 1)
 696 T   0.94987 0.05013 0.00000 0.00000 ( 1)
 697 W   0.95390 0.04610 0.00000 0.00000 ( 1)
 698 L   0.94456 0.05544 0.00000 0.00000 ( 1)
 699 A   0.32530 0.67470 0.00000 0.00000 ( 2)
 700 V   0.85899 0.14101 0.00000 0.00000 ( 1)
 701 W   0.95390 0.04610 0.00000 0.00000 ( 1)
 702 T   0.98864 0.01136 0.00000 0.00000 ( 1)
 703 P   0.87077 0.12923 0.00000 0.00000 ( 1)
 704 L   0.95145 0.04855 0.00000 0.00000 ( 1)
 705 P   0.98841 0.01159 0.00000 0.00000 ( 1)
 706 T   0.82168 0.17832 0.00000 0.00000 ( 1)
 707 R   0.95503 0.04497 0.00000 0.00000 ( 1)
 708 E   0.90754 0.09246 0.00000 0.00000 ( 1)
 709 Y   0.98315 0.01685 0.00000 0.00000 ( 1)
 710 Q   0.21198 0.78802 0.00000 0.00000 ( 2)
 711 R   0.98591 0.01409 0.00000 0.00000 ( 1)
 712 F   0.99204 0.00796 0.00000 0.00000 ( 1)
 713 P   0.98851 0.01149 0.00000 0.00000 ( 1)
 714 Q   0.70175 0.29825 0.00000 0.00000 ( 1)
 715 L   0.95145 0.04855 0.00000 0.00000 ( 1)
 716 V   0.98051 0.01949 0.00000 0.00000 ( 1)
 717 V   0.51388 0.48612 0.00000 0.00000 ( 1)
 718 L   0.93927 0.06073 0.00000 0.00000 ( 1)
 719 E   0.83611 0.16389 0.00000 0.00000 ( 1)
 720 C   0.98626 0.01374 0.00000 0.00000 ( 1)
 721 T   0.87328 0.12672 0.00000 0.00000 ( 1)
 722 E   0.98257 0.01743 0.00000 0.00000 ( 1)
 723 T   0.00070 0.99930 0.00000 0.00000 ( 2)
 724 N   0.86967 0.13033 0.00000 0.00000 ( 1)
 725 S   0.96465 0.03535 0.00000 0.00000 ( 1)
 726 L   0.95145 0.04855 0.00000 0.00000 ( 1)
 727 G   0.98887 0.01113 0.00000 0.00000 ( 1)
 728 F   0.99288 0.00712 0.00000 0.00000 ( 1)
 729 M   0.28479 0.71521 0.00000 0.00000 ( 2)
 730 L   0.95119 0.04881 0.00000 0.00000 ( 1)
 731 A   0.99233 0.00767 0.00000 0.00000 ( 1)
 732 F   0.98910 0.01090 0.00000 0.00000 ( 1)
 733 G   0.00087 0.99913 0.00000 0.00000 ( 2)
 734 Y   0.98507 0.01493 0.00000 0.00000 ( 1)
 735 N   0.94564 0.05436 0.00000 0.00000 ( 1)
 736 G   0.88924 0.11076 0.00000 0.00000 ( 1)
 737 L   0.98882 0.01118 0.00000 0.00000 ( 1)
 738 L   0.98960 0.01040 0.00000 0.00000 ( 1)
 739 S   0.98122 0.01878 0.00000 0.00000 ( 1)
 740 V   0.09366 0.90634 0.00000 0.00000 ( 2)
 741 S   0.98004 0.01996 0.00000 0.00000 ( 1)
 742 A   0.99141 0.00859 0.00000 0.00000 ( 1)
 743 F   0.95315 0.04685 0.00000 0.00000 ( 1)
 744 A   0.99057 0.00943 0.00000 0.00000 ( 1)
 745 C   0.98494 0.01506 0.00000 0.00000 ( 1)
 746 S   0.90785 0.09215 0.00000 0.00000 ( 1)
 747 Y   0.98507 0.01493 0.00000 0.00000 ( 1)
 748 L   0.67067 0.32933 0.00000 0.00000 ( 1)
 749 G   0.98851 0.01149 0.00000 0.00000 ( 1)
 750 K   0.97816 0.02184 0.00000 0.00000 ( 1)
 751 D   0.99177 0.00823 0.00000 0.00000 ( 1)
 752 L   0.95012 0.04988 0.00000 0.00000 ( 1)
 753 P   0.87077 0.12923 0.00000 0.00000 ( 1)
 754 E   0.98257 0.01743 0.00000 0.00000 ( 1)
 755 N   0.99054 0.00946 0.00000 0.00000 ( 1)
 756 Y   0.96376 0.03624 0.00000 0.00000 ( 1)
 757 N   0.90578 0.09422 0.00000 0.00000 ( 1)
 758 E   0.98257 0.01743 0.00000 0.00000 ( 1)
 759 A   0.99185 0.00815 0.00000 0.00000 ( 1)
 760 K   0.89777 0.10223 0.00000 0.00000 ( 1)
 761 C   0.93287 0.06713 0.00000 0.00000 ( 1)
 762 V   0.99242 0.00758 0.00000 0.00000 ( 1)
 763 T   0.98860 0.01140 0.00000 0.00000 ( 1)
 764 F   0.98965 0.01035 0.00000 0.00000 ( 1)
 765 G   0.48346 0.51654 0.00000 0.00000 ( 2)
 766 L   0.95126 0.04874 0.00000 0.00000 ( 1)
 767 L   0.99050 0.00950 0.00000 0.00000 ( 1)
 768 L   0.91194 0.08806 0.00000 0.00000 ( 1)
 769 N   0.88986 0.11014 0.00000 0.00000 ( 1)
 770 F   0.99204 0.00796 0.00000 0.00000 ( 1)
 771 V   0.39294 0.60706 0.00000 0.00000 ( 2)
 772 S   0.98842 0.01158 0.00000 0.00000 ( 1)
 773 W   0.95390 0.04610 0.00000 0.00000 ( 1)
 774 I   0.99416 0.00584 0.00000 0.00000 ( 1)
 775 A   0.54927 0.45073 0.00000 0.00000 ( 1)
 776 F   0.93112 0.06888 0.00000 0.00000 ( 1)
 777 F   0.99244 0.00756 0.00000 0.00000 ( 1)
 778 T   0.99078 0.00922 0.00000 0.00000 ( 1)
 779 V   0.04183 0.95817 0.00000 0.00000 ( 2)
 780 A   0.99148 0.00852 0.00000 0.00000 ( 1)
 781 S   0.89925 0.10075 0.00000 0.00000 ( 1)
 782 V   0.93041 0.06959 0.00000 0.00000 ( 1)
 783 Y   0.86312 0.13688 0.00000 0.00000 ( 1)
 784 Q   0.33645 0.66355 0.00000 0.00000 ( 2)
 785 G   0.89775 0.10225 0.00000 0.00000 ( 1)
 786 K   0.97967 0.02033 0.00000 0.00000 ( 1)
 787 Y   0.98287 0.01713 0.00000 0.00000 ( 1)
 788 L   0.67046 0.32954 0.00000 0.00000 ( 1)
 789 P   0.90088 0.09912 0.00000 0.00000 ( 1)
 790 A   0.81374 0.18626 0.00000 0.00000 ( 1)
 791 V   0.90778 0.09222 0.00000 0.00000 ( 1)
 792 N   0.98166 0.01834 0.00000 0.00000 ( 1)
 793 V   0.42171 0.57829 0.00000 0.00000 ( 2)
 794 L   0.71475 0.28525 0.00000 0.00000 ( 1)
 795 A   0.98000 0.02000 0.00000 0.00000 ( 1)
 796 V   0.00277 0.99723 0.00000 0.00000 ( 2)
 797 L   0.71011 0.28989 0.00000 0.00000 ( 1)
 798 S   0.98974 0.01026 0.00000 0.00000 ( 1)
 799 S   0.98974 0.01026 0.00000 0.00000 ( 1)
 800 L   0.95137 0.04863 0.00000 0.00000 ( 1)
 801 S   0.90866 0.09134 0.00000 0.00000 ( 1)
 802 S   0.98729 0.01271 0.00000 0.00000 ( 1)
 803 G   0.98887 0.01113 0.00000 0.00000 ( 1)
 804 F   0.99288 0.00712 0.00000 0.00000 ( 1)
 805 S   0.82293 0.17707 0.00000 0.00000 ( 1)
 806 G   0.98114 0.01886 0.00000 0.00000 ( 1)
 807 Y   0.92494 0.07506 0.00000 0.00000 ( 1)
 808 F   0.98235 0.01765 0.00000 0.00000 ( 1)
 809 L   0.97946 0.02054 0.00000 0.00000 ( 1)
 810 P   0.98881 0.01119 0.00000 0.00000 ( 1)
 811 K   0.97761 0.02239 0.00000 0.00000 ( 1)
 812 C   0.98626 0.01374 0.00000 0.00000 ( 1)
 813 Y   0.95053 0.04947 0.00000 0.00000 ( 1)
 814 V   0.97836 0.02164 0.00000 0.00000 ( 1)
 815 I   0.99416 0.00584 0.00000 0.00000 ( 1)
 816 V   0.89619 0.10381 0.00000 0.00000 ( 1)
 817 C   0.88152 0.11848 0.00000 0.00000 ( 1)
 818 R   0.98269 0.01731 0.00000 0.00000 ( 1)
 819 P   0.45849 0.54151 0.00000 0.00000 ( 2)
 820 D   0.97945 0.02054 0.00000 0.00000 ( 1)
 821 L   0.98447 0.01553 0.00000 0.00000 ( 1)
 822 N   0.98952 0.01048 0.00000 0.00000 ( 1)
 823 S   0.90838 0.09162 0.00000 0.00000 ( 1)
 824 T   0.88859 0.11141 0.00000 0.00000 ( 1)
 825 E   0.98257 0.01743 0.00000 0.00000 ( 1)
 826 H   0.98936 0.01064 0.00000 0.00000 ( 1)
 827 F   0.99174 0.00826 0.00000 0.00000 ( 1)
 828 Q   0.96327 0.03673 0.00000 0.00000 ( 1)
 829 A   0.99223 0.00777 0.00000 0.00000 ( 1)
 830 S   0.98842 0.01158 0.00000 0.00000 ( 1)
 831 I   0.98455 0.01545 0.00000 0.00000 ( 1)
 832 Q   0.96327 0.03673 0.00000 0.00000 ( 1)
 833 D   0.92365 0.07635 0.00000 0.00000 ( 1)
 834 Y   0.98507 0.01493 0.00000 0.00000 ( 1)
 835 T   0.97827 0.02173 0.00000 0.00000 ( 1)
 836 R   0.97745 0.02255 0.00000 0.00000 ( 1)
 837 R   0.87952 0.12048 0.00000 0.00000 ( 1)
 838 W   0.01817 0.98183 0.00000 0.00000 ( 2)
 839 G   0.05525 0.94475 0.00000 0.00000 ( 2)
 840 S   0.86121 0.13879 0.00000 0.00000 ( 1)
 841 T   0.98648 0.01352 0.00000 0.00000 ( 1)


lnL = -10657.020583

Bayes Empirical Bayes (BEB) probabilities for 4 classes (class)
(amino acids refer to 1st sequence: 1.Tarsier)

   1 M   0.90073 0.00684 0.09172 0.00070 ( 1)
   2 F   0.70793 0.19819 0.07336 0.02051 ( 1)
   3 H   0.61805 0.28913 0.06312 0.02970 ( 1)
   4 H   0.00297 0.90331 0.00030 0.09342 ( 2)
   5 V   0.00012 0.90568 0.00001 0.09419 ( 2)
   6 A   0.67884 0.22716 0.07046 0.02354 ( 1)
   7 H   0.03056 0.87574 0.00313 0.09057 ( 2)
   8 L   0.87008 0.03614 0.09005 0.00373 ( 1)
   9 V   0.58352 0.32379 0.05946 0.03324 ( 1)
  10 G   0.84772 0.05958 0.08660 0.00610 ( 1)
  11 L   0.86511 0.04111 0.08954 0.00424 ( 1)
  12 Q   0.86788 0.03853 0.08962 0.00397 ( 1)
  13 L   0.86043 0.04561 0.08925 0.00471 ( 1)
  14 S   0.15412 0.75252 0.01573 0.07762 ( 2)
  15 I   0.65769 0.24847 0.06812 0.02572 ( 1)
  16 S   0.84652 0.06073 0.08653 0.00622 ( 1)
  17 C   0.83338 0.07372 0.08533 0.00756 ( 1)
  18 C   0.89535 0.01182 0.09162 0.00121 ( 1)
  19 W   0.71396 0.19219 0.07397 0.01988 ( 1)
  20 A   0.89218 0.01545 0.09079 0.00158 ( 1)
  21 F   0.78519 0.12099 0.08132 0.01250 ( 1)
  22 S   0.61614 0.29116 0.06282 0.02988 ( 1)
  23 C   0.89558 0.01158 0.09165 0.00119 ( 1)
  24 H   0.89221 0.01389 0.09246 0.00143 ( 1)
  25 N   0.21819 0.68845 0.02231 0.07104 ( 2)
  26 T   0.05406 0.85192 0.00558 0.08844 ( 2)
  27 E   0.80813 0.09872 0.08300 0.01015 ( 1)
  28 F   0.11225 0.79336 0.01167 0.08272 ( 2)
  29 S   0.85457 0.05138 0.08874 0.00531 ( 1)
  30 P   0.87168 0.03433 0.09045 0.00355 ( 1)
  31 D   0.86209 0.04544 0.08782 0.00465 ( 1)
  32 F   0.90098 0.00622 0.09217 0.00064 ( 1)
  33 S   0.84944 0.05800 0.08662 0.00593 ( 1)
  34 L   0.89838 0.00912 0.09157 0.00093 ( 1)
  35 P   0.78246 0.12485 0.07990 0.01280 ( 1)
  36 G   0.88304 0.02283 0.09177 0.00236 ( 1)
  37 N   0.72195 0.18416 0.07484 0.01906 ( 1)
  38 Y   0.89484 0.01227 0.09163 0.00126 ( 1)
  39 L   0.89819 0.00931 0.09155 0.00095 ( 1)
  40 L   0.86858 0.03764 0.08989 0.00388 ( 1)
  41 A   0.51312 0.39227 0.05369 0.04092 ( 1)
  42 G   0.89711 0.01024 0.09160 0.00105 ( 1)
  43 F   0.34302 0.56289 0.03558 0.05851 ( 2)
  44 F   0.90141 0.00627 0.09168 0.00064 ( 1)
  45 P   0.65940 0.24651 0.06853 0.02557 ( 1)
  46 L   0.89916 0.00834 0.09165 0.00085 ( 1)
  47 H   0.86741 0.03868 0.08992 0.00399 ( 1)
  48 G   0.25601 0.64965 0.02664 0.06770 ( 2)
  49 D   0.45102 0.45585 0.04616 0.04697 ( 2)
  50 C   0.25525 0.65041 0.02656 0.06778 ( 2)
  51 L   0.70369 0.20244 0.07292 0.02095 ( 1)
  52 Q   0.87762 0.02880 0.09061 0.00297 ( 1)
  53 V   0.89401 0.01305 0.09160 0.00134 ( 1)
  54 R   0.87163 0.03515 0.08961 0.00361 ( 1)
  55 H   0.60745 0.29961 0.06213 0.03081 ( 1)
  56 R   0.82229 0.08325 0.08582 0.00864 ( 1)
  57 P   0.89305 0.01437 0.09110 0.00147 ( 1)
  58 E   0.89208 0.01492 0.09147 0.00153 ( 1)
  59 V   0.89333 0.01373 0.09153 0.00141 ( 1)
  60 T   0.80688 0.10051 0.08231 0.01029 ( 1)
  61 L   0.87586 0.03037 0.09064 0.00313 ( 1)
  62 C   0.84900 0.05694 0.08817 0.00589 ( 1)
  63 D   0.89834 0.00924 0.09148 0.00094 ( 1)
  64 R   0.88117 0.02562 0.09058 0.00263 ( 1)
  65 T   0.00304 0.90252 0.00032 0.09413 ( 2)
  66 C   0.12079 0.78481 0.01256 0.08183 ( 2)
  67 G   0.18289 0.72372 0.01870 0.07469 ( 2)
  68 F   0.89953 0.00815 0.09149 0.00083 ( 1)
  69 N   0.87192 0.03420 0.09035 0.00353 ( 1)
  70 G   0.45005 0.45655 0.04625 0.04716 ( 2)
  71 H   0.88945 0.01665 0.09218 0.00172 ( 1)
  72 G   0.81630 0.09052 0.08387 0.00931 ( 1)
  73 Y   0.55787 0.34891 0.05724 0.03597 ( 1)
  74 H   0.53136 0.37562 0.05436 0.03866 ( 1)
  75 L   0.84245 0.06499 0.08591 0.00665 ( 1)
  76 F   0.86471 0.04293 0.08798 0.00439 ( 1)
  77 Q   0.36930 0.53678 0.03821 0.05571 ( 2)
  78 A   0.49682 0.40908 0.05160 0.04250 ( 1)
  79 M   0.56703 0.34015 0.05786 0.03495 ( 1)
  80 R   0.75335 0.15308 0.07777 0.01580 ( 1)
  81 L   0.71397 0.19199 0.07415 0.01989 ( 1)
  82 S   0.00370 0.90235 0.00038 0.09357 ( 2)
  83 I   0.32851 0.57732 0.03411 0.06006 ( 2)
  84 E   0.34084 0.56565 0.03503 0.05849 ( 2)
  85 A   0.77045 0.13644 0.07908 0.01403 ( 1)
  86 I   0.86769 0.03856 0.08978 0.00398 ( 1)
  87 N   0.89704 0.01041 0.09148 0.00106 ( 1)
  88 N   0.89704 0.01041 0.09148 0.00106 ( 1)
  89 S   0.89489 0.01241 0.09143 0.00127 ( 1)
  90 T   0.88463 0.02227 0.09081 0.00229 ( 1)
  91 V   0.61980 0.28750 0.06319 0.02951 ( 1)
  92 L   0.86323 0.04299 0.08935 0.00444 ( 1)
  93 L   0.86304 0.04318 0.08933 0.00446 ( 1)
  94 P   0.89813 0.00930 0.09162 0.00095 ( 1)
  95 N   0.78244 0.12489 0.07987 0.01280 ( 1)
  96 V   0.25868 0.64829 0.02633 0.06670 ( 2)
  97 T   0.85531 0.05214 0.08722 0.00533 ( 1)
  98 L   0.61158 0.29449 0.06341 0.03052 ( 1)
  99 G   0.88959 0.01721 0.09144 0.00177 ( 1)
 100 Y   0.33957 0.56700 0.03485 0.05858 ( 2)
 101 E   0.01751 0.88833 0.00181 0.09235 ( 2)
 102 L   0.86863 0.03759 0.08990 0.00388 ( 1)
 103 Y   0.18283 0.72275 0.01904 0.07539 ( 2)
 104 D   0.87430 0.03190 0.09052 0.00329 ( 1)
 105 V   0.88993 0.01713 0.09119 0.00176 ( 1)
 106 C   0.89002 0.01635 0.09194 0.00168 ( 1)
 107 S   0.86651 0.03943 0.08997 0.00408 ( 1)
 108 E   0.82256 0.08493 0.08382 0.00869 ( 1)
 109 S   0.85224 0.05370 0.08851 0.00555 ( 1)
 110 A   0.89892 0.00872 0.09147 0.00089 ( 1)
 111 N   0.86805 0.03807 0.08996 0.00393 ( 1)
 112 V   0.88993 0.01713 0.09119 0.00176 ( 1)
 113 Y   0.85074 0.05554 0.08800 0.00573 ( 1)
 114 A   0.89796 0.00968 0.09137 0.00099 ( 1)
 115 T   0.88477 0.02213 0.09082 0.00227 ( 1)
 116 L   0.86323 0.04299 0.08935 0.00444 ( 1)
 117 S   0.18839 0.71697 0.01969 0.07495 ( 2)
 118 V   0.80412 0.10285 0.08246 0.01057 ( 1)
 119 L   0.89702 0.01048 0.09143 0.00107 ( 1)
 120 S   0.89420 0.01310 0.09136 0.00134 ( 1)
 121 L   0.27125 0.63438 0.02824 0.06613 ( 2)
 122 P   0.52261 0.38274 0.05471 0.03993 ( 1)
 123 G   0.88763 0.01916 0.09124 0.00197 ( 1)
 124 T   0.16656 0.73874 0.01742 0.07727 ( 2)
 125 R   0.00011 0.90624 0.00001 0.09363 ( 2)
 126 H   0.89584 0.01153 0.09145 0.00118 ( 1)
 127 I   0.86572 0.04053 0.08958 0.00418 ( 1)
 128 D   0.47784 0.42877 0.04911 0.04428 ( 1)
 129 I   0.84752 0.05992 0.08643 0.00613 ( 1)
 130 Q   0.84164 0.06387 0.08786 0.00663 ( 1)
 131 G   0.54315 0.36217 0.05689 0.03779 ( 1)
 132 D   0.82238 0.08511 0.08380 0.00871 ( 1)
 133 F   0.24689 0.65883 0.02566 0.06862 ( 2)
 134 L   0.89702 0.01048 0.09143 0.00107 ( 1)
 135 H   0.02480 0.88163 0.00253 0.09104 ( 2)
 136 Y   0.84959 0.05627 0.08832 0.00582 ( 1)
 137 S   0.11209 0.79438 0.01147 0.08206 ( 2)
 138 P   0.88426 0.02176 0.09174 0.00225 ( 1)
 139 K   0.78334 0.12294 0.08102 0.01270 ( 1)
 140 I   0.73232 0.17459 0.07514 0.01796 ( 1)
 141 V   0.75027 0.15588 0.07773 0.01612 ( 1)
 142 A   0.87977 0.02571 0.09185 0.00267 ( 1)
 143 V   0.89027 0.01699 0.09099 0.00174 ( 1)
 144 I   0.61465 0.29148 0.06368 0.03019 ( 1)
 145 G   0.79756 0.10916 0.08205 0.01123 ( 1)
 146 P   0.68716 0.21876 0.07140 0.02268 ( 1)
 147 D   0.60290 0.30433 0.06151 0.03125 ( 1)
 148 S   0.00227 0.90416 0.00023 0.09334 ( 2)
 149 T   0.84814 0.05930 0.08649 0.00607 ( 1)
 150 D   0.23942 0.66730 0.02446 0.06882 ( 2)
 151 H   0.00103 0.90448 0.00011 0.09439 ( 2)
 152 A   0.68087 0.22513 0.07067 0.02333 ( 1)
 153 A   0.76636 0.14112 0.07807 0.01445 ( 1)
 154 T   0.70403 0.20325 0.07187 0.02085 ( 1)
 155 T   0.17794 0.72734 0.01862 0.07610 ( 2)
 156 A   0.88365 0.02397 0.08993 0.00245 ( 1)
 157 A   0.84033 0.06724 0.08556 0.00687 ( 1)
 158 L   0.86025 0.04597 0.08904 0.00474 ( 1)
 159 L   0.86641 0.03981 0.08967 0.00411 ( 1)
 160 S   0.83638 0.07094 0.08541 0.00727 ( 1)
 161 P   0.85225 0.05375 0.08845 0.00556 ( 1)
 162 F   0.55451 0.35275 0.05652 0.03623 ( 1)
 163 L   0.86135 0.04487 0.08915 0.00463 ( 1)
 164 V   0.52138 0.38547 0.05343 0.03972 ( 1)
 165 P   0.89788 0.00955 0.09159 0.00098 ( 1)
 166 L   0.31009 0.59646 0.03182 0.06163 ( 2)
 167 I   0.90182 0.00602 0.09154 0.00061 ( 1)
 168 S   0.89878 0.00861 0.09173 0.00088 ( 1)
 169 Y   0.87221 0.03366 0.09065 0.00348 ( 1)
 170 E   0.01789 0.88827 0.00184 0.09201 ( 2)
 171 A   0.90110 0.00655 0.09169 0.00067 ( 1)
 172 S   0.89878 0.00861 0.09173 0.00088 ( 1)
 173 S   0.89738 0.00915 0.09252 0.00094 ( 1)
 174 T   0.00258 0.90360 0.00026 0.09356 ( 2)
 175 T   0.07873 0.82746 0.00809 0.08572 ( 2)
 176 L   0.89541 0.01209 0.09127 0.00124 ( 1)
 177 S   0.60900 0.29807 0.06228 0.03065 ( 1)
 178 V   0.00390 0.90231 0.00040 0.09339 ( 2)
 179 K   0.89044 0.01643 0.09144 0.00169 ( 1)
 180 R   0.38795 0.51822 0.04009 0.05374 ( 2)
 181 Q   0.70744 0.19886 0.07314 0.02055 ( 1)
 182 Y   0.85536 0.05050 0.08891 0.00522 ( 1)
 183 P   0.89904 0.00839 0.09171 0.00086 ( 1)
 184 S   0.86080 0.04515 0.08939 0.00467 ( 1)
 185 F   0.89564 0.01203 0.09110 0.00123 ( 1)
 186 L   0.86863 0.03759 0.08990 0.00388 ( 1)
 187 R   0.89541 0.01176 0.09163 0.00120 ( 1)
 188 T   0.89990 0.00760 0.09172 0.00078 ( 1)
 189 I   0.87455 0.03326 0.08880 0.00339 ( 1)
 190 P   0.89904 0.00839 0.09171 0.00086 ( 1)
 191 S   0.48407 0.42292 0.04947 0.04353 ( 1)
 192 D   0.90023 0.00735 0.09167 0.00075 ( 1)
 193 R   0.49384 0.41269 0.05082 0.04265 ( 1)
 194 H   0.18580 0.72062 0.01906 0.07452 ( 2)
 195 Q   0.87762 0.02880 0.09061 0.00297 ( 1)
 196 V   0.89333 0.01373 0.09153 0.00141 ( 1)
 197 E   0.89279 0.01421 0.09154 0.00146 ( 1)
 198 V   0.65951 0.24772 0.06734 0.02543 ( 1)
 199 M   0.86006 0.04747 0.08762 0.00485 ( 1)
 200 V   0.89333 0.01373 0.09153 0.00141 ( 1)
 201 L   0.69809 0.20803 0.07235 0.02153 ( 1)
 202 L   0.86863 0.03759 0.08990 0.00388 ( 1)
 203 L   0.86847 0.03775 0.08988 0.00389 ( 1)
 204 Q   0.05852 0.84734 0.00605 0.08808 ( 2)
 205 R   0.44913 0.45734 0.04624 0.04729 ( 2)
 206 F   0.90158 0.00610 0.09170 0.00062 ( 1)
 207 R   0.00305 0.90300 0.00031 0.09363 ( 2)
 208 W   0.87050 0.03574 0.09007 0.00369 ( 1)
 209 V   0.59859 0.30856 0.06113 0.03171 ( 1)
 210 W   0.87050 0.03574 0.09007 0.00369 ( 1)
 211 I   0.90279 0.00506 0.09164 0.00052 ( 1)
 212 S   0.86119 0.04476 0.08943 0.00463 ( 1)
 213 L   0.86863 0.03759 0.08990 0.00388 ( 1)
 214 V   0.43172 0.47416 0.04483 0.04928 ( 2)
 215 G   0.89805 0.00930 0.09170 0.00095 ( 1)
 216 S   0.89831 0.00908 0.09168 0.00093 ( 1)
 217 Y   0.00675 0.89888 0.00070 0.09368 ( 2)
 218 G   0.78633 0.12105 0.08023 0.01240 ( 1)
 219 D   0.90058 0.00699 0.09171 0.00071 ( 1)
 220 Y   0.87221 0.03366 0.09065 0.00348 ( 1)
 221 G   0.88979 0.01700 0.09146 0.00175 ( 1)
 222 Q   0.76291 0.14344 0.07885 0.01481 ( 1)
 223 Q   0.23230 0.67286 0.02437 0.07047 ( 2)
 224 G   0.78227 0.12443 0.08049 0.01281 ( 1)
 225 V   0.89140 0.01566 0.09134 0.00161 ( 1)
 226 Q   0.74342 0.16292 0.07684 0.01683 ( 1)
 227 A   0.68908 0.21635 0.07206 0.02251 ( 1)
 228 L   0.87003 0.03619 0.09004 0.00373 ( 1)
 229 E   0.53054 0.37613 0.05452 0.03882 ( 1)
 230 N   0.04029 0.86609 0.00412 0.08951 ( 2)
 231 Q   0.74252 0.16381 0.07675 0.01692 ( 1)
 232 A   0.90110 0.00655 0.09169 0.00067 ( 1)
 233 T   0.88809 0.01795 0.09210 0.00185 ( 1)
 234 D   0.00748 0.89813 0.00078 0.09362 ( 2)
 235 Q   0.72940 0.17692 0.07540 0.01828 ( 1)
 236 G   0.51507 0.39141 0.05306 0.04046 ( 1)
 237 I   0.87400 0.03381 0.08874 0.00345 ( 1)
 238 C   0.89583 0.01133 0.09167 0.00116 ( 1)
 239 I   0.87252 0.03377 0.09023 0.00348 ( 1)
 240 A   0.86560 0.04050 0.08972 0.00418 ( 1)
 241 F   0.90158 0.00610 0.09170 0.00062 ( 1)
 242 K   0.89044 0.01643 0.09144 0.00169 ( 1)
 243 D   0.85966 0.04787 0.08757 0.00489 ( 1)
 244 I   0.57122 0.33620 0.05810 0.03448 ( 1)
 245 V   0.81730 0.09001 0.08347 0.00922 ( 1)
 246 P   0.89711 0.01032 0.09151 0.00106 ( 1)
 247 L   0.86156 0.04607 0.08766 0.00471 ( 1)
 248 S   0.65732 0.24874 0.06817 0.02577 ( 1)
 249 A   0.90110 0.00655 0.09169 0.00067 ( 1)
 250 R   0.00159 0.90424 0.00016 0.09401 ( 2)
 251 V   0.88870 0.01782 0.09164 0.00183 ( 1)
 252 G   0.88120 0.02613 0.08999 0.00267 ( 1)
 253 D   0.87129 0.03490 0.09021 0.00360 ( 1)
 254 E   0.52460 0.38206 0.05391 0.03943 ( 1)
 255 R   0.77699 0.12971 0.07994 0.01335 ( 1)
 256 M   0.90073 0.00684 0.09172 0.00070 ( 1)
 257 Q   0.74391 0.16242 0.07689 0.01678 ( 1)
 258 G   0.02160 0.88470 0.00221 0.09149 ( 2)
 259 M   0.20590 0.70051 0.02113 0.07246 ( 2)
 260 M   0.90073 0.00684 0.09172 0.00070 ( 1)
 261 N   0.00445 0.90183 0.00046 0.09327 ( 2)
 262 R   0.21908 0.68756 0.02240 0.07096 ( 2)
 263 L   0.86863 0.03759 0.08990 0.00388 ( 1)
 264 A   0.86540 0.04220 0.08809 0.00431 ( 1)
 265 R   0.07527 0.83061 0.00778 0.08634 ( 2)
 266 A   0.89889 0.00775 0.09256 0.00080 ( 1)
 267 G   0.02143 0.88467 0.00220 0.09170 ( 2)
 268 T   0.85701 0.05058 0.08724 0.00517 ( 1)
 269 T   0.81036 0.09704 0.08266 0.00994 ( 1)
 270 V   0.89868 0.00848 0.09197 0.00087 ( 1)
 271 V   0.89333 0.01373 0.09153 0.00141 ( 1)
 272 V   0.48782 0.41853 0.05033 0.04332 ( 1)
 273 V   0.86646 0.03966 0.08979 0.00409 ( 1)
 274 F   0.89185 0.01439 0.09228 0.00148 ( 1)
 275 S   0.89765 0.00965 0.09171 0.00099 ( 1)
 276 S   0.02714 0.87931 0.00277 0.09078 ( 2)
 277 R   0.23302 0.67304 0.02408 0.06987 ( 2)
 278 R   0.00206 0.90357 0.00021 0.09416 ( 2)
 279 L   0.18687 0.71894 0.01938 0.07481 ( 2)
 280 A   0.90110 0.00655 0.09169 0.00067 ( 1)
 281 R   0.79796 0.10876 0.08209 0.01119 ( 1)
 282 V   0.89333 0.01373 0.09153 0.00141 ( 1)
 283 F   0.89614 0.01010 0.09272 0.00104 ( 1)
 284 F   0.89899 0.00869 0.09144 0.00089 ( 1)
 285 E   0.89279 0.01421 0.09154 0.00146 ( 1)
 286 S   0.89363 0.01367 0.09130 0.00140 ( 1)
 287 V   0.89333 0.01373 0.09153 0.00141 ( 1)
 288 V   0.89333 0.01373 0.09153 0.00141 ( 1)
 289 L   0.86809 0.03813 0.08984 0.00393 ( 1)
 290 A   0.86487 0.04263 0.08813 0.00436 ( 1)
 291 N   0.85659 0.05082 0.08739 0.00520 ( 1)
 292 L   0.70394 0.20218 0.07295 0.02092 ( 1)
 293 T   0.86084 0.04520 0.08930 0.00467 ( 1)
 294 G   0.89805 0.00930 0.09170 0.00095 ( 1)
 295 K   0.89044 0.01643 0.09144 0.00169 ( 1)
 296 V   0.89333 0.01373 0.09153 0.00141 ( 1)
 297 W   0.87050 0.03574 0.09007 0.00369 ( 1)
 298 I   0.61276 0.29458 0.06244 0.03023 ( 1)
 299 A   0.90110 0.00655 0.09169 0.00067 ( 1)
 300 S   0.81171 0.09362 0.08494 0.00973 ( 1)
 301 E   0.84477 0.06135 0.08754 0.00634 ( 1)
 302 D   0.63525 0.27207 0.06476 0.02792 ( 1)
 303 W   0.87050 0.03574 0.09007 0.00369 ( 1)
 304 A   0.85869 0.04890 0.08741 0.00500 ( 1)
 305 I   0.85997 0.04748 0.08769 0.00486 ( 1)
 306 S   0.89765 0.00965 0.09171 0.00099 ( 1)
 307 R   0.10780 0.79835 0.01110 0.08276 ( 2)
 308 H   0.84416 0.06316 0.08621 0.00647 ( 1)
 309 I   0.90279 0.00506 0.09164 0.00052 ( 1)
 310 T   0.68825 0.21770 0.07149 0.02256 ( 1)
 311 G   0.44817 0.45825 0.04617 0.04740 ( 2)
 312 V   0.89119 0.01586 0.09132 0.00163 ( 1)
 313 P   0.89107 0.01635 0.09090 0.00167 ( 1)
 314 G   0.88837 0.01843 0.09131 0.00189 ( 1)
 315 I   0.90279 0.00506 0.09164 0.00052 ( 1)
 316 Q   0.34589 0.56018 0.03579 0.05815 ( 2)
 317 G   0.57859 0.32826 0.05933 0.03382 ( 1)
 318 I   0.88219 0.02410 0.09122 0.00248 ( 1)
 319 G   0.88789 0.01890 0.09127 0.00194 ( 1)
 320 T   0.00198 0.90453 0.00020 0.09329 ( 2)
 321 V   0.89382 0.01324 0.09158 0.00136 ( 1)
 322 L   0.86863 0.03759 0.08990 0.00388 ( 1)
 323 G   0.87510 0.03223 0.08937 0.00330 ( 1)
 324 V   0.89252 0.01401 0.09203 0.00144 ( 1)
 325 A   0.90110 0.00655 0.09169 0.00067 ( 1)
 326 I   0.90279 0.00506 0.09164 0.00052 ( 1)
 327 Q   0.87762 0.02880 0.09061 0.00297 ( 1)
 328 L   0.08590 0.82028 0.00883 0.08499 ( 2)
 329 R   0.47438 0.43207 0.04887 0.04468 ( 1)
 330 L   0.00088 0.90472 0.00009 0.09431 ( 2)
 331 V   0.86282 0.04461 0.08800 0.00456 ( 1)
 332 P   0.86644 0.03957 0.08991 0.00409 ( 1)
 333 G   0.84834 0.05882 0.08681 0.00603 ( 1)
 334 L   0.86839 0.03783 0.08987 0.00390 ( 1)
 335 K   0.80762 0.09918 0.08300 0.01020 ( 1)
 336 E   0.79161 0.11482 0.08173 0.01184 ( 1)
 337 F   0.70961 0.19652 0.07353 0.02034 ( 1)
 338 E   0.83617 0.06952 0.08711 0.00720 ( 1)
 339 E   0.87529 0.03041 0.09115 0.00315 ( 1)
 340 A   0.90110 0.00655 0.09169 0.00067 ( 1)
 341 Y   0.84893 0.05693 0.08825 0.00589 ( 1)
 342 A   0.86567 0.04193 0.08812 0.00428 ( 1)
 343 Q   0.00465 0.90125 0.00048 0.09363 ( 2)
 344 A   0.60227 0.30314 0.06300 0.03159 ( 1)
 345 D   0.90058 0.00699 0.09171 0.00071 ( 1)
 346 K   0.89044 0.01643 0.09144 0.00169 ( 1)
 347 G   0.01862 0.88723 0.00192 0.09222 ( 2)
 348 A   0.85966 0.04793 0.08751 0.00490 ( 1)
 349 P   0.11406 0.79157 0.01185 0.08251 ( 2)
 350 L   0.27422 0.63176 0.02839 0.06564 ( 2)
 351 P   0.55714 0.34871 0.05792 0.03622 ( 1)
 352 C   0.89438 0.01278 0.09152 0.00131 ( 1)
 353 P   0.03722 0.86921 0.00380 0.08976 ( 2)
 354 T   0.09483 0.81135 0.00975 0.08407 ( 2)
 355 G   0.84803 0.05928 0.08662 0.00607 ( 1)
 356 A   0.83805 0.06919 0.08567 0.00709 ( 1)
 357 W   0.72640 0.18004 0.07497 0.01858 ( 1)
 358 C   0.89583 0.01133 0.09167 0.00116 ( 1)
 359 S   0.89878 0.00861 0.09173 0.00088 ( 1)
 360 S   0.89878 0.00861 0.09173 0.00088 ( 1)
 361 N   0.86429 0.04182 0.08957 0.00432 ( 1)
 362 Q   0.87762 0.02880 0.09061 0.00297 ( 1)
 363 L   0.61419 0.29304 0.06267 0.03009 ( 1)
 364 C   0.89438 0.01278 0.09152 0.00131 ( 1)
 365 R   0.83045 0.07509 0.08667 0.00779 ( 1)
 366 E   0.18409 0.72137 0.01921 0.07534 ( 2)
 367 C   0.89388 0.01288 0.09192 0.00132 ( 1)
 368 C   0.00134 0.90398 0.00014 0.09454 ( 2)
 369 A   0.70600 0.20002 0.07327 0.02072 ( 1)
 370 F   0.90158 0.00610 0.09170 0.00062 ( 1)
 371 T   0.00042 0.90596 0.00004 0.09357 ( 2)
 372 A   0.14737 0.75792 0.01542 0.07929 ( 2)
 373 H   0.89825 0.00912 0.09169 0.00093 ( 1)
 374 T   0.00027 0.90585 0.00003 0.09385 ( 2)
 375 T   0.86021 0.04731 0.08763 0.00484 ( 1)
 376 P   0.89862 0.00881 0.09167 0.00090 ( 1)
 377 T   0.07844 0.82773 0.00807 0.08577 ( 2)
 378 L   0.89306 0.01443 0.09103 0.00148 ( 1)
 379 G   0.00059 0.90475 0.00006 0.09460 ( 2)
 380 P   0.64344 0.26381 0.06567 0.02708 ( 1)
 381 F   0.86534 0.04229 0.08804 0.00432 ( 1)
 382 S   0.89765 0.00965 0.09171 0.00099 ( 1)
 383 M   0.90073 0.00684 0.09172 0.00070 ( 1)
 384 S   0.86315 0.04292 0.08950 0.00443 ( 1)
 385 S   0.65550 0.25035 0.06817 0.02598 ( 1)
 386 A   0.90110 0.00655 0.09169 0.00067 ( 1)
 387 Y   0.89484 0.01227 0.09163 0.00126 ( 1)
 388 N   0.89929 0.00816 0.09171 0.00083 ( 1)
 389 V   0.39255 0.51401 0.04033 0.05312 ( 2)
 390 Y   0.88995 0.01716 0.09113 0.00176 ( 1)
 391 Q   0.06163 0.84428 0.00637 0.08772 ( 2)
 392 A   0.85628 0.04981 0.08876 0.00514 ( 1)
 393 V   0.89333 0.01373 0.09153 0.00141 ( 1)
 394 Y   0.87298 0.03289 0.09073 0.00340 ( 1)
 395 T   0.05704 0.84855 0.00593 0.08848 ( 2)
 396 V   0.89333 0.01373 0.09153 0.00141 ( 1)
 397 A   0.90087 0.00677 0.09167 0.00069 ( 1)
 398 H   0.86477 0.04132 0.08965 0.00427 ( 1)
 399 G   0.89805 0.00930 0.09170 0.00095 ( 1)
 400 L   0.89948 0.00802 0.09168 0.00082 ( 1)
 401 H   0.89844 0.00894 0.09171 0.00091 ( 1)
 402 Q   0.87762 0.02880 0.09061 0.00297 ( 1)
 403 L   0.89948 0.00802 0.09168 0.00082 ( 1)
 404 L   0.86863 0.03759 0.08990 0.00388 ( 1)
 405 G   0.89805 0.00930 0.09170 0.00095 ( 1)
 406 C   0.87592 0.03004 0.09094 0.00310 ( 1)
 407 A   0.85395 0.05364 0.08693 0.00548 ( 1)
 408 S   0.86502 0.04093 0.08982 0.00423 ( 1)
 409 G   0.81545 0.08993 0.08528 0.00934 ( 1)
 410 A   0.80760 0.09848 0.08375 0.01018 ( 1)
 411 C   0.85480 0.05115 0.08877 0.00529 ( 1)
 412 S   0.89765 0.00965 0.09171 0.00099 ( 1)
 413 R   0.88866 0.01813 0.09134 0.00186 ( 1)
 414 S   0.61456 0.29249 0.06287 0.03008 ( 1)
 415 Q   0.02403 0.88107 0.00252 0.09238 ( 2)
 416 V   0.90120 0.00649 0.09165 0.00066 ( 1)
 417 Y   0.52114 0.38561 0.05348 0.03977 ( 1)
 418 P   0.89855 0.00888 0.09166 0.00091 ( 1)
 419 W   0.87050 0.03574 0.09007 0.00369 ( 1)
 420 Q   0.87762 0.02880 0.09061 0.00297 ( 1)
 421 L   0.85953 0.04651 0.08916 0.00480 ( 1)
 422 L   0.86564 0.04056 0.08961 0.00419 ( 1)
 423 E   0.81800 0.08893 0.08393 0.00914 ( 1)
 424 Q   0.87762 0.02880 0.09061 0.00297 ( 1)
 425 I   0.90279 0.00506 0.09164 0.00052 ( 1)
 426 H   0.03240 0.87404 0.00331 0.09026 ( 2)
 427 K   0.88996 0.01691 0.09139 0.00174 ( 1)
 428 A   0.82615 0.08085 0.08470 0.00830 ( 1)
 429 N   0.68470 0.22130 0.07107 0.02293 ( 1)
 430 F   0.90141 0.00627 0.09168 0.00064 ( 1)
 431 L   0.85953 0.04651 0.08916 0.00480 ( 1)
 432 L   0.79722 0.10803 0.08351 0.01124 ( 1)
 433 H   0.89648 0.01089 0.09151 0.00111 ( 1)
 434 E   0.02128 0.88484 0.00219 0.09169 ( 2)
 435 D   0.90058 0.00699 0.09171 0.00071 ( 1)
 436 T   0.86661 0.03943 0.08989 0.00407 ( 1)
 437 V   0.89333 0.01373 0.09153 0.00141 ( 1)
 438 T   0.00776 0.89854 0.00079 0.09290 ( 2)
 439 F   0.70772 0.19841 0.07334 0.02053 ( 1)
 440 N   0.28826 0.61754 0.02993 0.06427 ( 2)
 441 D   0.90058 0.00699 0.09171 0.00071 ( 1)
 442 N   0.87830 0.02889 0.08985 0.00296 ( 1)
 443 G   0.27489 0.63035 0.02880 0.06595 ( 2)
 444 D   0.47781 0.42854 0.04930 0.04435 ( 1)
 445 P   0.85009 0.05729 0.08676 0.00586 ( 1)
 446 L   0.55949 0.34762 0.05715 0.03574 ( 1)
 447 S   0.86220 0.04387 0.08940 0.00453 ( 1)
 448 G   0.84332 0.06401 0.08611 0.00656 ( 1)
 449 Y   0.84893 0.05693 0.08825 0.00589 ( 1)
 450 N   0.22142 0.68528 0.02262 0.07068 ( 2)
 451 I   0.87239 0.03385 0.09026 0.00349 ( 1)
 452 I   0.87252 0.03377 0.09023 0.00348 ( 1)
 453 A   0.86490 0.04270 0.08804 0.00436 ( 1)
 454 W   0.87050 0.03574 0.09007 0.00369 ( 1)
 455 D   0.90058 0.00699 0.09171 0.00071 ( 1)
 456 W   0.87050 0.03574 0.09007 0.00369 ( 1)
 457 I   0.05469 0.85098 0.00567 0.08866 ( 2)
 458 G   0.88548 0.02039 0.09202 0.00211 ( 1)
 459 F   0.62634 0.28062 0.06416 0.02888 ( 1)
 460 K   0.81769 0.08912 0.08403 0.00916 ( 1)
 461 W   0.87050 0.03574 0.09007 0.00369 ( 1)
 462 T   0.89990 0.00760 0.09172 0.00078 ( 1)
 463 F   0.90067 0.00701 0.09160 0.00072 ( 1)
 464 T   0.88203 0.02438 0.09108 0.00251 ( 1)
 465 V   0.54823 0.35903 0.05587 0.03687 ( 1)
 466 I   0.07812 0.82813 0.00802 0.08573 ( 2)
 467 G   0.89016 0.01582 0.09238 0.00163 ( 1)
 468 S   0.89715 0.01015 0.09166 0.00104 ( 1)
 469 S   0.89765 0.00965 0.09171 0.00099 ( 1)
 470 T   0.82984 0.07609 0.08620 0.00787 ( 1)
 471 A   0.28488 0.62101 0.02954 0.06457 ( 2)
 472 S   0.64627 0.25955 0.06724 0.02694 ( 1)
 473 P   0.80936 0.09606 0.08460 0.00998 ( 1)
 474 V   0.67863 0.22739 0.07042 0.02356 ( 1)
 475 R   0.00515 0.90068 0.00053 0.09364 ( 2)
 476 L   0.82345 0.08180 0.08624 0.00850 ( 1)
 477 D   0.84876 0.05868 0.08655 0.00600 ( 1)
 478 I   0.87102 0.03523 0.09012 0.00363 ( 1)
 479 N   0.86429 0.04182 0.08957 0.00432 ( 1)
 480 E   0.81808 0.08885 0.08394 0.00913 ( 1)
 481 T   0.89989 0.00761 0.09172 0.00078 ( 1)
 482 K   0.82903 0.07658 0.08645 0.00794 ( 1)
 483 I   0.90245 0.00539 0.09160 0.00055 ( 1)
 484 Q   0.87762 0.02880 0.09061 0.00297 ( 1)
 485 W   0.87050 0.03574 0.09007 0.00369 ( 1)
 486 H   0.83345 0.07344 0.08557 0.00755 ( 1)
 487 R   0.14636 0.75887 0.01533 0.07944 ( 2)
 488 K   0.89044 0.01643 0.09144 0.00169 ( 1)
 489 D   0.86260 0.04493 0.08787 0.00459 ( 1)
 490 N   0.89949 0.00797 0.09173 0.00081 ( 1)
 491 Q   0.87762 0.02880 0.09061 0.00297 ( 1)
 492 V   0.89252 0.01401 0.09203 0.00144 ( 1)
 493 P   0.86358 0.04243 0.08961 0.00438 ( 1)
 494 Q   0.47580 0.43087 0.04886 0.04447 ( 1)
 495 S   0.85457 0.05138 0.08874 0.00531 ( 1)
 496 V   0.89333 0.01373 0.09153 0.00141 ( 1)
 497 C   0.88286 0.02310 0.09166 0.00239 ( 1)
 498 S   0.89765 0.00965 0.09171 0.00099 ( 1)
 499 S   0.88799 0.01848 0.09162 0.00190 ( 1)
 500 D   0.90017 0.00741 0.09166 0.00076 ( 1)
 501 C   0.85858 0.04737 0.08916 0.00490 ( 1)
 502 L   0.85953 0.04651 0.08916 0.00480 ( 1)
 503 E   0.58191 0.32369 0.06072 0.03368 ( 1)
 504 G   0.88572 0.02107 0.09105 0.00216 ( 1)
 505 H   0.84893 0.05797 0.08714 0.00595 ( 1)
 506 Q   0.87762 0.02880 0.09061 0.00297 ( 1)
 507 R   0.12200 0.78311 0.01280 0.08209 ( 2)
 508 V   0.89333 0.01373 0.09153 0.00141 ( 1)
 509 V   0.86760 0.03852 0.08990 0.00398 ( 1)
 510 V   0.00215 0.90368 0.00022 0.09396 ( 2)
 511 G   0.65291 0.25296 0.06788 0.02625 ( 1)
 512 S   0.86631 0.04133 0.08814 0.00422 ( 1)
 513 H   0.32211 0.58369 0.03346 0.06074 ( 2)
 514 H   0.85074 0.05658 0.08688 0.00579 ( 1)
 515 C   0.85751 0.04922 0.08821 0.00506 ( 1)
 516 C   0.89583 0.01133 0.09167 0.00116 ( 1)
 517 F   0.87756 0.02867 0.09081 0.00296 ( 1)
 518 E   0.81946 0.08747 0.08408 0.00899 ( 1)
 519 C   0.85480 0.05115 0.08877 0.00529 ( 1)
 520 V   0.88577 0.02128 0.09077 0.00218 ( 1)
 521 P   0.89651 0.01092 0.09145 0.00112 ( 1)
 522 C   0.85539 0.05055 0.08883 0.00523 ( 1)
 523 E   0.44019 0.46623 0.04535 0.04823 ( 2)
 524 S   0.66367 0.24232 0.06889 0.02512 ( 1)
 525 G   0.88761 0.01918 0.09124 0.00197 ( 1)
 526 T   0.49249 0.41455 0.05031 0.04265 ( 1)
 527 F   0.67934 0.22808 0.06921 0.02338 ( 1)
 528 L   0.59113 0.31560 0.06073 0.03254 ( 1)
 529 N   0.64261 0.26456 0.06565 0.02718 ( 1)
 530 K   0.49095 0.41557 0.05053 0.04294 ( 1)
 531 S   0.85656 0.04951 0.08882 0.00511 ( 1)
 532 D   0.89834 0.00924 0.09148 0.00094 ( 1)
 533 L   0.83633 0.07110 0.08529 0.00728 ( 1)
 534 Y   0.81304 0.09399 0.08332 0.00965 ( 1)
 535 R   0.22109 0.68427 0.02311 0.07152 ( 2)
 536 C   0.89217 0.01499 0.09130 0.00154 ( 1)
 537 Q   0.87762 0.02880 0.09061 0.00297 ( 1)
 538 P   0.65817 0.24773 0.06840 0.02570 ( 1)
 539 C   0.85480 0.05115 0.08877 0.00529 ( 1)
 540 G   0.88837 0.01843 0.09131 0.00189 ( 1)
 541 K   0.83663 0.06899 0.08724 0.00715 ( 1)
 542 E   0.83617 0.06952 0.08711 0.00720 ( 1)
 543 E   0.89251 0.01423 0.09180 0.00146 ( 1)
 544 W   0.87050 0.03574 0.09007 0.00369 ( 1)
 545 A   0.81431 0.09116 0.08507 0.00946 ( 1)
 546 P   0.86686 0.03915 0.08995 0.00404 ( 1)
 547 E   0.14533 0.76097 0.01493 0.07877 ( 2)
 548 G   0.48747 0.41783 0.05107 0.04363 ( 1)
 549 S   0.89878 0.00861 0.09173 0.00088 ( 1)
 550 Q   0.87762 0.02880 0.09061 0.00297 ( 1)
 551 T   0.85172 0.05572 0.08685 0.00570 ( 1)
 552 C   0.89583 0.01133 0.09167 0.00116 ( 1)
 553 F   0.90091 0.00677 0.09163 0.00069 ( 1)
 554 P   0.59023 0.31637 0.06074 0.03266 ( 1)
 555 R   0.88955 0.01761 0.09104 0.00180 ( 1)
 556 T   0.86757 0.03847 0.08999 0.00397 ( 1)
 557 V   0.89123 0.01582 0.09132 0.00162 ( 1)
 558 V   0.82268 0.08431 0.08435 0.00866 ( 1)
 559 F   0.29508 0.61081 0.03060 0.06351 ( 2)
 560 L   0.86807 0.03814 0.08986 0.00393 ( 1)
 561 A   0.26246 0.64332 0.02726 0.06697 ( 2)
 562 W   0.31048 0.59534 0.03224 0.06194 ( 2)
 563 H   0.29407 0.61157 0.03062 0.06374 ( 2)
 564 E   0.89279 0.01421 0.09154 0.00146 ( 1)
 565 C   0.03732 0.86912 0.00381 0.08975 ( 2)
 566 I   0.86161 0.04585 0.08785 0.00469 ( 1)
 567 S   0.85457 0.05138 0.08874 0.00531 ( 1)
 568 W   0.87050 0.03574 0.09007 0.00369 ( 1)
 569 V   0.89333 0.01373 0.09153 0.00141 ( 1)
 570 L   0.86599 0.04023 0.08963 0.00415 ( 1)
 571 L   0.86835 0.03787 0.08987 0.00391 ( 1)
 572 A   0.51138 0.39400 0.05351 0.04110 ( 1)
 573 A   0.69681 0.20920 0.07232 0.02167 ( 1)
 574 N   0.88776 0.01968 0.09054 0.00201 ( 1)
 575 T   0.77712 0.12969 0.07985 0.01334 ( 1)
 576 L   0.30562 0.60027 0.03170 0.06241 ( 2)
 577 L   0.86731 0.03891 0.08976 0.00401 ( 1)
 578 L   0.86854 0.03769 0.08989 0.00389 ( 1)
 579 V   0.70401 0.20212 0.07296 0.02092 ( 1)
 580 V   0.70336 0.20276 0.07290 0.02098 ( 1)
 581 V   0.71146 0.19467 0.07373 0.02014 ( 1)
 582 V   0.26746 0.63827 0.02780 0.06647 ( 2)
 583 G   0.88913 0.01766 0.09139 0.00181 ( 1)
 584 T   0.66728 0.23866 0.06932 0.02475 ( 1)
 585 V   0.67997 0.22603 0.07058 0.02342 ( 1)
 586 G   0.89609 0.01126 0.09150 0.00115 ( 1)
 587 L   0.86863 0.03759 0.08990 0.00388 ( 1)
 588 F   0.86993 0.03630 0.09003 0.00374 ( 1)
 589 A   0.90071 0.00693 0.09165 0.00071 ( 1)
 590 W   0.87050 0.03574 0.09007 0.00369 ( 1)
 591 H   0.89847 0.00891 0.09171 0.00091 ( 1)
 592 Q   0.45439 0.45080 0.04768 0.04713 ( 1)
 593 D   0.90058 0.00699 0.09171 0.00071 ( 1)
 594 T   0.89920 0.00830 0.09165 0.00085 ( 1)
 595 P   0.85798 0.04802 0.08904 0.00496 ( 1)
 596 V   0.89333 0.01373 0.09153 0.00141 ( 1)
 597 V   0.89285 0.01421 0.09149 0.00146 ( 1)
 598 R   0.88866 0.01813 0.09134 0.00186 ( 1)
 599 S   0.79862 0.10671 0.08358 0.01109 ( 1)
 600 A   0.84514 0.06033 0.08827 0.00626 ( 1)
 601 G   0.88837 0.01843 0.09131 0.00189 ( 1)
 602 G   0.89805 0.00930 0.09170 0.00095 ( 1)
 603 W   0.01653 0.88976 0.00169 0.09202 ( 2)
 604 L   0.86863 0.03759 0.08990 0.00388 ( 1)
 605 C   0.89570 0.01146 0.09166 0.00117 ( 1)
 606 F   0.89185 0.01439 0.09228 0.00148 ( 1)
 607 L   0.88842 0.01763 0.09213 0.00182 ( 1)
 608 M   0.90073 0.00684 0.09172 0.00070 ( 1)
 609 L   0.86641 0.03981 0.08967 0.00411 ( 1)
 610 G   0.89711 0.01024 0.09160 0.00105 ( 1)
 611 S   0.89703 0.01027 0.09165 0.00105 ( 1)
 612 L   0.86863 0.03759 0.08990 0.00388 ( 1)
 613 A   0.82554 0.07993 0.08624 0.00830 ( 1)
 614 G   0.03287 0.87240 0.00344 0.09130 ( 2)
 615 A   0.63712 0.26874 0.06625 0.02789 ( 1)
 616 S   0.89561 0.01092 0.09234 0.00112 ( 1)
 617 C   0.03405 0.87237 0.00348 0.09010 ( 2)
 618 S   0.89878 0.00861 0.09173 0.00088 ( 1)
 619 L   0.85352 0.05392 0.08703 0.00552 ( 1)
 620 Y   0.84893 0.05693 0.08825 0.00589 ( 1)
 621 G   0.89782 0.00953 0.09167 0.00098 ( 1)
 622 F   0.90126 0.00642 0.09166 0.00066 ( 1)
 623 F   0.86993 0.03630 0.09003 0.00374 ( 1)
 624 G   0.88572 0.02107 0.09105 0.00216 ( 1)
 625 E   0.88437 0.02178 0.09161 0.00225 ( 1)
 626 P   0.89784 0.00959 0.09159 0.00098 ( 1)
 627 T   0.59757 0.30824 0.06217 0.03202 ( 1)
 628 L   0.26531 0.64096 0.02733 0.06640 ( 2)
 629 P   0.74342 0.16253 0.07722 0.01683 ( 1)
 630 A   0.56417 0.34123 0.05903 0.03557 ( 1)
 631 C   0.89438 0.01278 0.09152 0.00131 ( 1)
 632 L   0.85950 0.04670 0.08898 0.00482 ( 1)
 633 L   0.86843 0.03779 0.08988 0.00390 ( 1)
 634 R   0.89551 0.01165 0.09164 0.00119 ( 1)
 635 Q   0.87495 0.03147 0.09034 0.00324 ( 1)
 636 A   0.85166 0.05592 0.08670 0.00572 ( 1)
 637 I   0.84823 0.05921 0.08650 0.00606 ( 1)
 638 F   0.86993 0.03630 0.09003 0.00374 ( 1)
 639 A   0.90010 0.00754 0.09159 0.00077 ( 1)
 640 L   0.86504 0.04099 0.08973 0.00423 ( 1)
 641 G   0.85720 0.04877 0.08899 0.00504 ( 1)
 642 F   0.89564 0.01203 0.09110 0.00123 ( 1)
 643 T   0.84509 0.06235 0.08618 0.00638 ( 1)
 644 I   0.87477 0.03304 0.08882 0.00337 ( 1)
 645 F   0.90138 0.00630 0.09168 0.00064 ( 1)
 646 L   0.86843 0.03779 0.08988 0.00390 ( 1)
 647 S   0.89753 0.00977 0.09170 0.00100 ( 1)
 648 C   0.89583 0.01133 0.09167 0.00116 ( 1)
 649 L   0.70394 0.20218 0.07295 0.02092 ( 1)
 650 T   0.81324 0.09220 0.08499 0.00957 ( 1)
 651 V   0.86408 0.04204 0.08954 0.00434 ( 1)
 652 R   0.89522 0.01195 0.09161 0.00122 ( 1)
 653 S   0.89230 0.01372 0.09256 0.00142 ( 1)
 654 F   0.90158 0.00610 0.09170 0.00062 ( 1)
 655 Q   0.82252 0.08299 0.08588 0.00861 ( 1)
 656 L   0.84018 0.06508 0.08798 0.00676 ( 1)
 657 V   0.85737 0.05042 0.08707 0.00515 ( 1)
 658 I   0.90279 0.00506 0.09164 0.00052 ( 1)
 659 I   0.90219 0.00565 0.09158 0.00058 ( 1)
 660 F   0.90158 0.00610 0.09170 0.00062 ( 1)
 661 K   0.89044 0.01643 0.09144 0.00169 ( 1)
 662 F   0.86993 0.03630 0.09003 0.00374 ( 1)
 663 S   0.89700 0.01030 0.09164 0.00105 ( 1)
 664 T   0.66067 0.24656 0.06746 0.02531 ( 1)
 665 K   0.88928 0.01759 0.09132 0.00181 ( 1)
 666 V   0.17755 0.72776 0.01857 0.07612 ( 2)
 667 P   0.88666 0.01936 0.09199 0.00200 ( 1)
 668 T   0.23967 0.66562 0.02509 0.06962 ( 2)
 669 F   0.90158 0.00610 0.09170 0.00062 ( 1)
 670 Y   0.55955 0.34724 0.05742 0.03580 ( 1)
 671 H   0.29762 0.60910 0.03044 0.06283 ( 2)
 672 T   0.67631 0.23107 0.06893 0.02369 ( 1)
 673 W   0.87050 0.03574 0.09007 0.00369 ( 1)
 674 V   0.90027 0.00742 0.09155 0.00076 ( 1)
 675 Q   0.81913 0.08638 0.08553 0.00896 ( 1)
 676 N   0.89949 0.00797 0.09173 0.00081 ( 1)
 677 H   0.89462 0.01232 0.09179 0.00126 ( 1)
 678 G   0.85579 0.05018 0.08885 0.00519 ( 1)
 679 A   0.87176 0.03434 0.09035 0.00355 ( 1)
 680 A   0.16665 0.73992 0.01704 0.07639 ( 2)
 681 L   0.86863 0.03759 0.08990 0.00388 ( 1)
 682 F   0.86993 0.03630 0.09003 0.00374 ( 1)
 683 I   0.69630 0.21057 0.07146 0.02167 ( 1)
 684 M   0.53100 0.37615 0.05419 0.03867 ( 1)
 685 I   0.90248 0.00537 0.09161 0.00055 ( 1)
 686 S   0.85260 0.05487 0.08691 0.00561 ( 1)
 687 S   0.79862 0.10671 0.08358 0.01109 ( 1)
 688 M   0.02739 0.87876 0.00281 0.09103 ( 2)
 689 A   0.18466 0.72173 0.01895 0.07466 ( 2)
 690 Q   0.87762 0.02880 0.09061 0.00297 ( 1)
 691 L   0.86605 0.04017 0.08963 0.00414 ( 1)
 692 L   0.86271 0.04333 0.08949 0.00448 ( 1)
 693 I   0.90279 0.00506 0.09164 0.00052 ( 1)
 694 C   0.85526 0.05068 0.08882 0.00524 ( 1)
 695 L   0.79722 0.10803 0.08351 0.01124 ( 1)
 696 T   0.86731 0.03872 0.08996 0.00400 ( 1)
 697 W   0.87050 0.03574 0.09007 0.00369 ( 1)
 698 L   0.86357 0.04265 0.08938 0.00440 ( 1)
 699 A   0.48451 0.42216 0.04976 0.04357 ( 1)
 700 V   0.82290 0.08409 0.08437 0.00863 ( 1)
 701 W   0.87050 0.03574 0.09007 0.00369 ( 1)
 702 T   0.89752 0.00948 0.09202 0.00097 ( 1)
 703 P   0.80936 0.09606 0.08460 0.00998 ( 1)
 704 L   0.86863 0.03759 0.08990 0.00388 ( 1)
 705 P   0.89777 0.00966 0.09158 0.00099 ( 1)
 706 T   0.79971 0.10629 0.08300 0.01100 ( 1)
 707 R   0.87176 0.03501 0.08962 0.00360 ( 1)
 708 E   0.83617 0.06952 0.08711 0.00720 ( 1)
 709 Y   0.89335 0.01376 0.09148 0.00141 ( 1)
 710 Q   0.36123 0.54484 0.03738 0.05655 ( 2)
 711 R   0.89554 0.01162 0.09164 0.00119 ( 1)
 712 F   0.90091 0.00677 0.09163 0.00069 ( 1)
 713 P   0.89784 0.00959 0.09159 0.00098 ( 1)
 714 Q   0.72467 0.18134 0.07521 0.01878 ( 1)
 715 L   0.86863 0.03759 0.08990 0.00388 ( 1)
 716 V   0.89123 0.01582 0.09132 0.00162 ( 1)
 717 V   0.64068 0.26660 0.06536 0.02737 ( 1)
 718 L   0.85953 0.04651 0.08916 0.00480 ( 1)
 719 E   0.80931 0.09761 0.08305 0.01003 ( 1)
 720 C   0.89583 0.01133 0.09167 0.00116 ( 1)
 721 T   0.81119 0.09425 0.08478 0.00979 ( 1)
 722 E   0.89279 0.01421 0.09154 0.00146 ( 1)
 723 T   0.00451 0.90199 0.00046 0.09303 ( 2)
 724 N   0.82964 0.07774 0.08466 0.00796 ( 1)
 725 S   0.87944 0.02784 0.08987 0.00285 ( 1)
 726 L   0.86863 0.03759 0.08990 0.00388 ( 1)
 727 G   0.89805 0.00930 0.09170 0.00095 ( 1)
 728 F   0.90158 0.00610 0.09170 0.00062 ( 1)
 729 M   0.44342 0.46257 0.04598 0.04803 ( 2)
 730 L   0.86843 0.03779 0.08988 0.00390 ( 1)
 731 A   0.90110 0.00655 0.09169 0.00067 ( 1)
 732 F   0.89807 0.00912 0.09187 0.00093 ( 1)
 733 G   0.00554 0.90058 0.00057 0.09331 ( 2)
 734 Y   0.89484 0.01227 0.09163 0.00126 ( 1)
 735 N   0.86429 0.04182 0.08957 0.00432 ( 1)
 736 G   0.84114 0.06616 0.08593 0.00678 ( 1)
 737 L   0.89765 0.00936 0.09203 0.00096 ( 1)
 738 L   0.89876 0.00874 0.09161 0.00089 ( 1)
 739 S   0.89205 0.01525 0.09114 0.00156 ( 1)
 740 V   0.23174 0.67524 0.02357 0.06945 ( 2)
 741 S   0.88993 0.01616 0.09225 0.00167 ( 1)
 742 A   0.90035 0.00729 0.09161 0.00074 ( 1)
 743 F   0.86993 0.03630 0.09003 0.00374 ( 1)
 744 A   0.89969 0.00795 0.09155 0.00081 ( 1)
 745 C   0.89479 0.01237 0.09157 0.00127 ( 1)
 746 S   0.85217 0.05517 0.08701 0.00565 ( 1)
 747 Y   0.89484 0.01227 0.09163 0.00126 ( 1)
 748 L   0.70406 0.20207 0.07296 0.02091 ( 1)
 749 G   0.89776 0.00959 0.09167 0.00098 ( 1)
 750 K   0.88928 0.01759 0.09132 0.00181 ( 1)
 751 D   0.90058 0.00699 0.09171 0.00071 ( 1)
 752 L   0.86762 0.03858 0.08981 0.00398 ( 1)
 753 P   0.80936 0.09606 0.08460 0.00998 ( 1)
 754 E   0.89279 0.01421 0.09154 0.00146 ( 1)
 755 N   0.89949 0.00797 0.09173 0.00081 ( 1)
 756 Y   0.87864 0.02845 0.08999 0.00292 ( 1)
 757 N   0.85099 0.05641 0.08682 0.00577 ( 1)
 758 E   0.89279 0.01421 0.09154 0.00146 ( 1)
 759 A   0.90071 0.00693 0.09165 0.00071 ( 1)
 760 K   0.82903 0.07658 0.08645 0.00794 ( 1)
 761 C   0.85480 0.05115 0.08877 0.00529 ( 1)
 762 V   0.90120 0.00649 0.09165 0.00066 ( 1)
 763 T   0.89798 0.00952 0.09153 0.00097 ( 1)
 764 F   0.89899 0.00869 0.09144 0.00089 ( 1)
 765 G   0.61861 0.28847 0.06326 0.02966 ( 1)
 766 L   0.86848 0.03774 0.08988 0.00389 ( 1)
 767 L   0.89948 0.00802 0.09168 0.00082 ( 1)
 768 L   0.85470 0.05292 0.08697 0.00541 ( 1)
 769 N   0.84166 0.06573 0.08588 0.00673 ( 1)
 770 F   0.90091 0.00677 0.09163 0.00069 ( 1)
 771 V   0.54587 0.36101 0.05593 0.03719 ( 1)
 772 S   0.89765 0.00965 0.09171 0.00099 ( 1)
 773 W   0.87050 0.03574 0.09007 0.00369 ( 1)
 774 I   0.90279 0.00506 0.09164 0.00052 ( 1)
 775 A   0.66490 0.24245 0.06777 0.02487 ( 1)
 776 F   0.86601 0.04163 0.08811 0.00425 ( 1)
 777 F   0.90123 0.00645 0.09166 0.00066 ( 1)
 778 T   0.89972 0.00778 0.09170 0.00080 ( 1)
 779 V   0.11989 0.78634 0.01232 0.08145 ( 2)
 780 A   0.90041 0.00723 0.09162 0.00074 ( 1)
 781 S   0.84712 0.06022 0.08650 0.00617 ( 1)
 782 V   0.86547 0.04218 0.08804 0.00431 ( 1)
 783 Y   0.82555 0.08150 0.08459 0.00837 ( 1)
 784 Q   0.49564 0.41146 0.05058 0.04231 ( 1)
 785 G   0.84613 0.06116 0.08644 0.00627 ( 1)
 786 K   0.89044 0.01643 0.09144 0.00169 ( 1)
 787 Y   0.89272 0.01398 0.09187 0.00144 ( 1)
 788 L   0.70392 0.20221 0.07295 0.02093 ( 1)
 789 P   0.84718 0.05929 0.08742 0.00611 ( 1)
 790 A   0.79574 0.11119 0.08164 0.01143 ( 1)
 791 V   0.85209 0.05551 0.08673 0.00567 ( 1)
 792 N   0.89253 0.01492 0.09102 0.00153 ( 1)
 793 V   0.57031 0.33688 0.05820 0.03461 ( 1)
 794 L   0.73376 0.17321 0.07523 0.01781 ( 1)
 795 A   0.88990 0.01621 0.09222 0.00167 ( 1)
 796 V   0.01302 0.89304 0.00134 0.09260 ( 2)
 797 L   0.73009 0.17605 0.07565 0.01821 ( 1)
 798 S   0.89878 0.00861 0.09173 0.00088 ( 1)
 799 S   0.89878 0.00861 0.09173 0.00088 ( 1)
 800 L   0.86827 0.03764 0.09020 0.00389 ( 1)
 801 S   0.85264 0.05470 0.08706 0.00560 ( 1)
 802 S   0.89684 0.01054 0.09153 0.00108 ( 1)
 803 G   0.89805 0.00930 0.09170 0.00095 ( 1)
 804 F   0.90158 0.00610 0.09170 0.00062 ( 1)
 805 S   0.80166 0.10559 0.08193 0.01083 ( 1)
 806 G   0.89147 0.01532 0.09163 0.00157 ( 1)
 807 Y   0.84893 0.05693 0.08825 0.00589 ( 1)
 808 F   0.89185 0.01439 0.09228 0.00148 ( 1)
 809 L   0.88959 0.01664 0.09205 0.00172 ( 1)
 810 P   0.89716 0.00935 0.09253 0.00096 ( 1)
 811 K   0.88886 0.01801 0.09128 0.00185 ( 1)
 812 C   0.89583 0.01133 0.09167 0.00116 ( 1)
 813 Y   0.86882 0.03827 0.08899 0.00392 ( 1)
 814 V   0.88957 0.01749 0.09115 0.00179 ( 1)
 815 I   0.90279 0.00506 0.09164 0.00052 ( 1)
 816 V   0.84528 0.06216 0.08620 0.00636 ( 1)
 817 C   0.83641 0.07058 0.08576 0.00725 ( 1)
 818 R   0.89303 0.01413 0.09139 0.00145 ( 1)
 819 P   0.54665 0.35871 0.05723 0.03741 ( 1)
 820 D   0.89095 0.01662 0.09073 0.00170 ( 1)
 821 L   0.89471 0.01279 0.09120 0.00131 ( 1)
 822 N   0.89868 0.00878 0.09165 0.00090 ( 1)
 823 S   0.85247 0.05487 0.08704 0.00562 ( 1)
 824 T   0.82220 0.08324 0.08592 0.00864 ( 1)
 825 E   0.89279 0.01421 0.09154 0.00146 ( 1)
 826 H   0.89847 0.00891 0.09171 0.00091 ( 1)
 827 F   0.90067 0.00701 0.09160 0.00072 ( 1)
 828 Q   0.87762 0.02880 0.09061 0.00297 ( 1)
 829 A   0.90101 0.00663 0.09168 0.00068 ( 1)
 830 S   0.89765 0.00965 0.09171 0.00099 ( 1)
 831 I   0.89360 0.01270 0.09239 0.00131 ( 1)
 832 Q   0.87762 0.02880 0.09061 0.00297 ( 1)
 833 D   0.86152 0.04601 0.08776 0.00470 ( 1)
 834 Y   0.89484 0.01227 0.09163 0.00126 ( 1)
 835 T   0.88940 0.01751 0.09130 0.00180 ( 1)
 836 R   0.88866 0.01813 0.09134 0.00186 ( 1)
 837 R   0.83533 0.07185 0.08546 0.00737 ( 1)
 838 W   0.05774 0.84859 0.00592 0.08775 ( 2)
 839 G   0.15159 0.75496 0.01550 0.07795 ( 2)
 840 S   0.82456 0.08266 0.08430 0.00847 ( 1)
 841 T   0.89631 0.01119 0.09136 0.00114 ( 1)

