Supplemental results for CODEML (seqf: Human_TAS1R1_breaks2_2nd_attempt.txt  treef: TAS1R1_revised_tree_following_error_message.txt)


MLEs of dN/dS (w) for site classes (K=4)

site class             0        1       2a       2b
proportion       0.76210  0.23790  0.00000  0.00000
background w     0.10380  1.00000  0.10380  1.00000
foreground w     0.10380  1.00000  1.00000  1.00000
(note that p[2] is zero)


Naive Empirical Bayes (NEB) probabilities for 4 classes
(amino acids refer to 1st sequence: 1.Tarsier)

   1 M   0.99195 0.00805 0.00000 0.00000 ( 1)
   2 F   0.67652 0.32348 0.00000 0.00000 ( 1)
   3 H   0.48334 0.51666 0.00000 0.00000 ( 2)
   4 H   0.00045 0.99955 0.00000 0.00000 ( 2)
   5 V   0.00001 0.99999 0.00000 0.00000 ( 2)
   6 A   0.63354 0.36646 0.00000 0.00000 ( 1)
   7 H   0.00701 0.99299 0.00000 0.00000 ( 2)
   8 L   0.95342 0.04658 0.00000 0.00000 ( 1)
   9 V   0.43877 0.56123 0.00000 0.00000 ( 2)
  10 G   0.90045 0.09955 0.00000 0.00000 ( 1)
  11 L   0.94667 0.05333 0.00000 0.00000 ( 1)
  12 Q   0.95016 0.04984 0.00000 0.00000 ( 1)
  13 L   0.94051 0.05949 0.00000 0.00000 ( 1)
  14 S   0.05615 0.94385 0.00000 0.00000 ( 2)
  15 I   0.60060 0.39940 0.00000 0.00000 ( 1)
  16 S   0.89838 0.10162 0.00000 0.00000 ( 1)
  17 C   0.87620 0.12380 0.00000 0.00000 ( 1)
  18 C   0.98564 0.01436 0.00000 0.00000 ( 1)
  19 W   0.68521 0.31479 0.00000 0.00000 ( 1)
  20 A   0.98099 0.01901 0.00000 0.00000 ( 1)
  21 F   0.79780 0.20220 0.00000 0.00000 ( 1)
  22 S   0.48030 0.51970 0.00000 0.00000 ( 2)
  23 C   0.98595 0.01405 0.00000 0.00000 ( 1)
  24 H   0.98298 0.01702 0.00000 0.00000 ( 1)
  25 N   0.08643 0.91357 0.00000 0.00000 ( 2)
  26 T   0.01662 0.98338 0.00000 0.00000 ( 2)
  27 E   0.83424 0.16576 0.00000 0.00000 ( 1)
  28 F   0.03874 0.96126 0.00000 0.00000 ( 2)
  29 S   0.93257 0.06743 0.00000 0.00000 ( 1)
  30 P   0.95583 0.04417 0.00000 0.00000 ( 1)
  31 D   0.92462 0.07538 0.00000 0.00000 ( 1)
  32 F   0.99273 0.00727 0.00000 0.00000 ( 1)
  33 S   0.90309 0.09691 0.00000 0.00000 ( 1)
  34 L   0.98911 0.01089 0.00000 0.00000 ( 1)
  35 P   0.79173 0.20827 0.00000 0.00000 ( 1)
  36 G   0.97126 0.02874 0.00000 0.00000 ( 1)
  37 N   0.69754 0.30246 0.00000 0.00000 ( 1)
  38 Y   0.98507 0.01493 0.00000 0.00000 ( 1)
  39 L   0.98889 0.01111 0.00000 0.00000 ( 1)
  40 L   0.95139 0.04861 0.00000 0.00000 ( 1)
  41 A   0.41838 0.58162 0.00000 0.00000 ( 2)
  42 G   0.98769 0.01231 0.00000 0.00000 ( 1)
  43 F   0.19756 0.80244 0.00000 0.00000 ( 2)
  44 F   0.99267 0.00733 0.00000 0.00000 ( 1)
  45 P   0.60583 0.39417 0.00000 0.00000 ( 1)
  46 L   0.99011 0.00989 0.00000 0.00000 ( 1)
  47 H   0.94995 0.05005 0.00000 0.00000 ( 1)
  48 G   0.13411 0.86589 0.00000 0.00000 ( 2)
  49 D   0.29185 0.70815 0.00000 0.00000 ( 2)
  50 C   0.13353 0.86647 0.00000 0.00000 ( 2)
  51 L   0.67013 0.32987 0.00000 0.00000 ( 1)
  52 Q   0.96327 0.03673 0.00000 0.00000 ( 1)
  53 V   0.98410 0.01590 0.00000 0.00000 ( 1)
  54 R   0.95478 0.04522 0.00000 0.00000 ( 1)
  55 H   0.46911 0.53089 0.00000 0.00000 ( 2)
  56 R   0.88852 0.11148 0.00000 0.00000 ( 1)
  57 P   0.98239 0.01761 0.00000 0.00000 ( 1)
  58 E   0.98165 0.01835 0.00000 0.00000 ( 1)
  59 V   0.98323 0.01677 0.00000 0.00000 ( 1)
  60 T   0.82828 0.17172 0.00000 0.00000 ( 1)
  61 L   0.96126 0.03874 0.00000 0.00000 ( 1)
  62 C   0.92491 0.07509 0.00000 0.00000 ( 1)
  63 D   0.98896 0.01104 0.00000 0.00000 ( 1)
  64 R   0.96755 0.03245 0.00000 0.00000 ( 1)
  65 T   0.00046 0.99954 0.00000 0.00000 ( 2)
  66 C   0.04222 0.95778 0.00000 0.00000 ( 2)
  67 G   0.06929 0.93071 0.00000 0.00000 ( 2)
  68 F   0.99033 0.00967 0.00000 0.00000 ( 1)
  69 N   0.95599 0.04401 0.00000 0.00000 ( 1)
  70 G   0.29113 0.70887 0.00000 0.00000 ( 2)
  71 H   0.97941 0.02059 0.00000 0.00000 ( 1)
  72 G   0.84800 0.15200 0.00000 0.00000 ( 1)
  73 Y   0.40662 0.59338 0.00000 0.00000 ( 2)
  74 H   0.37518 0.62482 0.00000 0.00000 ( 2)
  75 L   0.89162 0.10838 0.00000 0.00000 ( 1)
  76 F   0.92890 0.07110 0.00000 0.00000 ( 1)
  77 Q   0.21852 0.78148 0.00000 0.00000 ( 2)
  78 A   0.33912 0.66088 0.00000 0.00000 ( 2)
  79 M   0.41561 0.58439 0.00000 0.00000 ( 2)
  80 R   0.74628 0.25372 0.00000 0.00000 ( 1)
  81 L   0.68571 0.31429 0.00000 0.00000 ( 1)
  82 S   0.00057 0.99943 0.00000 0.00000 ( 2)
  83 I   0.18637 0.81363 0.00000 0.00000 ( 2)
  84 E   0.19255 0.80745 0.00000 0.00000 ( 2)
  85 A   0.77253 0.22747 0.00000 0.00000 ( 1)
  86 I   0.95028 0.04972 0.00000 0.00000 ( 1)
  87 N   0.98746 0.01254 0.00000 0.00000 ( 1)
  88 N   0.98746 0.01254 0.00000 0.00000 ( 1)
  89 S   0.98490 0.01510 0.00000 0.00000 ( 1)
  90 T   0.97200 0.02800 0.00000 0.00000 ( 1)
  91 V   0.48537 0.51463 0.00000 0.00000 ( 2)
  92 L   0.94412 0.05588 0.00000 0.00000 ( 1)
  93 L   0.94387 0.05613 0.00000 0.00000 ( 1)
  94 P   0.98887 0.01113 0.00000 0.00000 ( 1)
  95 N   0.79116 0.20884 0.00000 0.00000 ( 1)
  96 V   0.10825 0.89175 0.00000 0.00000 ( 2)
  97 T   0.91311 0.08689 0.00000 0.00000 ( 1)
  98 L   0.54039 0.45961 0.00000 0.00000 ( 1)
  99 G   0.97868 0.02132 0.00000 0.00000 ( 1)
 100 Y   0.19442 0.80558 0.00000 0.00000 ( 2)
 101 E   0.00385 0.99615 0.00000 0.00000 ( 2)
 102 L   0.95145 0.04855 0.00000 0.00000 ( 1)
 103 Y   0.08673 0.91327 0.00000 0.00000 ( 2)
 104 D   0.95920 0.04080 0.00000 0.00000 ( 1)
 105 V   0.97882 0.02118 0.00000 0.00000 ( 1)
 106 C   0.97977 0.02023 0.00000 0.00000 ( 1)
 107 S   0.94895 0.05105 0.00000 0.00000 ( 1)
 108 E   0.85741 0.14259 0.00000 0.00000 ( 1)
 109 S   0.92940 0.07060 0.00000 0.00000 ( 1)
 110 A   0.98961 0.01039 0.00000 0.00000 ( 1)
 111 N   0.95082 0.04918 0.00000 0.00000 ( 1)
 112 V   0.97882 0.02118 0.00000 0.00000 ( 1)
 113 Y   0.92688 0.07312 0.00000 0.00000 ( 1)
 114 A   0.98841 0.01159 0.00000 0.00000 ( 1)
 115 T   0.97219 0.02781 0.00000 0.00000 ( 1)
 116 L   0.94412 0.05588 0.00000 0.00000 ( 1)
 117 S   0.09163 0.90837 0.00000 0.00000 ( 2)
 118 V   0.82768 0.17232 0.00000 0.00000 ( 1)
 119 L   0.98741 0.01259 0.00000 0.00000 ( 1)
 120 S   0.98402 0.01598 0.00000 0.00000 ( 1)
 121 L   0.14459 0.85541 0.00000 0.00000 ( 2)
 122 P   0.42950 0.57050 0.00000 0.00000 ( 2)
 123 G   0.97611 0.02389 0.00000 0.00000 ( 1)
 124 T   0.07897 0.92103 0.00000 0.00000 ( 2)
 125 R   0.00001 0.99999 0.00000 0.00000 ( 2)
 126 H   0.98603 0.01397 0.00000 0.00000 ( 1)
 127 I   0.94739 0.05261 0.00000 0.00000 ( 1)
 128 D   0.31846 0.68154 0.00000 0.00000 ( 2)
 129 I   0.90013 0.09987 0.00000 0.00000 ( 1)
 130 Q   0.91536 0.08464 0.00000 0.00000 ( 1)
 131 G   0.45430 0.54570 0.00000 0.00000 ( 2)
 132 D   0.85683 0.14317 0.00000 0.00000 ( 1)
 133 F   0.12802 0.87198 0.00000 0.00000 ( 2)
 134 L   0.98741 0.01259 0.00000 0.00000 ( 1)
 135 H   0.00559 0.99441 0.00000 0.00000 ( 2)
 136 Y   0.92588 0.07412 0.00000 0.00000 ( 1)
 137 S   0.03852 0.96148 0.00000 0.00000 ( 2)
 138 P   0.97271 0.02729 0.00000 0.00000 ( 1)
 139 K   0.79418 0.20582 0.00000 0.00000 ( 1)
 140 I   0.71252 0.28748 0.00000 0.00000 ( 1)
 141 V   0.74197 0.25803 0.00000 0.00000 ( 1)
 142 A   0.96745 0.03255 0.00000 0.00000 ( 1)
 143 V   0.97900 0.02100 0.00000 0.00000 ( 1)
 144 I   0.54003 0.45997 0.00000 0.00000 ( 1)
 145 G   0.81691 0.18309 0.00000 0.00000 ( 1)
 146 P   0.64578 0.35422 0.00000 0.00000 ( 1)
 147 D   0.46312 0.53688 0.00000 0.00000 ( 2)
 148 S   0.00033 0.99967 0.00000 0.00000 ( 2)
 149 T   0.90098 0.09902 0.00000 0.00000 ( 1)
 150 D   0.09741 0.90259 0.00000 0.00000 ( 2)
 151 H   0.00015 0.99985 0.00000 0.00000 ( 2)
 152 A   0.63648 0.36352 0.00000 0.00000 ( 1)
 153 A   0.75322 0.24678 0.00000 0.00000 ( 1)
 154 T   0.64633 0.35367 0.00000 0.00000 ( 1)
 155 T   0.08542 0.91458 0.00000 0.00000 ( 2)
 156 A   0.96978 0.03022 0.00000 0.00000 ( 1)
 157 A   0.88748 0.11252 0.00000 0.00000 ( 1)
 158 L   0.94006 0.05994 0.00000 0.00000 ( 1)
 159 L   0.94847 0.05153 0.00000 0.00000 ( 1)
 160 S   0.88100 0.11900 0.00000 0.00000 ( 1)
 161 P   0.92932 0.07068 0.00000 0.00000 ( 1)
 162 F   0.40300 0.59700 0.00000 0.00000 ( 2)
 163 L   0.94155 0.05845 0.00000 0.00000 ( 1)
 164 V   0.36535 0.63465 0.00000 0.00000 ( 2)
 165 P   0.98856 0.01144 0.00000 0.00000 ( 1)
 166 L   0.17212 0.82788 0.00000 0.00000 ( 2)
 167 I   0.99300 0.00700 0.00000 0.00000 ( 1)
 168 S   0.98974 0.01026 0.00000 0.00000 ( 1)
 169 Y   0.95677 0.04323 0.00000 0.00000 ( 1)
 170 E   0.00393 0.99607 0.00000 0.00000 ( 2)
 171 A   0.99233 0.00767 0.00000 0.00000 ( 1)
 172 S   0.98974 0.01026 0.00000 0.00000 ( 1)
 173 S   0.98904 0.01096 0.00000 0.00000 ( 1)
 174 T   0.00039 0.99961 0.00000 0.00000 ( 2)
 175 T   0.02578 0.97422 0.00000 0.00000 ( 2)
 176 L   0.98536 0.01464 0.00000 0.00000 ( 1)
 177 S   0.47078 0.52922 0.00000 0.00000 ( 2)
 178 V   0.00060 0.99940 0.00000 0.00000 ( 2)
 179 K   0.97967 0.02033 0.00000 0.00000 ( 1)
 180 R   0.23438 0.76562 0.00000 0.00000 ( 2)
 181 Q   0.67535 0.32465 0.00000 0.00000 ( 1)
 182 Y   0.93379 0.06621 0.00000 0.00000 ( 1)
 183 P   0.99002 0.00998 0.00000 0.00000 ( 1)
 184 S   0.94113 0.05887 0.00000 0.00000 ( 1)
 185 F   0.98540 0.01460 0.00000 0.00000 ( 1)
 186 L   0.95145 0.04855 0.00000 0.00000 ( 1)
 187 R   0.98574 0.01426 0.00000 0.00000 ( 1)
 188 T   0.99101 0.00899 0.00000 0.00000 ( 1)
 189 I   0.94548 0.05452 0.00000 0.00000 ( 1)
 190 P   0.99002 0.00998 0.00000 0.00000 ( 1)
 191 S   0.32458 0.67542 0.00000 0.00000 ( 2)
 192 D   0.99133 0.00867 0.00000 0.00000 ( 1)
 193 R   0.33486 0.66514 0.00000 0.00000 ( 2)
 194 H   0.07068 0.92932 0.00000 0.00000 ( 2)
 195 Q   0.96327 0.03673 0.00000 0.00000 ( 1)
 196 V   0.98323 0.01677 0.00000 0.00000 ( 1)
 197 E   0.98257 0.01743 0.00000 0.00000 ( 1)
 198 V   0.54083 0.45917 0.00000 0.00000 ( 1)
 199 M   0.92106 0.07894 0.00000 0.00000 ( 1)
 200 V   0.98323 0.01677 0.00000 0.00000 ( 1)
 201 L   0.66180 0.33820 0.00000 0.00000 ( 1)
 202 L   0.95145 0.04855 0.00000 0.00000 ( 1)
 203 L   0.95125 0.04875 0.00000 0.00000 ( 1)
 204 Q   0.01851 0.98149 0.00000 0.00000 ( 2)
 205 R   0.28988 0.71012 0.00000 0.00000 ( 2)
 206 F   0.99288 0.00712 0.00000 0.00000 ( 1)
 207 R   0.00046 0.99954 0.00000 0.00000 ( 2)
 208 W   0.95390 0.04610 0.00000 0.00000 ( 1)
 209 V   0.45768 0.54232 0.00000 0.00000 ( 2)
 210 W   0.95390 0.04610 0.00000 0.00000 ( 1)
 211 I   0.99416 0.00584 0.00000 0.00000 ( 1)
 212 S   0.94171 0.05829 0.00000 0.00000 ( 1)
 213 L   0.95145 0.04855 0.00000 0.00000 ( 1)
 214 V   0.27443 0.72557 0.00000 0.00000 ( 2)
 215 G   0.98887 0.01113 0.00000 0.00000 ( 1)
 216 S   0.98914 0.01086 0.00000 0.00000 ( 1)
 217 Y   0.00139 0.99861 0.00000 0.00000 ( 2)
 218 G   0.79776 0.20224 0.00000 0.00000 ( 1)
 219 D   0.99177 0.00823 0.00000 0.00000 ( 1)
 220 Y   0.95677 0.04323 0.00000 0.00000 ( 1)
 221 G   0.97894 0.02106 0.00000 0.00000 ( 1)
 222 Q   0.76117 0.23883 0.00000 0.00000 ( 1)
 223 Q   0.11870 0.88130 0.00000 0.00000 ( 2)
 224 G   0.79191 0.20809 0.00000 0.00000 ( 1)
 225 V   0.98073 0.01927 0.00000 0.00000 ( 1)
 226 Q   0.73031 0.26969 0.00000 0.00000 ( 1)
 227 A   0.64965 0.35035 0.00000 0.00000 ( 1)
 228 L   0.95336 0.04664 0.00000 0.00000 ( 1)
 229 E   0.37503 0.62497 0.00000 0.00000 ( 2)
 230 N   0.00947 0.99053 0.00000 0.00000 ( 2)
 231 Q   0.72889 0.27111 0.00000 0.00000 ( 1)
 232 A   0.99233 0.00767 0.00000 0.00000 ( 1)
 233 T   0.97770 0.02230 0.00000 0.00000 ( 1)
 234 D   0.00154 0.99846 0.00000 0.00000 ( 2)
 235 Q   0.70860 0.29140 0.00000 0.00000 ( 1)
 236 G   0.35828 0.64172 0.00000 0.00000 ( 2)
 237 I   0.94454 0.05546 0.00000 0.00000 ( 1)
 238 C   0.98626 0.01374 0.00000 0.00000 ( 1)
 239 I   0.95657 0.04343 0.00000 0.00000 ( 1)
 240 A   0.94746 0.05254 0.00000 0.00000 ( 1)
 241 F   0.99288 0.00712 0.00000 0.00000 ( 1)
 242 K   0.97967 0.02033 0.00000 0.00000 ( 1)
 243 D   0.92048 0.07952 0.00000 0.00000 ( 1)
 244 I   0.43015 0.56985 0.00000 0.00000 ( 2)
 245 V   0.84917 0.15083 0.00000 0.00000 ( 1)
 246 P   0.98758 0.01242 0.00000 0.00000 ( 1)
 247 L   0.92350 0.07650 0.00000 0.00000 ( 1)
 248 S   0.60270 0.39730 0.00000 0.00000 ( 1)
 249 A   0.99233 0.00767 0.00000 0.00000 ( 1)
 250 R   0.00023 0.99977 0.00000 0.00000 ( 2)
 251 V   0.97791 0.02209 0.00000 0.00000 ( 1)
 252 G   0.96693 0.03307 0.00000 0.00000 ( 1)
 253 D   0.95506 0.04494 0.00000 0.00000 ( 1)
 254 E   0.36836 0.63164 0.00000 0.00000 ( 2)
 255 R   0.78300 0.21700 0.00000 0.00000 ( 1)
 256 M   0.99195 0.00805 0.00000 0.00000 ( 1)
 257 Q   0.73107 0.26893 0.00000 0.00000 ( 1)
 258 G   0.00476 0.99524 0.00000 0.00000 ( 2)
 259 M   0.08046 0.91954 0.00000 0.00000 ( 2)
 260 M   0.99195 0.00805 0.00000 0.00000 ( 1)
 261 N   0.00069 0.99931 0.00000 0.00000 ( 2)
 262 R   0.08695 0.91305 0.00000 0.00000 ( 2)
 263 L   0.95145 0.04855 0.00000 0.00000 ( 1)
 264 A   0.93022 0.06978 0.00000 0.00000 ( 1)
 265 R   0.02451 0.97549 0.00000 0.00000 ( 2)
 266 A   0.99082 0.00918 0.00000 0.00000 ( 1)
 267 G   0.00477 0.99523 0.00000 0.00000 ( 2)
 268 T   0.91581 0.08419 0.00000 0.00000 ( 1)
 269 T   0.83722 0.16278 0.00000 0.00000 ( 1)
 270 V   0.98994 0.01006 0.00000 0.00000 ( 1)
 271 V   0.98323 0.01677 0.00000 0.00000 ( 1)
 272 V   0.32977 0.67023 0.00000 0.00000 ( 2)
 273 V   0.94863 0.05137 0.00000 0.00000 ( 1)
 274 F   0.98235 0.01765 0.00000 0.00000 ( 1)
 275 S   0.98842 0.01158 0.00000 0.00000 ( 1)
 276 S   0.00613 0.99387 0.00000 0.00000 ( 2)
 277 R   0.11682 0.88318 0.00000 0.00000 ( 2)
 278 R   0.00030 0.99970 0.00000 0.00000 ( 2)
 279 L   0.09036 0.90964 0.00000 0.00000 ( 2)
 280 A   0.99233 0.00767 0.00000 0.00000 ( 1)
 281 R   0.81747 0.18253 0.00000 0.00000 ( 1)
 282 V   0.98323 0.01677 0.00000 0.00000 ( 1)
 283 F   0.98785 0.01215 0.00000 0.00000 ( 1)
 284 F   0.98965 0.01035 0.00000 0.00000 ( 1)
 285 E   0.98257 0.01743 0.00000 0.00000 ( 1)
 286 S   0.98329 0.01671 0.00000 0.00000 ( 1)
 287 V   0.98323 0.01677 0.00000 0.00000 ( 1)
 288 V   0.98323 0.01677 0.00000 0.00000 ( 1)
 289 L   0.95072 0.04928 0.00000 0.00000 ( 1)
 290 A   0.92947 0.07053 0.00000 0.00000 ( 1)
 291 N   0.91533 0.08467 0.00000 0.00000 ( 1)
 292 L   0.67050 0.32950 0.00000 0.00000 ( 1)
 293 T   0.94104 0.05896 0.00000 0.00000 ( 1)
 294 G   0.98887 0.01113 0.00000 0.00000 ( 1)
 295 K   0.97967 0.02033 0.00000 0.00000 ( 1)
 296 V   0.98323 0.01677 0.00000 0.00000 ( 1)
 297 W   0.95390 0.04610 0.00000 0.00000 ( 1)
 298 I   0.47595 0.52405 0.00000 0.00000 ( 2)
 299 A   0.99233 0.00767 0.00000 0.00000 ( 1)
 300 S   0.87418 0.12582 0.00000 0.00000 ( 1)
 301 E   0.91885 0.08115 0.00000 0.00000 ( 1)
 302 D   0.50670 0.49330 0.00000 0.00000 ( 1)
 303 W   0.95390 0.04610 0.00000 0.00000 ( 1)
 304 A   0.91875 0.08125 0.00000 0.00000 ( 1)
 305 I   0.92145 0.07855 0.00000 0.00000 ( 1)
 306 S   0.98842 0.01158 0.00000 0.00000 ( 1)
 307 R   0.04690 0.95310 0.00000 0.00000 ( 2)
 308 H   0.89436 0.10564 0.00000 0.00000 ( 1)
 309 I   0.99416 0.00584 0.00000 0.00000 ( 1)
 310 T   0.64743 0.35257 0.00000 0.00000 ( 1)
 311 G   0.28910 0.71090 0.00000 0.00000 ( 2)
 312 V   0.98046 0.01954 0.00000 0.00000 ( 1)
 313 P   0.97982 0.02018 0.00000 0.00000 ( 1)
 314 G   0.97707 0.02293 0.00000 0.00000 ( 1)
 315 I   0.99416 0.00584 0.00000 0.00000 ( 1)
 316 Q   0.19962 0.80038 0.00000 0.00000 ( 2)
 317 G   0.43238 0.56762 0.00000 0.00000 ( 2)
 318 I   0.96963 0.03037 0.00000 0.00000 ( 1)
 319 G   0.97646 0.02354 0.00000 0.00000 ( 1)
 320 T   0.00029 0.99971 0.00000 0.00000 ( 2)
 321 V   0.98386 0.01614 0.00000 0.00000 ( 1)
 322 L   0.95145 0.04855 0.00000 0.00000 ( 1)
 323 G   0.95871 0.04129 0.00000 0.00000 ( 1)
 324 V   0.98286 0.01714 0.00000 0.00000 ( 1)
 325 A   0.99233 0.00767 0.00000 0.00000 ( 1)
 326 I   0.99416 0.00584 0.00000 0.00000 ( 1)
 327 Q   0.96327 0.03673 0.00000 0.00000 ( 1)
 328 L   0.02843 0.97157 0.00000 0.00000 ( 2)
 329 R   0.31481 0.68519 0.00000 0.00000 ( 2)
 330 L   0.00012 0.99988 0.00000 0.00000 ( 2)
 331 V   0.92628 0.07372 0.00000 0.00000 ( 1)
 332 P   0.94875 0.05125 0.00000 0.00000 ( 1)
 333 G   0.90173 0.09827 0.00000 0.00000 ( 1)
 334 L   0.95114 0.04886 0.00000 0.00000 ( 1)
 335 K   0.83339 0.16661 0.00000 0.00000 ( 1)
 336 E   0.80772 0.19228 0.00000 0.00000 ( 1)
 337 F   0.67898 0.32102 0.00000 0.00000 ( 1)
 338 E   0.90754 0.09246 0.00000 0.00000 ( 1)
 339 E   0.96114 0.03886 0.00000 0.00000 ( 1)
 340 A   0.99233 0.00767 0.00000 0.00000 ( 1)
 341 Y   0.92494 0.07506 0.00000 0.00000 ( 1)
 342 A   0.93067 0.06933 0.00000 0.00000 ( 1)
 343 Q   0.00090 0.99910 0.00000 0.00000 ( 2)
 344 A   0.52857 0.47143 0.00000 0.00000 ( 1)
 345 D   0.99177 0.00823 0.00000 0.00000 ( 1)
 346 K   0.97967 0.02033 0.00000 0.00000 ( 1)
 347 G   0.00411 0.99589 0.00000 0.00000 ( 2)
 348 A   0.92042 0.07958 0.00000 0.00000 ( 1)
 349 P   0.03951 0.96049 0.00000 0.00000 ( 2)
 350 L   0.14463 0.85537 0.00000 0.00000 ( 2)
 351 P   0.47182 0.52818 0.00000 0.00000 ( 2)
 352 C   0.98441 0.01559 0.00000 0.00000 ( 1)
 353 P   0.00870 0.99130 0.00000 0.00000 ( 2)
 354 T   0.03186 0.96814 0.00000 0.00000 ( 2)
 355 G   0.90097 0.09903 0.00000 0.00000 ( 1)
 356 A   0.88399 0.11601 0.00000 0.00000 ( 1)
 357 W   0.70374 0.29626 0.00000 0.00000 ( 1)
 358 C   0.98626 0.01374 0.00000 0.00000 ( 1)
 359 S   0.98974 0.01026 0.00000 0.00000 ( 1)
 360 S   0.98974 0.01026 0.00000 0.00000 ( 1)
 361 N   0.94564 0.05436 0.00000 0.00000 ( 1)
 362 Q   0.96327 0.03673 0.00000 0.00000 ( 1)
 363 L   0.47818 0.52182 0.00000 0.00000 ( 2)
 364 C   0.98441 0.01559 0.00000 0.00000 ( 1)
 365 R   0.89988 0.10012 0.00000 0.00000 ( 1)
 366 E   0.08829 0.91171 0.00000 0.00000 ( 2)
 367 C   0.98428 0.01572 0.00000 0.00000 ( 1)
 368 C   0.00022 0.99978 0.00000 0.00000 ( 2)
 369 A   0.67370 0.32630 0.00000 0.00000 ( 1)
 370 F   0.99288 0.00712 0.00000 0.00000 ( 1)
 371 T   0.00004 0.99996 0.00000 0.00000 ( 2)
 372 A   0.06826 0.93174 0.00000 0.00000 ( 2)
 373 H   0.98910 0.01090 0.00000 0.00000 ( 1)
 374 T   0.00003 0.99997 0.00000 0.00000 ( 2)
 375 T   0.92132 0.07868 0.00000 0.00000 ( 1)
 376 P   0.98949 0.01051 0.00000 0.00000 ( 1)
 377 T   0.02565 0.97435 0.00000 0.00000 ( 2)
 378 L   0.98234 0.01766 0.00000 0.00000 ( 1)
 379 G   0.00008 0.99992 0.00000 0.00000 ( 2)
 380 P   0.51822 0.48178 0.00000 0.00000 ( 1)
 381 F   0.92999 0.07001 0.00000 0.00000 ( 1)
 382 S   0.98842 0.01158 0.00000 0.00000 ( 1)
 383 M   0.99195 0.00805 0.00000 0.00000 ( 1)
 384 S   0.94413 0.05587 0.00000 0.00000 ( 1)
 385 S   0.60039 0.39961 0.00000 0.00000 ( 1)
 386 A   0.99233 0.00767 0.00000 0.00000 ( 1)
 387 Y   0.98507 0.01493 0.00000 0.00000 ( 1)
 388 N   0.99030 0.00970 0.00000 0.00000 ( 1)
 389 V   0.23782 0.76218 0.00000 0.00000 ( 2)
 390 Y   0.97875 0.02125 0.00000 0.00000 ( 1)
 391 Q   0.01968 0.98032 0.00000 0.00000 ( 2)
 392 A   0.93474 0.06526 0.00000 0.00000 ( 1)
 393 V   0.98323 0.01677 0.00000 0.00000 ( 1)
 394 Y   0.95781 0.04219 0.00000 0.00000 ( 1)
 395 T   0.01799 0.98201 0.00000 0.00000 ( 2)
 396 V   0.98323 0.01677 0.00000 0.00000 ( 1)
 397 A   0.99205 0.00795 0.00000 0.00000 ( 1)
 398 H   0.94633 0.05367 0.00000 0.00000 ( 1)
 399 G   0.98887 0.01113 0.00000 0.00000 ( 1)
 400 L   0.99050 0.00950 0.00000 0.00000 ( 1)
 401 H   0.98932 0.01068 0.00000 0.00000 ( 1)
 402 Q   0.96327 0.03673 0.00000 0.00000 ( 1)
 403 L   0.99050 0.00950 0.00000 0.00000 ( 1)
 404 L   0.95145 0.04855 0.00000 0.00000 ( 1)
 405 G   0.98887 0.01113 0.00000 0.00000 ( 1)
 406 C   0.96160 0.03840 0.00000 0.00000 ( 1)
 407 A   0.91088 0.08912 0.00000 0.00000 ( 1)
 408 S   0.94691 0.05309 0.00000 0.00000 ( 1)
 409 G   0.87932 0.12068 0.00000 0.00000 ( 1)
 410 A   0.83485 0.16515 0.00000 0.00000 ( 1)
 411 C   0.93287 0.06713 0.00000 0.00000 ( 1)
 412 S   0.98842 0.01158 0.00000 0.00000 ( 1)
 413 R   0.97745 0.02255 0.00000 0.00000 ( 1)
 414 S   0.47834 0.52166 0.00000 0.00000 ( 2)
 415 Q   0.00702 0.99298 0.00000 0.00000 ( 2)
 416 V   0.99242 0.00758 0.00000 0.00000 ( 1)
 417 Y   0.36390 0.63610 0.00000 0.00000 ( 2)
 418 P   0.98940 0.01060 0.00000 0.00000 ( 1)
 419 W   0.95390 0.04610 0.00000 0.00000 ( 1)
 420 Q   0.96327 0.03673 0.00000 0.00000 ( 1)
 421 L   0.93927 0.06073 0.00000 0.00000 ( 1)
 422 L   0.94743 0.05257 0.00000 0.00000 ( 1)
 423 E   0.85062 0.14938 0.00000 0.00000 ( 1)
 424 Q   0.96327 0.03673 0.00000 0.00000 ( 1)
 425 I   0.99416 0.00584 0.00000 0.00000 ( 1)
 426 H   0.00748 0.99252 0.00000 0.00000 ( 2)
 427 K   0.97905 0.02095 0.00000 0.00000 ( 1)
 428 A   0.86440 0.13560 0.00000 0.00000 ( 1)
 429 N   0.64195 0.35805 0.00000 0.00000 ( 1)
 430 F   0.99267 0.00733 0.00000 0.00000 ( 1)
 431 L   0.93927 0.06073 0.00000 0.00000 ( 1)
 432 L   0.85421 0.14579 0.00000 0.00000 ( 1)
 433 H   0.98686 0.01314 0.00000 0.00000 ( 1)
 434 E   0.00474 0.99526 0.00000 0.00000 ( 2)
 435 D   0.99177 0.00823 0.00000 0.00000 ( 1)
 436 T   0.94893 0.05107 0.00000 0.00000 ( 1)
 437 V   0.98323 0.01677 0.00000 0.00000 ( 1)
 438 T   0.00160 0.99840 0.00000 0.00000 ( 2)
 439 F   0.67586 0.32414 0.00000 0.00000 ( 1)
 440 N   0.15627 0.84373 0.00000 0.00000 ( 2)
 441 D   0.99177 0.00823 0.00000 0.00000 ( 1)
 442 N   0.96321 0.03679 0.00000 0.00000 ( 1)
 443 G   0.14724 0.85276 0.00000 0.00000 ( 2)
 444 D   0.31934 0.68066 0.00000 0.00000 ( 2)
 445 P   0.90437 0.09563 0.00000 0.00000 ( 1)
 446 L   0.40986 0.59014 0.00000 0.00000 ( 2)
 447 S   0.94283 0.05717 0.00000 0.00000 ( 1)
 448 G   0.89289 0.10711 0.00000 0.00000 ( 1)
 449 Y   0.92494 0.07506 0.00000 0.00000 ( 1)
 450 N   0.08824 0.91176 0.00000 0.00000 ( 2)
 451 I   0.95656 0.04344 0.00000 0.00000 ( 1)
 452 I   0.95657 0.04343 0.00000 0.00000 ( 1)
 453 A   0.92936 0.07064 0.00000 0.00000 ( 1)
 454 W   0.95390 0.04610 0.00000 0.00000 ( 1)
 455 D   0.99177 0.00823 0.00000 0.00000 ( 1)
 456 W   0.95390 0.04610 0.00000 0.00000 ( 1)
 457 I   0.01716 0.98284 0.00000 0.00000 ( 2)
 458 G   0.97447 0.02553 0.00000 0.00000 ( 1)
 459 F   0.49423 0.50577 0.00000 0.00000 ( 2)
 460 K   0.85021 0.14979 0.00000 0.00000 ( 1)
 461 W   0.95390 0.04610 0.00000 0.00000 ( 1)
 462 T   0.99101 0.00899 0.00000 0.00000 ( 1)
 463 F   0.99174 0.00826 0.00000 0.00000 ( 1)
 464 T   0.96926 0.03074 0.00000 0.00000 ( 1)
 465 V   0.39649 0.60351 0.00000 0.00000 ( 2)
 466 I   0.02412 0.97588 0.00000 0.00000 ( 2)
 467 G   0.98049 0.01951 0.00000 0.00000 ( 1)
 468 S   0.98778 0.01222 0.00000 0.00000 ( 1)
 469 S   0.98842 0.01158 0.00000 0.00000 ( 1)
 470 T   0.89850 0.10150 0.00000 0.00000 ( 1)
 471 A   0.15385 0.84615 0.00000 0.00000 ( 2)
 472 S   0.58748 0.41252 0.00000 0.00000 ( 1)
 473 P   0.87077 0.12923 0.00000 0.00000 ( 1)
 474 V   0.63333 0.36667 0.00000 0.00000 ( 1)
 475 R   0.00099 0.99901 0.00000 0.00000 ( 2)
 476 L   0.89062 0.10938 0.00000 0.00000 ( 1)
 477 D   0.90208 0.09792 0.00000 0.00000 ( 1)
 478 I   0.95458 0.04542 0.00000 0.00000 ( 1)
 479 N   0.94564 0.05436 0.00000 0.00000 ( 1)
 480 E   0.85076 0.14924 0.00000 0.00000 ( 1)
 481 T   0.99099 0.00901 0.00000 0.00000 ( 1)
 482 K   0.89777 0.10223 0.00000 0.00000 ( 1)
 483 I   0.99376 0.00624 0.00000 0.00000 ( 1)
 484 Q   0.96327 0.03673 0.00000 0.00000 ( 1)
 485 W   0.95390 0.04610 0.00000 0.00000 ( 1)
 486 H   0.87682 0.12318 0.00000 0.00000 ( 1)
 487 R   0.06771 0.93229 0.00000 0.00000 ( 2)
 488 K   0.97967 0.02033 0.00000 0.00000 ( 1)
 489 D   0.92547 0.07453 0.00000 0.00000 ( 1)
 490 N   0.99054 0.00946 0.00000 0.00000 ( 1)
 491 Q   0.96327 0.03673 0.00000 0.00000 ( 1)
 492 V   0.98286 0.01714 0.00000 0.00000 ( 1)
 493 P   0.94486 0.05514 0.00000 0.00000 ( 1)
 494 Q   0.31608 0.68392 0.00000 0.00000 ( 2)
 495 S   0.93257 0.06743 0.00000 0.00000 ( 1)
 496 V   0.98323 0.01677 0.00000 0.00000 ( 1)
 497 C   0.97089 0.02911 0.00000 0.00000 ( 1)
 498 S   0.98842 0.01158 0.00000 0.00000 ( 1)
 499 S   0.97704 0.02296 0.00000 0.00000 ( 1)
 500 D   0.99126 0.00874 0.00000 0.00000 ( 1)
 501 C   0.93807 0.06193 0.00000 0.00000 ( 1)
 502 L   0.93927 0.06073 0.00000 0.00000 ( 1)
 503 E   0.50194 0.49806 0.00000 0.00000 ( 1)
 504 G   0.97360 0.02640 0.00000 0.00000 ( 1)
 505 H   0.90309 0.09691 0.00000 0.00000 ( 1)
 506 Q   0.96327 0.03673 0.00000 0.00000 ( 1)
 507 R   0.05478 0.94522 0.00000 0.00000 ( 2)
 508 V   0.98323 0.01677 0.00000 0.00000 ( 1)
 509 V   0.95020 0.04980 0.00000 0.00000 ( 1)
 510 V   0.00032 0.99968 0.00000 0.00000 ( 2)
 511 G   0.59674 0.40326 0.00000 0.00000 ( 1)
 512 S   0.93160 0.06840 0.00000 0.00000 ( 1)
 513 H   0.18141 0.81859 0.00000 0.00000 ( 2)
 514 H   0.90552 0.09448 0.00000 0.00000 ( 1)
 515 C   0.93557 0.06443 0.00000 0.00000 ( 1)
 516 C   0.98626 0.01374 0.00000 0.00000 ( 1)
 517 F   0.96350 0.03650 0.00000 0.00000 ( 1)
 518 E   0.85307 0.14693 0.00000 0.00000 ( 1)
 519 C   0.93287 0.06713 0.00000 0.00000 ( 1)
 520 V   0.97335 0.02665 0.00000 0.00000 ( 1)
 521 P   0.98682 0.01318 0.00000 0.00000 ( 1)
 522 C   0.93371 0.06629 0.00000 0.00000 ( 1)
 523 E   0.28156 0.71844 0.00000 0.00000 ( 2)
 524 S   0.61194 0.38806 0.00000 0.00000 ( 1)
 525 G   0.97609 0.02391 0.00000 0.00000 ( 1)
 526 T   0.32934 0.67066 0.00000 0.00000 ( 2)
 527 F   0.57052 0.42948 0.00000 0.00000 ( 1)
 528 L   0.44856 0.55144 0.00000 0.00000 ( 2)
 529 N   0.51665 0.48335 0.00000 0.00000 ( 1)
 530 K   0.33188 0.66812 0.00000 0.00000 ( 2)
 531 S   0.93513 0.06487 0.00000 0.00000 ( 1)
 532 D   0.98896 0.01104 0.00000 0.00000 ( 1)
 533 L   0.88115 0.11885 0.00000 0.00000 ( 1)
 534 Y   0.84215 0.15785 0.00000 0.00000 ( 1)
 535 R   0.11193 0.88807 0.00000 0.00000 ( 2)
 536 C   0.98155 0.01845 0.00000 0.00000 ( 1)
 537 Q   0.96327 0.03673 0.00000 0.00000 ( 1)
 538 P   0.60409 0.39591 0.00000 0.00000 ( 1)
 539 C   0.93287 0.06713 0.00000 0.00000 ( 1)
 540 G   0.97707 0.02293 0.00000 0.00000 ( 1)
 541 K   0.90833 0.09167 0.00000 0.00000 ( 1)
 542 E   0.90754 0.09246 0.00000 0.00000 ( 1)
 543 E   0.98254 0.01746 0.00000 0.00000 ( 1)
 544 W   0.95390 0.04610 0.00000 0.00000 ( 1)
 545 A   0.87757 0.12243 0.00000 0.00000 ( 1)
 546 P   0.94928 0.05072 0.00000 0.00000 ( 1)
 547 E   0.05245 0.94755 0.00000 0.00000 ( 2)
 548 G   0.38915 0.61085 0.00000 0.00000 ( 2)
 549 S   0.98974 0.01026 0.00000 0.00000 ( 1)
 550 Q   0.96327 0.03673 0.00000 0.00000 ( 1)
 551 T   0.90697 0.09303 0.00000 0.00000 ( 1)
 552 C   0.98626 0.01374 0.00000 0.00000 ( 1)
 553 F   0.99204 0.00796 0.00000 0.00000 ( 1)
 554 P   0.51184 0.48816 0.00000 0.00000 ( 1)
 555 R   0.97817 0.02183 0.00000 0.00000 ( 1)
 556 T   0.95024 0.04976 0.00000 0.00000 ( 1)
 557 V   0.98051 0.01949 0.00000 0.00000 ( 1)
 558 V   0.85860 0.14140 0.00000 0.00000 ( 1)
 559 F   0.16118 0.83882 0.00000 0.00000 ( 2)
 560 L   0.95071 0.04929 0.00000 0.00000 ( 1)
 561 A   0.13848 0.86152 0.00000 0.00000 ( 2)
 562 W   0.17244 0.82756 0.00000 0.00000 ( 2)
 563 H   0.16061 0.83939 0.00000 0.00000 ( 2)
 564 E   0.98257 0.01743 0.00000 0.00000 ( 1)
 565 C   0.00871 0.99129 0.00000 0.00000 ( 2)
 566 I   0.92401 0.07599 0.00000 0.00000 ( 1)
 567 S   0.93257 0.06743 0.00000 0.00000 ( 1)
 568 W   0.95390 0.04610 0.00000 0.00000 ( 1)
 569 V   0.98323 0.01677 0.00000 0.00000 ( 1)
 570 L   0.94799 0.05201 0.00000 0.00000 ( 1)
 571 L   0.95109 0.04891 0.00000 0.00000 ( 1)
 572 A   0.41636 0.58364 0.00000 0.00000 ( 2)
 573 A   0.65982 0.34018 0.00000 0.00000 ( 1)
 574 N   0.97542 0.02458 0.00000 0.00000 ( 1)
 575 T   0.78342 0.21658 0.00000 0.00000 ( 1)
 576 L   0.16900 0.83100 0.00000 0.00000 ( 2)
 577 L   0.94972 0.05028 0.00000 0.00000 ( 1)
 578 L   0.95133 0.04867 0.00000 0.00000 ( 1)
 579 V   0.67056 0.32944 0.00000 0.00000 ( 1)
 580 V   0.66963 0.33037 0.00000 0.00000 ( 1)
 581 V   0.68175 0.31825 0.00000 0.00000 ( 1)
 582 V   0.14193 0.85807 0.00000 0.00000 ( 2)
 583 G   0.97809 0.02191 0.00000 0.00000 ( 1)
 584 T   0.61695 0.38305 0.00000 0.00000 ( 1)
 585 V   0.63516 0.36484 0.00000 0.00000 ( 1)
 586 G   0.98638 0.01362 0.00000 0.00000 ( 1)
 587 L   0.95145 0.04855 0.00000 0.00000 ( 1)
 588 F   0.95315 0.04685 0.00000 0.00000 ( 1)
 589 A   0.99185 0.00815 0.00000 0.00000 ( 1)
 590 W   0.95390 0.04610 0.00000 0.00000 ( 1)
 591 H   0.98936 0.01064 0.00000 0.00000 ( 1)
 592 Q   0.35298 0.64702 0.00000 0.00000 ( 2)
 593 D   0.99177 0.00823 0.00000 0.00000 ( 1)
 594 T   0.99013 0.00987 0.00000 0.00000 ( 1)
 595 P   0.93718 0.06282 0.00000 0.00000 ( 1)
 596 V   0.98323 0.01677 0.00000 0.00000 ( 1)
 597 V   0.98261 0.01739 0.00000 0.00000 ( 1)
 598 R   0.97745 0.02255 0.00000 0.00000 ( 1)
 599 S   0.85600 0.14400 0.00000 0.00000 ( 1)
 600 A   0.92025 0.07975 0.00000 0.00000 ( 1)
 601 G   0.97707 0.02293 0.00000 0.00000 ( 1)
 602 G   0.98887 0.01113 0.00000 0.00000 ( 1)
 603 W   0.00361 0.99639 0.00000 0.00000 ( 2)
 604 L   0.95145 0.04855 0.00000 0.00000 ( 1)
 605 C   0.98610 0.01390 0.00000 0.00000 ( 1)
 606 F   0.98235 0.01765 0.00000 0.00000 ( 1)
 607 L   0.97817 0.02183 0.00000 0.00000 ( 1)
 608 M   0.99195 0.00805 0.00000 0.00000 ( 1)
 609 L   0.94847 0.05153 0.00000 0.00000 ( 1)
 610 G   0.98769 0.01231 0.00000 0.00000 ( 1)
 611 S   0.98763 0.01237 0.00000 0.00000 ( 1)
 612 L   0.95145 0.04855 0.00000 0.00000 ( 1)
 613 A   0.89319 0.10681 0.00000 0.00000 ( 1)
 614 G   0.00985 0.99015 0.00000 0.00000 ( 2)
 615 A   0.57483 0.42517 0.00000 0.00000 ( 1)
 616 S   0.98679 0.01321 0.00000 0.00000 ( 1)
 617 C   0.00788 0.99212 0.00000 0.00000 ( 2)
 618 S   0.98974 0.01026 0.00000 0.00000 ( 1)
 619 L   0.91027 0.08973 0.00000 0.00000 ( 1)
 620 Y   0.92494 0.07506 0.00000 0.00000 ( 1)
 621 G   0.98858 0.01142 0.00000 0.00000 ( 1)
 622 F   0.99248 0.00752 0.00000 0.00000 ( 1)
 623 F   0.95315 0.04685 0.00000 0.00000 ( 1)
 624 G   0.97360 0.02640 0.00000 0.00000 ( 1)
 625 E   0.97266 0.02734 0.00000 0.00000 ( 1)
 626 P   0.98851 0.01149 0.00000 0.00000 ( 1)
 627 T   0.52217 0.47783 0.00000 0.00000 ( 1)
 628 L   0.14022 0.85978 0.00000 0.00000 ( 2)
 629 P   0.73130 0.26870 0.00000 0.00000 ( 1)
 630 A   0.47998 0.52002 0.00000 0.00000 ( 2)
 631 C   0.98441 0.01559 0.00000 0.00000 ( 1)
 632 L   0.93906 0.06094 0.00000 0.00000 ( 1)
 633 L   0.95119 0.04881 0.00000 0.00000 ( 1)
 634 R   0.98587 0.01413 0.00000 0.00000 ( 1)
 635 Q   0.95970 0.04030 0.00000 0.00000 ( 1)
 636 A   0.90673 0.09327 0.00000 0.00000 ( 1)
 637 I   0.90119 0.09881 0.00000 0.00000 ( 1)
 638 F   0.95315 0.04685 0.00000 0.00000 ( 1)
 639 A   0.99109 0.00891 0.00000 0.00000 ( 1)
 640 L   0.94684 0.05316 0.00000 0.00000 ( 1)
 641 G   0.93616 0.06384 0.00000 0.00000 ( 1)
 642 F   0.98540 0.01460 0.00000 0.00000 ( 1)
 643 T   0.89550 0.10450 0.00000 0.00000 ( 1)
 644 I   0.94585 0.05415 0.00000 0.00000 ( 1)
 645 F   0.99262 0.00738 0.00000 0.00000 ( 1)
 646 L   0.95120 0.04880 0.00000 0.00000 ( 1)
 647 S   0.98827 0.01173 0.00000 0.00000 ( 1)
 648 C   0.98626 0.01374 0.00000 0.00000 ( 1)
 649 L   0.67050 0.32950 0.00000 0.00000 ( 1)
 650 T   0.87612 0.12388 0.00000 0.00000 ( 1)
 651 V   0.94538 0.05462 0.00000 0.00000 ( 1)
 652 R   0.98549 0.01451 0.00000 0.00000 ( 1)
 653 S   0.98319 0.01681 0.00000 0.00000 ( 1)
 654 F   0.99288 0.00712 0.00000 0.00000 ( 1)
 655 Q   0.88890 0.11110 0.00000 0.00000 ( 1)
 656 L   0.91376 0.08624 0.00000 0.00000 ( 1)
 657 V   0.91640 0.08360 0.00000 0.00000 ( 1)
 658 I   0.99416 0.00584 0.00000 0.00000 ( 1)
 659 I   0.99344 0.00656 0.00000 0.00000 ( 1)
 660 F   0.99288 0.00712 0.00000 0.00000 ( 1)
 661 K   0.97967 0.02033 0.00000 0.00000 ( 1)
 662 F   0.95315 0.04685 0.00000 0.00000 ( 1)
 663 S   0.98759 0.01241 0.00000 0.00000 ( 1)
 664 T   0.54272 0.45728 0.00000 0.00000 ( 1)
 665 K   0.97816 0.02184 0.00000 0.00000 ( 1)
 666 V   0.08523 0.91477 0.00000 0.00000 ( 2)
 667 P   0.97587 0.02413 0.00000 0.00000 ( 1)
 668 T   0.12269 0.87731 0.00000 0.00000 ( 2)
 669 F   0.99288 0.00712 0.00000 0.00000 ( 1)
 670 Y   0.40870 0.59130 0.00000 0.00000 ( 2)
 671 H   0.16280 0.83720 0.00000 0.00000 ( 2)
 672 T   0.56613 0.43387 0.00000 0.00000 ( 1)
 673 W   0.95390 0.04610 0.00000 0.00000 ( 1)
 674 V   0.99126 0.00874 0.00000 0.00000 ( 1)
 675 Q   0.88418 0.11582 0.00000 0.00000 ( 1)
 676 N   0.99054 0.00946 0.00000 0.00000 ( 1)
 677 H   0.98503 0.01497 0.00000 0.00000 ( 1)
 678 G   0.93422 0.06578 0.00000 0.00000 ( 1)
 679 A   0.95581 0.04419 0.00000 0.00000 ( 1)
 680 A   0.06184 0.93816 0.00000 0.00000 ( 2)
 681 L   0.95145 0.04855 0.00000 0.00000 ( 1)
 682 F   0.95315 0.04685 0.00000 0.00000 ( 1)
 683 I   0.64813 0.35187 0.00000 0.00000 ( 1)
 684 M   0.37575 0.62425 0.00000 0.00000 ( 2)
 685 I   0.99378 0.00622 0.00000 0.00000 ( 1)
 686 S   0.90837 0.09163 0.00000 0.00000 ( 1)
 687 S   0.85600 0.14400 0.00000 0.00000 ( 1)
 688 M   0.00623 0.99377 0.00000 0.00000 ( 2)
 689 A   0.07005 0.92995 0.00000 0.00000 ( 2)
 690 Q   0.96327 0.03673 0.00000 0.00000 ( 1)
 691 L   0.94795 0.05205 0.00000 0.00000 ( 1)
 692 L   0.94362 0.05638 0.00000 0.00000 ( 1)
 693 I   0.99416 0.00584 0.00000 0.00000 ( 1)
 694 C   0.93351 0.06649 0.00000 0.00000 ( 1)
 695 L   0.85421 0.14579 0.00000 0.00000 ( 1)
 696 T   0.94987 0.05013 0.00000 0.00000 ( 1)
 697 W   0.95390 0.04610 0.00000 0.00000 ( 1)
 698 L   0.94456 0.05544 0.00000 0.00000 ( 1)
 699 A   0.32530 0.67470 0.00000 0.00000 ( 2)
 700 V   0.85899 0.14101 0.00000 0.00000 ( 1)
 701 W   0.95390 0.04610 0.00000 0.00000 ( 1)
 702 T   0.98864 0.01136 0.00000 0.00000 ( 1)
 703 P   0.87077 0.12923 0.00000 0.00000 ( 1)
 704 L   0.95145 0.04855 0.00000 0.00000 ( 1)
 705 P   0.98841 0.01159 0.00000 0.00000 ( 1)
 706 T   0.82168 0.17832 0.00000 0.00000 ( 1)
 707 R   0.95503 0.04497 0.00000 0.00000 ( 1)
 708 E   0.90754 0.09246 0.00000 0.00000 ( 1)
 709 Y   0.98315 0.01685 0.00000 0.00000 ( 1)
 710 Q   0.21198 0.78802 0.00000 0.00000 ( 2)
 711 R   0.98591 0.01409 0.00000 0.00000 ( 1)
 712 F   0.99204 0.00796 0.00000 0.00000 ( 1)
 713 P   0.98851 0.01149 0.00000 0.00000 ( 1)
 714 Q   0.70175 0.29825 0.00000 0.00000 ( 1)
 715 L   0.95145 0.04855 0.00000 0.00000 ( 1)
 716 V   0.98051 0.01949 0.00000 0.00000 ( 1)
 717 V   0.51388 0.48612 0.00000 0.00000 ( 1)
 718 L   0.93927 0.06073 0.00000 0.00000 ( 1)
 719 E   0.83611 0.16389 0.00000 0.00000 ( 1)
 720 C   0.98626 0.01374 0.00000 0.00000 ( 1)
 721 T   0.87328 0.12672 0.00000 0.00000 ( 1)
 722 E   0.98257 0.01743 0.00000 0.00000 ( 1)
 723 T   0.00070 0.99930 0.00000 0.00000 ( 2)
 724 N   0.86967 0.13033 0.00000 0.00000 ( 1)
 725 S   0.96465 0.03535 0.00000 0.00000 ( 1)
 726 L   0.95145 0.04855 0.00000 0.00000 ( 1)
 727 G   0.98887 0.01113 0.00000 0.00000 ( 1)
 728 F   0.99288 0.00712 0.00000 0.00000 ( 1)
 729 M   0.28479 0.71521 0.00000 0.00000 ( 2)
 730 L   0.95119 0.04881 0.00000 0.00000 ( 1)
 731 A   0.99233 0.00767 0.00000 0.00000 ( 1)
 732 F   0.98910 0.01090 0.00000 0.00000 ( 1)
 733 G   0.00087 0.99913 0.00000 0.00000 ( 2)
 734 Y   0.98507 0.01493 0.00000 0.00000 ( 1)
 735 N   0.94564 0.05436 0.00000 0.00000 ( 1)
 736 G   0.88924 0.11076 0.00000 0.00000 ( 1)
 737 L   0.98882 0.01118 0.00000 0.00000 ( 1)
 738 L   0.98960 0.01040 0.00000 0.00000 ( 1)
 739 S   0.98122 0.01878 0.00000 0.00000 ( 1)
 740 V   0.09365 0.90635 0.00000 0.00000 ( 2)
 741 S   0.98004 0.01996 0.00000 0.00000 ( 1)
 742 A   0.99141 0.00859 0.00000 0.00000 ( 1)
 743 F   0.95315 0.04685 0.00000 0.00000 ( 1)
 744 A   0.99057 0.00943 0.00000 0.00000 ( 1)
 745 C   0.98494 0.01506 0.00000 0.00000 ( 1)
 746 S   0.90785 0.09215 0.00000 0.00000 ( 1)
 747 Y   0.98507 0.01493 0.00000 0.00000 ( 1)
 748 L   0.67067 0.32933 0.00000 0.00000 ( 1)
 749 G   0.98851 0.01149 0.00000 0.00000 ( 1)
 750 K   0.97816 0.02184 0.00000 0.00000 ( 1)
 751 D   0.99177 0.00823 0.00000 0.00000 ( 1)
 752 L   0.95012 0.04988 0.00000 0.00000 ( 1)
 753 P   0.87077 0.12923 0.00000 0.00000 ( 1)
 754 E   0.98257 0.01743 0.00000 0.00000 ( 1)
 755 N   0.99054 0.00946 0.00000 0.00000 ( 1)
 756 Y   0.96376 0.03624 0.00000 0.00000 ( 1)
 757 N   0.90578 0.09422 0.00000 0.00000 ( 1)
 758 E   0.98257 0.01743 0.00000 0.00000 ( 1)
 759 A   0.99185 0.00815 0.00000 0.00000 ( 1)
 760 K   0.89777 0.10223 0.00000 0.00000 ( 1)
 761 C   0.93287 0.06713 0.00000 0.00000 ( 1)
 762 V   0.99242 0.00758 0.00000 0.00000 ( 1)
 763 T   0.98860 0.01140 0.00000 0.00000 ( 1)
 764 F   0.98965 0.01035 0.00000 0.00000 ( 1)
 765 G   0.48346 0.51654 0.00000 0.00000 ( 2)
 766 L   0.95126 0.04874 0.00000 0.00000 ( 1)
 767 L   0.99050 0.00950 0.00000 0.00000 ( 1)
 768 L   0.91194 0.08806 0.00000 0.00000 ( 1)
 769 N   0.88986 0.11014 0.00000 0.00000 ( 1)
 770 F   0.99204 0.00796 0.00000 0.00000 ( 1)
 771 V   0.39294 0.60706 0.00000 0.00000 ( 2)
 772 S   0.98842 0.01158 0.00000 0.00000 ( 1)
 773 W   0.95390 0.04610 0.00000 0.00000 ( 1)
 774 I   0.99416 0.00584 0.00000 0.00000 ( 1)
 775 A   0.54927 0.45073 0.00000 0.00000 ( 1)
 776 F   0.93112 0.06888 0.00000 0.00000 ( 1)
 777 F   0.99244 0.00756 0.00000 0.00000 ( 1)
 778 T   0.99078 0.00922 0.00000 0.00000 ( 1)
 779 V   0.04183 0.95817 0.00000 0.00000 ( 2)
 780 A   0.99148 0.00852 0.00000 0.00000 ( 1)
 781 S   0.89925 0.10075 0.00000 0.00000 ( 1)
 782 V   0.93041 0.06959 0.00000 0.00000 ( 1)
 783 Y   0.86312 0.13688 0.00000 0.00000 ( 1)
 784 Q   0.33645 0.66355 0.00000 0.00000 ( 2)
 785 G   0.89775 0.10225 0.00000 0.00000 ( 1)
 786 K   0.97967 0.02033 0.00000 0.00000 ( 1)
 787 Y   0.98287 0.01713 0.00000 0.00000 ( 1)
 788 L   0.67046 0.32954 0.00000 0.00000 ( 1)
 789 P   0.90088 0.09912 0.00000 0.00000 ( 1)
 790 A   0.81374 0.18626 0.00000 0.00000 ( 1)
 791 V   0.90778 0.09222 0.00000 0.00000 ( 1)
 792 N   0.98166 0.01834 0.00000 0.00000 ( 1)
 793 V   0.42171 0.57829 0.00000 0.00000 ( 2)
 794 L   0.71475 0.28525 0.00000 0.00000 ( 1)
 795 A   0.98000 0.02000 0.00000 0.00000 ( 1)
 796 V   0.00277 0.99723 0.00000 0.00000 ( 2)
 797 L   0.71011 0.28989 0.00000 0.00000 ( 1)
 798 S   0.98974 0.01026 0.00000 0.00000 ( 1)
 799 S   0.98974 0.01026 0.00000 0.00000 ( 1)
 800 L   0.95137 0.04863 0.00000 0.00000 ( 1)
 801 S   0.90866 0.09134 0.00000 0.00000 ( 1)
 802 S   0.98729 0.01271 0.00000 0.00000 ( 1)
 803 G   0.98887 0.01113 0.00000 0.00000 ( 1)
 804 F   0.99288 0.00712 0.00000 0.00000 ( 1)
 805 S   0.82293 0.17707 0.00000 0.00000 ( 1)
 806 G   0.98114 0.01886 0.00000 0.00000 ( 1)
 807 Y   0.92494 0.07506 0.00000 0.00000 ( 1)
 808 F   0.98235 0.01765 0.00000 0.00000 ( 1)
 809 L   0.97946 0.02054 0.00000 0.00000 ( 1)
 810 P   0.98881 0.01119 0.00000 0.00000 ( 1)
 811 K   0.97761 0.02239 0.00000 0.00000 ( 1)
 812 C   0.98626 0.01374 0.00000 0.00000 ( 1)
 813 Y   0.95053 0.04947 0.00000 0.00000 ( 1)
 814 V   0.97836 0.02164 0.00000 0.00000 ( 1)
 815 I   0.99416 0.00584 0.00000 0.00000 ( 1)
 816 V   0.89619 0.10381 0.00000 0.00000 ( 1)
 817 C   0.88152 0.11848 0.00000 0.00000 ( 1)
 818 R   0.98269 0.01731 0.00000 0.00000 ( 1)
 819 P   0.45849 0.54151 0.00000 0.00000 ( 2)
 820 D   0.97946 0.02054 0.00000 0.00000 ( 1)
 821 L   0.98447 0.01553 0.00000 0.00000 ( 1)
 822 N   0.98952 0.01048 0.00000 0.00000 ( 1)
 823 S   0.90838 0.09162 0.00000 0.00000 ( 1)
 824 T   0.88859 0.11141 0.00000 0.00000 ( 1)
 825 E   0.98257 0.01743 0.00000 0.00000 ( 1)
 826 H   0.98936 0.01064 0.00000 0.00000 ( 1)
 827 F   0.99174 0.00826 0.00000 0.00000 ( 1)
 828 Q   0.96327 0.03673 0.00000 0.00000 ( 1)
 829 A   0.99223 0.00777 0.00000 0.00000 ( 1)
 830 S   0.98842 0.01158 0.00000 0.00000 ( 1)
 831 I   0.98455 0.01545 0.00000 0.00000 ( 1)
 832 Q   0.96327 0.03673 0.00000 0.00000 ( 1)
 833 D   0.92365 0.07635 0.00000 0.00000 ( 1)
 834 Y   0.98507 0.01493 0.00000 0.00000 ( 1)
 835 T   0.97827 0.02173 0.00000 0.00000 ( 1)
 836 R   0.97745 0.02255 0.00000 0.00000 ( 1)
 837 R   0.87952 0.12048 0.00000 0.00000 ( 1)
 838 W   0.01817 0.98183 0.00000 0.00000 ( 2)
 839 G   0.05525 0.94475 0.00000 0.00000 ( 2)
 840 S   0.86121 0.13879 0.00000 0.00000 ( 1)
 841 T   0.98648 0.01352 0.00000 0.00000 ( 1)


lnL = -10657.020582

Bayes Empirical Bayes (BEB) probabilities for 4 classes (class)
(amino acids refer to 1st sequence: 1.Tarsier)

   1 M   0.94612 0.00760 0.04590 0.00038 ( 1)
   2 F   0.73296 0.21628 0.03931 0.01145 ( 1)
   3 H   0.63797 0.31407 0.03177 0.01619 ( 1)
   4 H   0.00286 0.90703 0.00193 0.08819 ( 2)
   5 V   0.00012 0.92792 0.00004 0.07192 ( 2)
   6 A   0.70162 0.24735 0.03788 0.01315 ( 1)
   7 H   0.03074 0.91858 0.00159 0.04909 ( 2)
   8 L   0.90981 0.03994 0.04817 0.00209 ( 1)
   9 V   0.60137 0.35094 0.02969 0.01799 ( 1)
  10 G   0.88700 0.06584 0.04383 0.00333 ( 1)
  11 L   0.90432 0.04541 0.04790 0.00237 ( 1)
  12 Q   0.90776 0.04259 0.04744 0.00221 ( 1)
  13 L   0.89885 0.05034 0.04817 0.00264 ( 1)
  14 S   0.15579 0.79456 0.00784 0.04181 ( 2)
  15 I   0.65954 0.26272 0.06128 0.01647 ( 1)
  16 S   0.88563 0.06710 0.04387 0.00340 ( 1)
  17 C   0.87096 0.08136 0.04354 0.00414 ( 1)
  18 C   0.93946 0.01311 0.04676 0.00066 ( 1)
  19 W   0.74015 0.21001 0.03884 0.01100 ( 1)
  20 A   0.93666 0.01715 0.04533 0.00086 ( 1)
  21 F   0.81677 0.13282 0.04344 0.00698 ( 1)
  22 S   0.63616 0.31633 0.03134 0.01617 ( 1)
  23 C   0.93791 0.01282 0.04860 0.00066 ( 1)
  24 H   0.93769 0.01543 0.04610 0.00078 ( 1)
  25 N   0.22102 0.72919 0.01129 0.03851 ( 2)
  26 T   0.05378 0.88424 0.00532 0.05666 ( 2)
  27 E   0.84303 0.10871 0.04268 0.00558 ( 1)
  28 F   0.11308 0.83436 0.00635 0.04620 ( 2)
  29 S   0.89225 0.05667 0.04809 0.00299 ( 1)
  30 P   0.91120 0.03792 0.04888 0.00199 ( 1)
  31 D   0.90322 0.05030 0.04396 0.00253 ( 1)
  32 F   0.94708 0.00691 0.04567 0.00034 ( 1)
  33 S   0.88887 0.06411 0.04378 0.00324 ( 1)
  34 L   0.94330 0.01012 0.04607 0.00051 ( 1)
  35 P   0.81265 0.13683 0.04330 0.00721 ( 1)
  36 G   0.92614 0.02531 0.04726 0.00130 ( 1)
  37 N   0.74814 0.20119 0.04004 0.01063 ( 1)
  38 Y   0.93879 0.01361 0.04691 0.00069 ( 1)
  39 L   0.94309 0.01033 0.04606 0.00052 ( 1)
  40 L   0.90815 0.04159 0.04809 0.00217 ( 1)
  41 A   0.52508 0.42177 0.02997 0.02317 ( 1)
  42 G   0.94169 0.01136 0.04638 0.00057 ( 1)
  43 F   0.34876 0.59966 0.01906 0.03251 ( 2)
  44 F   0.94702 0.00696 0.04567 0.00035 ( 1)
  45 P   0.68069 0.26799 0.03701 0.01430 ( 1)
  46 L   0.94100 0.00923 0.04930 0.00048 ( 1)
  47 H   0.90666 0.04272 0.04838 0.00224 ( 1)
  48 G   0.25964 0.68935 0.01389 0.03713 ( 2)
  49 D   0.46154 0.48957 0.02337 0.02552 ( 2)
  50 C   0.21901 0.58837 0.13764 0.05498 ( 2)
  51 L   0.72823 0.22080 0.03924 0.01174 ( 1)
  52 Q   0.91851 0.03186 0.04797 0.00165 ( 1)
  53 V   0.93923 0.01449 0.04555 0.00073 ( 1)
  54 R   0.91255 0.03888 0.04658 0.00200 ( 1)
  55 H   0.62667 0.32520 0.03138 0.01675 ( 1)
  56 R   0.85613 0.09153 0.04745 0.00489 ( 1)
  57 P   0.93731 0.01595 0.04594 0.00080 ( 1)
  58 E   0.93552 0.01654 0.04709 0.00084 ( 1)
  59 V   0.93696 0.01522 0.04704 0.00077 ( 1)
  60 T   0.84231 0.11076 0.04133 0.00560 ( 1)
  61 L   0.91619 0.03357 0.04849 0.00175 ( 1)
  62 C   0.88614 0.06279 0.04777 0.00331 ( 1)
  63 D   0.94343 0.01026 0.04580 0.00051 ( 1)
  64 R   0.92115 0.02831 0.04906 0.00148 ( 1)
  65 T   0.00306 0.94612 0.00016 0.05066 ( 2)
  66 C   0.12201 0.82767 0.00628 0.04404 ( 2)
  67 G   0.18503 0.76518 0.00941 0.04039 ( 2)
  68 F   0.94493 0.00905 0.04557 0.00045 ( 1)
  69 N   0.91167 0.03779 0.04856 0.00198 ( 1)
  70 G   0.45946 0.48920 0.02499 0.02634 ( 2)
  71 H   0.93462 0.01849 0.04596 0.00093 ( 1)
  72 G   0.85286 0.09985 0.04223 0.00507 ( 1)
  73 Y   0.57379 0.37728 0.02929 0.01964 ( 1)
  74 H   0.54597 0.40556 0.02746 0.02100 ( 1)
  75 L   0.88136 0.07180 0.04321 0.00363 ( 1)
  76 F   0.90628 0.04753 0.04381 0.00238 ( 1)
  77 Q   0.37603 0.57291 0.02025 0.03081 ( 2)
  78 A   0.50865 0.43991 0.02776 0.02368 ( 1)
  79 M   0.58388 0.36827 0.02894 0.01891 ( 1)
  80 R   0.78318 0.16784 0.04029 0.00869 ( 1)
  81 L   0.73931 0.20956 0.04000 0.01113 ( 1)
  82 S   0.00372 0.94468 0.00020 0.05141 ( 2)
  83 I   0.33377 0.61444 0.01836 0.03343 ( 2)
  84 E   0.34687 0.60311 0.01805 0.03197 ( 2)
  85 A   0.80181 0.14980 0.04069 0.00770 ( 1)
  86 I   0.90726 0.04260 0.04792 0.00222 ( 1)
  87 N   0.94182 0.01156 0.04605 0.00058 ( 1)
  88 N   0.94182 0.01156 0.04605 0.00058 ( 1)
  89 S   0.93917 0.01377 0.04637 0.00070 ( 1)
  90 T   0.92712 0.02467 0.04695 0.00126 ( 1)
  91 V   0.64007 0.31244 0.03153 0.01597 ( 1)
  92 L   0.90225 0.04748 0.04779 0.00248 ( 1)
  93 L   0.90204 0.04769 0.04778 0.00249 ( 1)
  94 P   0.94296 0.01032 0.04620 0.00052 ( 1)
  95 N   0.81383 0.13707 0.04199 0.00711 ( 1)
  96 V   0.26250 0.68830 0.01317 0.03603 ( 2)
  97 T   0.89562 0.05767 0.04380 0.00291 ( 1)
  98 L   0.62992 0.31919 0.03390 0.01699 ( 1)
  99 G   0.93240 0.01906 0.04756 0.00098 ( 1)
 100 Y   0.34470 0.60303 0.01925 0.03302 ( 2)
 101 E   0.01759 0.93026 0.00097 0.05118 ( 2)
 102 L   0.90820 0.04154 0.04809 0.00217 ( 1)
 103 Y   0.18495 0.76410 0.00981 0.04114 ( 2)
 104 D   0.91444 0.03526 0.04846 0.00184 ( 1)
 105 V   0.93319 0.01898 0.04686 0.00097 ( 1)
 106 C   0.93441 0.01815 0.04653 0.00092 ( 1)
 107 S   0.90359 0.04346 0.05062 0.00233 ( 1)
 108 E   0.85962 0.09371 0.04195 0.00472 ( 1)
 109 S   0.88969 0.05923 0.04796 0.00312 ( 1)
 110 A   0.94416 0.00969 0.04567 0.00048 ( 1)
 111 N   0.90740 0.04205 0.04835 0.00220 ( 1)
 112 V   0.93319 0.01898 0.04686 0.00097 ( 1)
 113 Y   0.88746 0.06120 0.04810 0.00323 ( 1)
 114 A   0.94310 0.01074 0.04562 0.00054 ( 1)
 115 T   0.92516 0.02446 0.04910 0.00128 ( 1)
 116 L   0.90225 0.04748 0.04779 0.00248 ( 1)
 117 S   0.19041 0.75744 0.01055 0.04160 ( 2)
 118 V   0.83857 0.11322 0.04239 0.00582 ( 1)
 119 L   0.94179 0.01163 0.04600 0.00058 ( 1)
 120 S   0.93841 0.01453 0.04633 0.00073 ( 1)
 121 L   0.27505 0.67322 0.01508 0.03665 ( 2)
 122 P   0.53651 0.41287 0.02865 0.02198 ( 1)
 123 G   0.93023 0.02123 0.04745 0.00109 ( 1)
 124 T   0.16801 0.77861 0.00973 0.04365 ( 2)
 125 R   0.00011 0.94908 0.00001 0.05080 ( 2)
 126 H   0.94033 0.01280 0.04622 0.00064 ( 1)
 127 I   0.90508 0.04477 0.04781 0.00234 ( 1)
 128 D   0.48927 0.46097 0.02546 0.02430 ( 1)
 129 I   0.88695 0.06624 0.04347 0.00334 ( 1)
 130 Q   0.87726 0.07033 0.04865 0.00376 ( 1)
 131 G   0.55668 0.39020 0.03172 0.02139 ( 1)
 132 D   0.85942 0.09391 0.04194 0.00473 ( 1)
 133 F   0.24998 0.69789 0.01388 0.03825 ( 2)
 134 L   0.94179 0.01163 0.04600 0.00058 ( 1)
 135 H   0.02490 0.92307 0.00136 0.05067 ( 2)
 136 Y   0.88662 0.06204 0.04806 0.00328 ( 1)
 137 S   0.11307 0.83652 0.00584 0.04457 ( 2)
 138 P   0.92509 0.02406 0.04958 0.00126 ( 1)
 139 K   0.81617 0.13516 0.04169 0.00697 ( 1)
 140 I   0.76043 0.19114 0.03859 0.00985 ( 1)
 141 V   0.77879 0.17066 0.04156 0.00899 ( 1)
 142 A   0.92355 0.02852 0.04648 0.00145 ( 1)
 143 V   0.93334 0.01883 0.04687 0.00096 ( 1)
 144 I   0.63327 0.31604 0.03391 0.01678 ( 1)
 145 G   0.83109 0.12006 0.04265 0.00620 ( 1)
 146 P   0.71050 0.23832 0.03849 0.01268 ( 1)
 147 D   0.62199 0.33030 0.03078 0.01693 ( 1)
 148 S   0.00229 0.94704 0.00012 0.05056 ( 2)
 149 T   0.88770 0.06556 0.04344 0.00330 ( 1)
 150 D   0.24274 0.70766 0.01234 0.03726 ( 2)
 151 H   0.00101 0.92780 0.00030 0.07089 ( 2)
 152 A   0.70380 0.24517 0.03800 0.01303 ( 1)
 153 A   0.79817 0.15503 0.03896 0.00784 ( 1)
 154 T   0.73040 0.22220 0.03608 0.01132 ( 1)
 155 T   0.17957 0.76709 0.01039 0.04296 ( 2)
 156 A   0.92711 0.02657 0.04498 0.00133 ( 1)
 157 A   0.87926 0.07430 0.04270 0.00373 ( 1)
 158 L   0.89897 0.05075 0.04763 0.00265 ( 1)
 159 L   0.90576 0.04398 0.04797 0.00230 ( 1)
 160 S   0.87458 0.07834 0.04311 0.00396 ( 1)
 161 P   0.88980 0.05929 0.04779 0.00312 ( 1)
 162 F   0.57068 0.38163 0.02813 0.01956 ( 1)
 163 L   0.90017 0.04955 0.04769 0.00259 ( 1)
 164 V   0.53509 0.41566 0.02750 0.02175 ( 1)
 165 P   0.94268 0.01060 0.04619 0.00053 ( 1)
 166 L   0.31462 0.63374 0.01722 0.03442 ( 2)
 167 I   0.94773 0.00669 0.04525 0.00033 ( 1)
 168 S   0.94365 0.00955 0.04632 0.00048 ( 1)
 169 Y   0.91152 0.03718 0.04934 0.00196 ( 1)
 170 E   0.01798 0.93079 0.00095 0.05027 ( 2)
 171 A   0.94658 0.00727 0.04578 0.00036 ( 1)
 172 S   0.94365 0.00955 0.04632 0.00048 ( 1)
 173 S   0.94304 0.01016 0.04629 0.00051 ( 1)
 174 T   0.00259 0.94632 0.00014 0.05095 ( 2)
 175 T   0.07929 0.86951 0.00421 0.04700 ( 2)
 176 L   0.93999 0.01341 0.04592 0.00067 ( 1)
 177 S   0.62835 0.32358 0.03142 0.01665 ( 1)
 178 V   0.00389 0.93793 0.00069 0.05749 ( 2)
 179 K   0.93351 0.01821 0.04735 0.00093 ( 1)
 180 R   0.36716 0.51608 0.08321 0.03355 ( 2)
 181 Q   0.73279 0.21710 0.03870 0.01141 ( 1)
 182 Y   0.89297 0.05571 0.04839 0.00294 ( 1)
 183 P   0.94397 0.00932 0.04625 0.00047 ( 1)
 184 S   0.89911 0.04983 0.04844 0.00262 ( 1)
 185 F   0.94060 0.01336 0.04537 0.00067 ( 1)
 186 L   0.90820 0.04154 0.04809 0.00217 ( 1)
 187 R   0.93950 0.01304 0.04680 0.00066 ( 1)
 188 T   0.94506 0.00843 0.04608 0.00042 ( 1)
 189 I   0.91741 0.03687 0.04389 0.00184 ( 1)
 190 P   0.94397 0.00932 0.04625 0.00047 ( 1)
 191 S   0.49618 0.45519 0.02500 0.02363 ( 1)
 192 D   0.94554 0.00816 0.04590 0.00041 ( 1)
 193 R   0.50610 0.44420 0.02631 0.02339 ( 1)
 194 H   0.18791 0.76168 0.00978 0.04063 ( 2)
 195 Q   0.91851 0.03186 0.04797 0.00165 ( 1)
 196 V   0.93696 0.01522 0.04704 0.00077 ( 1)
 197 E   0.93631 0.01575 0.04713 0.00080 ( 1)
 198 V   0.68247 0.26993 0.03380 0.01380 ( 1)
 199 M   0.90099 0.05254 0.04383 0.00264 ( 1)
 200 V   0.93696 0.01522 0.04704 0.00077 ( 1)
 201 L   0.72244 0.22688 0.03868 0.01200 ( 1)
 202 L   0.90820 0.04154 0.04809 0.00217 ( 1)
 203 L   0.90803 0.04171 0.04808 0.00218 ( 1)
 204 Q   0.05888 0.88919 0.00322 0.04872 ( 2)
 205 R   0.45922 0.49076 0.02405 0.02597 ( 2)
 206 F   0.94722 0.00677 0.04567 0.00034 ( 1)
 207 R   0.00307 0.94535 0.00016 0.05142 ( 2)
 208 W   0.91034 0.03950 0.04810 0.00206 ( 1)
 209 V   0.61735 0.33477 0.03069 0.01719 ( 1)
 210 W   0.91034 0.03950 0.04810 0.00206 ( 1)
 211 I   0.94880 0.00562 0.04530 0.00028 ( 1)
 212 S   0.89954 0.04940 0.04846 0.00260 ( 1)
 213 L   0.90820 0.04154 0.04809 0.00217 ( 1)
 214 V   0.44063 0.50779 0.02411 0.02747 ( 2)
 215 G   0.94273 0.01032 0.04642 0.00052 ( 1)
 216 S   0.94312 0.01008 0.04629 0.00051 ( 1)
 217 Y   0.00677 0.94065 0.00038 0.05220 ( 2)
 218 G   0.81945 0.13311 0.04067 0.00677 ( 1)
 219 D   0.94593 0.00777 0.04592 0.00039 ( 1)
 220 Y   0.91152 0.03718 0.04934 0.00196 ( 1)
 221 G   0.93416 0.01886 0.04603 0.00095 ( 1)
 222 Q   0.79281 0.15725 0.04172 0.00823 ( 1)
 223 Q   0.23530 0.71287 0.01293 0.03890 ( 2)
 224 G   0.81441 0.13669 0.04184 0.00707 ( 1)
 225 V   0.93482 0.01735 0.04694 0.00088 ( 1)
 226 Q   0.77166 0.17833 0.04066 0.00934 ( 1)
 227 A   0.71179 0.23549 0.03998 0.01274 ( 1)
 228 L   0.90975 0.03999 0.04817 0.00209 ( 1)
 229 E   0.54383 0.40518 0.02931 0.02168 ( 1)
 230 N   0.04055 0.90908 0.00207 0.04830 ( 2)
 231 Q   0.77069 0.17931 0.04061 0.00940 ( 1)
 232 A   0.94658 0.00727 0.04578 0.00036 ( 1)
 233 T   0.92939 0.01986 0.04970 0.00104 ( 1)
 234 D   0.00751 0.93953 0.00043 0.05253 ( 2)
 235 Q   0.75650 0.19346 0.03990 0.01015 ( 1)
 236 G   0.52904 0.42236 0.02669 0.02192 ( 1)
 237 I   0.91680 0.03747 0.04386 0.00187 ( 1)
 238 C   0.94000 0.01257 0.04679 0.00064 ( 1)
 239 I   0.91265 0.03733 0.04808 0.00194 ( 1)
 240 A   0.90466 0.04473 0.04827 0.00234 ( 1)
 241 F   0.94722 0.00677 0.04567 0.00034 ( 1)
 242 K   0.93351 0.01821 0.04735 0.00093 ( 1)
 243 D   0.90053 0.05297 0.04383 0.00266 ( 1)
 244 I   0.58852 0.36421 0.02870 0.01857 ( 1)
 245 V   0.85274 0.09915 0.04303 0.00508 ( 1)
 246 P   0.94182 0.01146 0.04615 0.00058 ( 1)
 247 L   0.90280 0.05100 0.04365 0.00255 ( 1)
 248 S   0.48711 0.19674 0.29839 0.01777 ( 1)
 249 A   0.94658 0.00727 0.04578 0.00036 ( 1)
 250 R   0.00159 0.94167 0.00013 0.05660 ( 2)
 251 V   0.93241 0.01976 0.04682 0.00101 ( 1)
 252 G   0.92028 0.02884 0.04936 0.00151 ( 1)
 253 D   0.91112 0.03857 0.04830 0.00201 ( 1)
 254 E   0.53855 0.41213 0.02774 0.02158 ( 1)
 255 R   0.80867 0.14243 0.04154 0.00736 ( 1)
 256 M   0.94612 0.00760 0.04590 0.00038 ( 1)
 257 Q   0.77212 0.17779 0.04076 0.00933 ( 1)
 258 G   0.02172 0.92752 0.00112 0.04963 ( 2)
 259 M   0.20858 0.74187 0.01054 0.03901 ( 2)
 260 M   0.94612 0.00760 0.04590 0.00038 ( 1)
 261 N   0.00447 0.94461 0.00023 0.05069 ( 2)
 262 R   0.22192 0.72825 0.01135 0.03849 ( 2)
 263 L   0.90820 0.04154 0.04809 0.00217 ( 1)
 264 A   0.90692 0.04672 0.04401 0.00235 ( 1)
 265 R   0.07026 0.81130 0.04297 0.07547 ( 2)
 266 A   0.94524 0.00861 0.04572 0.00043 ( 1)
 267 G   0.02154 0.92696 0.00115 0.05035 ( 2)
 268 T   0.89767 0.05597 0.04355 0.00281 ( 1)
 269 T   0.84434 0.10674 0.04340 0.00551 ( 1)
 270 V   0.94447 0.00942 0.04564 0.00047 ( 1)
 271 V   0.93696 0.01522 0.04704 0.00077 ( 1)
 272 V   0.50007 0.45055 0.02575 0.02363 ( 1)
 273 V   0.90565 0.04380 0.04826 0.00229 ( 1)
 274 F   0.93392 0.01593 0.04932 0.00083 ( 1)
 275 S   0.94224 0.01071 0.04651 0.00054 ( 1)
 276 S   0.02730 0.92206 0.00141 0.04924 ( 2)
 277 R   0.23595 0.71278 0.01272 0.03855 ( 2)
 278 R   0.00207 0.94583 0.00011 0.05199 ( 2)
 279 L   0.18881 0.75925 0.01039 0.04155 ( 2)
 280 A   0.94658 0.00727 0.04578 0.00036 ( 1)
 281 R   0.83155 0.11963 0.04265 0.00617 ( 1)
 282 V   0.93696 0.01522 0.04704 0.00077 ( 1)
 283 F   0.94274 0.01123 0.04547 0.00056 ( 1)
 284 F   0.94433 0.00965 0.04554 0.00048 ( 1)
 285 E   0.93631 0.01575 0.04713 0.00080 ( 1)
 286 S   0.93390 0.01510 0.05021 0.00079 ( 1)
 287 V   0.93696 0.01522 0.04704 0.00077 ( 1)
 288 V   0.93696 0.01522 0.04704 0.00077 ( 1)
 289 L   0.90761 0.04213 0.04806 0.00220 ( 1)
 290 A   0.90647 0.04721 0.04395 0.00237 ( 1)
 291 N   0.89697 0.05622 0.04398 0.00283 ( 1)
 292 L   0.72874 0.22059 0.03900 0.01167 ( 1)
 293 T   0.89931 0.04989 0.04818 0.00262 ( 1)
 294 G   0.94273 0.01032 0.04642 0.00052 ( 1)
 295 K   0.93351 0.01821 0.04735 0.00093 ( 1)
 296 V   0.93696 0.01522 0.04704 0.00077 ( 1)
 297 W   0.91034 0.03950 0.04810 0.00206 ( 1)
 298 I   0.63284 0.32010 0.03079 0.01628 ( 1)
 299 A   0.94658 0.00727 0.04578 0.00036 ( 1)
 300 S   0.84591 0.10301 0.04563 0.00544 ( 1)
 301 E   0.88059 0.06756 0.04826 0.00359 ( 1)
 302 D   0.65649 0.29595 0.03242 0.01513 ( 1)
 303 W   0.91034 0.03950 0.04810 0.00206 ( 1)
 304 A   0.89954 0.05411 0.04363 0.00272 ( 1)
 305 I   0.90161 0.05259 0.04317 0.00262 ( 1)
 306 S   0.94224 0.01071 0.04651 0.00054 ( 1)
 307 R   0.10853 0.83905 0.00606 0.04636 ( 2)
 308 H   0.88246 0.06973 0.04425 0.00356 ( 1)
 309 I   0.94880 0.00562 0.04530 0.00028 ( 1)
 310 T   0.71148 0.23712 0.03876 0.01265 ( 1)
 311 G   0.45823 0.49172 0.02402 0.02604 ( 2)
 312 V   0.93459 0.01758 0.04693 0.00090 ( 1)
 313 P   0.93511 0.01814 0.04584 0.00091 ( 1)
 314 G   0.93105 0.02041 0.04749 0.00105 ( 1)
 315 I   0.94880 0.00562 0.04530 0.00028 ( 1)
 316 Q   0.28837 0.49394 0.17288 0.04480 ( 2)
 317 G   0.59578 0.35548 0.03029 0.01846 ( 1)
 318 I   0.92334 0.02666 0.04861 0.00139 ( 1)
 319 G   0.93052 0.02094 0.04747 0.00107 ( 1)
 320 T   0.00198 0.94660 0.00011 0.05131 ( 2)
 321 V   0.93751 0.01468 0.04707 0.00075 ( 1)
 322 L   0.90820 0.04154 0.04809 0.00217 ( 1)
 323 G   0.91347 0.03556 0.04911 0.00187 ( 1)
 324 V   0.93665 0.01554 0.04703 0.00079 ( 1)
 325 A   0.94658 0.00727 0.04578 0.00036 ( 1)
 326 I   0.94880 0.00562 0.04530 0.00028 ( 1)
 327 Q   0.91851 0.03186 0.04797 0.00165 ( 1)
 328 L   0.08647 0.86168 0.00472 0.04714 ( 2)
 329 R   0.48564 0.46441 0.02540 0.02454 ( 1)
 330 L   0.00088 0.94647 0.00005 0.05260 ( 2)
 331 V   0.90478 0.04942 0.04333 0.00247 ( 1)
 332 P   0.90542 0.04369 0.04859 0.00230 ( 1)
 333 G   0.88782 0.06502 0.04387 0.00329 ( 1)
 334 L   0.90794 0.04180 0.04808 0.00218 ( 1)
 335 K   0.84224 0.10919 0.04296 0.00562 ( 1)
 336 E   0.82538 0.12635 0.04179 0.00649 ( 1)
 337 F   0.73489 0.21451 0.03927 0.01133 ( 1)
 338 E   0.87160 0.07654 0.04779 0.00407 ( 1)
 339 E   0.91461 0.03358 0.05002 0.00178 ( 1)
 340 A   0.94658 0.00727 0.04578 0.00036 ( 1)
 341 Y   0.88590 0.06276 0.04802 0.00332 ( 1)
 342 A   0.90726 0.04642 0.04399 0.00233 ( 1)
 343 Q   0.00467 0.94353 0.00025 0.05155 ( 2)
 344 A   0.61922 0.32796 0.03496 0.01786 ( 1)
 345 D   0.94593 0.00777 0.04592 0.00039 ( 1)
 346 K   0.93351 0.01821 0.04735 0.00093 ( 1)
 347 G   0.01872 0.92975 0.00100 0.05053 ( 2)
 348 A   0.90060 0.05305 0.04368 0.00266 ( 1)
 349 P   0.10428 0.75858 0.06565 0.07150 ( 2)
 350 L   0.27831 0.67106 0.01471 0.03592 ( 2)
 351 P   0.57204 0.37643 0.03129 0.02024 ( 1)
 352 C   0.93839 0.01418 0.04671 0.00072 ( 1)
 353 P   0.03746 0.91197 0.00193 0.04865 ( 2)
 354 T   0.09557 0.85331 0.00507 0.04606 ( 2)
 355 G   0.88732 0.06552 0.04384 0.00332 ( 1)
 356 A   0.87628 0.07641 0.04343 0.00388 ( 1)
 357 W   0.75277 0.19671 0.04015 0.01037 ( 1)
 358 C   0.94000 0.01257 0.04679 0.00064 ( 1)
 359 S   0.94365 0.00955 0.04632 0.00048 ( 1)
 360 S   0.94365 0.00955 0.04632 0.00048 ( 1)
 361 N   0.90326 0.04618 0.04814 0.00242 ( 1)
 362 Q   0.91851 0.03186 0.04797 0.00165 ( 1)
 363 L   0.63389 0.31824 0.03153 0.01634 ( 1)
 364 C   0.93839 0.01418 0.04671 0.00072 ( 1)
 365 R   0.86506 0.08261 0.04791 0.00441 ( 1)
 366 E   0.18587 0.76126 0.01057 0.04229 ( 2)
 367 C   0.93828 0.01429 0.04671 0.00072 ( 1)
 368 C   0.00134 0.94524 0.00008 0.05334 ( 2)
 369 A   0.73081 0.21822 0.03939 0.01158 ( 1)
 370 F   0.94722 0.00677 0.04567 0.00034 ( 1)
 371 T   0.00042 0.94815 0.00002 0.05140 ( 2)
 372 A   0.14856 0.79811 0.00859 0.04474 ( 2)
 373 H   0.94108 0.01010 0.04830 0.00052 ( 1)
 374 T   0.00027 0.94635 0.00002 0.05337 ( 2)
 375 T   0.90116 0.05236 0.04384 0.00263 ( 1)
 376 P   0.94351 0.00978 0.04622 0.00049 ( 1)
 377 T   0.07329 0.80936 0.04335 0.07400 ( 2)
 378 L   0.93739 0.01601 0.04580 0.00081 ( 1)
 379 G   0.00060 0.94587 0.00003 0.05350 ( 2)
 380 P   0.66541 0.28720 0.03273 0.01465 ( 1)
 381 F   0.90698 0.04683 0.04384 0.00235 ( 1)
 382 S   0.94224 0.01071 0.04651 0.00054 ( 1)
 383 M   0.94612 0.00760 0.04590 0.00038 ( 1)
 384 S   0.90193 0.04739 0.04819 0.00249 ( 1)
 385 S   0.67674 0.27218 0.03659 0.01449 ( 1)
 386 A   0.94658 0.00727 0.04578 0.00036 ( 1)
 387 Y   0.93879 0.01361 0.04691 0.00069 ( 1)
 388 N   0.94231 0.00904 0.04818 0.00046 ( 1)
 389 V   0.39903 0.54792 0.02279 0.03026 ( 2)
 390 Y   0.93337 0.01902 0.04665 0.00097 ( 1)
 391 Q   0.06201 0.88606 0.00339 0.04854 ( 2)
 392 A   0.89440 0.05497 0.04775 0.00288 ( 1)
 393 V   0.93696 0.01522 0.04704 0.00077 ( 1)
 394 Y   0.91238 0.03633 0.04938 0.00192 ( 1)
 395 T   0.05745 0.89148 0.00303 0.04805 ( 2)
 396 V   0.93696 0.01522 0.04704 0.00077 ( 1)
 397 A   0.94632 0.00752 0.04578 0.00038 ( 1)
 398 H   0.90374 0.04563 0.04824 0.00239 ( 1)
 399 G   0.94273 0.01032 0.04642 0.00052 ( 1)
 400 L   0.94452 0.00891 0.04613 0.00045 ( 1)
 401 H   0.94322 0.00992 0.04636 0.00050 ( 1)
 402 Q   0.91851 0.03186 0.04797 0.00165 ( 1)
 403 L   0.94452 0.00891 0.04613 0.00045 ( 1)
 404 L   0.90820 0.04154 0.04809 0.00217 ( 1)
 405 G   0.94273 0.01032 0.04642 0.00052 ( 1)
 406 C   0.91744 0.03325 0.04759 0.00172 ( 1)
 407 A   0.89349 0.05929 0.04422 0.00300 ( 1)
 408 S   0.90376 0.04519 0.04868 0.00238 ( 1)
 409 G   0.84835 0.09879 0.04755 0.00531 ( 1)
 410 A   0.84099 0.10827 0.04504 0.00570 ( 1)
 411 C   0.89251 0.05642 0.04809 0.00297 ( 1)
 412 S   0.94224 0.01071 0.04651 0.00054 ( 1)
 413 R   0.93140 0.02008 0.04748 0.00103 ( 1)
 414 S   0.63456 0.31778 0.03138 0.01628 ( 1)
 415 Q   0.02413 0.92248 0.00140 0.05199 ( 2)
 416 V   0.94671 0.00721 0.04572 0.00036 ( 1)
 417 Y   0.53499 0.41593 0.02737 0.02171 ( 1)
 418 P   0.94343 0.00986 0.04622 0.00050 ( 1)
 419 W   0.91034 0.03950 0.04810 0.00206 ( 1)
 420 Q   0.91851 0.03186 0.04797 0.00165 ( 1)
 421 L   0.89785 0.05133 0.04812 0.00270 ( 1)
 422 L   0.90491 0.04480 0.04795 0.00234 ( 1)
 423 E   0.85376 0.09800 0.04321 0.00502 ( 1)
 424 Q   0.91851 0.03186 0.04797 0.00165 ( 1)
 425 I   0.94880 0.00562 0.04530 0.00028 ( 1)
 426 H   0.03254 0.91545 0.00178 0.05023 ( 2)
 427 K   0.93297 0.01874 0.04733 0.00096 ( 1)
 428 A   0.86277 0.08916 0.04351 0.00456 ( 1)
 429 N   0.70796 0.24108 0.03817 0.01280 ( 1)
 430 F   0.94702 0.00696 0.04567 0.00035 ( 1)
 431 L   0.89785 0.05133 0.04812 0.00270 ( 1)
 432 L   0.82826 0.11848 0.04685 0.00640 ( 1)
 433 H   0.93911 0.01206 0.04820 0.00062 ( 1)
 434 E   0.02139 0.92707 0.00114 0.05040 ( 2)
 435 D   0.94593 0.00777 0.04592 0.00039 ( 1)
 436 T   0.90567 0.04354 0.04850 0.00229 ( 1)
 437 V   0.93696 0.01522 0.04704 0.00077 ( 1)
 438 T   0.00781 0.94170 0.00040 0.05010 ( 2)
 439 F   0.73285 0.21654 0.03917 0.01144 ( 1)
 440 N   0.29239 0.65574 0.01612 0.03576 ( 2)
 441 D   0.94593 0.00777 0.04592 0.00039 ( 1)
 442 N   0.91934 0.03196 0.04705 0.00164 ( 1)
 443 G   0.27841 0.66822 0.01609 0.03728 ( 2)
 444 D   0.48851 0.46005 0.02666 0.02478 ( 1)
 445 P   0.88973 0.06333 0.04374 0.00320 ( 1)
 446 L   0.57569 0.37604 0.02877 0.01950 ( 1)
 447 S   0.90088 0.04844 0.04814 0.00254 ( 1)
 448 G   0.88223 0.07073 0.04347 0.00358 ( 1)
 449 Y   0.88590 0.06276 0.04802 0.00332 ( 1)
 450 N   0.22433 0.72599 0.01141 0.03827 ( 2)
 451 I   0.91245 0.03742 0.04818 0.00195 ( 1)
 452 I   0.91265 0.03733 0.04808 0.00194 ( 1)
 453 A   0.90641 0.04727 0.04395 0.00237 ( 1)
 454 W   0.91034 0.03950 0.04810 0.00206 ( 1)
 455 D   0.94593 0.00777 0.04592 0.00039 ( 1)
 456 W   0.91034 0.03950 0.04810 0.00206 ( 1)
 457 I   0.05499 0.89260 0.00306 0.04934 ( 2)
 458 G   0.92884 0.02261 0.04739 0.00116 ( 1)
 459 F   0.64699 0.30508 0.03226 0.01567 ( 1)
 460 K   0.85327 0.09819 0.04349 0.00505 ( 1)
 461 W   0.91034 0.03950 0.04810 0.00206 ( 1)
 462 T   0.94506 0.00843 0.04608 0.00042 ( 1)
 463 F   0.94620 0.00779 0.04563 0.00039 ( 1)
 464 T   0.92248 0.02696 0.04915 0.00141 ( 1)
 465 V   0.56189 0.38683 0.03054 0.02074 ( 1)
 466 I   0.07876 0.87114 0.00399 0.04611 ( 2)
 467 G   0.93545 0.01758 0.04609 0.00089 ( 1)
 468 S   0.94168 0.01126 0.04649 0.00057 ( 1)
 469 S   0.94224 0.01071 0.04651 0.00054 ( 1)
 470 T   0.86759 0.08400 0.04409 0.00431 ( 1)
 471 A   0.28897 0.65940 0.01580 0.03583 ( 2)
 472 S   0.66662 0.28189 0.03641 0.01508 ( 1)
 473 P   0.84179 0.10549 0.04706 0.00567 ( 1)
 474 V   0.70142 0.24759 0.03783 0.01315 ( 1)
 475 R   0.00517 0.94274 0.00028 0.05180 ( 2)
 476 L   0.85687 0.08989 0.04839 0.00485 ( 1)
 477 D   0.88857 0.06489 0.04328 0.00326 ( 1)
 478 I   0.91094 0.03893 0.04810 0.00203 ( 1)
 479 N   0.90326 0.04618 0.04814 0.00242 ( 1)
 480 E   0.85388 0.09791 0.04320 0.00502 ( 1)
 481 T   0.94505 0.00845 0.04608 0.00042 ( 1)
 482 K   0.86363 0.08425 0.04762 0.00449 ( 1)
 483 I   0.94843 0.00599 0.04528 0.00030 ( 1)
 484 Q   0.91851 0.03186 0.04797 0.00165 ( 1)
 485 W   0.91034 0.03950 0.04810 0.00206 ( 1)
 486 H   0.87174 0.08111 0.04304 0.00411 ( 1)
 487 R   0.14752 0.79899 0.00858 0.04491 ( 2)
 488 K   0.93351 0.01821 0.04735 0.00093 ( 1)
 489 D   0.90378 0.04974 0.04398 0.00250 ( 1)
 490 N   0.94454 0.00884 0.04617 0.00044 ( 1)
 491 Q   0.91851 0.03186 0.04797 0.00165 ( 1)
 492 V   0.93665 0.01554 0.04703 0.00079 ( 1)
 493 P   0.90227 0.04684 0.04843 0.00246 ( 1)
 494 Q   0.48710 0.46313 0.02535 0.02441 ( 1)
 495 S   0.89225 0.05667 0.04809 0.00299 ( 1)
 496 V   0.93696 0.01522 0.04704 0.00077 ( 1)
 497 C   0.92345 0.02554 0.04967 0.00134 ( 1)
 498 S   0.94224 0.01071 0.04651 0.00054 ( 1)
 499 S   0.92894 0.02044 0.04955 0.00107 ( 1)
 500 D   0.94547 0.00822 0.04589 0.00041 ( 1)
 501 C   0.89667 0.05227 0.04831 0.00275 ( 1)
 502 L   0.89785 0.05133 0.04812 0.00270 ( 1)
 503 E   0.59791 0.34984 0.03331 0.01894 ( 1)
 504 G   0.92812 0.02333 0.04735 0.00120 ( 1)
 505 H   0.88882 0.06411 0.04383 0.00324 ( 1)
 506 Q   0.91851 0.03186 0.04797 0.00165 ( 1)
 507 R   0.12285 0.82334 0.00723 0.04658 ( 2)
 508 V   0.93696 0.01522 0.04704 0.00077 ( 1)
 509 V   0.90690 0.04255 0.04832 0.00223 ( 1)
 510 V   0.00216 0.94733 0.00011 0.05040 ( 2)
 511 G   0.67371 0.27487 0.03673 0.01469 ( 1)
 512 S   0.90805 0.04577 0.04389 0.00229 ( 1)
 513 H   0.32717 0.62098 0.01803 0.03382 ( 2)
 514 H   0.89038 0.06255 0.04390 0.00316 ( 1)
 515 C   0.89468 0.05426 0.04820 0.00286 ( 1)
 516 C   0.94000 0.01257 0.04679 0.00064 ( 1)
 517 F   0.91812 0.03170 0.04853 0.00165 ( 1)
 518 E   0.85536 0.09640 0.04329 0.00495 ( 1)
 519 C   0.89251 0.05642 0.04809 0.00297 ( 1)
 520 V   0.92857 0.02358 0.04664 0.00120 ( 1)
 521 P   0.94116 0.01212 0.04612 0.00061 ( 1)
 522 C   0.89317 0.05577 0.04813 0.00294 ( 1)
 523 E   0.45005 0.50020 0.02335 0.02640 ( 2)
 524 S   0.68537 0.26356 0.03704 0.01402 ( 1)
 525 G   0.93022 0.02124 0.04745 0.00109 ( 1)
 526 T   0.50512 0.44651 0.02527 0.02310 ( 1)
 527 F   0.70396 0.24895 0.03444 0.01265 ( 1)
 528 L   0.60966 0.34236 0.03037 0.01761 ( 1)
 529 N   0.66431 0.28791 0.03302 0.01475 ( 1)
 530 K   0.50312 0.44724 0.02611 0.02353 ( 1)
 531 S   0.89467 0.05464 0.04782 0.00287 ( 1)
 532 D   0.94343 0.01026 0.04580 0.00051 ( 1)
 533 L   0.87462 0.07852 0.04290 0.00397 ( 1)
 534 Y   0.84852 0.10356 0.04263 0.00529 ( 1)
 535 R   0.22350 0.72340 0.01281 0.04028 ( 2)
 536 C   0.93593 0.01663 0.04660 0.00084 ( 1)
 537 Q   0.91851 0.03186 0.04797 0.00165 ( 1)
 538 P   0.67938 0.26930 0.03695 0.01437 ( 1)
 539 C   0.89251 0.05642 0.04809 0.00297 ( 1)
 540 G   0.93105 0.02041 0.04749 0.00105 ( 1)
 541 K   0.87195 0.07594 0.04806 0.00405 ( 1)
 542 E   0.87160 0.07654 0.04779 0.00407 ( 1)
 543 E   0.93629 0.01578 0.04713 0.00080 ( 1)
 544 W   0.91034 0.03950 0.04810 0.00206 ( 1)
 545 A   0.84727 0.10015 0.04721 0.00537 ( 1)
 546 P   0.90974 0.04341 0.04467 0.00219 ( 1)
 547 E   0.14653 0.80139 0.00809 0.04399 ( 2)
 548 G   0.49827 0.44856 0.02848 0.02469 ( 1)
 549 S   0.94365 0.00955 0.04632 0.00048 ( 1)
 550 Q   0.91851 0.03186 0.04797 0.00165 ( 1)
 551 T   0.89166 0.06162 0.04362 0.00310 ( 1)
 552 C   0.94000 0.01257 0.04679 0.00064 ( 1)
 553 F   0.94646 0.00752 0.04564 0.00038 ( 1)
 554 P   0.60557 0.34148 0.03431 0.01864 ( 1)
 555 R   0.92725 0.01940 0.05230 0.00104 ( 1)
 556 T   0.90673 0.04248 0.04856 0.00223 ( 1)
 557 V   0.93464 0.01754 0.04693 0.00089 ( 1)
 558 V   0.85897 0.09294 0.04333 0.00476 ( 1)
 559 F   0.29943 0.64894 0.01638 0.03525 ( 2)
 560 L   0.90758 0.04213 0.04808 0.00220 ( 1)
 561 A   0.22388 0.57876 0.14288 0.05448 ( 2)
 562 W   0.31530 0.63313 0.01722 0.03435 ( 2)
 563 H   0.29839 0.64970 0.01647 0.03544 ( 2)
 564 E   0.93631 0.01575 0.04713 0.00080 ( 1)
 565 C   0.03751 0.91074 0.00202 0.04973 ( 2)
 566 I   0.90258 0.05074 0.04413 0.00255 ( 1)
 567 S   0.89225 0.05667 0.04809 0.00299 ( 1)
 568 W   0.91034 0.03950 0.04810 0.00206 ( 1)
 569 V   0.93696 0.01522 0.04704 0.00077 ( 1)
 570 L   0.90530 0.04444 0.04794 0.00232 ( 1)
 571 L   0.90790 0.04184 0.04807 0.00219 ( 1)
 572 A   0.52339 0.42369 0.02970 0.02321 ( 1)
 573 A   0.72274 0.22863 0.03681 0.01182 ( 1)
 574 N   0.93150 0.02183 0.04557 0.00110 ( 1)
 575 T   0.80896 0.14244 0.04126 0.00734 ( 1)
 576 L   0.25834 0.53589 0.15673 0.04904 ( 2)
 577 L   0.90673 0.04299 0.04804 0.00225 ( 1)
 578 L   0.90810 0.04164 0.04809 0.00217 ( 1)
 579 V   0.72881 0.22052 0.03900 0.01166 ( 1)
 580 V   0.72813 0.22121 0.03897 0.01170 ( 1)
 581 V   0.73685 0.21251 0.03942 0.01123 ( 1)
 582 V   0.27103 0.67688 0.01503 0.03705 ( 2)
 583 G   0.93190 0.01957 0.04753 0.00100 ( 1)
 584 T   0.68917 0.25962 0.03738 0.01383 ( 1)
 585 V   0.70284 0.24613 0.03795 0.01308 ( 1)
 586 G   0.94055 0.01249 0.04632 0.00063 ( 1)
 587 L   0.90820 0.04154 0.04809 0.00217 ( 1)
 588 F   0.90969 0.04011 0.04811 0.00209 ( 1)
 589 A   0.94615 0.00770 0.04576 0.00039 ( 1)
 590 W   0.91034 0.03950 0.04810 0.00206 ( 1)
 591 H   0.94325 0.00989 0.04636 0.00050 ( 1)
 592 Q   0.46365 0.48286 0.02677 0.02673 ( 2)
 593 D   0.94593 0.00777 0.04592 0.00039 ( 1)
 594 T   0.94264 0.00920 0.04769 0.00047 ( 1)
 595 P   0.89611 0.05299 0.04812 0.00279 ( 1)
 596 V   0.93696 0.01522 0.04704 0.00077 ( 1)
 597 V   0.93642 0.01575 0.04702 0.00080 ( 1)
 598 R   0.93140 0.02008 0.04748 0.00103 ( 1)
 599 S   0.82993 0.11706 0.04670 0.00631 ( 1)
 600 A   0.88101 0.06644 0.04899 0.00355 ( 1)
 601 G   0.93105 0.02041 0.04749 0.00105 ( 1)
 602 G   0.94273 0.01032 0.04642 0.00052 ( 1)
 603 W   0.01660 0.93137 0.00090 0.05113 ( 2)
 604 L   0.90820 0.04154 0.04809 0.00217 ( 1)
 605 C   0.93986 0.01272 0.04678 0.00064 ( 1)
 606 F   0.93392 0.01593 0.04932 0.00083 ( 1)
 607 L   0.93028 0.01951 0.04919 0.00102 ( 1)
 608 M   0.94612 0.00760 0.04590 0.00038 ( 1)
 609 L   0.90576 0.04398 0.04797 0.00230 ( 1)
 610 G   0.94169 0.01136 0.04638 0.00057 ( 1)
 611 S   0.94137 0.01140 0.04666 0.00058 ( 1)
 612 L   0.90820 0.04154 0.04809 0.00217 ( 1)
 613 A   0.85955 0.08789 0.04786 0.00471 ( 1)
 614 G   0.03301 0.91354 0.00192 0.05153 ( 2)
 615 A   0.65685 0.29169 0.03585 0.01561 ( 1)
 616 S   0.94106 0.01213 0.04620 0.00061 ( 1)
 617 C   0.03253 0.87041 0.01876 0.07831 ( 2)
 618 S   0.94365 0.00955 0.04632 0.00048 ( 1)
 619 L   0.89358 0.05964 0.04378 0.00301 ( 1)
 620 Y   0.88590 0.06276 0.04802 0.00332 ( 1)
 621 G   0.94054 0.01055 0.04836 0.00054 ( 1)
 622 F   0.94686 0.00713 0.04566 0.00036 ( 1)
 623 F   0.90969 0.04011 0.04811 0.00209 ( 1)
 624 G   0.92812 0.02333 0.04735 0.00120 ( 1)
 625 E   0.92789 0.02415 0.04673 0.00123 ( 1)
 626 P   0.94264 0.01064 0.04619 0.00054 ( 1)
 627 T   0.61442 0.33345 0.03410 0.01803 ( 1)
 628 L   0.26879 0.67953 0.01471 0.03697 ( 2)
 629 P   0.77108 0.17778 0.04171 0.00943 ( 1)
 630 A   0.57893 0.36821 0.03276 0.02010 ( 1)
 631 C   0.93839 0.01418 0.04671 0.00072 ( 1)
 632 L   0.89593 0.05143 0.04989 0.00275 ( 1)
 633 L   0.90799 0.04175 0.04808 0.00218 ( 1)
 634 R   0.93961 0.01292 0.04681 0.00066 ( 1)
 635 Q   0.91556 0.03480 0.04783 0.00181 ( 1)
 636 A   0.89164 0.06185 0.04340 0.00311 ( 1)
 637 I   0.88774 0.06545 0.04351 0.00330 ( 1)
 638 F   0.90969 0.04011 0.04811 0.00209 ( 1)
 639 A   0.94547 0.00838 0.04573 0.00042 ( 1)
 640 L   0.90393 0.04526 0.04843 0.00238 ( 1)
 641 G   0.89518 0.05381 0.04818 0.00283 ( 1)
 642 F   0.94060 0.01336 0.04537 0.00067 ( 1)
 643 T   0.88433 0.06891 0.04328 0.00347 ( 1)
 644 I   0.91765 0.03662 0.04390 0.00183 ( 1)
 645 F   0.94698 0.00700 0.04567 0.00035 ( 1)
 646 L   0.90799 0.04175 0.04808 0.00218 ( 1)
 647 S   0.94211 0.01084 0.04650 0.00055 ( 1)
 648 C   0.94000 0.01257 0.04679 0.00064 ( 1)
 649 L   0.72874 0.22059 0.03900 0.01167 ( 1)
 650 T   0.84605 0.10128 0.04724 0.00544 ( 1)
 651 V   0.90301 0.04643 0.04813 0.00243 ( 1)
 652 R   0.93928 0.01325 0.04680 0.00067 ( 1)
 653 S   0.93769 0.01524 0.04630 0.00077 ( 1)
 654 F   0.94722 0.00677 0.04567 0.00034 ( 1)
 655 Q   0.85633 0.09124 0.04755 0.00488 ( 1)
 656 L   0.87517 0.07161 0.04937 0.00386 ( 1)
 657 V   0.89791 0.05578 0.04350 0.00280 ( 1)
 658 I   0.94880 0.00562 0.04530 0.00028 ( 1)
 659 I   0.94814 0.00628 0.04527 0.00031 ( 1)
 660 F   0.94722 0.00677 0.04567 0.00034 ( 1)
 661 K   0.93351 0.01821 0.04735 0.00093 ( 1)
 662 F   0.90969 0.04011 0.04811 0.00209 ( 1)
 663 S   0.94152 0.01143 0.04648 0.00058 ( 1)
 664 T   0.68371 0.26869 0.03386 0.01374 ( 1)
 665 K   0.93223 0.01949 0.04729 0.00100 ( 1)
 666 V   0.17970 0.76972 0.00940 0.04118 ( 2)
 667 P   0.92775 0.02141 0.04972 0.00112 ( 1)
 668 T   0.24242 0.70430 0.01398 0.03930 ( 2)
 669 F   0.94722 0.00677 0.04567 0.00034 ( 1)
 670 Y   0.57556 0.37551 0.02938 0.01955 ( 1)
 671 H   0.30168 0.64642 0.01665 0.03525 ( 2)
 672 T   0.70064 0.25213 0.03440 0.01283 ( 1)
 673 W   0.91034 0.03950 0.04810 0.00206 ( 1)
 674 V   0.94568 0.00824 0.04567 0.00041 ( 1)
 675 Q   0.85262 0.09494 0.04736 0.00508 ( 1)
 676 N   0.94454 0.00884 0.04617 0.00044 ( 1)
 677 H   0.93945 0.01368 0.04618 0.00069 ( 1)
 678 G   0.89363 0.05536 0.04810 0.00291 ( 1)
 679 A   0.91561 0.03811 0.04437 0.00191 ( 1)
 680 A   0.16844 0.78137 0.00866 0.04153 ( 2)
 681 L   0.90820 0.04154 0.04809 0.00217 ( 1)
 682 F   0.90969 0.04011 0.04811 0.00209 ( 1)
 683 I   0.72151 0.22991 0.03669 0.01188 ( 1)
 684 M   0.54574 0.40623 0.02711 0.02091 ( 1)
 685 I   0.94845 0.00597 0.04529 0.00030 ( 1)
 686 S   0.89233 0.06067 0.04394 0.00307 ( 1)
 687 S   0.82993 0.11706 0.04670 0.00631 ( 1)
 688 M   0.02749 0.91965 0.00156 0.05130 ( 2)
 689 A   0.18692 0.76349 0.00943 0.04016 ( 2)
 690 Q   0.91851 0.03186 0.04797 0.00165 ( 1)
 691 L   0.90536 0.04438 0.04795 0.00232 ( 1)
 692 L   0.90136 0.04783 0.04830 0.00251 ( 1)
 693 I   0.94880 0.00562 0.04530 0.00028 ( 1)
 694 C   0.89302 0.05591 0.04812 0.00295 ( 1)
 695 L   0.82826 0.11848 0.04685 0.00640 ( 1)
 696 T   0.90645 0.04276 0.04854 0.00224 ( 1)
 697 W   0.91034 0.03950 0.04810 0.00206 ( 1)
 698 L   0.90262 0.04710 0.04782 0.00246 ( 1)
 699 A   0.49641 0.45419 0.02557 0.02383 ( 1)
 700 V   0.85921 0.09271 0.04334 0.00475 ( 1)
 701 W   0.91034 0.03950 0.04810 0.00206 ( 1)
 702 T   0.94295 0.01053 0.04598 0.00053 ( 1)
 703 P   0.84179 0.10549 0.04706 0.00567 ( 1)
 704 L   0.90820 0.04154 0.04809 0.00217 ( 1)
 705 P   0.94255 0.01072 0.04618 0.00054 ( 1)
 706 T   0.83229 0.11678 0.04477 0.00616 ( 1)
 707 R   0.91193 0.03871 0.04736 0.00200 ( 1)
 708 E   0.87160 0.07654 0.04779 0.00407 ( 1)
 709 Y   0.93713 0.01526 0.04683 0.00077 ( 1)
 710 Q   0.36769 0.58123 0.01981 0.03127 ( 2)
 711 R   0.93965 0.01289 0.04681 0.00065 ( 1)
 712 F   0.94646 0.00752 0.04564 0.00038 ( 1)
 713 P   0.94264 0.01064 0.04619 0.00054 ( 1)
 714 Q   0.75165 0.19829 0.03965 0.01040 ( 1)
 715 L   0.90820 0.04154 0.04809 0.00217 ( 1)
 716 V   0.93464 0.01754 0.04693 0.00089 ( 1)
 717 V   0.66144 0.28975 0.03376 0.01505 ( 1)
 718 L   0.89785 0.05133 0.04812 0.00270 ( 1)
 719 E   0.84426 0.10749 0.04274 0.00551 ( 1)
 720 C   0.94000 0.01257 0.04679 0.00064 ( 1)
 721 T   0.84381 0.10351 0.04712 0.00556 ( 1)
 722 E   0.93631 0.01575 0.04713 0.00080 ( 1)
 723 T   0.00454 0.94501 0.00023 0.05022 ( 2)
 724 N   0.86387 0.08549 0.04615 0.00449 ( 1)
 725 S   0.91825 0.03072 0.04941 0.00162 ( 1)
 726 L   0.90820 0.04154 0.04809 0.00217 ( 1)
 727 G   0.94273 0.01032 0.04642 0.00052 ( 1)
 728 F   0.94722 0.00677 0.04567 0.00034 ( 1)
 729 M   0.45453 0.49754 0.02233 0.02559 ( 2)
 730 L   0.90796 0.04175 0.04810 0.00218 ( 1)
 731 A   0.94658 0.00727 0.04578 0.00036 ( 1)
 732 F   0.94384 0.01014 0.04552 0.00051 ( 1)
 733 G   0.00557 0.94376 0.00029 0.05038 ( 2)
 734 Y   0.93879 0.01361 0.04691 0.00069 ( 1)
 735 N   0.90326 0.04618 0.04814 0.00242 ( 1)
 736 G   0.87973 0.07308 0.04349 0.00370 ( 1)
 737 L   0.94302 0.01040 0.04606 0.00052 ( 1)
 738 L   0.94372 0.00970 0.04609 0.00049 ( 1)
 739 S   0.93601 0.01691 0.04622 0.00085 ( 1)
 740 V   0.20598 0.63179 0.11067 0.05155 ( 2)
 741 S   0.93522 0.01795 0.04593 0.00090 ( 1)
 742 A   0.94576 0.00809 0.04575 0.00040 ( 1)
 743 F   0.90969 0.04011 0.04811 0.00209 ( 1)
 744 A   0.94501 0.00883 0.04571 0.00044 ( 1)
 745 C   0.93885 0.01372 0.04673 0.00070 ( 1)
 746 S   0.61950 0.04296 0.33394 0.00360 ( 1)
 747 Y   0.93879 0.01361 0.04691 0.00069 ( 1)
 748 L   0.72885 0.22046 0.03903 0.01166 ( 1)
 749 G   0.94242 0.01064 0.04641 0.00054 ( 1)
 750 K   0.93223 0.01949 0.04729 0.00100 ( 1)
 751 D   0.94593 0.00777 0.04592 0.00039 ( 1)
 752 L   0.90709 0.04262 0.04806 0.00223 ( 1)
 753 P   0.84179 0.10549 0.04706 0.00567 ( 1)
 754 E   0.93631 0.01575 0.04713 0.00080 ( 1)
 755 N   0.94454 0.00884 0.04617 0.00044 ( 1)
 756 Y   0.92082 0.03151 0.04606 0.00160 ( 1)
 757 N   0.89079 0.06237 0.04369 0.00315 ( 1)
 758 E   0.93631 0.01575 0.04713 0.00080 ( 1)
 759 A   0.94615 0.00770 0.04576 0.00039 ( 1)
 760 K   0.86363 0.08425 0.04762 0.00449 ( 1)
 761 C   0.89251 0.05642 0.04809 0.00297 ( 1)
 762 V   0.94671 0.00721 0.04572 0.00036 ( 1)
 763 T   0.93876 0.01052 0.05017 0.00055 ( 1)
 764 F   0.94433 0.00965 0.04554 0.00048 ( 1)
 765 G   0.63860 0.31337 0.03192 0.01612 ( 1)
 766 L   0.90804 0.04170 0.04808 0.00218 ( 1)
 767 L   0.94452 0.00891 0.04613 0.00045 ( 1)
 768 L   0.89521 0.05855 0.04330 0.00294 ( 1)
 769 N   0.88050 0.07262 0.04321 0.00367 ( 1)
 770 F   0.94646 0.00752 0.04564 0.00038 ( 1)
 771 V   0.56092 0.38992 0.02879 0.02037 ( 1)
 772 S   0.94224 0.01071 0.04651 0.00054 ( 1)
 773 W   0.91034 0.03950 0.04810 0.00206 ( 1)
 774 I   0.94880 0.00562 0.04530 0.00028 ( 1)
 775 A   0.68838 0.26434 0.03381 0.01347 ( 1)
 776 F   0.90772 0.04610 0.04387 0.00231 ( 1)
 777 F   0.94682 0.00716 0.04565 0.00036 ( 1)
 778 T   0.94485 0.00864 0.04607 0.00043 ( 1)
 779 V   0.12093 0.82809 0.00640 0.04459 ( 2)
 780 A   0.94582 0.00803 0.04575 0.00040 ( 1)
 781 S   0.88462 0.06642 0.04553 0.00343 ( 1)
 782 V   0.90704 0.04671 0.04391 0.00234 ( 1)
 783 Y   0.86225 0.08988 0.04328 0.00459 ( 1)
 784 Q   0.50847 0.44331 0.02532 0.02289 ( 1)
 785 G   0.88524 0.06759 0.04375 0.00342 ( 1)
 786 K   0.93351 0.01821 0.04735 0.00093 ( 1)
 787 Y   0.93689 0.01550 0.04682 0.00079 ( 1)
 788 L   0.72872 0.22062 0.03900 0.01167 ( 1)
 789 P   0.88746 0.06560 0.04363 0.00331 ( 1)
 790 A   0.82562 0.12178 0.04606 0.00654 ( 1)
 791 V   0.89229 0.06140 0.04323 0.00308 ( 1)
 792 N   0.93680 0.01655 0.04582 0.00083 ( 1)
 793 V   0.58736 0.36480 0.02911 0.01873 ( 1)
 794 L   0.76019 0.18921 0.04061 0.00998 ( 1)
 795 A   0.93151 0.01794 0.04962 0.00094 ( 1)
 796 V   0.01308 0.93569 0.00069 0.05054 ( 2)
 797 L   0.75957 0.19308 0.03751 0.00983 ( 1)
 798 S   0.94365 0.00955 0.04632 0.00048 ( 1)
 799 S   0.94365 0.00955 0.04632 0.00048 ( 1)
 800 L   0.90814 0.04160 0.04809 0.00217 ( 1)
 801 S   0.89252 0.06048 0.04394 0.00306 ( 1)
 802 S   0.93774 0.01165 0.04999 0.00061 ( 1)
 803 G   0.94273 0.01032 0.04642 0.00052 ( 1)
 804 F   0.94722 0.00677 0.04567 0.00034 ( 1)
 805 S   0.83636 0.11627 0.04145 0.00591 ( 1)
 806 G   0.93450 0.01698 0.04766 0.00087 ( 1)
 807 Y   0.88590 0.06276 0.04802 0.00332 ( 1)
 808 F   0.93392 0.01593 0.04932 0.00083 ( 1)
 809 L   0.93138 0.01842 0.04925 0.00096 ( 1)
 810 P   0.94290 0.01038 0.04620 0.00052 ( 1)
 811 K   0.93175 0.01996 0.04727 0.00102 ( 1)
 812 C   0.94000 0.01257 0.04679 0.00064 ( 1)
 813 Y   0.90650 0.04219 0.04908 0.00223 ( 1)
 814 V   0.92824 0.01929 0.05144 0.00103 ( 1)
 815 I   0.94880 0.00562 0.04530 0.00028 ( 1)
 816 V   0.88448 0.06870 0.04335 0.00347 ( 1)
 817 C   0.87441 0.07793 0.04370 0.00397 ( 1)
 818 R   0.93320 0.01561 0.05037 0.00082 ( 1)
 819 P   0.56041 0.38660 0.03183 0.02116 ( 1)
 820 D   0.93522 0.01843 0.04543 0.00092 ( 1)
 821 L   0.93513 0.01413 0.05000 0.00074 ( 1)
 822 N   0.94363 0.00975 0.04613 0.00049 ( 1)
 823 S   0.89233 0.06067 0.04394 0.00307 ( 1)
 824 T   0.85584 0.09150 0.04776 0.00491 ( 1)
 825 E   0.93631 0.01575 0.04713 0.00080 ( 1)
 826 H   0.94325 0.00989 0.04636 0.00050 ( 1)
 827 F   0.94620 0.00779 0.04563 0.00039 ( 1)
 828 Q   0.91851 0.03186 0.04797 0.00165 ( 1)
 829 A   0.94649 0.00736 0.04578 0.00037 ( 1)
 830 S   0.94224 0.01071 0.04651 0.00054 ( 1)
 831 I   0.93597 0.01406 0.04924 0.00073 ( 1)
 832 Q   0.91851 0.03186 0.04797 0.00165 ( 1)
 833 D   0.90259 0.05093 0.04393 0.00256 ( 1)
 834 Y   0.93879 0.01361 0.04691 0.00069 ( 1)
 835 T   0.93241 0.01940 0.04720 0.00099 ( 1)
 836 R   0.93140 0.02008 0.04748 0.00103 ( 1)
 837 R   0.87300 0.07930 0.04367 0.00404 ( 1)
 838 W   0.05813 0.89102 0.00303 0.04782 ( 2)
 839 G   0.15315 0.79674 0.00785 0.04226 ( 2)
 840 S   0.86145 0.09119 0.04273 0.00463 ( 1)
 841 T   0.93901 0.01239 0.04796 0.00064 ( 1)

