

TREE # 1

  0  0.0000  10770.564837  x:  0.26385   0.11577   0.08596   0.00000   0.06063   0.05075   0.04950   0.04981   0.05520   0.02619   0.00368   0.00258   0.00477   0.02271   0.00778   0.00197   0.00852   0.00766   0.00524   0.00418   0.00162   0.00718   0.00615   0.00626   0.01824   0.14125   0.01212   0.02718   0.01864   0.01586   0.00123   0.00887   0.00574   0.00380   0.00237   0.05365   0.19416   0.06079   0.10998   0.00040   0.10813   0.08203   3.00000   1.16374   0.04304   0.25098   2.82902  
  1 99.0000  10759.884817  x:  0.26399   0.11620   0.08621   0.00478   0.06084   0.05082   0.04977   0.05018   0.05552   0.02611   0.00374   0.00249   0.00570   0.02287   0.00844   0.00034   0.00894   0.00761   0.00573   0.00391   0.00000   0.00685   0.00670   0.00676   0.01863   0.14143   0.01210   0.02712   0.01885   0.01595   0.00158   0.00875   0.00652   0.00437   0.00151   0.05444   0.19428   0.06125   0.11023   0.00821   0.10823   0.08257   3.00013   1.16388   0.04292   0.24916   2.82900  
  2 3134.1107  10758.694320  x:  0.26406   0.11638   0.08630   0.00556   0.06091   0.05083   0.04985   0.05034   0.05566   0.02608   0.00376   0.00247   0.00598   0.02294   0.00867   0.00141   0.00909   0.00759   0.00587   0.00384   0.00110   0.00674   0.00688   0.00692   0.01879   0.14151   0.01210   0.02710   0.01893   0.01598   0.00156   0.00871   0.00675   0.00453   0.00135   0.05477   0.19433   0.06141   0.11031   0.00985   0.10826   0.08277   3.00018   1.16393   0.04287   0.24840   2.82900  
  3 3281.1305  10752.909662  x:  0.26473   0.11815   0.08715   0.00257   0.06156   0.05083   0.05044   0.05189   0.05702   0.02571   0.00385   0.00255   0.00748   0.02353   0.01032   0.00130   0.01022   0.00749   0.00664   0.00357   0.00110   0.00595   0.00794   0.00792   0.02022   0.14235   0.01201   0.02691   0.01971   0.01629   0.00000   0.00852   0.00806   0.00518   0.00220   0.05801   0.19486   0.06280   0.11096   0.01169   0.10834   0.08451   3.00072   1.16453   0.04239   0.24061   2.82895  
  4 942.8196  10748.882095  x:  0.26532   0.11967   0.08788   0.00000   0.06212   0.05083   0.05096   0.05322   0.05820   0.02539   0.00391   0.00262   0.00870   0.02404   0.01168   0.00120   0.01115   0.00740   0.00726   0.00337   0.00110   0.00531   0.00881   0.00874   0.02144   0.14307   0.01194   0.02674   0.02039   0.01657   0.00057   0.00837   0.00912   0.00569   0.00279   0.06079   0.19531   0.06400   0.11152   0.01308   0.10841   0.08602   3.00119   1.16504   0.04197   0.23386   2.82891  
  5 18230.4026  10717.291166  x:  0.27210   0.13647   0.09620   0.00638   0.06855   0.05136   0.05726   0.06737   0.07067   0.02195   0.00377   0.00249   0.01417   0.02857   0.02051   0.00043   0.01687   0.00722   0.00899   0.00487   0.00136   0.00431   0.01258   0.01236   0.03271   0.15128   0.01084   0.02530   0.02649   0.01904   0.00146   0.00801   0.01358   0.00572   0.00034   0.09064   0.20045   0.07644   0.11738   0.00483   0.10893   0.10200   3.00659   1.17085   0.03723   0.15680   2.82842  
  6 3199.0750  10714.534404  x:  0.27353   0.13981   0.09783   0.00799   0.06978   0.05148   0.05843   0.06999   0.07299   0.02145   0.00377   0.00248   0.01437   0.02918   0.02136   0.00038   0.01726   0.00730   0.00876   0.00489   0.00150   0.00504   0.01256   0.01235   0.03444   0.15298   0.01060   0.02513   0.02734   0.01933   0.00185   0.00816   0.01361   0.00544   0.00427   0.09637   0.20154   0.07883   0.11858   0.00389   0.10908   0.10514   3.00773   1.17204   0.03626   0.14086   2.82832  
  7 9114.6047  10702.165872  x:  0.27686   0.14604   0.10061   0.00499   0.07162   0.05162   0.05976   0.07355   0.07621   0.02191   0.00408   0.00280   0.00965   0.02837   0.01761   0.00037   0.01348   0.00807   0.00530   0.00269   0.00172   0.00930   0.00820   0.00819   0.03442   0.15662   0.01008   0.02565   0.02650   0.01853   0.00131   0.00881   0.00877   0.00295   0.00290   0.10587   0.20400   0.08278   0.12112   0.00714   0.10969   0.11072   3.01035   1.17450   0.03434   0.10751   2.82807  
  8 2639.5182  10700.148009  x:  0.27783   0.14736   0.10106   0.00447   0.07177   0.05163   0.05974   0.07375   0.07641   0.02242   0.00375   0.00224   0.00802   0.02765   0.01543   0.00041   0.01195   0.00784   0.00614   0.00509   0.00172   0.00809   0.00750   0.00754   0.03329   0.15755   0.01003   0.02590   0.02557   0.01806   0.00120   0.00869   0.00770   0.00587   0.00273   0.10748   0.20467   0.08332   0.12166   0.00766   0.10985   0.11170   3.01115   1.17509   0.03393   0.10010   2.82800  
  9 1325.5286  10699.031568  x:  0.27874   0.14811   0.10112   0.00464   0.07154   0.05162   0.05936   0.07316   0.07591   0.02309   0.00378   0.00309   0.00752   0.02674   0.01317   0.00048   0.01105   0.00739   0.00728   0.00411   0.00166   0.00536   0.00829   0.00830   0.03133   0.15826   0.01013   0.02610   0.02430   0.01761   0.00123   0.00858   0.00825   0.00545   0.00283   0.10792   0.20523   0.08322   0.12192   0.00752   0.10993   0.11197   3.01197   1.17551   0.03370   0.09612   2.82792  
 10 568.5857  10698.714587  x:  0.27927   0.14843   0.10106   0.00465   0.07130   0.05159   0.05905   0.07263   0.07545   0.02337   0.00376   0.00197   0.00798   0.02634   0.01253   0.00052   0.01120   0.00735   0.00732   0.00405   0.00161   0.00541   0.00875   0.00874   0.03013   0.15862   0.01024   0.02614   0.02368   0.01748   0.00124   0.00849   0.00881   0.00513   0.00282   0.10794   0.20554   0.08301   0.12200   0.00744   0.10995   0.11196   3.01249   1.17572   0.03361   0.09488   2.82786  
 11 350.4515  10698.402030  x:  0.28023   0.14897   0.10091   0.00467   0.07083   0.05152   0.05847   0.07162   0.07460   0.02368   0.00377   0.00258   0.00900   0.02585   0.01220   0.00060   0.01186   0.00743   0.00706   0.00458   0.00152   0.00634   0.00926   0.00921   0.02815   0.15923   0.01044   0.02613   0.02285   0.01739   0.00126   0.00835   0.00955   0.00515   0.00276   0.10789   0.20606   0.08256   0.12209   0.00734   0.10994   0.11186   3.01347   1.17608   0.03348   0.09338   2.82776  
 12 391.5571  10698.136781  x:  0.28182   0.14985   0.10067   0.00482   0.07013   0.05142   0.05768   0.07014   0.07340   0.02342   0.00377   0.00253   0.00953   0.02585   0.01367   0.00068   0.01282   0.00759   0.00668   0.00398   0.00142   0.00579   0.00876   0.00873   0.02607   0.16014   0.01071   0.02595   0.02261   0.01764   0.00128   0.00848   0.00922   0.00573   0.00276   0.10789   0.20690   0.08183   0.12217   0.00718   0.10987   0.11169   3.01523   1.17666   0.03330   0.09227   2.82758  
 13 194.5491  10697.986182  x:  0.28331   0.15071   0.10052   0.00478   0.06961   0.05134   0.05717   0.06904   0.07258   0.02293   0.00377   0.00251   0.00917   0.02614   0.01461   0.00072   0.01279   0.00734   0.00729   0.00461   0.00139   0.00569   0.00872   0.00870   0.02533   0.16092   0.01082   0.02579   0.02301   0.01782   0.00127   0.00851   0.00898   0.00493   0.00278   0.10802   0.20766   0.08124   0.12223   0.00729   0.10977   0.11157   3.01700   1.17723   0.03315   0.09190   2.82740  
 14 183.5484  10697.777002  x:  0.28614   0.15235   0.10035   0.00484   0.06889   0.05125   0.05656   0.06736   0.07154   0.02224   0.00374   0.00250   0.00841   0.02668   0.01491   0.00075   0.01194   0.00728   0.00753   0.00407   0.00135   0.00634   0.00925   0.00924   0.02551   0.16229   0.01083   0.02559   0.02402   0.01791   0.00126   0.00823   0.00923   0.00543   0.00274   0.10839   0.20908   0.08022   0.12231   0.00725   0.10955   0.11141   3.02064   1.17839   0.03285   0.09188   2.82703  
 15 200.4619  10697.481578  x:  0.29068   0.15498   0.10023   0.00482   0.06812   0.05118   0.05607   0.06526   0.07051   0.02212   0.00390   0.00252   0.00880   0.02716   0.01411   0.00077   0.01147   0.00779   0.00626   0.00455   0.00135   0.00570   0.00925   0.00920   0.02700   0.16433   0.01066   0.02549   0.02505   0.01779   0.00125   0.00848   0.00958   0.00530   0.00277   0.10910   0.21132   0.07880   0.12242   0.00735   0.10921   0.11125   3.02690   1.18035   0.03235   0.09239   2.82640  
 16 303.9079  10697.200139  x:  0.29533   0.15756   0.10029   0.00485   0.06775   0.05121   0.05601   0.06372   0.07002   0.02281   0.00337   0.00255   0.00960   0.02713   0.01304   0.00074   0.01220   0.00742   0.00718   0.00426   0.00137   0.00592   0.00861   0.00856   0.02872   0.16624   0.01041   0.02560   0.02511   0.01762   0.00125   0.00863   0.00924   0.00531   0.00277   0.10978   0.21356   0.07757   0.12253   0.00735   0.10893   0.11114   3.03389   1.18252   0.03182   0.09323   2.82568  
 17 414.7134  10697.091755  x:  0.29725   0.15854   0.10041   0.00486   0.06783   0.05127   0.05620   0.06346   0.07009   0.02319   0.00430   0.00252   0.00948   0.02690   0.01298   0.00072   0.01256   0.00731   0.00741   0.00423   0.00139   0.00600   0.00858   0.00855   0.02920   0.16692   0.01033   0.02572   0.02464   0.01762   0.00126   0.00850   0.00899   0.00536   0.00278   0.10999   0.21445   0.07720   0.12258   0.00734   0.10887   0.11111   3.03721   1.18354   0.03158   0.09368   2.82534  
 18 366.9274  10696.772606  x:  0.30243   0.16090   0.10097   0.00482   0.06864   0.05155   0.05723   0.06371   0.07095   0.02415   0.00378   0.00252   0.00820   0.02593   0.01384   0.00064   0.01308   0.00753   0.00692   0.00436   0.00148   0.00596   0.00912   0.00916   0.02971   0.16843   0.01029   0.02617   0.02246   0.01779   0.00128   0.00806   0.00854   0.00524   0.00281   0.11030   0.21675   0.07659   0.12271   0.00744   0.10889   0.11112   3.04740   1.18663   0.03090   0.09515   2.82430  
 19 415.8232  10696.425022  x:  0.30769   0.16264   0.10180   0.00476   0.07007   0.05187   0.05856   0.06525   0.07249   0.02387   0.00387   0.00252   0.00843   0.02540   0.01450   0.00055   0.01158   0.00743   0.00716   0.00434   0.00156   0.00614   0.00866   0.00857   0.02848   0.16937   0.01056   0.02645   0.02137   0.01789   0.00128   0.00939   0.00983   0.00535   0.00278   0.10993   0.21886   0.07659   0.12287   0.00739   0.10925   0.11116   3.06049   1.19051   0.03011   0.09672   2.82295  
 20 329.2381  10695.888057  x:  0.31458   0.16399   0.10297   0.00466   0.07211   0.05216   0.06005   0.06829   0.07479   0.02261   0.00385   0.00254   0.00966   0.02575   0.01359   0.00052   0.01103   0.00754   0.00713   0.00433   0.00160   0.00599   0.00853   0.00857   0.02549   0.16983   0.01087   0.02646   0.02269   0.01770   0.00127   0.00765   0.00891   0.00526   0.00282   0.10841   0.22134   0.07723   0.12313   0.00742   0.11014   0.11120   3.08190   1.19676   0.02895   0.09858   2.82074  
 21 488.3541  10695.505511  x:  0.31868   0.16393   0.10346   0.00456   0.07291   0.05211   0.06024   0.07023   0.07586   0.02248   0.00386   0.00253   0.00880   0.02646   0.01252   0.00059   0.01263   0.00745   0.00698   0.00432   0.00153   0.00605   0.00911   0.00910   0.02399   0.16948   0.01090   0.02620   0.02431   0.01758   0.00123   0.00932   0.00845   0.00543   0.00278   0.10658   0.22250   0.07797   0.12332   0.00754   0.11090   0.11116   3.09906   1.20167   0.02814   0.09921   2.81896  
 22 559.3167  10694.588301  x:  0.32533   0.16118   0.10340   0.00464   0.07249   0.05139   0.05825   0.07300   0.07622   0.02517   0.00387   0.00252   0.00709   0.02779   0.01280   0.00083   0.01383   0.00789   0.00710   0.00441   0.00130   0.00594   0.00822   0.00805   0.02445   0.16703   0.01100   0.02554   0.02591   0.01786   0.00122   0.00793   0.01110   0.00528   0.00280   0.10087   0.22337   0.08005   0.12370   0.00748   0.11268   0.11091   3.14250   1.21380   0.02644   0.09858   2.81443  
 23 552.2309  10692.946921  x:  0.33473   0.15529   0.10250   0.00488   0.07063   0.05025   0.05444   0.07612   0.07557   0.02756   0.00382   0.00252   0.00933   0.02851   0.01484   0.00114   0.01167   0.00671   0.00690   0.00434   0.00097   0.00598   0.00911   0.00939   0.02769   0.16217   0.01085   0.02519   0.02556   0.01827   0.00124   0.00869   0.00903   0.00538   0.00275   0.09126   0.22358   0.08360   0.12426   0.00717   0.11523   0.11055   3.22073   1.23543   0.02364   0.09668   2.80625  
 24 1624.4009  10691.865199  x:  0.33842   0.15138   0.10139   0.00491   0.06920   0.05027   0.05367   0.07638   0.07430   0.02317   0.00389   0.00250   0.00966   0.02714   0.01470   0.00106   0.01235   0.00990   0.00819   0.00427   0.00104   0.00596   0.00951   0.00905   0.03011   0.15909   0.01012   0.02583   0.02364   0.01785   0.00126   0.00890   0.00883   0.00525   0.00271   0.08746   0.22233   0.08560   0.12437   0.00710   0.11570   0.11072   3.27592   1.25045   0.02198   0.09579   2.80045  
 25 1257.4459  10690.777398  x:  0.33995   0.14826   0.10024   0.00484   0.06817   0.05073   0.05427   0.07559   0.07291   0.01891   0.00382   0.00251   0.00924   0.02564   0.01422   0.00085   0.01357   0.00708   0.00712   0.00432   0.00125   0.00574   0.00903   0.00870   0.03162   0.15674   0.00985   0.02633   0.02227   0.01748   0.00127   0.00828   0.00974   0.00533   0.00270   0.08623   0.22036   0.08703   0.12425   0.00715   0.11526   0.11111   3.32665   1.26410   0.02066   0.09552   2.79509  
 26 1939.2850  10686.994891  x:  0.33692   0.14309   0.09753   0.00466   0.06739   0.05286   0.05959   0.07070   0.06966   0.02046   0.00380   0.00248   0.00911   0.02411   0.01417   0.00000   0.01307   0.00734   0.00716   0.00430   0.00207   0.00574   0.00820   0.00950   0.03035   0.15327   0.01100   0.02595   0.02367   0.01754   0.00123   0.00839   0.00956   0.00529   0.00268   0.09169   0.21294   0.08850   0.12298   0.00723   0.11111   0.11254   3.44940   1.29666   0.01816   0.09704   2.78203  
 27 1366.9115  10686.171972  x:  0.33573   0.14261   0.09735   0.00464   0.06747   0.05277   0.05965   0.07006   0.06956   0.02066   0.00379   0.00247   0.00910   0.02477   0.01409   0.00000   0.01291   0.00721   0.00710   0.00430   0.00073   0.00574   0.00919   0.00848   0.02996   0.15306   0.01027   0.02585   0.02331   0.01751   0.00123   0.00834   0.00945   0.00529   0.00268   0.09304   0.21164   0.08838   0.12269   0.00726   0.11043   0.11262   3.47144   1.30245   0.01781   0.09750   2.77967  
 28 2518.4989  10685.101080  x:  0.33224   0.14135   0.09695   0.00461   0.06766   0.05225   0.05911   0.06840   0.06940   0.02121   0.00378   0.00246   0.00909   0.02687   0.01378   0.00000   0.01253   0.00690   0.00695   0.00429   0.00152   0.00572   0.01152   0.00612   0.02876   0.15261   0.00828   0.02554   0.02222   0.01740   0.00123   0.00823   0.00919   0.00529   0.00268   0.09664   0.20805   0.08787   0.12185   0.00734   0.10867   0.11269   3.53356   1.31877   0.01684   0.09874   2.77300  
 29 5052.0582  10682.850222  x:  0.32214   0.14163   0.09816   0.00469   0.06879   0.04854   0.05207   0.06720   0.07195   0.02053   0.00378   0.00243   0.00883   0.03255   0.01243   0.00000   0.01227   0.00709   0.00696   0.00424   0.00142   0.00568   0.00863   0.00857   0.02696   0.15443   0.00747   0.02537   0.01814   0.01687   0.00125   0.00820   0.00913   0.00527   0.00269   0.10385   0.20221   0.08437   0.12001   0.00762   0.10657   0.11132   3.64786   1.34846   0.01565   0.10155   2.76063  
 30 2464.8687  10681.842861  x:  0.31536   0.14295   0.09954   0.00478   0.06913   0.04681   0.04761   0.06751   0.07373   0.02019   0.00378   0.00242   0.00866   0.03112   0.01213   0.00000   0.01232   0.00707   0.00693   0.00423   0.00146   0.00566   0.00968   0.00744   0.02697   0.15661   0.01172   0.02613   0.01833   0.01675   0.00125   0.00817   0.00885   0.00526   0.00270   0.10633   0.20036   0.08131   0.11912   0.00774   0.10657   0.10965   3.70348   1.36271   0.01547   0.10264   2.75452  
 31 1746.3278  10680.668224  x:  0.30582   0.14587   0.10167   0.00487   0.06891   0.04605   0.04394   0.06875   0.07537   0.02036   0.00375   0.00241   0.00864   0.02537   0.01290   0.00000   0.01217   0.00699   0.00689   0.00423   0.00142   0.00564   0.00943   0.00760   0.02671   0.16028   0.00889   0.02681   0.02102   0.01696   0.00123   0.00820   0.00900   0.00524   0.00270   0.10691   0.20016   0.07658   0.11836   0.00782   0.10809   0.10662   3.76187   1.37734   0.01591   0.10326   2.74797  
 32 1271.8708  10679.527080  x:  0.29161   0.15149   0.10382   0.00468   0.06662   0.04873   0.04831   0.07024   0.07493   0.01999   0.00375   0.00240   0.00880   0.02673   0.01292   0.00000   0.01234   0.00701   0.00695   0.00422   0.00143   0.00559   0.00954   0.00764   0.02770   0.16605   0.00911   0.02346   0.02030   0.01694   0.00122   0.00816   0.00902   0.00524   0.00266   0.10178   0.20461   0.07048   0.11843   0.00795   0.11228   0.10186   3.82113   1.39141   0.01799   0.10232   2.74097  
 33 520.6423  10679.279676  x:  0.28754   0.15362   0.10360   0.00468   0.06667   0.04884   0.04939   0.07005   0.07429   0.02018   0.00375   0.00240   0.00884   0.02788   0.01307   0.00000   0.01242   0.00698   0.00695   0.00423   0.00143   0.00559   0.00955   0.00772   0.02769   0.16718   0.00908   0.02687   0.02050   0.01693   0.00122   0.00816   0.00914   0.00525   0.00266   0.09994   0.20714   0.07068   0.11885   0.00790   0.11285   0.10178   3.83471   1.39424   0.01925   0.10225   2.73919  
 34 275.6993  10678.960708  x:  0.28125   0.15827   0.10177   0.00470   0.06851   0.04747   0.04889   0.06901   0.07303   0.02019   0.00376   0.00241   0.00881   0.02733   0.01289   0.00000   0.01235   0.00700   0.00695   0.00423   0.00143   0.00560   0.00954   0.00768   0.02762   0.16766   0.00915   0.02577   0.02039   0.01724   0.00122   0.00818   0.00909   0.00526   0.00266   0.09742   0.21343   0.07516   0.12026   0.00777   0.11201   0.10475   3.85199   1.39669   0.02311   0.10319   2.73645  
 35 140.0543  10678.924454  x:  0.28087   0.15881   0.10163   0.00471   0.06811   0.04823   0.04854   0.06900   0.07349   0.02026   0.00376   0.00240   0.00879   0.02735   0.01308   0.00000   0.01235   0.00699   0.00695   0.00424   0.00143   0.00560   0.00954   0.00769   0.02753   0.16703   0.00916   0.02573   0.02041   0.01621   0.00123   0.00818   0.00909   0.00526   0.00266   0.09729   0.21424   0.07520   0.12015   0.00775   0.11146   0.10514   3.85404   1.39634   0.02485   0.10317   2.73585  
 36 38.9329  10678.844924  x:  0.28038   0.15992   0.10147   0.00470   0.06687   0.04984   0.04790   0.06907   0.07479   0.02024   0.00376   0.00241   0.00879   0.02743   0.01287   0.00000   0.01233   0.00700   0.00694   0.00424   0.00143   0.00560   0.00953   0.00768   0.02729   0.16511   0.00919   0.02581   0.02036   0.01718   0.00122   0.00818   0.00908   0.00526   0.00266   0.09713   0.21598   0.07474   0.11966   0.00779   0.11005   0.10587   3.85876   1.39488   0.03012   0.10292   2.73420  
 37 92.5625  10678.625912  x:  0.28063   0.16161   0.10186   0.00472   0.06623   0.04653   0.04939   0.06920   0.07575   0.02025   0.00376   0.00241   0.00880   0.02727   0.01299   0.00000   0.01236   0.00701   0.00695   0.00424   0.00143   0.00561   0.00955   0.00769   0.02717   0.16049   0.00927   0.02577   0.02052   0.01696   0.00122   0.00819   0.00910   0.00526   0.00266   0.09714   0.21901   0.07212   0.11839   0.00786   0.10833   0.10601   3.87194   1.38881   0.04893   0.10145   2.72867  
 38 79.5592  10677.960888  x:  0.28361   0.16346   0.10358   0.00468   0.07349   0.04913   0.04838   0.06962   0.07198   0.02040   0.00379   0.00243   0.00886   0.02784   0.01303   0.00000   0.01248   0.00707   0.00698   0.00427   0.00145   0.00569   0.00957   0.00776   0.02800   0.15586   0.00948   0.02598   0.02062   0.01716   0.00124   0.00827   0.00914   0.00527   0.00269   0.09943   0.22283   0.07000   0.11852   0.00784   0.11158   0.10423   3.91358   1.36726   0.11405   0.09777   2.70979  
 39 166.6267  10676.724180  x:  0.29018   0.16378   0.10559   0.00482   0.06799   0.04869   0.04947   0.07130   0.07396   0.02105   0.00387   0.00246   0.00873   0.02788   0.01277   0.00000   0.01235   0.00720   0.00698   0.00433   0.00148   0.00589   0.00953   0.00775   0.02741   0.16326   0.00965   0.02659   0.02058   0.01732   0.00126   0.00847   0.00903   0.00530   0.00276   0.10344   0.22416   0.07654   0.12380   0.00756   0.11885   0.10505   3.98934   1.32724   0.23629   0.09407   2.67413  
 40 400.8466  10676.465601  x:  0.29171   0.16227   0.10468   0.00480   0.07060   0.04886   0.05001   0.07017   0.07679   0.02101   0.00388   0.00247   0.00881   0.02808   0.01304   0.00000   0.01252   0.00722   0.00702   0.00434   0.00148   0.00589   0.00961   0.00781   0.02787   0.16887   0.00953   0.02651   0.02098   0.01742   0.00126   0.00848   0.00915   0.00531   0.00276   0.09967   0.22258   0.07554   0.12376   0.00757   0.11523   0.10741   4.00500   1.31979   0.26278   0.09197   2.66585  
 41 158.7494  10676.437737  x:  0.29189   0.16281   0.10531   0.00479   0.07028   0.04889   0.04992   0.07168   0.07529   0.02105   0.00388   0.00247   0.00880   0.02810   0.01299   0.00000   0.01250   0.00722   0.00702   0.00434   0.00148   0.00590   0.00960   0.00780   0.02790   0.16959   0.00954   0.02655   0.02091   0.01741   0.00126   0.00848   0.00914   0.00531   0.00276   0.09923   0.22191   0.07566   0.12290   0.00760   0.11390   0.10801   4.00606   1.32066   0.26595   0.09198   2.66406  
 42 18.6747  10676.158774  x:  0.29278   0.17097   0.10370   0.00475   0.07036   0.04898   0.05023   0.07023   0.07616   0.02102   0.00388   0.00247   0.00880   0.02801   0.01302   0.00000   0.01250   0.00721   0.00701   0.00434   0.00148   0.00589   0.00959   0.00781   0.02787   0.16807   0.00957   0.02649   0.02098   0.01741   0.00125   0.00848   0.00914   0.00530   0.00274   0.09573   0.21464   0.07871   0.11805   0.00765   0.11528   0.10636   4.00770   1.35542   0.30174   0.09153   2.63274  
 43 15.1161  10674.525763  x:  0.29390   0.18202   0.10536   0.00462   0.06985   0.04925   0.05040   0.06952   0.07454   0.02133   0.00388   0.00247   0.00870   0.02778   0.01279   0.00000   0.01233   0.00721   0.00698   0.00431   0.00146   0.00590   0.00950   0.00782   0.02715   0.16164   0.00981   0.02655   0.02095   0.01739   0.00124   0.00849   0.00908   0.00531   0.00268   0.08911   0.20142   0.07389   0.13605   0.00754   0.11420   0.11068   4.01367   1.57521   0.51629   0.09278   2.43984  
 44 198.2132  10661.174194  x:  0.29413   0.15466   0.10546   0.00364   0.06734   0.05062   0.05100   0.06231   0.07057   0.02254   0.00382   0.00244   0.00773   0.02549   0.01117   0.00000   0.01091   0.00716   0.00652   0.00404   0.00132   0.00601   0.00857   0.00771   0.02387   0.16398   0.01009   0.02633   0.02073   0.01700   0.00111   0.00850   0.00820   0.00507   0.00228   0.08675   0.21708   0.07810   0.12460   0.00905   0.10495   0.09321   4.05244   3.22061   2.11180   0.09406   1.00000  
 45 1204.3773  10660.102781  x:  0.29406   0.15091   0.10064   0.00358   0.06651   0.05071   0.05093   0.06307   0.06928   0.02283   0.00382   0.00243   0.00756   0.02526   0.01080   0.00000   0.01065   0.00716   0.00646   0.00401   0.00131   0.00604   0.00843   0.00767   0.02313   0.16465   0.01019   0.02644   0.02052   0.01695   0.00109   0.00852   0.00805   0.00505   0.00224   0.08721   0.21857   0.07226   0.11785   0.00907   0.11364   0.10522   4.05667   3.39967   2.28527   0.09533   1.00000  
 46 1411.5737  10660.095616  x:  0.29409   0.15098   0.09925   0.00359   0.06649   0.05068   0.05090   0.06372   0.06921   0.02283   0.00382   0.00243   0.00755   0.02526   0.01079   0.00000   0.01064   0.00716   0.00646   0.00401   0.00131   0.00604   0.00843   0.00767   0.02312   0.16474   0.01020   0.02645   0.02051   0.01695   0.00109   0.00852   0.00804   0.00505   0.00224   0.08742   0.21858   0.07204   0.11804   0.00908   0.11353   0.10485   4.05673   3.40075   2.28631   0.09530   1.00000  
 47 10.9381  10657.963227  x:  0.29486   0.14242   0.09545   0.00269   0.06441   0.05072   0.05219   0.05694   0.06335   0.02427   0.00372   0.00242   0.00659   0.02343   0.00960   0.00000   0.00950   0.00728   0.00615   0.00375   0.00117   0.00615   0.00735   0.00752   0.01990   0.16007   0.01097   0.02636   0.02020   0.01636   0.00097   0.00851   0.00730   0.00487   0.00174   0.07556   0.21182   0.07048   0.11749   0.01037   0.11017   0.09891   4.20443   3.45038   2.28027   0.10204   1.00000  
 48  0.2290  10657.961994  x:  0.29486   0.14241   0.09544   0.00269   0.06441   0.05072   0.05220   0.05694   0.06334   0.02427   0.00372   0.00242   0.00659   0.02342   0.00959   0.00007   0.00950   0.00728   0.00615   0.00375   0.00117   0.00615   0.00735   0.00752   0.01990   0.16006   0.01097   0.02636   0.02020   0.01636   0.00097   0.00851   0.00730   0.00487   0.00174   0.07555   0.21181   0.07048   0.11749   0.01037   0.11016   0.09891   4.20460   3.45043   2.28027   0.10205   1.00000  
 49 132.7752  10657.544207  x:  0.29943   0.14261   0.09605   0.00264   0.06457   0.05110   0.05343   0.05798   0.06375   0.02490   0.00374   0.00247   0.00668   0.02386   0.01039   0.00017   0.01012   0.00753   0.00617   0.00373   0.00109   0.00632   0.00727   0.00741   0.02242   0.15806   0.01114   0.02652   0.02040   0.01636   0.00100   0.00856   0.00740   0.00474   0.00149   0.07962   0.21050   0.07157   0.11839   0.01064   0.10993   0.09892   4.32783   3.68399   2.52074   0.10470   1.00000  
 50  0.3040  10657.415271  x:  0.29977   0.14411   0.09663   0.00264   0.06484   0.05108   0.05326   0.05872   0.06487   0.02509   0.00378   0.00247   0.00687   0.02401   0.00984   0.00022   0.00987   0.00748   0.00620   0.00365   0.00101   0.00621   0.00769   0.00741   0.02091   0.15873   0.01106   0.02646   0.02018   0.01640   0.00105   0.00853   0.00761   0.00473   0.00130   0.07900   0.21093   0.07166   0.11846   0.01089   0.10995   0.09940   4.38695   3.95231   2.78865   0.10419   1.00000  
 51  0.2570  10657.279321  x:  0.29812   0.14319   0.09628   0.00288   0.06491   0.05081   0.05241   0.05787   0.06408   0.02465   0.00377   0.00245   0.00669   0.02385   0.01039   0.00031   0.00991   0.00728   0.00623   0.00377   0.00087   0.00601   0.00712   0.00761   0.02141   0.16004   0.01091   0.02634   0.02020   0.01647   0.00120   0.00853   0.00734   0.00482   0.00135   0.07751   0.21202   0.07127   0.11781   0.01132   0.11009   0.09936   4.39917   4.51297   3.34568   0.10307   1.00000  
 52  0.3131  10657.167907  x:  0.29872   0.14288   0.09619   0.00300   0.06465   0.05102   0.05285   0.05768   0.06372   0.02447   0.00372   0.00244   0.00669   0.02357   0.00979   0.00047   0.00995   0.00753   0.00622   0.00379   0.00073   0.00614   0.00774   0.00749   0.02163   0.15869   0.01104   0.02648   0.02042   0.01636   0.00132   0.00850   0.00748   0.00481   0.00149   0.07963   0.21134   0.07159   0.11820   0.01168   0.10974   0.09880   4.36463   5.11175   3.94771   0.10331   1.00000  
 53  0.4475  10657.111981  x:  0.29956   0.14370   0.09654   0.00286   0.06464   0.05107   0.05313   0.05855   0.06461   0.02476   0.00374   0.00245   0.00683   0.02405   0.01011   0.00063   0.00989   0.00749   0.00615   0.00370   0.00059   0.00631   0.00733   0.00736   0.02118   0.15836   0.01114   0.02650   0.02029   0.01636   0.00135   0.00851   0.00751   0.00474   0.00145   0.07874   0.21082   0.07168   0.11849   0.01190   0.10966   0.09873   4.34366   5.60070   4.43808   0.10374   1.00000  
 54  0.4976  10657.082566  x:  0.29870   0.14349   0.09650   0.00271   0.06490   0.05104   0.05313   0.05801   0.06424   0.02497   0.00378   0.00247   0.00669   0.02377   0.01012   0.00074   0.00993   0.00734   0.00620   0.00367   0.00046   0.00620   0.00754   0.00751   0.02156   0.15936   0.01101   0.02644   0.02014   0.01640   0.00137   0.00851   0.00740   0.00471   0.00139   0.07806   0.21106   0.07138   0.11817   0.01193   0.10978   0.09895   4.34250   6.14827   4.98457   0.10394   1.00000  
 55  0.4004  10657.060351  x:  0.29826   0.14326   0.09640   0.00264   0.06480   0.05101   0.05297   0.05787   0.06401   0.02485   0.00377   0.00246   0.00680   0.02389   0.00997   0.00086   0.00993   0.00748   0.00624   0.00374   0.00033   0.00612   0.00732   0.00754   0.02128   0.15928   0.01101   0.02641   0.02037   0.01640   0.00137   0.00851   0.00754   0.00475   0.00142   0.07929   0.21137   0.07152   0.11822   0.01165   0.10985   0.09898   4.34506   6.74761   5.58484   0.10387   1.00000  
 56  0.4235  10657.042880  x:  0.29895   0.14351   0.09639   0.00261   0.06464   0.05106   0.05299   0.05837   0.06442   0.02475   0.00373   0.00244   0.00677   0.02385   0.01015   0.00098   0.00990   0.00749   0.00617   0.00373   0.00022   0.00617   0.00752   0.00744   0.02136   0.15871   0.01107   0.02648   0.02031   0.01637   0.00134   0.00850   0.00743   0.00478   0.00146   0.07869   0.21125   0.07170   0.11847   0.01121   0.10975   0.09886   4.34907   7.34738   6.18373   0.10373   1.00000  
 57  0.4822  10657.037679  x:  0.29895   0.14351   0.09648   0.00260   0.06478   0.05102   0.05302   0.05812   0.06428   0.02480   0.00376   0.00245   0.00673   0.02386   0.01000   0.00102   0.00995   0.00740   0.00619   0.00369   0.00018   0.00621   0.00742   0.00745   0.02146   0.15885   0.01107   0.02646   0.02024   0.01638   0.00131   0.00850   0.00749   0.00474   0.00145   0.07850   0.21100   0.07157   0.11841   0.01100   0.10975   0.09886   4.35145   7.65517   6.49058   0.10374   1.00000  
 58  0.3119  10657.034506  x:  0.29869   0.14332   0.09645   0.00264   0.06481   0.05100   0.05306   0.05795   0.06412   0.02481   0.00377   0.00247   0.00676   0.02385   0.01013   0.00102   0.00990   0.00743   0.00623   0.00371   0.00018   0.00621   0.00744   0.00750   0.02129   0.15902   0.01105   0.02643   0.02025   0.01640   0.00128   0.00852   0.00745   0.00473   0.00144   0.07871   0.21099   0.07150   0.11833   0.01090   0.10977   0.09890   4.35137   7.92749   6.76302   0.10385   1.00000  
 59  0.2179  10657.028270  x:  0.29858   0.14339   0.09638   0.00274   0.06465   0.05102   0.05302   0.05824   0.06428   0.02484   0.00375   0.00246   0.00675   0.02384   0.01000   0.00094   0.00991   0.00749   0.00615   0.00374   0.00025   0.00619   0.00742   0.00749   0.02140   0.15904   0.01103   0.02643   0.02031   0.01639   0.00119   0.00854   0.00742   0.00478   0.00141   0.07860   0.21130   0.07160   0.11839   0.01097   0.10981   0.09890   4.34710   8.44493   7.28086   0.10387   1.00000  
 60  0.2394  10657.025628  x:  0.29882   0.14350   0.09642   0.00278   0.06474   0.05103   0.05300   0.05810   0.06427   0.02482   0.00375   0.00245   0.00674   0.02387   0.01008   0.00089   0.00993   0.00743   0.00620   0.00371   0.00031   0.00619   0.00745   0.00745   0.02137   0.15885   0.01106   0.02645   0.02027   0.01639   0.00116   0.00853   0.00750   0.00477   0.00141   0.07860   0.21113   0.07159   0.11840   0.01114   0.10975   0.09885   4.34757   8.67005   7.50579   0.10384   1.00000  
 61  0.2201  10657.024849  x:  0.29886   0.14344   0.09648   0.00275   0.06478   0.05102   0.05301   0.05810   0.06424   0.02479   0.00376   0.00245   0.00676   0.02385   0.01006   0.00087   0.00991   0.00743   0.00620   0.00371   0.00033   0.00620   0.00744   0.00746   0.02138   0.15890   0.01106   0.02646   0.02026   0.01639   0.00115   0.00853   0.00743   0.00476   0.00141   0.07867   0.21102   0.07156   0.11836   0.01123   0.10973   0.09886   4.34974   8.80808   7.64379   0.10377   1.00000  
 62  0.1392  10657.023956  x:  0.29882   0.14333   0.09644   0.00272   0.06474   0.05100   0.05301   0.05814   0.06423   0.02479   0.00376   0.00246   0.00677   0.02386   0.01007   0.00084   0.00994   0.00744   0.00619   0.00372   0.00036   0.00620   0.00744   0.00750   0.02138   0.15899   0.01105   0.02644   0.02028   0.01640   0.00116   0.00853   0.00748   0.00477   0.00144   0.07854   0.21107   0.07153   0.11831   0.01127   0.10977   0.09887   4.35194   9.12997   7.96600   0.10378   1.00000  
 63  0.1927  10657.022551  x:  0.29878   0.14359   0.09639   0.00269   0.06472   0.05103   0.05302   0.05807   0.06428   0.02481   0.00375   0.00246   0.00671   0.02384   0.01007   0.00079   0.00989   0.00744   0.00618   0.00370   0.00041   0.00620   0.00743   0.00746   0.02137   0.15888   0.01105   0.02644   0.02027   0.01638   0.00117   0.00854   0.00747   0.00477   0.00144   0.07872   0.21120   0.07161   0.11842   0.01122   0.10979   0.09889   4.35090   9.88581   8.72153   0.10377   1.00000  
 64  0.3429  10657.021237  x:  0.29882   0.14343   0.09644   0.00271   0.06476   0.05104   0.05301   0.05811   0.06424   0.02483   0.00375   0.00245   0.00679   0.02387   0.01006   0.00070   0.00993   0.00743   0.00621   0.00371   0.00050   0.00620   0.00745   0.00745   0.02138   0.15886   0.01105   0.02646   0.02026   0.01638   0.00119   0.00852   0.00746   0.00476   0.00143   0.07861   0.21113   0.07159   0.11839   0.01117   0.10973   0.09885   4.34876  10.76742   9.60296   0.10383   1.00000  
 65  0.6547  10657.020846  x:  0.29882   0.14339   0.09646   0.00272   0.06476   0.05102   0.05302   0.05813   0.06424   0.02481   0.00376   0.00245   0.00674   0.02386   0.01007   0.00065   0.00991   0.00743   0.00619   0.00372   0.00056   0.00620   0.00744   0.00747   0.02137   0.15893   0.01105   0.02645   0.02028   0.01639   0.00119   0.00853   0.00746   0.00476   0.00142   0.07863   0.21105   0.07156   0.11835   0.01119   0.10974   0.09887   4.34959  11.26505  10.10089   0.10380   1.00000  
 66  0.5156  10657.020782  x:  0.29881   0.14346   0.09644   0.00272   0.06475   0.05102   0.05301   0.05810   0.06426   0.02480   0.00376   0.00246   0.00676   0.02385   0.01006   0.00062   0.00992   0.00744   0.00619   0.00371   0.00058   0.00620   0.00744   0.00747   0.02138   0.15892   0.01105   0.02645   0.02027   0.01639   0.00119   0.00853   0.00746   0.00476   0.00142   0.07862   0.21108   0.07156   0.11837   0.01119   0.10976   0.09887   4.34987  11.55346  10.38926   0.10380   1.00000  
 67  0.3133  10657.020759  x:  0.29881   0.14342   0.09644   0.00272   0.06475   0.05102   0.05301   0.05812   0.06424   0.02480   0.00375   0.00246   0.00675   0.02386   0.01006   0.00061   0.00992   0.00743   0.00619   0.00371   0.00059   0.00620   0.00744   0.00746   0.02137   0.15890   0.01105   0.02645   0.02027   0.01639   0.00119   0.00852   0.00746   0.00476   0.00143   0.07863   0.21110   0.07157   0.11837   0.01118   0.10975   0.09887   4.34984  11.79642  10.63209   0.10380   1.00000  
 68  0.1778  10657.020719  x:  0.29881   0.14342   0.09645   0.00272   0.06476   0.05103   0.05302   0.05811   0.06426   0.02481   0.00376   0.00245   0.00676   0.02384   0.01007   0.00061   0.00992   0.00744   0.00619   0.00371   0.00059   0.00620   0.00744   0.00747   0.02138   0.15892   0.01105   0.02645   0.02027   0.01639   0.00119   0.00853   0.00747   0.00476   0.00142   0.07862   0.21107   0.07157   0.11836   0.01118   0.10974   0.09887   4.34982  12.25452  11.09030   0.10380   1.00000  
 69  0.1429  10657.020652  x:  0.29881   0.14346   0.09644   0.00272   0.06475   0.05102   0.05301   0.05810   0.06424   0.02481   0.00376   0.00246   0.00675   0.02387   0.01006   0.00064   0.00992   0.00744   0.00619   0.00371   0.00057   0.00619   0.00744   0.00747   0.02138   0.15892   0.01105   0.02645   0.02027   0.01639   0.00119   0.00853   0.00746   0.00477   0.00143   0.07862   0.21108   0.07156   0.11837   0.01118   0.10976   0.09887   4.34977  12.97020  11.80610   0.10379   1.00000  
 70  0.3228  10657.020608  x:  0.29881   0.14343   0.09644   0.00272   0.06475   0.05102   0.05301   0.05812   0.06425   0.02480   0.00375   0.00246   0.00675   0.02385   0.01006   0.00066   0.00992   0.00743   0.00619   0.00371   0.00055   0.00620   0.00744   0.00746   0.02138   0.15891   0.01105   0.02645   0.02026   0.01639   0.00119   0.00852   0.00746   0.00476   0.00142   0.07864   0.21110   0.07157   0.11837   0.01119   0.10975   0.09887   4.34971  13.64993  12.48562   0.10380   1.00000  
 71  0.5387  10657.020596  x:  0.29881   0.14343   0.09645   0.00272   0.06475   0.05102   0.05302   0.05811   0.06426   0.02480   0.00376   0.00246   0.00675   0.02386   0.01006   0.00066   0.00992   0.00744   0.00619   0.00371   0.00055   0.00620   0.00744   0.00747   0.02138   0.15891   0.01105   0.02645   0.02027   0.01639   0.00119   0.00853   0.00746   0.00476   0.00142   0.07862   0.21108   0.07157   0.11836   0.01119   0.10975   0.09887   4.34982  14.24828  13.08405   0.10380   1.00000  
 72  0.4571  10657.020590  x:  0.29881   0.14344   0.09645   0.00272   0.06475   0.05102   0.05301   0.05812   0.06424   0.02481   0.00376   0.00246   0.00675   0.02386   0.01006   0.00065   0.00992   0.00744   0.00619   0.00371   0.00055   0.00620   0.00744   0.00747   0.02137   0.15892   0.01105   0.02645   0.02027   0.01639   0.00119   0.00853   0.00746   0.00476   0.00142   0.07863   0.21109   0.07156   0.11837   0.01119   0.10975   0.09887   4.34985  14.94830  13.78410   0.10380   1.00000  
 73  0.4246  10657.020586  x:  0.29881   0.14343   0.09644   0.00272   0.06475   0.05102   0.05301   0.05811   0.06425   0.02481   0.00376   0.00246   0.00675   0.02386   0.01006   0.00065   0.00991   0.00744   0.00619   0.00371   0.00055   0.00620   0.00744   0.00747   0.02138   0.15891   0.01105   0.02645   0.02027   0.01639   0.00119   0.00853   0.00746   0.00476   0.00142   0.07863   0.21109   0.07157   0.11837   0.01119   0.10975   0.09887   4.34978  15.68992  14.52565   0.10380   1.00000  
 74  0.5243  10657.020584  x:  0.29881   0.14344   0.09645   0.00272   0.06475   0.05102   0.05301   0.05811   0.06425   0.02481   0.00376   0.00246   0.00675   0.02386   0.01006   0.00065   0.00992   0.00744   0.00619   0.00371   0.00055   0.00620   0.00744   0.00747   0.02138   0.15891   0.01105   0.02645   0.02027   0.01639   0.00119   0.00853   0.00746   0.00476   0.00142   0.07863   0.21108   0.07157   0.11837   0.01119   0.10975   0.09887   4.34979  16.35672  15.19248   0.10380   1.00000  
 75  0.4662  10657.020583  x:  0.29881   0.14344   0.09645   0.00272   0.06475   0.05102   0.05301   0.05811   0.06425   0.02480   0.00376   0.00246   0.00675   0.02386   0.01006   0.00065   0.00992   0.00744   0.00619   0.00371   0.00055   0.00620   0.00744   0.00747   0.02138   0.15892   0.01105   0.02645   0.02027   0.01639   0.00119   0.00853   0.00746   0.00476   0.00142   0.07863   0.21109   0.07157   0.11837   0.01119   0.10975   0.09887   4.34980  18.29051  17.12630   0.10380   1.00000  
 76  0.8686  10657.020582  x:  0.29881   0.14343   0.09644   0.00272   0.06475   0.05102   0.05301   0.05811   0.06425   0.02480   0.00376   0.00246   0.00675   0.02386   0.01006   0.00065   0.00992   0.00744   0.00619   0.00371   0.00055   0.00620   0.00744   0.00747   0.02138   0.15891   0.01105   0.02645   0.02027   0.01639   0.00119   0.00853   0.00746   0.00476   0.00142   0.07863   0.21109   0.07157   0.11837   0.01119   0.10975   0.09887   4.34980  18.04692  16.88269   0.10380   1.00000  
 77  0.4281  10657.020582  x:  0.29881   0.14343   0.09644   0.00272   0.06475   0.05102   0.05301   0.05811   0.06425   0.02481   0.00376   0.00246   0.00675   0.02386   0.01006   0.00065   0.00992   0.00744   0.00619   0.00371   0.00055   0.00620   0.00744   0.00747   0.02138   0.15891   0.01105   0.02645   0.02027   0.01639   0.00119   0.00853   0.00746   0.00476   0.00142   0.07863   0.21109   0.07157   0.11837   0.01119   0.10975   0.09887   4.34979  18.31408  17.14983   0.10380   1.00000  
 78  0.4321  10657.020582  x:  0.29881   0.14343   0.09644   0.00272   0.06475   0.05102   0.05301   0.05811   0.06425   0.02481   0.00376   0.00246   0.00675   0.02386   0.01006   0.00065   0.00992   0.00744   0.00619   0.00371   0.00055   0.00620   0.00744   0.00747   0.02138   0.15891   0.01105   0.02645   0.02027   0.01639   0.00119   0.00853   0.00746   0.00476   0.00142   0.07863   0.21109   0.07157   0.11837   0.01119   0.10975   0.09887   4.34979  18.82815  17.66389   0.10380   1.00000  
 79  1.1185  10657.020582  x:  0.29881   0.14343   0.09644   0.00272   0.06475   0.05102   0.05301   0.05811   0.06425   0.02481   0.00376   0.00246   0.00675   0.02386   0.01006   0.00065   0.00992   0.00744   0.00619   0.00371   0.00055   0.00620   0.00744   0.00747   0.02138   0.15891   0.01105   0.02645   0.02027   0.01639   0.00119   0.00853   0.00746   0.00476   0.00142   0.07863   0.21109   0.07157   0.11837   0.01119   0.10975   0.09887   4.34982  18.92648  17.76222   0.10380   1.00000  
 80  0.6163  10657.020582  x:  0.29881   0.14343   0.09644   0.00272   0.06475   0.05102   0.05301   0.05811   0.06425   0.02481   0.00376   0.00246   0.00675   0.02386   0.01006   0.00065   0.00992   0.00744   0.00619   0.00371   0.00055   0.00620   0.00744   0.00747   0.02138   0.15891   0.01105   0.02645   0.02027   0.01639   0.00119   0.00853   0.00746   0.00476   0.00142   0.07863   0.21109   0.07157   0.11837   0.01119   0.10975   0.09887   4.34982  18.87869  17.71445   0.10380   1.00000  
 81  0.0522  10657.020582  x:  0.29881   0.14343   0.09644   0.00272   0.06475   0.05102   0.05301   0.05811   0.06425   0.02481   0.00376   0.00246   0.00675   0.02386   0.01006   0.00065   0.00992   0.00744   0.00619   0.00371   0.00055   0.00620   0.00744   0.00747   0.02138   0.15891   0.01105   0.02645   0.02027   0.01639   0.00119   0.00853   0.00746   0.00476   0.00142   0.07863   0.21109   0.07157   0.11837   0.01119   0.10975   0.09887   4.34983  19.03782  17.87358   0.10380   1.00000  
 82  0.5013  10657.020582  x:  0.29881   0.14343   0.09644   0.00272   0.06475   0.05102   0.05301   0.05811   0.06425   0.02481   0.00376   0.00246   0.00675   0.02386   0.01006   0.00065   0.00992   0.00744   0.00619   0.00371   0.00055   0.00620   0.00744   0.00747   0.02138   0.15891   0.01105   0.02645   0.02027   0.01639   0.00119   0.00853   0.00746   0.00476   0.00142   0.07863   0.21109   0.07157   0.11837   0.01119   0.10975   0.09887   4.34982  19.02016  17.85592   0.10380   1.00000  
 83  0.0228  10657.020582  x:  0.29881   0.14343   0.09644   0.00272   0.06475   0.05102   0.05301   0.05811   0.06425   0.02481   0.00376   0.00246   0.00675   0.02386   0.01006   0.00065   0.00992   0.00744   0.00619   0.00371   0.00055   0.00620   0.00744   0.00747   0.02138   0.15891   0.01105   0.02645   0.02027   0.01639   0.00119   0.00853   0.00746   0.00476   0.00142   0.07863   0.21109   0.07157   0.11837   0.01119   0.10975   0.09887   4.34982  19.03782  17.87357   0.10380   1.00000  
 84  0.0819  10657.020582  x:  0.29881   0.14343   0.09644   0.00272   0.06475   0.05102   0.05301   0.05811   0.06425   0.02481   0.00376   0.00246   0.00675   0.02386   0.01006   0.00065   0.00992   0.00744   0.00619   0.00371   0.00055   0.00620   0.00744   0.00747   0.02138   0.15891   0.01105   0.02645   0.02027   0.01639   0.00119   0.00853   0.00746   0.00476   0.00142   0.07863   0.21109   0.07157   0.11837   0.01119   0.10975   0.09887   4.34981  19.41147  18.24723   0.10380   1.00000  
 85  0.0661  10657.020582  x:  0.29881   0.14343   0.09644   0.00272   0.06475   0.05102   0.05301   0.05811   0.06425   0.02481   0.00376   0.00246   0.00675   0.02386   0.01006   0.00065   0.00992   0.00744   0.00619   0.00371   0.00055   0.00620   0.00744   0.00747   0.02138   0.15891   0.01105   0.02645   0.02027   0.01639   0.00119   0.00853   0.00746   0.00476   0.00142   0.07863   0.21109   0.07157   0.11837   0.01119   0.10975   0.09887   4.34978  20.20271  19.03847   0.10380   1.00000  
 86  4.7735  10657.020582  x:  0.29881   0.14343   0.09644   0.00272   0.06475   0.05102   0.05301   0.05811   0.06425   0.02481   0.00376   0.00246   0.00675   0.02386   0.01006   0.00065   0.00992   0.00744   0.00619   0.00371   0.00055   0.00620   0.00744   0.00747   0.02138   0.15891   0.01105   0.02645   0.02027   0.01639   0.00119   0.00853   0.00746   0.00476   0.00142   0.07863   0.21109   0.07157   0.11837   0.01119   0.10975   0.09887   4.34978  20.00490  18.84066   0.10380   1.00000  
 87  1.1202  10657.020582  x:  0.29881   0.14343   0.09644   0.00272   0.06475   0.05102   0.05301   0.05811   0.06425   0.02481   0.00376   0.00246   0.00675   0.02386   0.01006   0.00065   0.00992   0.00744   0.00619   0.00371   0.00055   0.00620   0.00744   0.00747   0.02138   0.15891   0.01105   0.02645   0.02027   0.01639   0.00119   0.00853   0.00746   0.00476   0.00142   0.07863   0.21109   0.07157   0.11837   0.01119   0.10975   0.09887   4.34978  20.00535  18.84111   0.10380   1.00000  
 88  0.1016  10657.020582  x:  0.29881   0.14343   0.09644   0.00272   0.06475   0.05102   0.05301   0.05811   0.06425   0.02481   0.00376   0.00246   0.00675   0.02386   0.01006   0.00065   0.00992   0.00744   0.00619   0.00371   0.00055   0.00620   0.00744   0.00747   0.02138   0.15891   0.01105   0.02645   0.02027   0.01639   0.00119   0.00853   0.00746   0.00476   0.00142   0.07863   0.21109   0.07157   0.11837   0.01119   0.10975   0.09887   4.34979  20.00494  18.84070   0.10380   1.00000  
 89  0.0003  10657.020582  x:  0.29881   0.14343   0.09644   0.00272   0.06475   0.05102   0.05301   0.05811   0.06425   0.02481   0.00376   0.00246   0.00675   0.02386   0.01006   0.00065   0.00992   0.00744   0.00619   0.00371   0.00055   0.00620   0.00744   0.00747   0.02138   0.15891   0.01105   0.02645   0.02027   0.01639   0.00119   0.00853   0.00746   0.00476   0.00142   0.07863   0.21109   0.07157   0.11837   0.01119   0.10975   0.09887   4.34978  20.00535  18.84111   0.10380   1.00000  
 90  0.0005  10657.020582  x:  0.29881   0.14343   0.09644   0.00272   0.06475   0.05102   0.05301   0.05811   0.06425   0.02481   0.00376   0.00246   0.00675   0.02386   0.01006   0.00065   0.00992   0.00744   0.00619   0.00371   0.00055   0.00620   0.00744   0.00747   0.02138   0.15891   0.01105   0.02645   0.02027   0.01639   0.00119   0.00853   0.00746   0.00476   0.00142   0.07863   0.21109   0.07157   0.11837   0.01119   0.10975   0.09887   4.34979  20.00371  18.83947   0.10380   1.00000  
 91  0.0007  10657.020582  x:  0.29881   0.14343   0.09644   0.00272   0.06475   0.05102   0.05301   0.05811   0.06425   0.02481   0.00376   0.00246   0.00675   0.02386   0.01006   0.00065   0.00992   0.00744   0.00619   0.00371   0.00055   0.00620   0.00744   0.00747   0.02138   0.15891   0.01105   0.02645   0.02027   0.01639   0.00119   0.00853   0.00746   0.00476   0.00142   0.07863   0.21109   0.07157   0.11837   0.01119   0.10975   0.09887   4.34979  20.00369  18.83945   0.10380   1.00000  
 92  0.0003  10657.020582  x:  0.29881   0.14343   0.09644   0.00272   0.06475   0.05102   0.05301   0.05811   0.06425   0.02481   0.00376   0.00246   0.00675   0.02386   0.01006   0.00065   0.00992   0.00744   0.00619   0.00371   0.00055   0.00620   0.00744   0.00747   0.02138   0.15891   0.01105   0.02645   0.02027   0.01639   0.00119   0.00853   0.00746   0.00476   0.00142   0.07863   0.21109   0.07157   0.11837   0.01119   0.10975   0.09887   4.34979  20.00369  18.83945   0.10380   1.00000  
 93  0.0062  10657.020582  x:  0.29881   0.14343   0.09644   0.00272   0.06475   0.05102   0.05301   0.05811   0.06425   0.02481   0.00376   0.00246   0.00675   0.02386   0.01006   0.00065   0.00992   0.00744   0.00619   0.00371   0.00055   0.00620   0.00744   0.00747   0.02138   0.15891   0.01105   0.02645   0.02027   0.01639   0.00119   0.00853   0.00746   0.00476   0.00142   0.07863   0.21109   0.07157   0.11837   0.01119   0.10975   0.09887   4.34979  20.00369  18.83945   0.10380   1.00000  
check convergence!
