

TREE # 1

  0  0.0000  10761.914586  x:  0.26385   0.11577   0.08596   0.00000   0.06063   0.05075   0.04950   0.04981   0.05520   0.02619   0.00368   0.00258   0.00477   0.02271   0.00778   0.00197   0.00852   0.00766   0.00524   0.00418   0.00162   0.00718   0.00615   0.00626   0.01824   0.14125   0.01212   0.02718   0.01864   0.01586   0.00123   0.00887   0.00574   0.00380   0.00237   0.05365   0.19416   0.06079   0.10998   0.00040   0.10813   0.08203   3.00000   1.16374   0.04304   0.25098   2.82902  
  1 99.0000  10751.309936  x:  0.26399   0.11620   0.08621   0.00460   0.06082   0.05082   0.04975   0.05018   0.05553   0.02612   0.00376   0.00244   0.00570   0.02287   0.00844   0.00034   0.00894   0.00761   0.00573   0.00392   0.00000   0.00685   0.00670   0.00676   0.01864   0.14143   0.01210   0.02712   0.01885   0.01595   0.00182   0.00871   0.00652   0.00426   0.00166   0.05444   0.19428   0.06125   0.11023   0.00825   0.10823   0.08257   3.00013   1.16386   0.04292   0.24912   2.82901  
  2 3115.5969  10750.092460  x:  0.26406   0.11639   0.08631   0.00538   0.06090   0.05083   0.04983   0.05034   0.05567   0.02608   0.00378   0.00241   0.00599   0.02294   0.00868   0.00144   0.00910   0.00759   0.00588   0.00384   0.00113   0.00673   0.00688   0.00693   0.01880   0.14152   0.01209   0.02710   0.01894   0.01599   0.00185   0.00865   0.00677   0.00438   0.00152   0.05478   0.19434   0.06142   0.11031   0.00997   0.10826   0.08278   3.00018   1.16392   0.04286   0.24832   2.82901  
  3 3292.8791  10744.228861  x:  0.26475   0.11818   0.08719   0.00241   0.06147   0.05086   0.05040   0.05191   0.05706   0.02572   0.00389   0.00251   0.00751   0.02355   0.01035   0.00133   0.01024   0.00749   0.00665   0.00358   0.00113   0.00594   0.00796   0.00794   0.02027   0.14237   0.01198   0.02691   0.01973   0.01630   0.00000   0.00829   0.00808   0.00482   0.00239   0.05808   0.19487   0.06283   0.11097   0.01179   0.10834   0.08455   3.00073   1.16445   0.04235   0.24027   2.82900  
  4 957.1016  10740.142940  x:  0.26530   0.11963   0.08790   0.00000   0.06193   0.05088   0.05086   0.05316   0.05816   0.02542   0.00397   0.00259   0.00864   0.02403   0.01162   0.00123   0.01110   0.00741   0.00722   0.00340   0.00113   0.00535   0.00876   0.00870   0.02142   0.14305   0.01189   0.02676   0.02036   0.01656   0.00051   0.00804   0.00906   0.00515   0.00292   0.06071   0.19530   0.06395   0.11150   0.01300   0.10841   0.08597   3.00117   1.16489   0.04194   0.23379   2.82899  
  5 15286.2965  10707.036193  x:  0.27249   0.13742   0.09694   0.00695   0.06796   0.05175   0.05716   0.06806   0.07141   0.02186   0.00379   0.00243   0.01459   0.02887   0.02108   0.00041   0.01726   0.00720   0.00917   0.00480   0.00140   0.00407   0.01288   0.01265   0.03349   0.15175   0.01058   0.02526   0.02683   0.01916   0.00148   0.00703   0.01392   0.00499   0.00065   0.09236   0.20075   0.07711   0.11768   0.00434   0.10899   0.10290   3.00683   1.17036   0.03672   0.15090   2.82886  
  6 3450.3661  10700.260992  x:  0.27505   0.14288   0.09959   0.00808   0.06961   0.05206   0.05869   0.07184   0.07482   0.02150   0.00390   0.00239   0.01299   0.02917   0.02050   0.00039   0.01621   0.00762   0.00752   0.00408   0.00165   0.00776   0.01118   0.01103   0.03519   0.15470   0.01015   0.02528   0.02735   0.01916   0.00194   0.00848   0.01209   0.00449   0.00796   0.10131   0.20267   0.08084   0.11974   0.00458   0.10935   0.10793   3.00884   1.17215   0.03503   0.12301   2.82881  
  7 3901.1927  10691.164388  x:  0.27772   0.14736   0.10151   0.00474   0.07056   0.05229   0.05921   0.07382   0.07666   0.02231   0.00395   0.00261   0.00832   0.02793   0.01614   0.00042   0.01229   0.00792   0.00517   0.00336   0.00178   0.00771   0.00726   0.00730   0.03401   0.15749   0.00990   0.02587   0.02590   0.01818   0.00122   0.00858   0.00763   0.00287   0.00350   0.10773   0.20461   0.08340   0.12160   0.00762   0.10987   0.11176   3.01093   1.17370   0.03358   0.09816   2.82876  
  8 2173.0446  10690.119929  x:  0.27841   0.14811   0.10170   0.00446   0.07052   0.05229   0.05903   0.07365   0.07653   0.02274   0.00383   0.00216   0.00747   0.02728   0.01438   0.00045   0.01132   0.00776   0.00629   0.00411   0.00175   0.00761   0.00744   0.00748   0.03280   0.15809   0.00991   0.02603   0.02504   0.01781   0.00112   0.00864   0.00754   0.00571   0.00302   0.10846   0.20506   0.08355   0.12189   0.00774   0.10995   0.11220   3.01152   1.17399   0.03333   0.09406   2.82874  
  9 807.9350  10689.470414  x:  0.27931   0.14874   0.10166   0.00457   0.07018   0.05220   0.05854   0.07282   0.07583   0.02333   0.00390   0.00320   0.00778   0.02639   0.01243   0.00052   0.01099   0.00749   0.00717   0.00368   0.00166   0.00740   0.00873   0.00870   0.03063   0.15875   0.01002   0.02615   0.02376   0.01743   0.00116   0.00900   0.00876   0.00514   0.00302   0.10863   0.20559   0.08328   0.12206   0.00757   0.10998   0.11229   3.01238   1.17423   0.03312   0.09134   2.82872  
 10 392.7410  10689.214079  x:  0.27986   0.14909   0.10160   0.00459   0.06995   0.05212   0.05823   0.07227   0.07537   0.02354   0.00383   0.00213   0.00824   0.02603   0.01199   0.00056   0.01123   0.00747   0.00710   0.00379   0.00161   0.00724   0.00908   0.00903   0.02942   0.15912   0.01011   0.02616   0.02320   0.01734   0.00118   0.00898   0.00920   0.00465   0.00309   0.10867   0.20590   0.08306   0.12213   0.00751   0.10998   0.11229   3.01293   1.17436   0.03303   0.09034   2.82871  
 11 379.5556  10688.935024  x:  0.28118   0.14989   0.10143   0.00469   0.06939   0.05191   0.05754   0.07100   0.07432   0.02359   0.00385   0.00251   0.00924   0.02573   0.01269   0.00064   0.01231   0.00765   0.00627   0.00433   0.00152   0.00695   0.00882   0.00878   0.02714   0.15993   0.01037   0.02606   0.02256   0.01743   0.00121   0.00843   0.00924   0.00493   0.00321   0.10875   0.20660   0.08249   0.12224   0.00742   0.10993   0.11222   3.01434   1.17464   0.03282   0.08915   2.82867  
 12 231.0267  10688.789265  x:  0.28225   0.15056   0.10133   0.00476   0.06900   0.05175   0.05710   0.07012   0.07364   0.02335   0.00386   0.00241   0.00931   0.02581   0.01353   0.00068   0.01263   0.00759   0.00674   0.00346   0.00147   0.00708   0.00863   0.00860   0.02604   0.16054   0.01051   0.02594   0.02258   0.01758   0.00121   0.00840   0.00903   0.00509   0.00312   0.10889   0.20716   0.08207   0.12230   0.00731   0.10985   0.11218   3.01556   1.17487   0.03266   0.08872   2.82864  
 13 218.7805  10688.643227  x:  0.28388   0.15159   0.10123   0.00471   0.06851   0.05155   0.05660   0.06899   0.07284   0.02284   0.00385   0.00246   0.00882   0.02613   0.01442   0.00072   0.01242   0.00742   0.00741   0.00410   0.00144   0.00733   0.00870   0.00868   0.02532   0.16142   0.01063   0.02578   0.02306   0.01776   0.00120   0.00880   0.00888   0.00470   0.00306   0.10919   0.20800   0.08148   0.12238   0.00741   0.10971   0.11215   3.01754   1.17522   0.03242   0.08853   2.82859  
 14 215.1918  10688.404524  x:  0.28726   0.15374   0.10115   0.00477   0.06778   0.05127   0.05599   0.06712   0.07175   0.02219   0.00382   0.00239   0.00816   0.02675   0.01458   0.00075   0.01148   0.00759   0.00633   0.00385   0.00141   0.00696   0.00923   0.00919   0.02558   0.16311   0.01064   0.02561   0.02418   0.01784   0.00118   0.00894   0.00927   0.00497   0.00311   0.10995   0.20970   0.08040   0.12251   0.00743   0.10942   0.11214   3.02194   1.17598   0.03189   0.08880   2.82847  
 15 215.3532  10688.005310  x:  0.29379   0.15777   0.10121   0.00481   0.06697   0.05107   0.05554   0.06438   0.07060   0.02258   0.00402   0.00244   0.00925   0.02716   0.01283   0.00076   0.01151   0.00766   0.00694   0.00393   0.00141   0.00723   0.00859   0.00854   0.02777   0.16610   0.01035   0.02563   0.02515   0.01756   0.00119   0.00807   0.00922   0.00484   0.00321   0.11141   0.21291   0.07856   0.12273   0.00745   0.10891   0.11219   3.03118   1.17756   0.03081   0.08995   2.82823  
 16 290.9516  10687.828323  x:  0.29677   0.15941   0.10141   0.00477   0.06707   0.05126   0.05581   0.06384   0.07063   0.02326   0.00329   0.00250   0.00905   0.02679   0.01272   0.00073   0.01233   0.00742   0.00680   0.00388   0.00144   0.00716   0.00864   0.00864   0.02865   0.16723   0.01020   0.02582   0.02441   0.01754   0.00118   0.00902   0.00880   0.00494   0.00312   0.11187   0.21431   0.07795   0.12282   0.00751   0.10881   0.11221   3.03619   1.17838   0.03026   0.09066   2.82810  
 17 263.0942  10687.693825  x:  0.29917   0.16061   0.10164   0.00475   0.06734   0.05150   0.05619   0.06370   0.07088   0.02378   0.00418   0.00243   0.00864   0.02636   0.01293   0.00070   0.01280   0.00740   0.00668   0.00388   0.00147   0.00716   0.00876   0.00878   0.02915   0.16803   0.01013   0.02601   0.02350   0.01757   0.00118   0.00950   0.00860   0.00502   0.00305   0.11211   0.21541   0.07755   0.12289   0.00753   0.10879   0.11221   3.04064   1.17911   0.02977   0.09128   2.82798  
 18 524.6544  10687.436381  x:  0.30329   0.16227   0.10222   0.00474   0.06829   0.05214   0.05723   0.06438   0.07186   0.02418   0.00385   0.00243   0.00787   0.02556   0.01384   0.00062   0.01216   0.00803   0.00687   0.00394   0.00154   0.00747   0.00883   0.00878   0.02912   0.16902   0.01023   0.02634   0.02176   0.01773   0.00122   0.00840   0.00915   0.00482   0.00315   0.11205   0.21717   0.07721   0.12301   0.00753   0.10899   0.11217   3.04984   1.18055   0.02883   0.09239   2.82773  
 19 328.9581  10687.084297  x:  0.30832   0.16351   0.10307   0.00474   0.06986   0.05293   0.05860   0.06633   0.07358   0.02351   0.00389   0.00244   0.00895   0.02535   0.01399   0.00055   0.01077   0.00669   0.00678   0.00394   0.00162   0.00689   0.00854   0.00852   0.02761   0.16958   0.01049   0.02652   0.02156   0.01776   0.00123   0.00865   0.00899   0.00487   0.00335   0.11104   0.21911   0.07731   0.12316   0.00748   0.10962   0.11201   3.06412   1.18270   0.02747   0.09362   2.82735  
 20 333.3882  10686.623688  x:  0.31453   0.16434   0.10407   0.00450   0.07168   0.05362   0.05993   0.06922   0.07572   0.02242   0.00392   0.00246   0.00955   0.02580   0.01298   0.00053   0.01121   0.00842   0.00683   0.00394   0.00164   0.00738   0.00868   0.00871   0.02518   0.16974   0.01066   0.02648   0.02300   0.01760   0.00117   0.00944   0.00858   0.00501   0.00299   0.10898   0.22130   0.07779   0.12338   0.00759   0.11066   0.11174   3.08490   1.18574   0.02556   0.09483   2.82680  
 21 681.0540  10686.213415  x:  0.31878   0.16402   0.10447   0.00446   0.07232   0.05348   0.05995   0.07116   0.07676   0.02272   0.00392   0.00245   0.00801   0.02657   0.01218   0.00060   0.01294   0.00718   0.00669   0.00393   0.00158   0.00757   0.00878   0.00871   0.02412   0.16921   0.01068   0.02621   0.02450   0.01754   0.00116   0.00840   0.00910   0.00494   0.00309   0.10659   0.22249   0.07847   0.12357   0.00768   0.11157   0.11148   3.10396   1.18841   0.02393   0.09509   2.82629  
 22 555.9525  10685.074245  x:  0.32726   0.16055   0.10413   0.00492   0.07119   0.05140   0.05714   0.07409   0.07696   0.02650   0.00394   0.00244   0.00792   0.02800   0.01340   0.00085   0.01238   0.00811   0.00737   0.00396   0.00134   0.00544   0.00847   0.00849   0.02565   0.16627   0.01082   0.02549   0.02563   0.01786   0.00122   0.00873   0.00930   0.00470   0.00378   0.09903   0.22380   0.08073   0.12406   0.00740   0.11372   0.11083   3.15994   1.19591   0.01953   0.09367   2.82477  
 23 623.8438  10684.260016  x:  0.33275   0.15765   0.10358   0.00469   0.06996   0.04998   0.05502   0.07561   0.07659   0.02755   0.00391   0.00240   0.00914   0.02838   0.01441   0.00097   0.01162   0.00755   0.00660   0.00394   0.00118   0.00801   0.00905   0.00906   0.02750   0.16390   0.01068   0.02528   0.02543   0.01806   0.00115   0.00886   0.00935   0.00502   0.00278   0.09385   0.22425   0.08249   0.12439   0.00738   0.11501   0.11054   3.20340   1.20164   0.01622   0.09252   2.82360  
 24 2155.4963  10682.693983  x:  0.33837   0.15257   0.10192   0.00486   0.06752   0.04950   0.05332   0.07568   0.07450   0.02055   0.00386   0.00243   0.00926   0.02637   0.01416   0.00092   0.01275   0.00747   0.00691   0.00390   0.00124   0.00700   0.00936   0.00914   0.03124   0.15994   0.00947   0.02628   0.02264   0.01780   0.00121   0.00835   0.00865   0.00488   0.00310   0.08868   0.22297   0.08541   0.12468   0.00730   0.11551   0.11097   3.28080   1.21147   0.01071   0.09106   2.82149  
 25 1135.2050  10680.634361  x:  0.33821   0.14726   0.09935   0.00456   0.06633   0.05283   0.05689   0.07200   0.07091   0.02005   0.00395   0.00241   0.00882   0.02425   0.01412   0.00035   0.01302   0.00759   0.00672   0.00389   0.00178   0.00745   0.00661   0.00757   0.03141   0.15617   0.01218   0.02617   0.02352   0.01726   0.00111   0.01053   0.01295   0.00523   0.00251   0.09136   0.21735   0.08814   0.12403   0.00729   0.11242   0.11299   3.39316   1.22515   0.00336   0.09153   2.81840  
 26 939.7112  10678.300867  x:  0.33685   0.14414   0.09782   0.00451   0.06602   0.05486   0.05944   0.06931   0.06881   0.02123   0.00390   0.00240   0.00885   0.02387   0.01407   0.00000   0.01269   0.00752   0.00671   0.00388   0.00212   0.00732   0.00798   0.00766   0.03054   0.15406   0.01220   0.02591   0.02426   0.01720   0.00112   0.00972   0.01131   0.00511   0.00266   0.09448   0.21313   0.08956   0.12343   0.00732   0.11000   0.11435   3.47021   1.23444  -0.00156   0.09226   2.81628  
 27 4311.8495  10677.507633  x:  0.33584   0.14363   0.09768   0.00449   0.06615   0.05470   0.05955   0.06879   0.06874   0.02140   0.00389   0.00240   0.00882   0.02444   0.01393   0.00000   0.01255   0.00750   0.00670   0.00388   0.00076   0.00731   0.00706   0.00875   0.03012   0.15383   0.01146   0.02584   0.02392   0.01735   0.00112   0.00957   0.01109   0.00510   0.00268   0.09577   0.21189   0.08959   0.12318   0.00735   0.10940   0.11455   3.49285   1.23711  -0.00295   0.09267   2.81565  
 28 2612.7760  10676.599887  x:  0.33302   0.14252   0.09748   0.00446   0.06648   0.05372   0.05923   0.06758   0.06878   0.02178   0.00387   0.00240   0.00874   0.02613   0.01348   0.00000   0.01227   0.00748   0.00666   0.00386   0.00155   0.00728   0.00520   0.01082   0.02890   0.15345   0.00961   0.02563   0.02290   0.01773   0.00112   0.00933   0.01075   0.00507   0.00271   0.09898   0.20881   0.08940   0.12252   0.00745   0.10801   0.11485   3.55041   1.24387  -0.00642   0.09370   2.81404  
 29 4327.8298  10674.334042  x:  0.32386   0.14248   0.09883   0.00443   0.06792   0.04774   0.05459   0.06672   0.07177   0.02134   0.00390   0.00240   0.00842   0.03055   0.01213   0.00000   0.01192   0.00757   0.00649   0.00384   0.00137   0.00741   0.00653   0.00736   0.02648   0.15505   0.00818   0.02554   0.01921   0.01814   0.00109   0.01037   0.01207   0.00525   0.00248   0.10648   0.20295   0.08648   0.12081   0.00771   0.10624   0.11386   3.66859   1.25743  -0.01317   0.09639   2.81072  
 30 2857.1238  10673.081852  x:  0.31616   0.14366   0.10046   0.00457   0.06857   0.04422   0.05044   0.06699   0.07429   0.02094   0.00386   0.00241   0.00822   0.02915   0.01175   0.00000   0.01198   0.00749   0.00651   0.00381   0.00144   0.00729   0.00629   0.00867   0.02609   0.15746   0.01303   0.02622   0.01911   0.01697   0.00112   0.00973   0.01069   0.00515   0.00265   0.11016   0.20024   0.08292   0.11969   0.00786   0.10629   0.11188   3.74202   1.26562  -0.01708   0.09769   2.80863  
 31 2051.6087  10671.890168  x:  0.30665   0.14635   0.10249   0.00463   0.06822   0.04424   0.04727   0.06800   0.07596   0.02126   0.00385   0.00239   0.00819   0.02340   0.01271   0.00000   0.01179   0.00745   0.00648   0.00381   0.00139   0.00729   0.00618   0.00844   0.02593   0.16115   0.01020   0.02660   0.02203   0.01643   0.00111   0.00977   0.01106   0.00515   0.00262   0.11094   0.19987   0.07766   0.11887   0.00794   0.10813   0.10824   3.80504   1.27224  -0.01992   0.09792   2.80680  
 32 1127.3106  10670.867790  x:  0.29435   0.15081   0.10408   0.00448   0.06620   0.04887   0.04900   0.06874   0.07546   0.02082   0.00384   0.00239   0.00837   0.02542   0.01232   0.00000   0.01201   0.00743   0.00650   0.00380   0.00141   0.00723   0.00630   0.00854   0.02718   0.16607   0.01073   0.02471   0.02124   0.01884   0.00107   0.00972   0.01101   0.00516   0.00256   0.10725   0.20315   0.07147   0.11873   0.00811   0.11168   0.10321   3.86221   1.27755  -0.02165   0.09663   2.80505  
 33 603.9520  10670.598855  x:  0.29035   0.15276   0.10404   0.00448   0.06596   0.04872   0.05060   0.06870   0.07476   0.02086   0.00384   0.00238   0.00841   0.02657   0.01288   0.00000   0.01206   0.00742   0.00650   0.00380   0.00140   0.00723   0.00633   0.00858   0.02733   0.16733   0.01045   0.02581   0.02107   0.01616   0.00111   0.00972   0.01112   0.00515   0.00255   0.10555   0.20538   0.07103   0.11910   0.00806   0.11242   0.10263   3.87685   1.27856  -0.02165   0.09641   2.80456  
 34 343.4811  10670.325056  x:  0.28494   0.15627   0.10319   0.00446   0.06666   0.04610   0.05261   0.06836   0.07356   0.02096   0.00384   0.00238   0.00842   0.02603   0.01269   0.00000   0.01206   0.00743   0.00651   0.00381   0.00141   0.00722   0.00632   0.00857   0.02723   0.16831   0.01054   0.02690   0.02140   0.01763   0.00108   0.00973   0.01113   0.00517   0.00254   0.10310   0.21000   0.07319   0.12013   0.00799   0.11239   0.10393   3.89244   1.27888  -0.02072   0.09677   2.80395  
 35 188.9581  10670.218331  x:  0.28272   0.15811   0.10264   0.00446   0.06724   0.04636   0.05183   0.06825   0.07349   0.02089   0.00384   0.00239   0.00839   0.02572   0.01264   0.00000   0.01202   0.00743   0.00650   0.00380   0.00141   0.00723   0.00631   0.00857   0.02718   0.16824   0.01055   0.02503   0.02118   0.01709   0.00109   0.00973   0.01107   0.00517   0.00254   0.10222   0.21243   0.07475   0.12059   0.00795   0.11184   0.10523   3.89844   1.27846  -0.01969   0.09717   2.80365  
 36 116.6571  10670.169596  x:  0.28177   0.15911   0.10234   0.00448   0.06737   0.04760   0.05054   0.06815   0.07388   0.02100   0.00385   0.00239   0.00838   0.02601   0.01262   0.00000   0.01201   0.00744   0.00651   0.00381   0.00141   0.00723   0.00632   0.00856   0.02704   0.16772   0.01061   0.02593   0.02119   0.01722   0.00109   0.00974   0.01109   0.00517   0.00255   0.10185   0.21375   0.07542   0.12064   0.00792   0.11121   0.10609   3.90136   1.27768  -0.01847   0.09730   2.80344  
 37 60.0247  10670.073950  x:  0.28169   0.16072   0.10261   0.00448   0.06553   0.04727   0.05117   0.06805   0.07572   0.02101   0.00385   0.00239   0.00837   0.02590   0.01264   0.00000   0.01201   0.00744   0.00651   0.00381   0.00141   0.00723   0.00632   0.00857   0.02676   0.16436   0.01064   0.02577   0.02126   0.01722   0.00109   0.00974   0.01108   0.00517   0.00255   0.10156   0.21572   0.07368   0.11943   0.00798   0.10935   0.10690   3.90760   1.27188  -0.01077   0.09655   2.80252  
 38 23.8203  10669.817689  x:  0.28330   0.16263   0.10357   0.00446   0.07019   0.04722   0.05107   0.06792   0.07349   0.02100   0.00386   0.00239   0.00843   0.02614   0.01274   0.00000   0.01211   0.00747   0.00653   0.00383   0.00142   0.00726   0.00635   0.00860   0.02738   0.16009   0.01076   0.02587   0.02140   0.01731   0.00110   0.00978   0.01115   0.00517   0.00257   0.10234   0.21790   0.07155   0.11880   0.00800   0.11023   0.10591   3.92522   1.25199   0.01548   0.09425   2.79944  
 39 63.7875  10669.215892  x:  0.28797   0.16406   0.10511   0.00457   0.06701   0.04813   0.05150   0.07022   0.07346   0.02159   0.00391   0.00241   0.00833   0.02626   0.01248   0.00000   0.01203   0.00759   0.00656   0.00388   0.00144   0.00743   0.00637   0.00858   0.02688   0.16314   0.01102   0.02634   0.02131   0.01743   0.00112   0.00992   0.01104   0.00518   0.00266   0.10597   0.21927   0.07612   0.12273   0.00780   0.11598   0.10541   3.96626   1.20357   0.07959   0.09194   2.79185  
 40 182.7195  10669.022234  x:  0.28957   0.16211   0.10419   0.00456   0.06881   0.04830   0.05215   0.06868   0.07637   0.02156   0.00392   0.00241   0.00840   0.02641   0.01273   0.00000   0.01215   0.00762   0.00660   0.00390   0.00144   0.00743   0.00642   0.00865   0.02730   0.16859   0.01090   0.02630   0.02167   0.01753   0.00112   0.00994   0.01113   0.00518   0.00267   0.10342   0.21859   0.07577   0.12330   0.00777   0.11416   0.10740   3.97959   1.18788   0.10085   0.09006   2.78915  
 41 132.5698  10669.007602  x:  0.28969   0.16197   0.10481   0.00456   0.06868   0.04831   0.05209   0.06972   0.07546   0.02159   0.00393   0.00241   0.00840   0.02643   0.01270   0.00000   0.01215   0.00762   0.00660   0.00390   0.00144   0.00744   0.00641   0.00864   0.02732   0.16940   0.01090   0.02633   0.02163   0.01753   0.00112   0.00994   0.01112   0.00518   0.00267   0.10313   0.21846   0.07564   0.12264   0.00779   0.11318   0.10802   3.98046   1.18712   0.10241   0.09003   2.78875  
 42 14.9010  10668.917324  x:  0.28978   0.16216   0.10508   0.00452   0.06867   0.04838   0.05219   0.06858   0.07575   0.02158   0.00392   0.00241   0.00838   0.02640   0.01269   0.00000   0.01213   0.00761   0.00659   0.00389   0.00144   0.00742   0.00642   0.00863   0.02732   0.17002   0.01087   0.02630   0.02164   0.01751   0.00112   0.00992   0.01107   0.00517   0.00264   0.10264   0.21843   0.07778   0.11760   0.00785   0.11395   0.10694   3.98235   1.19500   0.11000   0.08987   2.78116  
 43  2.7090  10660.895678  x:  0.29259   0.16408   0.10190   0.00286   0.06592   0.05006   0.05303   0.05712   0.06671   0.02383   0.00376   0.00250   0.00705   0.02403   0.00995   0.00000   0.01004   0.00746   0.00628   0.00372   0.00129   0.00651   0.00699   0.00793   0.02098   0.16100   0.01121   0.02628   0.02043   0.01654   0.00087   0.00880   0.00737   0.00512   0.00070   0.07246   0.19671   0.07416   0.11799   0.00978   0.11296   0.10437   4.12671   1.86474   0.71050   0.09722   2.15754  
 44 70.4789  10659.795979  x:  0.29218   0.15081   0.09499   0.00271   0.06547   0.04993   0.05265   0.05916   0.06540   0.02411   0.00373   0.00252   0.00680   0.02357   0.00946   0.00000   0.00968   0.00743   0.00621   0.00368   0.00127   0.00639   0.00705   0.00778   0.01996   0.16203   0.01122   0.02627   0.02016   0.01636   0.00084   0.00862   0.00675   0.00509   0.00044   0.07613   0.20840   0.07250   0.11763   0.01027   0.10823   0.09657   4.14820   1.96504   0.80028   0.09783   2.06418  
 45 579.4854  10659.689774  x:  0.29183   0.14722   0.09691   0.00268   0.06539   0.04999   0.05263   0.05809   0.06530   0.02419   0.00373   0.00252   0.00677   0.02355   0.00939   0.00000   0.00963   0.00743   0.00620   0.00368   0.00127   0.00639   0.00706   0.00777   0.01980   0.16208   0.01122   0.02630   0.02013   0.01635   0.00084   0.00861   0.00669   0.00509   0.00042   0.07703   0.21126   0.07110   0.11709   0.01024   0.11063   0.09951   4.15039   1.97518   0.80923   0.09829   2.05477  
 46 91.4467  10659.681056  x:  0.29178   0.14689   0.09820   0.00267   0.06542   0.05002   0.05264   0.05754   0.06539   0.02419   0.00373   0.00252   0.00677   0.02355   0.00941   0.00000   0.00964   0.00743   0.00621   0.00369   0.00127   0.00639   0.00706   0.00777   0.01983   0.16201   0.01121   0.02629   0.02014   0.01635   0.00084   0.00861   0.00669   0.00509   0.00042   0.07693   0.21151   0.07150   0.11749   0.01024   0.11012   0.09899   4.15063   1.97620   0.81017   0.09828   2.05373  
 47  4.4809  10658.854881  x:  0.29234   0.13902   0.09422   0.00288   0.06486   0.05019   0.05253   0.05763   0.06379   0.02454   0.00370   0.00251   0.00661   0.02327   0.00914   0.00000   0.00943   0.00743   0.00625   0.00370   0.00124   0.00615   0.00721   0.00765   0.01906   0.16151   0.01122   0.02630   0.02000   0.01623   0.00094   0.00825   0.00636   0.00494   0.00142   0.07680   0.21632   0.06925   0.11668   0.01048   0.10980   0.09737   4.18447   2.11958   0.94444   0.10047   1.90231  
 48  7.7382  10657.491386  x:  0.30056   0.14233   0.09572   0.00290   0.06424   0.05135   0.05315   0.05718   0.06291   0.02496   0.00373   0.00245   0.00652   0.02393   0.01067   0.00000   0.01003   0.00742   0.00616   0.00374   0.00115   0.00633   0.00750   0.00706   0.02273   0.15729   0.01100   0.02647   0.02044   0.01639   0.00096   0.00882   0.00853   0.00493   0.00142   0.07780   0.21127   0.07119   0.11866   0.01076   0.10987   0.09826   4.32492   2.81726   1.65819   0.10531   1.00000  
 49  1.2627  10657.489887  x:  0.30057   0.14233   0.09572   0.00290   0.06424   0.05135   0.05315   0.05717   0.06291   0.02496   0.00373   0.00245   0.00652   0.02393   0.01067   0.00007   0.01003   0.00742   0.00616   0.00374   0.00115   0.00633   0.00750   0.00706   0.02274   0.15729   0.01100   0.02647   0.02044   0.01639   0.00096   0.00882   0.00854   0.00493   0.00142   0.07781   0.21127   0.07120   0.11866   0.01076   0.10987   0.09826   4.32513   2.81831   1.65927   0.10532   1.00000  
 50 1051.2908  10657.300181  x:  0.30017   0.14458   0.09697   0.00282   0.06466   0.05140   0.05329   0.05813   0.06441   0.02489   0.00375   0.00244   0.00681   0.02388   0.01013   0.00011   0.00997   0.00744   0.00618   0.00373   0.00111   0.00619   0.00753   0.00755   0.02174   0.15805   0.01096   0.02650   0.02034   0.01641   0.00098   0.00850   0.00730   0.00477   0.00143   0.07949   0.20985   0.07212   0.11882   0.01087   0.10971   0.09919   4.35529   2.99555   1.83513   0.10480   1.00000  
 51  0.2849  10657.236331  x:  0.29811   0.14335   0.09654   0.00278   0.06486   0.05086   0.05282   0.05833   0.06464   0.02486   0.00376   0.00246   0.00680   0.02390   0.00983   0.00019   0.00987   0.00745   0.00620   0.00370   0.00104   0.00615   0.00738   0.00747   0.02079   0.15957   0.01106   0.02643   0.02016   0.01639   0.00103   0.00852   0.00751   0.00472   0.00142   0.07780   0.21095   0.07156   0.11820   0.01106   0.10964   0.09883   4.36425   3.22387   2.05535   0.10379   1.00000  
 52  0.2336  10657.158159  x:  0.29798   0.14247   0.09588   0.00275   0.06484   0.05071   0.05283   0.05778   0.06362   0.02467   0.00376   0.00247   0.00662   0.02373   0.01029   0.00035   0.00988   0.00741   0.00622   0.00369   0.00087   0.00623   0.00739   0.00746   0.02170   0.15941   0.01116   0.02643   0.02027   0.01639   0.00115   0.00848   0.00713   0.00478   0.00141   0.07881   0.21194   0.07121   0.11797   0.01142   0.10982   0.09870   4.37666   3.85221   2.68441   0.10293   1.00000  
 53  0.3440  10657.092305  x:  0.29974   0.14339   0.09639   0.00275   0.06465   0.05107   0.05312   0.05810   0.06417   0.02474   0.00376   0.00244   0.00684   0.02381   0.00998   0.00051   0.00995   0.00745   0.00616   0.00372   0.00070   0.00627   0.00744   0.00750   0.02137   0.15830   0.01107   0.02648   0.02038   0.01638   0.00126   0.00860   0.00766   0.00480   0.00141   0.07933   0.21145   0.07154   0.11844   0.01163   0.10985   0.09888   4.37161   4.47737   3.31673   0.10344   1.00000  
 54  0.5570  10657.065930  x:  0.29933   0.14374   0.09669   0.00271   0.06473   0.05112   0.05305   0.05833   0.06455   0.02486   0.00375   0.00246   0.00674   0.02395   0.01014   0.00066   0.00992   0.00744   0.00624   0.00372   0.00055   0.00617   0.00746   0.00743   0.02134   0.15894   0.01102   0.02645   0.02023   0.01639   0.00134   0.00849   0.00745   0.00475   0.00141   0.07795   0.21071   0.07171   0.11838   0.01170   0.10966   0.09895   4.35300   5.04336   3.87967   0.10396   1.00000  
 55  0.4853  10657.054054  x:  0.29827   0.14344   0.09641   0.00270   0.06485   0.05101   0.05300   0.05795   0.06411   0.02481   0.00376   0.00246   0.00676   0.02382   0.00999   0.00077   0.00990   0.00744   0.00618   0.00370   0.00043   0.00618   0.00744   0.00749   0.02142   0.15925   0.01104   0.02646   0.02022   0.01638   0.00138   0.00850   0.00745   0.00473   0.00143   0.07902   0.21104   0.07153   0.11825   0.01158   0.10974   0.09881   4.34049   5.48013   4.31540   0.10384   1.00000  
 56  0.3526  10657.042749  x:  0.29897   0.14324   0.09636   0.00266   0.06468   0.05099   0.05306   0.05829   0.06432   0.02480   0.00376   0.00245   0.00678   0.02387   0.01021   0.00087   0.00996   0.00743   0.00619   0.00372   0.00033   0.00624   0.00745   0.00747   0.02128   0.15857   0.01111   0.02644   0.02039   0.01640   0.00136   0.00853   0.00745   0.00476   0.00145   0.07863   0.21155   0.07148   0.11842   0.01122   0.10982   0.09888   4.34511   6.01716   4.85474   0.10377   1.00000  
 57  0.2572  10657.036460  x:  0.29910   0.14349   0.09647   0.00261   0.06470   0.05103   0.05305   0.05814   0.06428   0.02479   0.00375   0.00246   0.00671   0.02385   0.01000   0.00092   0.00991   0.00744   0.00620   0.00371   0.00028   0.00619   0.00744   0.00744   0.02148   0.15875   0.01105   0.02646   0.02028   0.01637   0.00132   0.00851   0.00746   0.00474   0.00146   0.07843   0.21106   0.07159   0.11844   0.01099   0.10975   0.09890   4.35205   6.35660   5.19257   0.10378   1.00000  
 58  0.3193  10657.033561  x:  0.29867   0.14348   0.09647   0.00262   0.06480   0.05104   0.05301   0.05801   0.06419   0.02480   0.00376   0.00245   0.00678   0.02386   0.01010   0.00092   0.00992   0.00743   0.00619   0.00371   0.00028   0.00618   0.00744   0.00749   0.02131   0.15909   0.01103   0.02645   0.02020   0.01639   0.00128   0.00851   0.00747   0.00475   0.00146   0.07873   0.21084   0.07162   0.11836   0.01090   0.10973   0.09886   4.35307   6.56042   5.39524   0.10384   1.00000  
 59  0.1731  10657.027957  x:  0.29842   0.14330   0.09644   0.00268   0.06481   0.05102   0.05300   0.05825   0.06433   0.02485   0.00376   0.00246   0.00676   0.02388   0.01004   0.00086   0.00996   0.00743   0.00619   0.00371   0.00034   0.00621   0.00746   0.00746   0.02140   0.15905   0.01109   0.02644   0.02035   0.01639   0.00117   0.00853   0.00745   0.00477   0.00143   0.07884   0.21135   0.07156   0.11837   0.01099   0.10980   0.09888   4.34859   6.96799   5.80372   0.10382   1.00000  
 60  0.1619  10657.025624  x:  0.29885   0.14349   0.09641   0.00272   0.06471   0.05102   0.05301   0.05807   0.06421   0.02481   0.00375   0.00245   0.00674   0.02383   0.01007   0.00084   0.00989   0.00744   0.00619   0.00371   0.00036   0.00619   0.00745   0.00748   0.02136   0.15880   0.01106   0.02645   0.02026   0.01639   0.00115   0.00853   0.00746   0.00476   0.00141   0.07854   0.21113   0.07154   0.11839   0.01116   0.10976   0.09887   4.34765   7.18839   6.02422   0.10382   1.00000  
 61  0.2116  10657.024413  x:  0.29893   0.14339   0.09647   0.00276   0.06476   0.05102   0.05301   0.05811   0.06427   0.02479   0.00375   0.00245   0.00677   0.02388   0.01005   0.00085   0.00995   0.00744   0.00620   0.00371   0.00035   0.00620   0.00743   0.00744   0.02138   0.15899   0.01103   0.02645   0.02025   0.01639   0.00117   0.00853   0.00746   0.00476   0.00141   0.07865   0.21093   0.07160   0.11835   0.01125   0.10973   0.09886   4.34960   7.55037   6.38616   0.10379   1.00000  
 62  0.2050  10657.023224  x:  0.29874   0.14344   0.09646   0.00276   0.06478   0.05103   0.05301   0.05816   0.06426   0.02480   0.00376   0.00246   0.00674   0.02386   0.01007   0.00087   0.00989   0.00743   0.00619   0.00371   0.00033   0.00621   0.00744   0.00751   0.02139   0.15895   0.01105   0.02645   0.02030   0.01639   0.00119   0.00853   0.00747   0.00476   0.00143   0.07864   0.21117   0.07157   0.11835   0.01123   0.10977   0.09887   4.35180   8.23940   7.07517   0.10378   1.00000  
 63  0.3727  10657.022382  x:  0.29878   0.14350   0.09641   0.00274   0.06473   0.05102   0.05301   0.05806   0.06422   0.02482   0.00375   0.00245   0.00677   0.02383   0.01006   0.00086   0.00992   0.00744   0.00619   0.00372   0.00034   0.00619   0.00745   0.00744   0.02135   0.15883   0.01108   0.02645   0.02028   0.01638   0.00118   0.00852   0.00745   0.00476   0.00143   0.07861   0.21114   0.07155   0.11837   0.01120   0.10976   0.09887   4.35082   8.91695   7.75267   0.10380   1.00000  
 64  0.4675  10657.021625  x:  0.29892   0.14331   0.09645   0.00273   0.06474   0.05102   0.05301   0.05814   0.06427   0.02481   0.00375   0.00246   0.00674   0.02388   0.01007   0.00081   0.00994   0.00744   0.00620   0.00371   0.00039   0.00620   0.00745   0.00748   0.02140   0.15897   0.01103   0.02646   0.02024   0.01639   0.00118   0.00853   0.00747   0.00476   0.00143   0.07862   0.21101   0.07158   0.11837   0.01123   0.10973   0.09886   4.34831   9.79009   8.62606   0.10381   1.00000  
 65  0.4938  10657.020963  x:  0.29876   0.14353   0.09648   0.00271   0.06478   0.05102   0.05302   0.05812   0.06426   0.02480   0.00376   0.00246   0.00676   0.02386   0.01007   0.00073   0.00988   0.00744   0.00619   0.00371   0.00047   0.00620   0.00744   0.00746   0.02137   0.15893   0.01105   0.02645   0.02030   0.01639   0.00119   0.00852   0.00746   0.00476   0.00143   0.07865   0.21110   0.07157   0.11836   0.01122   0.10976   0.09887   4.34916  10.91356   9.74940   0.10378   1.00000  
 66  0.6111  10657.020672  x:  0.29877   0.14347   0.09644   0.00272   0.06475   0.05102   0.05302   0.05809   0.06424   0.02480   0.00376   0.00245   0.00676   0.02384   0.01006   0.00067   0.00993   0.00743   0.00619   0.00371   0.00053   0.00620   0.00744   0.00747   0.02138   0.15889   0.01106   0.02645   0.02027   0.01639   0.00119   0.00853   0.00746   0.00476   0.00143   0.07860   0.21111   0.07156   0.11837   0.01120   0.10976   0.09887   4.34989  11.66845  10.50419   0.10379   1.00000  
 67  0.7067  10657.020618  x:  0.29882   0.14342   0.09644   0.00272   0.06474   0.05102   0.05301   0.05811   0.06425   0.02481   0.00376   0.00245   0.00675   0.02386   0.01006   0.00065   0.00992   0.00744   0.00620   0.00371   0.00056   0.00620   0.00744   0.00747   0.02138   0.15891   0.01105   0.02645   0.02027   0.01639   0.00119   0.00852   0.00746   0.00476   0.00143   0.07863   0.21108   0.07157   0.11837   0.01119   0.10975   0.09887   4.34984  11.96141  10.79718   0.10380   1.00000  
 68  0.3812  10657.020614  x:  0.29881   0.14343   0.09644   0.00272   0.06475   0.05102   0.05301   0.05811   0.06425   0.02481   0.00376   0.00246   0.00676   0.02386   0.01006   0.00064   0.00992   0.00744   0.00619   0.00371   0.00056   0.00620   0.00744   0.00747   0.02138   0.15892   0.01105   0.02645   0.02027   0.01639   0.00119   0.00853   0.00746   0.00476   0.00143   0.07862   0.21109   0.07157   0.11837   0.01119   0.10975   0.09887   4.34980  12.05278  10.88854   0.10380   1.00000  
 69  0.1094  10657.020611  x:  0.29881   0.14344   0.09644   0.00272   0.06475   0.05102   0.05301   0.05811   0.06425   0.02481   0.00376   0.00246   0.00675   0.02386   0.01006   0.00064   0.00992   0.00744   0.00619   0.00371   0.00056   0.00620   0.00744   0.00747   0.02137   0.15891   0.01105   0.02645   0.02027   0.01639   0.00119   0.00853   0.00746   0.00476   0.00142   0.07863   0.21109   0.07157   0.11837   0.01119   0.10975   0.09887   4.34976  12.15420  10.98995   0.10380   1.00000  
 70  0.0593  10657.020603  x:  0.29880   0.14343   0.09644   0.00273   0.06474   0.05102   0.05301   0.05811   0.06425   0.02480   0.00376   0.00245   0.00676   0.02386   0.01006   0.00065   0.00992   0.00744   0.00619   0.00371   0.00055   0.00620   0.00744   0.00747   0.02138   0.15891   0.01105   0.02645   0.02027   0.01639   0.00119   0.00853   0.00746   0.00476   0.00142   0.07863   0.21109   0.07157   0.11837   0.01118   0.10975   0.09887   4.34971  12.54141  11.37715   0.10380   1.00000  
 71  0.1214  10657.020596  x:  0.29883   0.14343   0.09645   0.00272   0.06475   0.05102   0.05301   0.05812   0.06425   0.02481   0.00376   0.00246   0.00675   0.02386   0.01006   0.00066   0.00992   0.00744   0.00619   0.00371   0.00055   0.00620   0.00744   0.00747   0.02138   0.15892   0.01105   0.02645   0.02027   0.01639   0.00119   0.00853   0.00746   0.00476   0.00142   0.07863   0.21108   0.07157   0.11837   0.01119   0.10975   0.09887   4.34988  13.11713  11.95289   0.10380   1.00000  
 72  0.2733  10657.020589  x:  0.29880   0.14344   0.09644   0.00272   0.06475   0.05102   0.05301   0.05811   0.06426   0.02481   0.00376   0.00245   0.00675   0.02386   0.01006   0.00065   0.00992   0.00744   0.00619   0.00371   0.00056   0.00620   0.00744   0.00747   0.02138   0.15891   0.01105   0.02645   0.02027   0.01639   0.00119   0.00852   0.00746   0.00476   0.00142   0.07863   0.21110   0.07157   0.11837   0.01119   0.10975   0.09887   4.34987  13.89915  12.73492   0.10380   1.00000  
 73  0.3525  10657.020585  x:  0.29881   0.14343   0.09645   0.00272   0.06475   0.05102   0.05301   0.05812   0.06424   0.02481   0.00376   0.00246   0.00675   0.02386   0.01006   0.00065   0.00992   0.00744   0.00619   0.00371   0.00055   0.00620   0.00744   0.00747   0.02138   0.15891   0.01105   0.02645   0.02027   0.01639   0.00119   0.00853   0.00746   0.00476   0.00142   0.07863   0.21108   0.07157   0.11837   0.01119   0.10975   0.09887   4.34977  14.72487  13.56062   0.10380   1.00000  
 74  0.5229  10657.020584  x:  0.29881   0.14343   0.09644   0.00272   0.06475   0.05102   0.05301   0.05811   0.06425   0.02481   0.00376   0.00246   0.00675   0.02386   0.01006   0.00065   0.00992   0.00744   0.00619   0.00371   0.00055   0.00620   0.00744   0.00747   0.02138   0.15891   0.01105   0.02645   0.02027   0.01639   0.00119   0.00853   0.00746   0.00476   0.00142   0.07863   0.21109   0.07157   0.11837   0.01119   0.10975   0.09887   4.34978  15.17980  14.01556   0.10380   1.00000  
 75  0.4476  10657.020583  x:  0.29881   0.14344   0.09644   0.00272   0.06475   0.05102   0.05301   0.05811   0.06425   0.02481   0.00376   0.00246   0.00675   0.02386   0.01006   0.00065   0.00992   0.00744   0.00619   0.00371   0.00055   0.00620   0.00744   0.00747   0.02138   0.15891   0.01105   0.02645   0.02027   0.01639   0.00119   0.00853   0.00746   0.00476   0.00142   0.07863   0.21109   0.07157   0.11837   0.01119   0.10975   0.09887   4.34980  15.47883  14.31459   0.10380   1.00000  
 76  0.1942  10657.020583  x:  0.29881   0.14344   0.09644   0.00272   0.06475   0.05102   0.05301   0.05812   0.06425   0.02481   0.00376   0.00245   0.00675   0.02386   0.01006   0.00065   0.00992   0.00744   0.00619   0.00371   0.00055   0.00620   0.00744   0.00747   0.02138   0.15891   0.01105   0.02645   0.02027   0.01639   0.00119   0.00852   0.00746   0.00476   0.00142   0.07863   0.21109   0.07157   0.11837   0.01119   0.10975   0.09887   4.34982  15.99870  14.83446   0.10380   1.00000  
 77  1.2261  10657.020583  x:  0.29881   0.14344   0.09644   0.00272   0.06475   0.05102   0.05301   0.05812   0.06425   0.02481   0.00376   0.00245   0.00675   0.02386   0.01006   0.00065   0.00992   0.00744   0.00619   0.00371   0.00055   0.00620   0.00744   0.00747   0.02138   0.15891   0.01105   0.02645   0.02027   0.01639   0.00119   0.00852   0.00746   0.00476   0.00142   0.07863   0.21109   0.07157   0.11837   0.01119   0.10975   0.09887   4.34982  15.99921  14.83496   0.10380   1.00000  
 78 93.3834  10657.020583  x:  0.29881   0.14343   0.09644   0.00272   0.06475   0.05102   0.05301   0.05811   0.06425   0.02481   0.00376   0.00246   0.00675   0.02386   0.01006   0.00065   0.00992   0.00744   0.00619   0.00371   0.00055   0.00620   0.00744   0.00747   0.02138   0.15891   0.01105   0.02645   0.02027   0.01639   0.00119   0.00853   0.00746   0.00476   0.00142   0.07863   0.21109   0.07157   0.11837   0.01119   0.10975   0.09887   4.34981  15.99841  14.83416   0.10380   1.00000  
 79  0.0004  10657.020583  x:  0.29881   0.14343   0.09644   0.00272   0.06475   0.05102   0.05301   0.05811   0.06425   0.02481   0.00376   0.00246   0.00675   0.02386   0.01006   0.00065   0.00992   0.00744   0.00619   0.00371   0.00055   0.00620   0.00744   0.00747   0.02138   0.15891   0.01105   0.02645   0.02027   0.01639   0.00119   0.00853   0.00746   0.00476   0.00142   0.07863   0.21109   0.07157   0.11837   0.01119   0.10975   0.09887   4.34982  15.99749  14.83325   0.10380   1.00000  
 80  0.0013  10657.020583  x:  0.29881   0.14343   0.09644   0.00272   0.06475   0.05102   0.05301   0.05811   0.06425   0.02481   0.00376   0.00246   0.00675   0.02386   0.01006   0.00065   0.00992   0.00744   0.00619   0.00371   0.00055   0.00620   0.00744   0.00747   0.02138   0.15891   0.01105   0.02645   0.02027   0.01639   0.00119   0.00853   0.00746   0.00476   0.00142   0.07863   0.21109   0.07157   0.11837   0.01119   0.10975   0.09887   4.34982  15.99770  14.83345   0.10380   1.00000  
 81  0.0002  10657.020583  x:  0.29881   0.14343   0.09644   0.00272   0.06475   0.05102   0.05301   0.05811   0.06425   0.02481   0.00376   0.00246   0.00675   0.02386   0.01006   0.00065   0.00992   0.00744   0.00619   0.00371   0.00055   0.00620   0.00744   0.00747   0.02138   0.15891   0.01105   0.02645   0.02027   0.01639   0.00119   0.00853   0.00746   0.00476   0.00142   0.07863   0.21109   0.07157   0.11837   0.01119   0.10975   0.09887   4.34981  15.99801  14.83377   0.10380   1.00000  
 82  0.0001  10657.020583  x:  0.29881   0.14343   0.09644   0.00272   0.06475   0.05102   0.05301   0.05811   0.06425   0.02481   0.00376   0.00246   0.00675   0.02386   0.01006   0.00065   0.00992   0.00744   0.00619   0.00371   0.00055   0.00620   0.00744   0.00747   0.02138   0.15891   0.01105   0.02645   0.02027   0.01639   0.00119   0.00853   0.00746   0.00476   0.00142   0.07863   0.21109   0.07157   0.11837   0.01119   0.10975   0.09887   4.34979  15.99945  14.83521   0.10380   1.00000  
 83  0.0005  10657.020583  x:  0.29881   0.14343   0.09644   0.00272   0.06475   0.05102   0.05301   0.05811   0.06425   0.02481   0.00376   0.00246   0.00675   0.02386   0.01006   0.00065   0.00992   0.00744   0.00619   0.00371   0.00055   0.00620   0.00744   0.00747   0.02138   0.15891   0.01105   0.02645   0.02027   0.01639   0.00119   0.00853   0.00746   0.00476   0.00142   0.07863   0.21109   0.07157   0.11837   0.01119   0.10975   0.09887   4.34979  15.99943  14.83519   0.10380   1.00000  
 84  0.0000  10657.020583  x:  0.29881   0.14343   0.09644   0.00272   0.06475   0.05102   0.05301   0.05811   0.06425   0.02481   0.00376   0.00246   0.00675   0.02386   0.01006   0.00065   0.00992   0.00744   0.00619   0.00371   0.00055   0.00620   0.00744   0.00747   0.02138   0.15891   0.01105   0.02645   0.02027   0.01639   0.00119   0.00853   0.00746   0.00476   0.00142   0.07863   0.21109   0.07157   0.11837   0.01119   0.10975   0.09887   4.34979  15.99943  14.83519   0.10380   1.00000  