

TREE # 1

  0  0.0000  13454.922323  x:  0.36826   0.07062   0.00720   0.13921   0.12976   0.10564   0.17512   0.07302   0.07041   0.01860   0.03711   0.00956   0.01947   0.01673   0.00903   0.01422   0.02413   0.01472   0.01167   0.01334   0.06697   0.30034   0.00000   0.03920   0.06707   0.03865   0.03363   0.00938   0.02524   0.01451   0.00507   0.01040   0.12469   0.00873   0.10201   0.08664   0.06768   3.00000   1.39835   0.16116   0.29812   2.50136  
  1 99.0000  13422.477963  x:  0.36977   0.07644   0.01351   0.14189   0.12999   0.10644   0.17856   0.07616   0.07062   0.02358   0.03597   0.01114   0.02064   0.01766   0.00493   0.00671   0.02111   0.01385   0.00611   0.00998   0.06663   0.30214   0.00608   0.04137   0.06827   0.03816   0.03223   0.00894   0.02087   0.01578   0.00000   0.00886   0.12728   0.01365   0.10248   0.08804   0.06961   3.00106   1.39920   0.16034   0.28506   2.50135  
  2 1980.9681  13403.336606  x:  0.37099   0.08116   0.01859   0.14407   0.13017   0.10708   0.18136   0.07871   0.07079   0.02758   0.03505   0.01240   0.02159   0.01842   0.00165   0.00063   0.01867   0.01314   0.00166   0.00727   0.06635   0.30360   0.01087   0.04313   0.06925   0.03777   0.03110   0.00858   0.01735   0.01682   0.00050   0.00766   0.12937   0.01761   0.10287   0.08917   0.07117   3.00192   1.39988   0.15968   0.27444   2.50133  
  3 34018.8637  13395.109820  x:  0.37156   0.08320   0.02033   0.14503   0.13024   0.10733   0.18261   0.07982   0.07084   0.02898   0.03464   0.01277   0.02198   0.01867   0.00299   0.00000   0.01779   0.01300   0.00275   0.00670   0.06614   0.30426   0.01176   0.04384   0.06967   0.03761   0.03066   0.00853   0.01599   0.01714   0.00057   0.00749   0.13030   0.01885   0.10303   0.08967   0.07179   3.00233   1.40020   0.15937   0.26949   2.50133  
  4 4434.0331  13354.814032  x:  0.37626   0.10017   0.03509   0.15303   0.13076   0.10940   0.19305   0.08907   0.07133   0.04078   0.03122   0.01598   0.02527   0.02085   0.01186   0.00194   0.01036   0.01173   0.00949   0.00166   0.06440   0.30980   0.01981   0.04983   0.07320   0.03632   0.02690   0.00811   0.00457   0.01990   0.00124   0.00591   0.13802   0.02945   0.10438   0.09378   0.07707   3.00568   1.40287   0.15679   0.22829   2.50128  
  5 85379.0631  13323.017130  x:  0.38155   0.11822   0.04909   0.16172   0.13127   0.11145   0.20448   0.09891   0.07178   0.05170   0.02781   0.01840   0.02822   0.02253   0.01714   0.00299   0.00574   0.01136   0.01310   0.01552   0.06228   0.31602   0.02531   0.05593   0.07696   0.03516   0.02341   0.00842   0.00127   0.02221   0.00169   0.00649   0.14640   0.03889   0.10583   0.09819   0.08245   3.00949   1.40588   0.15388   0.18190   2.50122  
  6 10870.2255  13293.680053  x:  0.38723   0.13732   0.06366   0.17095   0.13183   0.11359   0.21665   0.10930   0.07223   0.06296   0.02437   0.02077   0.03119   0.02415   0.02262   0.00404   0.00341   0.01118   0.01683   0.02315   0.06003   0.32269   0.03072   0.06230   0.08091   0.03401   0.02002   0.00892   0.01052   0.02455   0.00213   0.00710   0.15530   0.04859   0.10738   0.10287   0.08807   3.01359   1.40909   0.15078   0.13241   2.50116  
  7 27206.7212  13279.207684  x:  0.39032   0.14648   0.06930   0.17555   0.13210   0.11445   0.22284   0.11421   0.07239   0.06691   0.02344   0.02097   0.03197   0.02420   0.02399   0.00426   0.01411   0.01219   0.01767   0.02457   0.05881   0.32630   0.03088   0.06500   0.08273   0.03374   0.01976   0.00952   0.01087   0.02480   0.00223   0.00821   0.15971   0.05168   0.10811   0.10510   0.09045   3.01586   1.41074   0.14919   0.10786   2.50112  
  8 7182.7490  13260.158838  x:  0.39698   0.15847   0.06725   0.18266   0.13243   0.11431   0.23344   0.11997   0.07198   0.06198   0.02749   0.01511   0.02830   0.01933   0.01929   0.00344   0.00942   0.01521   0.01400   0.01957   0.05660   0.33382   0.01370   0.06610   0.08437   0.03524   0.02802   0.01173   0.00843   0.01948   0.00170   0.01184   0.16640   0.04486   0.10894   0.10782   0.09123   3.02101   1.41339   0.14668   0.08033   2.50105  
  9 1331.9152  13252.205091  x:  0.40302   0.17004   0.06727   0.18892   0.13234   0.11407   0.24322   0.12519   0.07141   0.05965   0.02679   0.01451   0.02745   0.02005   0.01703   0.00316   0.00945   0.01179   0.01306   0.01879   0.05547   0.34053   0.00247   0.06718   0.08537   0.03466   0.02380   0.00757   0.00815   0.01958   0.00151   0.00508   0.17233   0.04072   0.10916   0.10977   0.09214   3.02611   1.41539   0.14480   0.07830   2.50098  
 10 779.3205  13248.944665  x:  0.40577   0.17531   0.06746   0.19170   0.13224   0.11393   0.24764   0.12747   0.07114   0.05888   0.02636   0.01473   0.02733   0.02054   0.01627   0.00308   0.00942   0.01127   0.01289   0.01839   0.05541   0.34359   0.00000   0.06766   0.08576   0.03433   0.02214   0.00764   0.00805   0.01991   0.00144   0.00718   0.17494   0.03909   0.10919   0.11056   0.09256   3.02854   1.41630   0.14396   0.07941   2.50094  
 11 1373.5726  13229.462840  x:  0.43635   0.22956   0.06043   0.22098   0.13103   0.11131   0.29534   0.14985   0.06793   0.04281   0.02715   0.01205   0.02319   0.02027   0.01153   0.00294   0.00988   0.01558   0.01624   0.01788   0.05766   0.37805   0.00633   0.07052   0.08902   0.03295   0.01895   0.01548   0.00815   0.01825   0.00142   0.00768   0.20230   0.01287   0.10943   0.11829   0.09499   3.05614   1.42630   0.13465   0.09174   2.50055  
 12 2064.4228  13224.965985  x:  0.44542   0.24274   0.05539   0.22758   0.13114   0.11066   0.30809   0.15326   0.06807   0.04036   0.03010   0.01712   0.02689   0.02013   0.01341   0.00301   0.01045   0.01390   0.01508   0.01857   0.06016   0.38835   0.00744   0.07028   0.08902   0.03487   0.02959   0.00894   0.00859   0.02040   0.00142   0.00923   0.20842   0.01243   0.11006   0.11939   0.09664   3.06650   1.42956   0.13165   0.09586   2.50040  
 13 788.3089  13221.964729  x:  0.45471   0.25026   0.04490   0.23027   0.13254   0.11086   0.31834   0.15036   0.06991   0.04263   0.03055   0.01516   0.03039   0.02015   0.01665   0.00305   0.01067   0.01582   0.01196   0.01894   0.06504   0.39901   0.00522   0.06778   0.08772   0.03864   0.03161   0.01392   0.00874   0.02084   0.00140   0.00721   0.21070   0.02309   0.11176   0.11843   0.09930   3.08163   1.43335   0.12826   0.09884   2.50019  
 14 379.8358  13219.195702  x:  0.46404   0.25371   0.03223   0.23061   0.13498   0.11231   0.32678   0.14365   0.07250   0.04469   0.03020   0.01252   0.02913   0.01949   0.01690   0.00305   0.01053   0.01502   0.01167   0.01863   0.06927   0.40976   0.00767   0.06453   0.08588   0.04069   0.02694   0.00877   0.00864   0.01906   0.00141   0.00952   0.21043   0.02822   0.11352   0.11654   0.10018   3.10010   1.43740   0.12470   0.09771   2.49992  
 15 510.6191  13216.887252  x:  0.47362   0.25433   0.02322   0.22917   0.13848   0.11592   0.33407   0.13409   0.07532   0.04723   0.02981   0.02011   0.02700   0.02093   0.01438   0.00295   0.01034   0.01245   0.01358   0.01822   0.07023   0.42061   0.00816   0.06182   0.08432   0.03947   0.02471   0.01128   0.00839   0.02129   0.00139   0.00951   0.20809   0.02814   0.11483   0.11426   0.09929   3.12339   1.44203   0.12069   0.09536   2.49958  
 16 506.6460  13213.557851  x:  0.48838   0.25295   0.02438   0.22552   0.14485   0.12486   0.34409   0.11806   0.07886   0.05297   0.02507   0.02038   0.02872   0.02271   0.01244   0.00289   0.00991   0.02033   0.01521   0.01817   0.06665   0.43676   0.00705   0.06069   0.08379   0.03458   0.02641   0.00926   0.00837   0.02411   0.00138   0.00887   0.20295   0.02576   0.11576   0.11161   0.09718   3.16717   1.45005   0.11385   0.09580   2.49894  
 17 522.1696  13209.356256  x:  0.50501   0.24928   0.03248   0.22056   0.15127   0.13481   0.35443   0.10122   0.08162   0.05756   0.02656   0.01492   0.03120   0.02080   0.01446   0.00306   0.01055   0.01275   0.01437   0.01884   0.06124   0.45433   0.00779   0.06134   0.08510   0.03277   0.02875   0.01140   0.00865   0.02169   0.00143   0.00928   0.19708   0.02283   0.11604   0.11001   0.09524   3.22393   1.45995   0.10550   0.09745   2.49811  
 18 946.4242  13206.217928  x:  0.51659   0.24208   0.04103   0.21560   0.15242   0.13789   0.35970   0.09540   0.08081   0.05479   0.03501   0.01913   0.02891   0.01978   0.01788   0.00316   0.01059   0.01641   0.01198   0.01929   0.05923   0.46504   0.00759   0.06420   0.08803   0.03966   0.02438   0.01049   0.00883   0.01888   0.00148   0.00911   0.19439   0.02355   0.11512   0.11170   0.09577   3.27956   1.46876   0.09822   0.09841   2.49727  
 19 584.8286  13197.543814  x:  0.54200   0.21446   0.05426   0.20211   0.14662   0.13274   0.36615   0.09974   0.07351   0.03783   0.02795   0.01623   0.02142   0.02586   0.01670   0.00324   0.01046   0.01375   0.01388   0.01919   0.06428   0.48464   0.00845   0.07124   0.09283   0.04989   0.02505   0.01011   0.00861   0.02973   0.00150   0.00995   0.19317   0.02854   0.11164   0.12003   0.10036   3.44429   1.49286   0.07874   0.09667   2.49477  
 20 850.6376  13186.816338  x:  0.56823   0.17954   0.06163   0.19020   0.13560   0.11828   0.36889   0.11778   0.06427   0.03390   0.02248   0.02130   0.03702   0.01818   0.01130   0.00309   0.01013   0.01322   0.01867   0.01878   0.07247   0.50067   0.00794   0.07617   0.09201   0.04095   0.02186   0.01047   0.00844   0.02042   0.00154   0.00968   0.19648   0.02926   0.10792   0.12817   0.10437   3.66066   1.52279   0.05497   0.09514   2.49145  
 21 1661.9834  13178.506202  x:  0.58293   0.15774   0.06258   0.18851   0.12768   0.10511   0.36696   0.13674   0.06156   0.04954   0.03174   0.01836   0.03027   0.02578   0.01464   0.00321   0.01030   0.01380   0.01601   0.01929   0.07415   0.50493   0.00719   0.07705   0.08757   0.02719   0.02396   0.01025   0.00866   0.01917   0.00155   0.00929   0.20154   0.02607   0.10645   0.12993   0.10468   3.83538   1.54544   0.03737   0.09611   2.48872  
 22 1786.6279  13170.936938  x:  0.58681   0.15046   0.06053   0.19729   0.12630   0.09902   0.35967   0.15207   0.06700   0.06473   0.02554   0.01930   0.02449   0.01439   0.01821   0.00327   0.01044   0.01395   0.01274   0.01946   0.06474   0.49686   0.00734   0.07371   0.08374   0.03631   0.02486   0.01043   0.00872   0.02354   0.00153   0.00903   0.20590   0.02032   0.10779   0.12381   0.10062   3.98962   1.56329   0.02413   0.09807   2.48624  
 23 1235.7502  13163.381961  x:  0.58421   0.15191   0.05550   0.21262   0.12937   0.09925   0.34706   0.16479   0.07495   0.06800   0.02265   0.01836   0.03228   0.02699   0.01734   0.00316   0.01011   0.01344   0.01258   0.01898   0.05126   0.47866   0.00899   0.06570   0.08100   0.04983   0.02476   0.01084   0.00853   0.01856   0.00151   0.00949   0.20920   0.01551   0.11092   0.11295   0.09474   4.17112   1.58259   0.01037   0.09751   2.48326  
 24 1816.7050  13151.059776  x:  0.56902   0.17357   0.05247   0.23927   0.13938   0.11297   0.32381   0.17366   0.08421   0.05392   0.03618   0.01350   0.03545   0.02191   0.00910   0.00311   0.01000   0.01396   0.02057   0.01881   0.04581   0.43838   0.01020   0.05158   0.08008   0.04196   0.02208   0.01005   0.00845   0.02788   0.00152   0.00982   0.21095   0.02542   0.11644   0.09835   0.09069   4.45618   1.61009  -0.00817   0.09808   2.47846  
 25 1748.8504  13141.846587  x:  0.55196   0.19821   0.05077   0.25526   0.14588   0.12452   0.30708   0.17132   0.08810   0.04305   0.02797   0.01871   0.02599   0.02122   0.01612   0.00317   0.01016   0.01366   0.01382   0.01893   0.05594   0.40601   0.00958   0.04784   0.08266   0.03117   0.02464   0.00980   0.00858   0.01709   0.00150   0.00943   0.20939   0.02905   0.11868   0.09581   0.08988   4.65857   1.62775  -0.01930   0.09897   2.47497  
 26 2108.8474  13134.778710  x:  0.52626   0.22991   0.04043   0.25799   0.14354   0.12641   0.29504   0.15469   0.08098   0.04831   0.02984   0.01605   0.03261   0.02150   0.01780   0.00302   0.00993   0.01409   0.01046   0.01824   0.07188   0.37752   0.00823   0.05993   0.08699   0.03456   0.02311   0.01038   0.00826   0.02307   0.00138   0.00879   0.20406   0.01637   0.11463   0.11042   0.09231   4.82540   1.63885  -0.02464   0.09760   2.47189  
 27 935.4200  13131.510675  x:  0.50889   0.24908   0.03594   0.25415   0.13880   0.12227   0.29259   0.14424   0.07251   0.05292   0.02947   0.01579   0.02843   0.02132   0.01100   0.00298   0.01015   0.01402   0.01699   0.01838   0.06638   0.36727   0.00783   0.06640   0.08629   0.03680   0.02657   0.01015   0.00844   0.01792   0.00142   0.00837   0.20272   0.01913   0.11062   0.11788   0.09760   4.90185   1.64193  -0.02485   0.09957   2.47036  
 28 768.6035  13129.438706  x:  0.49240   0.26223   0.03144   0.24653   0.13370   0.11544   0.29362   0.13666   0.06543   0.04918   0.02846   0.01593   0.02929   0.02064   0.01479   0.00296   0.01000   0.01415   0.01279   0.01805   0.05516   0.36485   0.00904   0.06674   0.08209   0.03323   0.02545   0.01006   0.00829   0.01943   0.00136   0.00876   0.20321   0.01952   0.10695   0.11862   0.10013   4.95033   1.64185  -0.02268   0.09837   2.46925  
 29 473.5589  13127.356850  x:  0.46075   0.27744   0.03690   0.22838   0.12902   0.10556   0.30125   0.13283   0.07067   0.04796   0.02910   0.01543   0.02892   0.02077   0.01395   0.00296   0.01001   0.01427   0.01365   0.01812   0.06027   0.37258   0.00807   0.06186   0.07703   0.03491   0.02578   0.01015   0.00832   0.01905   0.00137   0.00836   0.20778   0.01769   0.10435   0.10647   0.09591   5.00151   1.63711  -0.01495   0.09713   2.46767  
 30 196.3770  13126.640439  x:  0.44277   0.27844   0.03434   0.22203   0.13256   0.10747   0.30666   0.13641   0.07315   0.04853   0.02925   0.01533   0.02907   0.02066   0.01402   0.00295   0.01004   0.01438   0.01348   0.01811   0.05861   0.38010   0.00821   0.06006   0.08503   0.03413   0.02607   0.01012   0.00833   0.01907   0.00136   0.00843   0.20977   0.01781   0.11094   0.11023   0.09422   5.02064   1.63221  -0.00821   0.09764   2.46670  
 31 102.7070  13126.211538  x:  0.42990   0.27517   0.03278   0.22371   0.13748   0.11457   0.31222   0.14030   0.07165   0.04868   0.02945   0.01536   0.02908   0.02074   0.01419   0.00295   0.01008   0.01436   0.01330   0.01813   0.05910   0.38675   0.00819   0.06223   0.07953   0.03496   0.02612   0.01021   0.00835   0.01902   0.00136   0.00847   0.20967   0.01762   0.11004   0.11286   0.09611   5.03268   1.62558   0.00038   0.09766   2.46567  
 32 71.1176  13125.971600  x:  0.42492   0.27143   0.03178   0.22987   0.13643   0.11594   0.31726   0.14004   0.07026   0.04910   0.02936   0.01542   0.02920   0.02073   0.01421   0.00295   0.01008   0.01436   0.01326   0.01812   0.05961   0.38999   0.00816   0.06348   0.08347   0.03464   0.02618   0.01018   0.00835   0.01911   0.00136   0.00849   0.20774   0.01788   0.10596   0.10998   0.09745   5.04023   1.61757   0.01055   0.09724   2.46453  
 33 45.3253  13125.622686  x:  0.42398   0.26672   0.03363   0.23895   0.13197   0.11357   0.32526   0.13672   0.07257   0.04825   0.02952   0.01559   0.02935   0.02081   0.01413   0.00297   0.01013   0.01445   0.01357   0.01823   0.06030   0.39156   0.00813   0.06347   0.08219   0.03452   0.02618   0.01023   0.00840   0.01923   0.00137   0.00854   0.20449   0.01853   0.11100   0.11265   0.09664   5.05226   1.60024   0.03261   0.09641   2.46204  
 34 53.8468  13124.941045  x:  0.43794   0.26462   0.03467   0.23665   0.13830   0.11451   0.33405   0.13787   0.07028   0.04970   0.02984   0.01579   0.02954   0.02097   0.01430   0.00301   0.01027   0.01465   0.01377   0.01849   0.06174   0.38832   0.00809   0.05751   0.08347   0.03594   0.02661   0.01032   0.00852   0.01952   0.00139   0.00863   0.20771   0.01832   0.11056   0.11543   0.09737   5.07660   1.55891   0.08599   0.09462   2.45568  
 35 60.9476  13124.550662  x:  0.44727   0.26428   0.03301   0.23356   0.14093   0.11588   0.33664   0.13964   0.07525   0.04901   0.03027   0.01574   0.02985   0.02095   0.01442   0.00302   0.01036   0.01480   0.01371   0.01858   0.06091   0.38745   0.00820   0.06336   0.08418   0.03540   0.02684   0.01047   0.00859   0.01955   0.00139   0.00872   0.21045   0.01885   0.11031   0.11487   0.09840   5.09099   1.53433   0.11819   0.09387   2.45167  
 36 217.9360  13124.390451  x:  0.45123   0.26620   0.03263   0.23328   0.13758   0.11943   0.33042   0.14067   0.07271   0.04944   0.03034   0.01573   0.02983   0.02096   0.01449   0.00302   0.01040   0.01484   0.01367   0.01862   0.06141   0.39271   0.00808   0.06469   0.08442   0.03579   0.02701   0.01052   0.00861   0.01956   0.00139   0.00871   0.21159   0.01842   0.11386   0.11251   0.09903   5.09667   1.52536   0.13155   0.09355   2.44933  
 37 38.4544  13124.271750  x:  0.45345   0.26833   0.03297   0.23536   0.13796   0.11836   0.32190   0.14067   0.07440   0.04925   0.03044   0.01575   0.02989   0.02098   0.01448   0.00303   0.01043   0.01488   0.01377   0.01868   0.06144   0.40000   0.00800   0.06357   0.08461   0.03573   0.02705   0.01053   0.00864   0.01957   0.00140   0.00872   0.21188   0.01879   0.11152   0.11524   0.09832   5.10062   1.52047   0.14112   0.09331   2.44683  
 38 29.4671  13124.226969  x:  0.45369   0.26855   0.03336   0.23623   0.14076   0.11592   0.32020   0.14028   0.07377   0.04909   0.03047   0.01576   0.02990   0.02098   0.01445   0.00303   0.01043   0.01490   0.01380   0.01868   0.06172   0.40148   0.00795   0.06425   0.08469   0.03567   0.02705   0.01056   0.00864   0.01961   0.00140   0.00870   0.21143   0.01828   0.11283   0.11433   0.10026   5.10171   1.52130   0.14380   0.09331   2.44496  
 39  8.9254  13122.605695  x:  0.45724   0.26765   0.03047   0.23599   0.14749   0.11131   0.32141   0.14243   0.06465   0.04703   0.03071   0.01519   0.02912   0.02073   0.01413   0.00298   0.01044   0.01482   0.01362   0.01835   0.06234   0.40452   0.00741   0.07111   0.08375   0.03532   0.02749   0.01041   0.00855   0.01907   0.00139   0.00842   0.20228   0.02176   0.11357   0.11189   0.08129   5.13089   1.60691   0.21603   0.09321   2.36006  
 40  9.6343  13107.372532  x:  0.48289   0.24506   0.01173   0.21918   0.14030   0.11666   0.33458   0.14758   0.07247   0.03349   0.03352   0.00992   0.02524   0.01947   0.01100   0.00226   0.00993   0.01558   0.00983   0.01428   0.06144   0.41852   0.00301   0.05733   0.08077   0.03463   0.03079   0.01052   0.00729   0.01619   0.00115   0.00573   0.15122   0.00892   0.10812   0.11212   0.09346   5.38971   2.37906   0.85556   0.09531   1.60068  
 41 615.8409  13101.919178  x:  0.48685   0.21738   0.00561   0.22468   0.14121   0.12006   0.33510   0.11640   0.06966   0.02807   0.03392   0.00852   0.02394   0.01925   0.00972   0.00200   0.00974   0.01563   0.00881   0.01276   0.06344   0.42175   0.00159   0.05877   0.08056   0.03409   0.03153   0.01042   0.00677   0.01562   0.00108   0.00492   0.20142   0.00639   0.10777   0.11320   0.09030   5.49219   2.68616   1.10788   0.09610   1.29961  
 42 825.6101  13095.475237  x:  0.49547   0.19975   0.01405   0.22073   0.14003   0.11907   0.33470   0.10934   0.07036   0.02769   0.03303   0.01008   0.02250   0.01928   0.00827   0.00181   0.01051   0.01501   0.00797   0.01193   0.06364   0.42668   0.00143   0.05700   0.08024   0.03464   0.03115   0.01002   0.00685   0.01617   0.00097   0.00611   0.20581   0.00865   0.10711   0.11236   0.09015   5.62475   2.94118   1.33907   0.09806   1.00000  
 43  1.8938  13089.534738  x:  0.50635   0.17058   0.00894   0.20930   0.14001   0.12124   0.32779   0.11031   0.07246   0.03690   0.03010   0.01289   0.02252   0.01864   0.00478   0.00126   0.01283   0.01331   0.00524   0.00974   0.06205   0.43083   0.00203   0.05330   0.07892   0.03665   0.02883   0.00885   0.00738   0.01742   0.00072   0.00876   0.19918   0.01155   0.10621   0.10886   0.08976   5.98679   3.26314   1.62265   0.10240   1.00000  
 44  0.9134  13087.363643  x:  0.50791   0.16800   0.01911   0.20473   0.13907   0.11750   0.31736   0.11190   0.07277   0.03251   0.03060   0.01200   0.02426   0.01818   0.00618   0.00131   0.01495   0.01327   0.00391   0.01002   0.06223   0.42817   0.00122   0.05252   0.07828   0.03730   0.02788   0.00913   0.00870   0.01760   0.00082   0.00888   0.19546   0.01010   0.10655   0.10631   0.08949   6.22646   3.34855   1.70145   0.10378   1.00000  
 45  0.3178  13086.941571  x:  0.50778   0.16918   0.02074   0.20474   0.13891   0.11679   0.31610   0.11195   0.07263   0.03167   0.03087   0.01184   0.02428   0.01819   0.00486   0.00135   0.01547   0.01339   0.00569   0.01022   0.06218   0.42749   0.00130   0.05279   0.07826   0.03725   0.02780   0.00923   0.00911   0.01768   0.00089   0.00896   0.19505   0.01045   0.10662   0.10628   0.08948   6.27633   3.36667   1.72144   0.10378   1.00000  
 46  0.2796  13086.467184  x:  0.50704   0.17571   0.02028   0.20892   0.13884   0.11641   0.31970   0.11083   0.07195   0.03179   0.03085   0.01250   0.02284   0.01901   0.00584   0.00146   0.01637   0.01378   0.00564   0.01051   0.06171   0.42705   0.00239   0.05445   0.07867   0.03716   0.02782   0.00947   0.01005   0.01712   0.00101   0.00945   0.19640   0.01280   0.10667   0.10805   0.08949   6.34699   3.37357   1.73678   0.10252   1.00000  
 47  0.0850  13086.079122  x:  0.50735   0.17749   0.02020   0.21178   0.13871   0.11674   0.32465   0.11082   0.07169   0.03346   0.03078   0.01322   0.02234   0.01887   0.00483   0.00135   0.01708   0.01434   0.00512   0.00965   0.06210   0.42771   0.00158   0.05478   0.07887   0.03645   0.02864   0.00974   0.01093   0.01674   0.00105   0.00924   0.19664   0.01184   0.10663   0.10906   0.08972   6.41277   3.36105   1.71845   0.10062   1.00000  
 48  0.0595  13085.763365  x:  0.51111   0.17509   0.01862   0.21134   0.13966   0.11847   0.32849   0.11332   0.07239   0.03258   0.03125   0.01218   0.02447   0.01839   0.00511   0.00138   0.01771   0.01361   0.00496   0.00904   0.06246   0.43094   0.00184   0.05386   0.07910   0.03623   0.02887   0.00924   0.01209   0.01759   0.00122   0.00930   0.19838   0.01151   0.10710   0.10863   0.09031   6.41875   3.28586   1.64235   0.09991   1.00000  
 49  0.0715  13085.536555  x:  0.51129   0.17628   0.01759   0.20900   0.13988   0.11794   0.32410   0.11239   0.07251   0.03276   0.03101   0.01204   0.02298   0.01897   0.00545   0.00145   0.01783   0.01348   0.00520   0.00870   0.06222   0.43106   0.00140   0.05404   0.07883   0.03705   0.02858   0.00912   0.01316   0.01698   0.00143   0.00870   0.19917   0.01076   0.10711   0.10773   0.09017   6.36430   3.16966   1.52976   0.10089   1.00000  
 50  0.0993  13085.430061  x:  0.50860   0.17633   0.01750   0.20999   0.13947   0.11766   0.32204   0.11114   0.07214   0.03185   0.03081   0.01237   0.02326   0.01878   0.00498   0.00141   0.01751   0.01379   0.00511   0.00826   0.06182   0.42881   0.00190   0.05434   0.07873   0.03680   0.02820   0.00948   0.01368   0.01671   0.00152   0.00874   0.19830   0.01113   0.10687   0.10799   0.08986   6.32069   3.07330   1.43671   0.10127   1.00000  
 51  0.1109  13085.378482  x:  0.50700   0.17498   0.01815   0.21077   0.13927   0.11788   0.32266   0.11143   0.07213   0.03297   0.03090   0.01228   0.02346   0.01855   0.00511   0.00145   0.01718   0.01400   0.00520   0.00846   0.06229   0.42781   0.00180   0.05432   0.07884   0.03656   0.02844   0.00958   0.01402   0.01712   0.00161   0.00869   0.19748   0.01167   0.10686   0.10849   0.08981   6.28844   2.99479   1.36281   0.10138   1.00000  
 52  0.0947  13085.340022  x:  0.50629   0.17525   0.01900   0.20878   0.13913   0.11754   0.32278   0.11239   0.07222   0.03253   0.03113   0.01238   0.02321   0.01873   0.00496   0.00144   0.01678   0.01368   0.00499   0.00855   0.06240   0.42749   0.00174   0.05400   0.07878   0.03655   0.02874   0.00927   0.01428   0.01705   0.00170   0.00885   0.19620   0.01157   0.10680   0.10818   0.08992   6.28281   2.91227   1.27486   0.10124   1.00000  
 53  0.0694  13085.317566  x:  0.50824   0.17498   0.01911   0.20973   0.13925   0.11733   0.32232   0.11101   0.07234   0.03260   0.03098   0.01248   0.02351   0.01865   0.00505   0.00146   0.01651   0.01374   0.00495   0.00876   0.06217   0.42870   0.00170   0.05414   0.07877   0.03671   0.02864   0.00932   0.01435   0.01679   0.00178   0.00902   0.19752   0.01122   0.10694   0.10802   0.08991   6.29708   2.84779   1.21018   0.10117   1.00000  
 54  0.0480  13085.300364  x:  0.50923   0.17523   0.01865   0.21020   0.13937   0.11756   0.32258   0.11160   0.07230   0.03231   0.03087   0.01227   0.02327   0.01871   0.00497   0.00146   0.01632   0.01388   0.00491   0.00883   0.06207   0.42930   0.00162   0.05416   0.07876   0.03668   0.02850   0.00944   0.01431   0.01708   0.00185   0.00905   0.19791   0.01168   0.10694   0.10803   0.08978   6.31645   2.79048   1.15458   0.10117   1.00000  
 55  0.0577  13085.284030  x:  0.50874   0.17606   0.01832   0.21009   0.13940   0.11795   0.32406   0.11229   0.07223   0.03275   0.03089   0.01233   0.02319   0.01868   0.00491   0.00147   0.01622   0.01375   0.00500   0.00886   0.06209   0.42900   0.00180   0.05412   0.07886   0.03664   0.02825   0.00941   0.01417   0.01712   0.00194   0.00896   0.19812   0.01123   0.10690   0.10840   0.09000   6.32906   2.73110   1.09804   0.10110   1.00000  
 56  0.0500  13085.266723  x:  0.50771   0.17561   0.01802   0.20977   0.13934   0.11791   0.32409   0.11201   0.07215   0.03255   0.03104   0.01245   0.02348   0.01864   0.00494   0.00147   0.01620   0.01374   0.00501   0.00875   0.06232   0.42825   0.00168   0.05422   0.07889   0.03667   0.02832   0.00935   0.01390   0.01682   0.00205   0.00872   0.19721   0.01156   0.10686   0.10838   0.09000   6.33290   2.67926   1.04345   0.10100   1.00000  
 57  0.0414  13085.251442  x:  0.50763   0.17516   0.01848   0.20980   0.13920   0.11744   0.32250   0.11141   0.07224   0.03259   0.03102   0.01223   0.02330   0.01875   0.00497   0.00147   0.01630   0.01380   0.00495   0.00861   0.06222   0.42813   0.00176   0.05424   0.07876   0.03661   0.02858   0.00936   0.01359   0.01705   0.00215   0.00869   0.19715   0.01133   0.10689   0.10805   0.08995   6.32975   2.65936   1.01936   0.10105   1.00000  
 58  0.0185  13085.242052  x:  0.50841   0.17599   0.01881   0.20973   0.13930   0.11758   0.32267   0.11224   0.07232   0.03258   0.03096   0.01242   0.02336   0.01863   0.00498   0.00148   0.01653   0.01383   0.00495   0.00867   0.06210   0.42894   0.00175   0.05409   0.07876   0.03663   0.02860   0.00942   0.01349   0.01700   0.00223   0.00877   0.19763   0.01148   0.10689   0.10812   0.08987   6.32188   2.66613   1.03088   0.10120   1.00000  
 59  0.0079  13085.238430  x:  0.50848   0.17554   0.01876   0.20998   0.13933   0.11768   0.32348   0.11175   0.07221   0.03261   0.03096   0.01235   0.02334   0.01870   0.00493   0.00147   0.01667   0.01375   0.00494   0.00867   0.06224   0.42895   0.00172   0.05422   0.07886   0.03669   0.02848   0.00937   0.01350   0.01700   0.00228   0.00885   0.19765   0.01152   0.10691   0.10829   0.08996   6.31637   2.68689   1.05308   0.10115   1.00000  
 60  0.0214  13085.237362  x:  0.50816   0.17558   0.01859   0.20989   0.13933   0.11769   0.32319   0.11181   0.07227   0.03257   0.03098   0.01240   0.02333   0.01870   0.00495   0.00147   0.01668   0.01379   0.00494   0.00870   0.06223   0.42860   0.00170   0.05419   0.07884   0.03667   0.02844   0.00938   0.01351   0.01705   0.00230   0.00887   0.19752   0.01144   0.10693   0.10821   0.08995   6.31281   2.70998   1.07509   0.10109   1.00000  
 61  0.0199  13085.236683  x:  0.50798   0.17564   0.01855   0.20980   0.13929   0.11760   0.32292   0.11186   0.07227   0.03261   0.03098   0.01232   0.02333   0.01867   0.00493   0.00147   0.01667   0.01377   0.00493   0.00873   0.06216   0.42847   0.00172   0.05415   0.07879   0.03666   0.02845   0.00939   0.01351   0.01698   0.00231   0.00885   0.19749   0.01146   0.10689   0.10816   0.08991   6.31214   2.74323   1.10698   0.10112   1.00000  
 62  0.0233  13085.236226  x:  0.50806   0.17552   0.01858   0.20989   0.13930   0.11764   0.32310   0.11182   0.07221   0.03257   0.03097   0.01237   0.02334   0.01870   0.00492   0.00147   0.01665   0.01378   0.00492   0.00876   0.06219   0.42860   0.00172   0.05420   0.07881   0.03666   0.02848   0.00938   0.01352   0.01701   0.00232   0.00882   0.19748   0.01145   0.10688   0.10822   0.08993   6.31369   2.77805   1.14219   0.10117   1.00000  
 63  0.0273  13085.236055  x:  0.50817   0.17562   0.01861   0.20985   0.13933   0.11768   0.32314   0.11181   0.07227   0.03259   0.03097   0.01235   0.02334   0.01869   0.00493   0.00146   0.01664   0.01379   0.00493   0.00873   0.06223   0.42866   0.00172   0.05417   0.07884   0.03667   0.02848   0.00939   0.01353   0.01701   0.00232   0.00882   0.19753   0.01145   0.10692   0.10821   0.08994   6.31470   2.79518   1.16005   0.10113   1.00000  
 64  0.0121  13085.236004  x:  0.50817   0.17559   0.01861   0.20989   0.13932   0.11765   0.32312   0.11185   0.07225   0.03259   0.03098   0.01236   0.02333   0.01869   0.00493   0.00146   0.01663   0.01378   0.00493   0.00872   0.06220   0.42866   0.00172   0.05419   0.07882   0.03667   0.02847   0.00938   0.01353   0.01701   0.00232   0.00883   0.19751   0.01146   0.10690   0.10821   0.08994   6.31452   2.80033   1.16484   0.10114   1.00000  
 65  0.0043  13085.235994  x:  0.50813   0.17563   0.01861   0.20987   0.13931   0.11764   0.32314   0.11182   0.07225   0.03259   0.03097   0.01236   0.02334   0.01869   0.00493   0.00146   0.01662   0.01378   0.00493   0.00872   0.06220   0.42863   0.00172   0.05418   0.07882   0.03666   0.02847   0.00938   0.01353   0.01701   0.00232   0.00883   0.19751   0.01146   0.10690   0.10822   0.08994   6.31448   2.80049   1.16486   0.10115   1.00000  
 66  0.0001  13085.235969  x:  0.50809   0.17556   0.01860   0.20988   0.13931   0.11767   0.32314   0.11185   0.07225   0.03259   0.03097   0.01236   0.02333   0.01869   0.00494   0.00146   0.01662   0.01378   0.00493   0.00872   0.06221   0.42860   0.00172   0.05418   0.07884   0.03666   0.02848   0.00938   0.01352   0.01700   0.00232   0.00884   0.19752   0.01146   0.10691   0.10821   0.08993   6.31442   2.79968   1.16409   0.10115   1.00000  
 67  0.0002  13085.235936  x:  0.50813   0.17562   0.01860   0.20988   0.13932   0.11765   0.32312   0.11183   0.07225   0.03259   0.03097   0.01236   0.02334   0.01869   0.00494   0.00145   0.01663   0.01378   0.00493   0.00872   0.06221   0.42864   0.00172   0.05420   0.07882   0.03667   0.02848   0.00938   0.01353   0.01701   0.00232   0.00883   0.19752   0.01146   0.10690   0.10821   0.08994   6.31439   2.79764   1.16218   0.10115   1.00000  
 68  0.0012  13085.235932  x:  0.50814   0.17561   0.01861   0.20988   0.13931   0.11765   0.32313   0.11184   0.07225   0.03259   0.03097   0.01236   0.02334   0.01869   0.00494   0.00145   0.01663   0.01378   0.00494   0.00872   0.06220   0.42864   0.00172   0.05418   0.07882   0.03667   0.02847   0.00938   0.01353   0.01701   0.00232   0.00883   0.19751   0.01146   0.10690   0.10821   0.08994   6.31447   2.79655   1.16104   0.10115   1.00000  
 69  0.0014  13085.235932  x:  0.50814   0.17561   0.01861   0.20988   0.13932   0.11765   0.32313   0.11184   0.07225   0.03259   0.03097   0.01236   0.02334   0.01869   0.00494   0.00145   0.01663   0.01378   0.00494   0.00872   0.06220   0.42864   0.00172   0.05419   0.07882   0.03667   0.02847   0.00938   0.01353   0.01701   0.00232   0.00883   0.19751   0.01146   0.10690   0.10821   0.08994   6.31448   2.79626   1.16073   0.10115   1.00000  
 70  0.0004  13085.235932  x:  0.50814   0.17561   0.01861   0.20988   0.13932   0.11765   0.32313   0.11184   0.07225   0.03259   0.03097   0.01236   0.02334   0.01869   0.00494   0.00145   0.01663   0.01378   0.00494   0.00872   0.06220   0.42864   0.00172   0.05419   0.07882   0.03667   0.02847   0.00938   0.01353   0.01701   0.00232   0.00883   0.19751   0.01146   0.10690   0.10821   0.08994   6.31448   2.79623   1.16071   0.10115   1.00000  
 71  0.0001  13085.235932  x:  0.50814   0.17561   0.01861   0.20988   0.13932   0.11765   0.32313   0.11184   0.07225   0.03259   0.03097   0.01236   0.02334   0.01869   0.00494   0.00145   0.01663   0.01378   0.00494   0.00872   0.06220   0.42864   0.00172   0.05419   0.07882   0.03667   0.02847   0.00938   0.01353   0.01701   0.00232   0.00883   0.19751   0.01146   0.10690   0.10821   0.08994   6.31448   2.79623   1.16070   0.10115   1.00000  