Supplemental results for CODEML (seqf: Human_TAS1R1_breaks2_2nd_attempt.txt  treef: TAS1R1_revised_tree_following_error_message.txt)


MLEs of dN/dS (w) for site classes (K=4)

site class             0        1       2a       2b
proportion       0.74303  0.23195  0.01907  0.00595
background w     0.10371  1.00000  0.10371  1.00000
foreground w     0.10371  1.00000  1.00000  1.00000

Naive Empirical Bayes (NEB) probabilities for 4 classes
(amino acids refer to 1st sequence: 1.Tarsier)

   1 M   0.96751 0.00785 0.02443 0.00020 ( 1)
   2 F   0.65954 0.31557 0.01679 0.00810 ( 1)
   3 H   0.47099 0.50417 0.01190 0.01294 ( 2)
   4 H   0.00043 0.97454 0.00001 0.02501 ( 2)
   5 V   0.00001 0.97496 0.00000 0.02502 ( 2)
   6 A   0.61759 0.35749 0.01574 0.00918 ( 1)
   7 H   0.00681 0.96816 0.00017 0.02485 ( 2)
   8 L   0.92974 0.04542 0.02367 0.00117 ( 1)
   9 V   0.42750 0.54766 0.01079 0.01406 ( 2)
  10 G   0.87817 0.09713 0.02221 0.00249 ( 1)
  11 L   0.92316 0.05200 0.02351 0.00133 ( 1)
  12 Q   0.92659 0.04859 0.02357 0.00125 ( 1)
  13 L   0.91713 0.05800 0.02338 0.00149 ( 1)
  14 S   0.05462 0.92037 0.00138 0.02362 ( 2)
  15 I   0.58545 0.38965 0.01490 0.01000 ( 1)
  16 S   0.87613 0.09916 0.02216 0.00255 ( 1)
  17 C   0.85447 0.12080 0.02163 0.00310 ( 1)
  18 C   0.96131 0.01400 0.02434 0.00036 ( 1)
  19 W   0.66801 0.30710 0.01701 0.00788 ( 1)
  20 A   0.95683 0.01854 0.02415 0.00048 ( 1)
  21 F   0.77787 0.19726 0.01981 0.00506 ( 1)
  22 S   0.46801 0.50715 0.01181 0.01302 ( 2)
  23 C   0.96160 0.01370 0.02435 0.00035 ( 1)
  24 H   0.95856 0.01659 0.02443 0.00043 ( 1)
  25 N   0.08409 0.89092 0.00213 0.02287 ( 2)
  26 T   0.01616 0.95882 0.00041 0.02461 ( 2)
  27 E   0.81350 0.16173 0.02062 0.00415 ( 1)
  28 F   0.03769 0.93729 0.00096 0.02406 ( 2)
  29 S   0.90937 0.06574 0.02319 0.00169 ( 1)
  30 P   0.93207 0.04306 0.02376 0.00111 ( 1)
  31 D   0.90178 0.07356 0.02277 0.00189 ( 1)
  32 F   0.96829 0.00709 0.02444 0.00018 ( 1)
  33 S   0.88075 0.09456 0.02225 0.00243 ( 1)
  34 L   0.96474 0.01061 0.02438 0.00027 ( 1)
  35 P   0.77202 0.20325 0.01951 0.00522 ( 1)
  36 G   0.94703 0.02801 0.02424 0.00072 ( 1)
  37 N   0.68004 0.29507 0.01732 0.00757 ( 1)
  38 Y   0.96074 0.01456 0.02433 0.00037 ( 1)
  39 L   0.96452 0.01083 0.02437 0.00028 ( 1)
  40 L   0.92777 0.04740 0.02362 0.00122 ( 1)
  41 A   0.40773 0.56728 0.01043 0.01456 ( 2)
  42 G   0.96333 0.01200 0.02436 0.00031 ( 1)
  43 F   0.19238 0.78263 0.00490 0.02009 ( 2)
  44 F   0.96823 0.00715 0.02444 0.00018 ( 1)
  45 P   0.59056 0.38451 0.01506 0.00987 ( 1)
  46 L   0.96571 0.00965 0.02440 0.00025 ( 1)
  47 H   0.92635 0.04879 0.02361 0.00125 ( 1)
  48 G   0.13057 0.84442 0.00333 0.02167 ( 2)
  49 D   0.28425 0.69083 0.00719 0.01773 ( 2)
  50 C   0.13001 0.84499 0.00332 0.02169 ( 2)
  51 L   0.65330 0.32181 0.01663 0.00826 ( 1)
  52 Q   0.93938 0.03581 0.02389 0.00092 ( 1)
  53 V   0.95978 0.01550 0.02432 0.00040 ( 1)
  54 R   0.93115 0.04409 0.02363 0.00113 ( 1)
  55 H   0.45711 0.51804 0.01156 0.01330 ( 2)
  56 R   0.86637 0.10869 0.02215 0.00279 ( 1)
  57 P   0.95817 0.01717 0.02422 0.00044 ( 1)
  58 E   0.95739 0.01789 0.02426 0.00046 ( 1)
  59 V   0.95893 0.01635 0.02429 0.00042 ( 1)
  60 T   0.80773 0.16756 0.02041 0.00430 ( 1)
  61 L   0.93740 0.03776 0.02387 0.00097 ( 1)
  62 C   0.90191 0.07321 0.02300 0.00188 ( 1)
  63 D   0.96460 0.01077 0.02436 0.00028 ( 1)
  64 R   0.94360 0.03164 0.02394 0.00081 ( 1)
  65 T   0.00045 0.97453 0.00001 0.02501 ( 2)
  66 C   0.04107 0.93391 0.00105 0.02397 ( 2)
  67 G   0.06741 0.90759 0.00170 0.02330 ( 2)
  68 F   0.96595 0.00943 0.02438 0.00024 ( 1)
  69 N   0.93224 0.04290 0.02375 0.00110 ( 1)
  70 G   0.28357 0.69150 0.00719 0.01775 ( 2)
  71 H   0.95508 0.02007 0.02434 0.00052 ( 1)
  72 G   0.82696 0.14832 0.02091 0.00381 ( 1)
  73 Y   0.39616 0.57894 0.01003 0.01486 ( 2)
  74 H   0.36551 0.60960 0.00924 0.01565 ( 2)
  75 L   0.86956 0.10576 0.02197 0.00271 ( 1)
  76 F   0.90597 0.06938 0.02287 0.00178 ( 1)
  77 Q   0.21280 0.76222 0.00541 0.01956 ( 2)
  78 A   0.33036 0.64468 0.00842 0.01655 ( 2)
  79 M   0.40494 0.57020 0.01023 0.01464 ( 2)
  80 R   0.72762 0.24753 0.01849 0.00635 ( 1)
  81 L   0.66849 0.30660 0.01704 0.00787 ( 1)
  82 S   0.00055 0.97442 0.00001 0.02501 ( 2)
  83 I   0.18149 0.79352 0.00462 0.02037 ( 2)
  84 E   0.18750 0.78753 0.00475 0.02021 ( 2)
  85 A   0.75326 0.22195 0.01909 0.00570 ( 1)
  86 I   0.92669 0.04847 0.02359 0.00124 ( 1)
  87 N   0.96312 0.01223 0.02434 0.00031 ( 1)
  88 N   0.96312 0.01223 0.02434 0.00031 ( 1)
  89 S   0.96060 0.01473 0.02430 0.00038 ( 1)
  90 T   0.94796 0.02730 0.02404 0.00070 ( 1)
  91 V   0.47296 0.50221 0.01194 0.01289 ( 2)
  92 L   0.92068 0.05448 0.02344 0.00140 ( 1)
  93 L   0.92043 0.05473 0.02344 0.00140 ( 1)
  94 P   0.96449 0.01085 0.02438 0.00028 ( 1)
  95 N   0.77147 0.20380 0.01950 0.00523 ( 1)
  96 V   0.10533 0.86970 0.00266 0.02232 ( 2)
  97 T   0.89054 0.08479 0.02250 0.00218 ( 1)
  98 L   0.52672 0.44836 0.01341 0.01151 ( 1)
  99 G   0.95446 0.02078 0.02422 0.00053 ( 1)
 100 Y   0.18931 0.78573 0.00479 0.02017 ( 2)
 101 E   0.00374 0.97124 0.00010 0.02493 ( 2)
 102 L   0.92783 0.04733 0.02362 0.00121 ( 1)
 103 Y   0.08444 0.89055 0.00215 0.02286 ( 2)
 104 D   0.93538 0.03978 0.02382 0.00102 ( 1)
 105 V   0.95463 0.02065 0.02419 0.00053 ( 1)
 106 C   0.95541 0.01972 0.02437 0.00051 ( 1)
 107 S   0.92535 0.04977 0.02360 0.00128 ( 1)
 108 E   0.83616 0.13915 0.02112 0.00357 ( 1)
 109 S   0.90629 0.06883 0.02311 0.00177 ( 1)
 110 A   0.96525 0.01013 0.02437 0.00026 ( 1)
 111 N   0.92719 0.04795 0.02362 0.00123 ( 1)
 112 V   0.95463 0.02065 0.02419 0.00053 ( 1)
 113 Y   0.90382 0.07129 0.02306 0.00183 ( 1)
 114 A   0.96407 0.01130 0.02434 0.00029 ( 1)
 115 T   0.94815 0.02711 0.02404 0.00070 ( 1)
 116 L   0.92068 0.05448 0.02344 0.00140 ( 1)
 117 S   0.08920 0.88578 0.00228 0.02274 ( 2)
 118 V   0.80709 0.16814 0.02045 0.00432 ( 1)
 119 L   0.96308 0.01228 0.02433 0.00032 ( 1)
 120 S   0.95974 0.01558 0.02428 0.00040 ( 1)
 121 L   0.14078 0.83422 0.00358 0.02141 ( 2)
 122 P   0.41858 0.55643 0.01071 0.01428 ( 2)
 123 G   0.95196 0.02329 0.02416 0.00060 ( 1)
 124 T   0.07688 0.89811 0.00197 0.02305 ( 2)
 125 R   0.00001 0.97497 0.00000 0.02502 ( 2)
 126 H   0.96171 0.01362 0.02432 0.00035 ( 1)
 127 I   0.92387 0.05129 0.02352 0.00132 ( 1)
 128 D   0.31020 0.66487 0.00786 0.01707 ( 2)
 129 I   0.87786 0.09745 0.02218 0.00250 ( 1)
 130 Q   0.89254 0.08252 0.02282 0.00212 ( 1)
 131 G   0.44276 0.53225 0.01133 0.01366 ( 2)
 132 D   0.83559 0.13972 0.02110 0.00359 ( 1)
 133 F   0.12465 0.85035 0.00318 0.02183 ( 2)
 134 L   0.96308 0.01228 0.02433 0.00032 ( 1)
 135 H   0.00544 0.96954 0.00014 0.02489 ( 2)
 136 Y   0.90284 0.07227 0.02304 0.00185 ( 1)
 137 S   0.03746 0.93752 0.00095 0.02406 ( 2)
 138 P   0.94853 0.02660 0.02418 0.00068 ( 1)
 139 K   0.77432 0.20080 0.01974 0.00515 ( 1)
 140 I   0.69469 0.28051 0.01760 0.00720 ( 1)
 141 V   0.72340 0.25172 0.01842 0.00646 ( 1)
 142 A   0.94333 0.03172 0.02413 0.00081 ( 1)
 143 V   0.95481 0.02048 0.02419 0.00053 ( 1)
 144 I   0.52639 0.44869 0.01340 0.01152 ( 1)
 145 G   0.79656 0.17864 0.02021 0.00459 ( 1)
 146 P   0.62953 0.34555 0.01605 0.00887 ( 1)
 147 D   0.45125 0.52390 0.01140 0.01345 ( 2)
 148 S   0.00032 0.97465 0.00001 0.02502 ( 2)
 149 T   0.87869 0.09663 0.02220 0.00248 ( 1)
 150 D   0.09478 0.88023 0.00240 0.02259 ( 2)
 151 H   0.00014 0.97483 0.00000 0.02502 ( 2)
 152 A   0.62046 0.35463 0.01581 0.00910 ( 1)
 153 A   0.73445 0.24083 0.01854 0.00618 ( 1)
 154 T   0.63010 0.34512 0.01592 0.00886 ( 1)
 155 T   0.08316 0.89183 0.00213 0.02289 ( 2)
 156 A   0.94579 0.02946 0.02399 0.00076 ( 1)
 157 A   0.86553 0.10980 0.02185 0.00282 ( 1)
 158 L   0.91671 0.05845 0.02334 0.00150 ( 1)
 159 L   0.92492 0.05024 0.02355 0.00129 ( 1)
 160 S   0.85918 0.11612 0.02172 0.00298 ( 1)
 161 P   0.90622 0.06891 0.02310 0.00177 ( 1)
 162 F   0.39262 0.58252 0.00991 0.01495 ( 2)
 163 L   0.91817 0.05699 0.02338 0.00146 ( 1)
 164 V   0.35592 0.61917 0.00902 0.01589 ( 2)
 165 P   0.96419 0.01115 0.02437 0.00029 ( 1)
 166 L   0.16757 0.80747 0.00423 0.02073 ( 2)
 167 I   0.96858 0.00683 0.02442 0.00018 ( 1)
 168 S   0.96533 0.01001 0.02441 0.00026 ( 1)
 169 Y   0.93297 0.04215 0.02381 0.00108 ( 1)
 170 E   0.00382 0.97115 0.00010 0.02493 ( 2)
 171 A   0.96790 0.00748 0.02443 0.00019 ( 1)
 172 S   0.96533 0.01001 0.02441 0.00026 ( 1)
 173 S   0.96465 0.01069 0.02439 0.00027 ( 1)
 174 T   0.00037 0.97460 0.00001 0.02502 ( 2)
 175 T   0.02508 0.94991 0.00064 0.02438 ( 2)
 176 L   0.96107 0.01428 0.02428 0.00037 ( 1)
 177 S   0.45873 0.51642 0.01160 0.01325 ( 2)
 178 V   0.00058 0.97440 0.00001 0.02501 ( 2)
 179 K   0.95544 0.01982 0.02423 0.00051 ( 1)
 180 R   0.22826 0.74677 0.00580 0.01917 ( 2)
 181 Q   0.65839 0.31673 0.01674 0.00813 ( 1)
 182 Y   0.91056 0.06455 0.02324 0.00166 ( 1)
 183 P   0.96561 0.00973 0.02441 0.00025 ( 1)
 184 S   0.91772 0.05740 0.02341 0.00147 ( 1)
 185 F   0.96114 0.01424 0.02426 0.00037 ( 1)
 186 L   0.92783 0.04733 0.02362 0.00121 ( 1)
 187 R   0.96140 0.01391 0.02434 0.00036 ( 1)
 188 T   0.96659 0.00876 0.02442 0.00022 ( 1)
 189 I   0.92218 0.05320 0.02325 0.00137 ( 1)
 190 P   0.96561 0.00973 0.02441 0.00025 ( 1)
 191 S   0.31616 0.65893 0.00799 0.01691 ( 2)
 192 D   0.96691 0.00845 0.02442 0.00022 ( 1)
 193 R   0.32619 0.64888 0.00827 0.01665 ( 2)
 194 H   0.06876 0.90623 0.00174 0.02326 ( 2)
 195 Q   0.93938 0.03581 0.02389 0.00092 ( 1)
 196 V   0.95893 0.01635 0.02429 0.00042 ( 1)
 197 E   0.95828 0.01699 0.02429 0.00044 ( 1)
 198 V   0.52707 0.44811 0.01332 0.01150 ( 1)
 199 M   0.89830 0.07703 0.02269 0.00198 ( 1)
 200 V   0.95893 0.01635 0.02429 0.00042 ( 1)
 201 L   0.64517 0.32993 0.01643 0.00847 ( 1)
 202 L   0.92783 0.04733 0.02362 0.00121 ( 1)
 203 L   0.92763 0.04753 0.02362 0.00122 ( 1)
 204 Q   0.01800 0.95698 0.00046 0.02456 ( 2)
 205 R   0.28234 0.69272 0.00716 0.01778 ( 2)
 206 F   0.96844 0.00694 0.02444 0.00018 ( 1)
 207 R   0.00045 0.97453 0.00001 0.02501 ( 2)
 208 W   0.93022 0.04494 0.02368 0.00115 ( 1)
 209 V   0.44595 0.52920 0.01127 0.01358 ( 2)
 210 W   0.93022 0.04494 0.02368 0.00115 ( 1)
 211 I   0.96971 0.00569 0.02445 0.00015 ( 1)
 212 S   0.91830 0.05682 0.02342 0.00146 ( 1)
 213 L   0.92783 0.04733 0.02362 0.00121 ( 1)
 214 V   0.26730 0.70772 0.00681 0.01817 ( 2)
 215 G   0.96448 0.01085 0.02439 0.00028 ( 1)
 216 S   0.96474 0.01059 0.02439 0.00027 ( 1)
 217 Y   0.00135 0.97363 0.00003 0.02499 ( 2)
 218 G   0.77792 0.19737 0.01965 0.00507 ( 1)
 219 D   0.96734 0.00802 0.02443 0.00021 ( 1)
 220 Y   0.93297 0.04215 0.02381 0.00108 ( 1)
 221 G   0.95472 0.02053 0.02423 0.00053 ( 1)
 222 Q   0.74214 0.23301 0.01887 0.00598 ( 1)
 223 Q   0.11558 0.85940 0.00296 0.02206 ( 2)
 224 G   0.77216 0.20304 0.01959 0.00521 ( 1)
 225 V   0.95650 0.01878 0.02423 0.00048 ( 1)
 226 Q   0.71203 0.26311 0.01811 0.00675 ( 1)
 227 A   0.63329 0.34174 0.01620 0.00877 ( 1)
 228 L   0.92969 0.04547 0.02367 0.00117 ( 1)
 229 E   0.36535 0.60974 0.00926 0.01565 ( 2)
 230 N   0.00921 0.96577 0.00023 0.02479 ( 2)
 231 Q   0.71064 0.26450 0.01807 0.00679 ( 1)
 232 A   0.96790 0.00748 0.02443 0.00019 ( 1)
 233 T   0.95340 0.02174 0.02430 0.00056 ( 1)
 234 D   0.00150 0.97348 0.00004 0.02499 ( 2)
 235 Q   0.69084 0.28429 0.01757 0.00730 ( 1)
 236 G   0.34903 0.62605 0.00886 0.01607 ( 2)
 237 I   0.92126 0.05412 0.02323 0.00139 ( 1)
 238 C   0.96191 0.01339 0.02435 0.00034 ( 1)
 239 I   0.93283 0.04234 0.02374 0.00109 ( 1)
 240 A   0.92391 0.05123 0.02354 0.00131 ( 1)
 241 F   0.96844 0.00694 0.02444 0.00018 ( 1)
 242 K   0.95544 0.01982 0.02423 0.00051 ( 1)
 243 D   0.89774 0.07759 0.02267 0.00199 ( 1)
 244 I   0.41912 0.55604 0.01057 0.01427 ( 2)
 245 V   0.82811 0.14720 0.02091 0.00378 ( 1)
 246 P   0.96323 0.01211 0.02435 0.00031 ( 1)
 247 L   0.90070 0.07465 0.02273 0.00192 ( 1)
 248 S   0.58751 0.38756 0.01498 0.00995 ( 1)
 249 A   0.96790 0.00748 0.02443 0.00019 ( 1)
 250 R   0.00023 0.97475 0.00001 0.02502 ( 2)
 251 V   0.95374 0.02154 0.02416 0.00055 ( 1)
 252 G   0.94307 0.03225 0.02385 0.00083 ( 1)
 253 D   0.93134 0.04381 0.02372 0.00112 ( 1)
 254 E   0.35885 0.61624 0.00909 0.01582 ( 2)
 255 R   0.76347 0.21172 0.01937 0.00543 ( 1)
 256 M   0.96751 0.00785 0.02443 0.00020 ( 1)
 257 Q   0.71277 0.26237 0.01813 0.00673 ( 1)
 258 G   0.00463 0.97035 0.00012 0.02491 ( 2)
 259 M   0.07697 0.88155 0.01885 0.02263 ( 2)
 260 M   0.96751 0.00785 0.02443 0.00020 ( 1)
 261 N   0.00067 0.97431 0.00002 0.02501 ( 2)
 262 R   0.08460 0.89041 0.00214 0.02285 ( 2)
 263 L   0.92783 0.04733 0.02362 0.00121 ( 1)
 264 A   0.90726 0.06809 0.02290 0.00175 ( 1)
 265 R   0.02384 0.95114 0.00061 0.02441 ( 2)
 266 A   0.96621 0.00894 0.02462 0.00023 ( 1)
 267 G   0.00463 0.97034 0.00012 0.02491 ( 2)
 268 T   0.89319 0.08216 0.02255 0.00211 ( 1)
 269 T   0.81644 0.15885 0.02063 0.00408 ( 1)
 270 V   0.96557 0.00981 0.02437 0.00025 ( 1)
 271 V   0.95893 0.01635 0.02429 0.00042 ( 1)
 272 V   0.32124 0.65380 0.00818 0.01678 ( 2)
 273 V   0.92506 0.05008 0.02357 0.00129 ( 1)
 274 F   0.95796 0.01720 0.02439 0.00044 ( 1)
 275 S   0.96403 0.01129 0.02439 0.00029 ( 1)
 276 S   0.00596 0.96902 0.00015 0.02487 ( 2)
 277 R   0.11373 0.86127 0.00289 0.02211 ( 2)
 278 R   0.00029 0.97468 0.00001 0.02502 ( 2)
 279 L   0.08796 0.88703 0.00224 0.02277 ( 2)
 280 A   0.96790 0.00748 0.02443 0.00019 ( 1)
 281 R   0.79711 0.17809 0.02023 0.00457 ( 1)
 282 V   0.95893 0.01635 0.02429 0.00042 ( 1)
 283 F   0.96333 0.01184 0.02453 0.00030 ( 1)
 284 F   0.96529 0.01009 0.02436 0.00026 ( 1)
 285 E   0.95828 0.01699 0.02429 0.00044 ( 1)
 286 S   0.95893 0.01629 0.02436 0.00042 ( 1)
 287 V   0.95893 0.01635 0.02429 0.00042 ( 1)
 288 V   0.95893 0.01635 0.02429 0.00042 ( 1)
 289 L   0.92711 0.04805 0.02361 0.00123 ( 1)
 290 A   0.90651 0.06882 0.02290 0.00177 ( 1)
 291 N   0.89270 0.08262 0.02256 0.00212 ( 1)
 292 L   0.65366 0.32145 0.01664 0.00825 ( 1)
 293 T   0.91765 0.05748 0.02339 0.00148 ( 1)
 294 G   0.96448 0.01085 0.02439 0.00028 ( 1)
 295 K   0.95544 0.01982 0.02423 0.00051 ( 1)
 296 V   0.95893 0.01635 0.02429 0.00042 ( 1)
 297 W   0.93022 0.04494 0.02368 0.00115 ( 1)
 298 I   0.46379 0.51138 0.01170 0.01313 ( 2)
 299 A   0.96790 0.00748 0.02443 0.00019 ( 1)
 300 S   0.85237 0.12267 0.02182 0.00315 ( 1)
 301 E   0.89597 0.07911 0.02289 0.00203 ( 1)
 302 D   0.49377 0.48140 0.01247 0.01236 ( 1)
 303 W   0.93022 0.04494 0.02368 0.00115 ( 1)
 304 A   0.89606 0.07928 0.02262 0.00203 ( 1)
 305 I   0.89868 0.07664 0.02271 0.00197 ( 1)
 306 S   0.96403 0.01129 0.02439 0.00029 ( 1)
 307 R   0.04565 0.92934 0.00116 0.02385 ( 2)
 308 H   0.87221 0.10308 0.02205 0.00265 ( 1)
 309 I   0.96971 0.00569 0.02445 0.00015 ( 1)
 310 T   0.63115 0.34394 0.01609 0.00883 ( 1)
 311 G   0.28159 0.69347 0.00715 0.01780 ( 2)
 312 V   0.95624 0.01905 0.02423 0.00049 ( 1)
 313 P   0.95566 0.01968 0.02416 0.00051 ( 1)
 314 G   0.95289 0.02235 0.02418 0.00057 ( 1)
 315 I   0.96971 0.00569 0.02445 0.00015 ( 1)
 316 Q   0.19439 0.78063 0.00494 0.02004 ( 2)
 317 G   0.42128 0.55384 0.01067 0.01422 ( 2)
 318 I   0.94556 0.02961 0.02407 0.00076 ( 1)
 319 G   0.95229 0.02295 0.02416 0.00059 ( 1)
 320 T   0.00028 0.97469 0.00001 0.02502 ( 2)
 321 V   0.95955 0.01573 0.02431 0.00040 ( 1)
 322 L   0.92783 0.04733 0.02362 0.00121 ( 1)
 323 G   0.93505 0.04027 0.02365 0.00103 ( 1)
 324 V   0.95857 0.01671 0.02429 0.00043 ( 1)
 325 A   0.96790 0.00748 0.02443 0.00019 ( 1)
 326 I   0.96971 0.00569 0.02445 0.00015 ( 1)
 327 Q   0.93938 0.03581 0.02389 0.00092 ( 1)
 328 L   0.02765 0.94733 0.00070 0.02432 ( 2)
 329 R   0.30665 0.66841 0.00778 0.01716 ( 2)
 330 L   0.00012 0.97486 0.00000 0.02502 ( 2)
 331 V   0.90342 0.07194 0.02280 0.00185 ( 1)
 332 P   0.92517 0.04996 0.02359 0.00128 ( 1)
 333 G   0.87941 0.09589 0.02224 0.00246 ( 1)
 334 L   0.92752 0.04764 0.02362 0.00122 ( 1)
 335 K   0.81266 0.16256 0.02061 0.00417 ( 1)
 336 E   0.78762 0.18761 0.01996 0.00482 ( 1)
 337 F   0.66194 0.31317 0.01685 0.00804 ( 1)
 338 E   0.88493 0.09015 0.02260 0.00231 ( 1)
 339 E   0.93721 0.03788 0.02394 0.00097 ( 1)
 340 A   0.96790 0.00748 0.02443 0.00019 ( 1)
 341 Y   0.90192 0.07319 0.02301 0.00188 ( 1)
 342 A   0.90770 0.06765 0.02291 0.00174 ( 1)
 343 Q   0.00088 0.97410 0.00002 0.02500 ( 2)
 344 A   0.51520 0.45982 0.01318 0.01180 ( 1)
 345 D   0.96734 0.00802 0.02443 0.00021 ( 1)
 346 K   0.95544 0.01982 0.02423 0.00051 ( 1)
 347 G   0.00400 0.97098 0.00010 0.02492 ( 2)
 348 A   0.89769 0.07766 0.02266 0.00199 ( 1)
 349 P   0.03844 0.93654 0.00098 0.02404 ( 2)
 350 L   0.14081 0.83420 0.00357 0.02141 ( 2)
 351 P   0.45986 0.51519 0.01172 0.01322 ( 2)
 352 C   0.96010 0.01520 0.02431 0.00039 ( 1)
 353 P   0.00846 0.96652 0.00021 0.02481 ( 2)
 354 T   0.03099 0.94400 0.00079 0.02423 ( 2)
 355 G   0.87867 0.09663 0.02222 0.00248 ( 1)
 356 A   0.86209 0.11320 0.02181 0.00291 ( 1)
 357 W   0.68610 0.28902 0.01747 0.00742 ( 1)
 358 C   0.96191 0.01339 0.02435 0.00034 ( 1)
 359 S   0.96533 0.01001 0.02441 0.00026 ( 1)
 360 S   0.96533 0.01001 0.02441 0.00026 ( 1)
 361 N   0.92214 0.05300 0.02350 0.00136 ( 1)
 362 Q   0.93938 0.03581 0.02389 0.00092 ( 1)
 363 L   0.46595 0.50921 0.01177 0.01307 ( 2)
 364 C   0.96010 0.01520 0.02431 0.00039 ( 1)
 365 R   0.87745 0.09761 0.02243 0.00251 ( 1)
 366 E   0.08595 0.88904 0.00220 0.02282 ( 2)
 367 C   0.95998 0.01532 0.02430 0.00039 ( 1)
 368 C   0.00022 0.97476 0.00001 0.02502 ( 2)
 369 A   0.65678 0.31831 0.01674 0.00817 ( 1)
 370 F   0.96844 0.00694 0.02444 0.00018 ( 1)
 371 T   0.00004 0.97493 0.00000 0.02502 ( 2)
 372 A   0.06644 0.90854 0.00170 0.02332 ( 2)
 373 H   0.96470 0.01063 0.02439 0.00027 ( 1)
 374 T   0.00003 0.97495 0.00000 0.02502 ( 2)
 375 T   0.89856 0.07678 0.02269 0.00197 ( 1)
 376 P   0.96510 0.01024 0.02439 0.00026 ( 1)
 377 T   0.02495 0.95003 0.00063 0.02438 ( 2)
 378 L   0.95813 0.01722 0.02421 0.00044 ( 1)
 379 G   0.00008 0.97490 0.00000 0.02502 ( 2)
 380 P   0.50501 0.47017 0.01275 0.01207 ( 1)
 381 F   0.90703 0.06832 0.02289 0.00175 ( 1)
 382 S   0.96403 0.01129 0.02439 0.00029 ( 1)
 383 M   0.96751 0.00785 0.02443 0.00020 ( 1)
 384 S   0.92067 0.05447 0.02346 0.00140 ( 1)
 385 S   0.58526 0.38981 0.01493 0.01001 ( 1)
 386 A   0.96790 0.00748 0.02443 0.00019 ( 1)
 387 Y   0.96074 0.01456 0.02433 0.00037 ( 1)
 388 N   0.96589 0.00946 0.02441 0.00024 ( 1)
 389 V   0.23160 0.74344 0.00587 0.01908 ( 2)
 390 Y   0.95457 0.02072 0.02418 0.00053 ( 1)
 391 Q   0.01914 0.95584 0.00049 0.02453 ( 2)
 392 A   0.91151 0.06363 0.02323 0.00163 ( 1)
 393 V   0.95893 0.01635 0.02429 0.00042 ( 1)
 394 Y   0.93398 0.04113 0.02383 0.00106 ( 1)
 395 T   0.01750 0.95747 0.00045 0.02458 ( 2)
 396 V   0.95893 0.01635 0.02429 0.00042 ( 1)
 397 A   0.96763 0.00775 0.02443 0.00020 ( 1)
 398 H   0.92281 0.05233 0.02352 0.00134 ( 1)
 399 G   0.96448 0.01085 0.02439 0.00028 ( 1)
 400 L   0.96609 0.00926 0.02441 0.00024 ( 1)
 401 H   0.96492 0.01041 0.02440 0.00027 ( 1)
 402 Q   0.93938 0.03581 0.02389 0.00092 ( 1)
 403 L   0.96609 0.00926 0.02441 0.00024 ( 1)
 404 L   0.92783 0.04733 0.02362 0.00121 ( 1)
 405 G   0.96448 0.01085 0.02439 0.00028 ( 1)
 406 C   0.93769 0.03743 0.02392 0.00096 ( 1)
 407 A   0.88838 0.08696 0.02243 0.00223 ( 1)
 408 S   0.92336 0.05176 0.02355 0.00133 ( 1)
 409 G   0.85738 0.11766 0.02194 0.00302 ( 1)
 410 A   0.81402 0.16111 0.02074 0.00414 ( 1)
 411 C   0.90967 0.06545 0.02320 0.00168 ( 1)
 412 S   0.96403 0.01129 0.02439 0.00029 ( 1)
 413 R   0.95326 0.02199 0.02419 0.00056 ( 1)
 414 S   0.46611 0.50904 0.01179 0.01307 ( 2)
 415 Q   0.00682 0.96815 0.00017 0.02485 ( 2)
 416 V   0.96799 0.00739 0.02443 0.00019 ( 1)
 417 Y   0.35451 0.62059 0.00898 0.01593 ( 2)
 418 P   0.96501 0.01033 0.02439 0.00027 ( 1)
 419 W   0.93022 0.04494 0.02368 0.00115 ( 1)
 420 Q   0.93938 0.03581 0.02389 0.00092 ( 1)
 421 L   0.91593 0.05921 0.02335 0.00152 ( 1)
 422 L   0.92390 0.05126 0.02353 0.00132 ( 1)
 423 E   0.82948 0.14575 0.02102 0.00374 ( 1)
 424 Q   0.93938 0.03581 0.02389 0.00092 ( 1)
 425 I   0.96971 0.00569 0.02445 0.00015 ( 1)
 426 H   0.00726 0.96771 0.00018 0.02484 ( 2)
 427 K   0.95483 0.02043 0.02422 0.00052 ( 1)
 428 A   0.84294 0.13231 0.02136 0.00340 ( 1)
 429 N   0.62580 0.34929 0.01595 0.00897 ( 1)
 430 F   0.96823 0.00715 0.02444 0.00018 ( 1)
 431 L   0.91593 0.05921 0.02335 0.00152 ( 1)
 432 L   0.83288 0.14214 0.02133 0.00365 ( 1)
 433 H   0.96252 0.01281 0.02434 0.00033 ( 1)
 434 E   0.00461 0.97037 0.00012 0.02491 ( 2)
 435 D   0.96734 0.00802 0.02443 0.00021 ( 1)
 436 T   0.92535 0.04979 0.02359 0.00128 ( 1)
 437 V   0.95893 0.01635 0.02429 0.00042 ( 1)
 438 T   0.00155 0.97342 0.00004 0.02498 ( 2)
 439 F   0.65889 0.31622 0.01678 0.00812 ( 1)
 440 N   0.15216 0.82284 0.00388 0.02112 ( 2)
 441 D   0.96734 0.00802 0.02443 0.00021 ( 1)
 442 N   0.93945 0.03588 0.02374 0.00092 ( 1)
 443 G   0.14337 0.83162 0.00367 0.02135 ( 2)
 444 D   0.31108 0.66396 0.00792 0.01704 ( 2)
 445 P   0.88200 0.09331 0.02229 0.00239 ( 1)
 446 L   0.39931 0.57582 0.01009 0.01478 ( 2)
 447 S   0.91940 0.05574 0.02343 0.00143 ( 1)
 448 G   0.87079 0.10451 0.02202 0.00268 ( 1)
 449 Y   0.90192 0.07319 0.02301 0.00188 ( 1)
 450 N   0.08585 0.88916 0.00217 0.02282 ( 2)
 451 I   0.93282 0.04235 0.02375 0.00109 ( 1)
 452 I   0.93283 0.04234 0.02374 0.00109 ( 1)
 453 A   0.90642 0.06893 0.02288 0.00177 ( 1)
 454 W   0.93022 0.04494 0.02368 0.00115 ( 1)
 455 D   0.96734 0.00802 0.02443 0.00021 ( 1)
 456 W   0.93022 0.04494 0.02368 0.00115 ( 1)
 457 I   0.01669 0.95829 0.00043 0.02460 ( 2)
 458 G   0.95016 0.02488 0.02432 0.00064 ( 1)
 459 F   0.48161 0.49355 0.01217 0.01267 ( 2)
 460 K   0.82907 0.14615 0.02103 0.00375 ( 1)
 461 W   0.93022 0.04494 0.02368 0.00115 ( 1)
 462 T   0.96659 0.00876 0.02442 0.00022 ( 1)
 463 F   0.96733 0.00805 0.02441 0.00021 ( 1)
 464 T   0.94528 0.02998 0.02397 0.00077 ( 1)
 465 V   0.38626 0.58888 0.00975 0.01511 ( 2)
 466 I   0.02345 0.95153 0.00059 0.02442 ( 2)
 467 G   0.95611 0.01902 0.02438 0.00049 ( 1)
 468 S   0.96341 0.01191 0.02437 0.00031 ( 1)
 469 S   0.96403 0.01129 0.02439 0.00029 ( 1)
 470 T   0.87609 0.09896 0.02241 0.00254 ( 1)
 471 A   0.14980 0.82521 0.00381 0.02118 ( 2)
 472 S   0.57266 0.40240 0.01461 0.01033 ( 1)
 473 P   0.84904 0.12600 0.02172 0.00323 ( 1)
 474 V   0.61739 0.35770 0.01573 0.00918 ( 1)
 475 R   0.00097 0.97401 0.00002 0.02500 ( 2)
 476 L   0.86839 0.10663 0.02224 0.00274 ( 1)
 477 D   0.87976 0.09555 0.02223 0.00245 ( 1)
 478 I   0.93088 0.04428 0.02370 0.00114 ( 1)
 479 N   0.92214 0.05300 0.02350 0.00136 ( 1)
 480 E   0.82962 0.14562 0.02103 0.00374 ( 1)
 481 T   0.96657 0.00878 0.02442 0.00023 ( 1)
 482 K   0.87539 0.09968 0.02237 0.00256 ( 1)
 483 I   0.96932 0.00609 0.02444 0.00016 ( 1)
 484 Q   0.93938 0.03581 0.02389 0.00092 ( 1)
 485 W   0.93022 0.04494 0.02368 0.00115 ( 1)
 486 H   0.85510 0.12020 0.02162 0.00309 ( 1)
 487 R   0.06591 0.90907 0.00169 0.02333 ( 2)
 488 K   0.95544 0.01982 0.02423 0.00051 ( 1)
 489 D   0.90261 0.07273 0.02279 0.00187 ( 1)
 490 N   0.96613 0.00922 0.02442 0.00024 ( 1)
 491 Q   0.93938 0.03581 0.02389 0.00092 ( 1)
 492 V   0.95857 0.01671 0.02429 0.00043 ( 1)
 493 P   0.92137 0.05376 0.02349 0.00138 ( 1)
 494 Q   0.30789 0.66718 0.00781 0.01712 ( 2)
 495 S   0.90937 0.06574 0.02319 0.00169 ( 1)
 496 V   0.95893 0.01635 0.02429 0.00042 ( 1)
 497 C   0.94675 0.02838 0.02415 0.00073 ( 1)
 498 S   0.96403 0.01129 0.02439 0.00029 ( 1)
 499 S   0.95294 0.02239 0.02409 0.00057 ( 1)
 500 D   0.96684 0.00852 0.02442 0.00022 ( 1)
 501 C   0.91474 0.06038 0.02333 0.00155 ( 1)
 502 L   0.91593 0.05921 0.02335 0.00152 ( 1)
 503 E   0.48922 0.48582 0.01250 0.01247 ( 1)
 504 G   0.94950 0.02574 0.02409 0.00066 ( 1)
 505 H   0.88074 0.09456 0.02227 0.00243 ( 1)
 506 Q   0.93938 0.03581 0.02389 0.00092 ( 1)
 507 R   0.05332 0.92166 0.00137 0.02366 ( 2)
 508 V   0.95893 0.01635 0.02429 0.00042 ( 1)
 509 V   0.92659 0.04855 0.02361 0.00125 ( 1)
 510 V   0.00031 0.97467 0.00001 0.02502 ( 2)
 511 G   0.58169 0.39338 0.01483 0.01010 ( 1)
 512 S   0.90861 0.06674 0.02293 0.00171 ( 1)
 513 H   0.17666 0.79835 0.00450 0.02049 ( 2)
 514 H   0.88311 0.09219 0.02233 0.00237 ( 1)
 515 C   0.91245 0.06284 0.02310 0.00161 ( 1)
 516 C   0.96191 0.01339 0.02435 0.00034 ( 1)
 517 F   0.93958 0.03558 0.02392 0.00091 ( 1)
 518 E   0.83188 0.14336 0.02108 0.00368 ( 1)
 519 C   0.90967 0.06545 0.02320 0.00168 ( 1)
 520 V   0.94930 0.02598 0.02405 0.00067 ( 1)
 521 P   0.96249 0.01285 0.02433 0.00033 ( 1)
 522 C   0.91049 0.06463 0.02322 0.00166 ( 1)
 523 E   0.27424 0.70081 0.00696 0.01799 ( 2)
 524 S   0.59652 0.37856 0.01520 0.00972 ( 1)
 525 G   0.95193 0.02331 0.02416 0.00060 ( 1)
 526 T   0.32081 0.65429 0.00811 0.01679 ( 2)
 527 F   0.55604 0.41917 0.01403 0.01076 ( 1)
 528 L   0.43706 0.53809 0.01104 0.01381 ( 2)
 529 N   0.50348 0.47169 0.01272 0.01211 ( 1)
 530 K   0.32329 0.65178 0.00820 0.01673 ( 2)
 531 S   0.91189 0.06325 0.02324 0.00162 ( 1)
 532 D   0.96460 0.01077 0.02436 0.00028 ( 1)
 533 L   0.85933 0.11598 0.02171 0.00298 ( 1)
 534 Y   0.82123 0.15402 0.02080 0.00395 ( 1)
 535 R   0.10897 0.86601 0.00279 0.02223 ( 2)
 536 C   0.95731 0.01799 0.02424 0.00046 ( 1)
 537 Q   0.93938 0.03581 0.02389 0.00092 ( 1)
 538 P   0.58887 0.38621 0.01501 0.00991 ( 1)
 539 C   0.90967 0.06545 0.02320 0.00168 ( 1)
 540 G   0.95289 0.02235 0.02418 0.00057 ( 1)
 541 K   0.88569 0.08938 0.02263 0.00229 ( 1)
 542 E   0.88493 0.09015 0.02260 0.00231 ( 1)
 543 E   0.95826 0.01702 0.02429 0.00044 ( 1)
 544 W   0.93022 0.04494 0.02368 0.00115 ( 1)
 545 A   0.85569 0.11936 0.02189 0.00306 ( 1)
 546 P   0.92568 0.04945 0.02360 0.00127 ( 1)
 547 E   0.05102 0.92397 0.00129 0.02372 ( 2)
 548 G   0.37923 0.59577 0.00971 0.01529 ( 2)
 549 S   0.96533 0.01001 0.02441 0.00026 ( 1)
 550 Q   0.93938 0.03581 0.02389 0.00092 ( 1)
 551 T   0.88454 0.09078 0.02235 0.00233 ( 1)
 552 C   0.96191 0.01339 0.02435 0.00034 ( 1)
 553 F   0.96762 0.00776 0.02442 0.00020 ( 1)
 554 P   0.49887 0.47625 0.01265 0.01222 ( 1)
 555 R   0.95401 0.02129 0.02415 0.00055 ( 1)
 556 T   0.92662 0.04851 0.02362 0.00125 ( 1)
 557 V   0.95628 0.01901 0.02423 0.00049 ( 1)
 558 V   0.83728 0.13797 0.02121 0.00354 ( 1)
 559 F   0.15694 0.81806 0.00400 0.02100 ( 2)
 560 L   0.92710 0.04806 0.02361 0.00123 ( 1)
 561 A   0.13483 0.84017 0.00344 0.02156 ( 2)
 562 W   0.16791 0.80710 0.00428 0.02072 ( 2)
 563 H   0.15638 0.81862 0.00399 0.02101 ( 2)
 564 E   0.95828 0.01699 0.02429 0.00044 ( 1)
 565 C   0.00847 0.96651 0.00021 0.02481 ( 2)
 566 I   0.90118 0.07415 0.02277 0.00190 ( 1)
 567 S   0.90937 0.06574 0.02319 0.00169 ( 1)
 568 W   0.93022 0.04494 0.02368 0.00115 ( 1)
 569 V   0.95893 0.01635 0.02429 0.00042 ( 1)
 570 L   0.92445 0.05071 0.02354 0.00130 ( 1)
 571 L   0.92747 0.04769 0.02362 0.00122 ( 1)
 572 A   0.40576 0.56925 0.01038 0.01461 ( 2)
 573 A   0.64323 0.33186 0.01639 0.00852 ( 1)
 574 N   0.95137 0.02397 0.02404 0.00062 ( 1)
 575 T   0.76389 0.21132 0.01937 0.00542 ( 1)
 576 L   0.16456 0.81045 0.00419 0.02080 ( 2)
 577 L   0.92613 0.04903 0.02358 0.00126 ( 1)
 578 L   0.92771 0.04745 0.02362 0.00122 ( 1)
 579 V   0.65372 0.32139 0.01664 0.00825 ( 1)
 580 V   0.65281 0.32230 0.01662 0.00827 ( 1)
 581 V   0.66463 0.31048 0.01692 0.00797 ( 1)
 582 V   0.13820 0.83680 0.00352 0.02148 ( 2)
 583 G   0.95388 0.02136 0.02421 0.00055 ( 1)
 584 T   0.60141 0.37367 0.01533 0.00959 ( 1)
 585 V   0.61917 0.35591 0.01578 0.00914 ( 1)
 586 G   0.96205 0.01328 0.02433 0.00034 ( 1)
 587 L   0.92783 0.04733 0.02362 0.00121 ( 1)
 588 F   0.92948 0.04568 0.02367 0.00117 ( 1)
 589 A   0.96743 0.00795 0.02442 0.00020 ( 1)
 590 W   0.93022 0.04494 0.02368 0.00115 ( 1)
 591 H   0.96496 0.01037 0.02440 0.00027 ( 1)
 592 Q   0.34396 0.63103 0.00881 0.01620 ( 2)
 593 D   0.96734 0.00802 0.02443 0.00021 ( 1)
 594 T   0.96572 0.00963 0.02440 0.00025 ( 1)
 595 P   0.91388 0.06125 0.02330 0.00157 ( 1)
 596 V   0.95893 0.01635 0.02429 0.00042 ( 1)
 597 V   0.95833 0.01695 0.02428 0.00044 ( 1)
 598 R   0.95326 0.02199 0.02419 0.00056 ( 1)
 599 S   0.83464 0.14040 0.02137 0.00360 ( 1)
 600 A   0.89731 0.07775 0.02295 0.00200 ( 1)
 601 G   0.95289 0.02235 0.02418 0.00057 ( 1)
 602 G   0.96448 0.01085 0.02439 0.00028 ( 1)
 603 W   0.00351 0.97147 0.00009 0.02493 ( 2)
 604 L   0.92783 0.04733 0.02362 0.00121 ( 1)
 605 C   0.96175 0.01355 0.02435 0.00035 ( 1)
 606 F   0.95796 0.01720 0.02439 0.00044 ( 1)
 607 L   0.95386 0.02128 0.02431 0.00055 ( 1)
 608 M   0.96751 0.00785 0.02443 0.00020 ( 1)
 609 L   0.92491 0.05025 0.02355 0.00129 ( 1)
 610 G   0.96333 0.01200 0.02436 0.00031 ( 1)
 611 S   0.96326 0.01206 0.02437 0.00031 ( 1)
 612 L   0.92783 0.04733 0.02362 0.00121 ( 1)
 613 A   0.87092 0.10414 0.02228 0.00267 ( 1)
 614 G   0.00958 0.96540 0.00024 0.02478 ( 2)
 615 A   0.56032 0.41475 0.01429 0.01065 ( 1)
 616 S   0.96227 0.01288 0.02452 0.00033 ( 1)
 617 C   0.00766 0.96732 0.00019 0.02483 ( 2)
 618 S   0.96533 0.01001 0.02441 0.00026 ( 1)
 619 L   0.88777 0.08756 0.02243 0.00225 ( 1)
 620 Y   0.90192 0.07319 0.02301 0.00188 ( 1)
 621 G   0.96420 0.01113 0.02438 0.00029 ( 1)
 622 F   0.96805 0.00733 0.02443 0.00019 ( 1)
 623 F   0.92948 0.04568 0.02367 0.00117 ( 1)
 624 G   0.94950 0.02574 0.02409 0.00066 ( 1)
 625 E   0.94844 0.02665 0.02423 0.00068 ( 1)
 626 P   0.96414 0.01120 0.02437 0.00029 ( 1)
 627 T   0.50895 0.46606 0.01302 0.01196 ( 1)
 628 L   0.13652 0.83849 0.00346 0.02152 ( 2)
 629 P   0.71298 0.26212 0.01818 0.00673 ( 1)
 630 A   0.46781 0.50721 0.01197 0.01302 ( 2)
 631 C   0.96010 0.01520 0.02431 0.00039 ( 1)
 632 L   0.91574 0.05942 0.02332 0.00153 ( 1)
 633 L   0.92757 0.04759 0.02362 0.00122 ( 1)
 634 R   0.96153 0.01377 0.02434 0.00035 ( 1)
 635 Q   0.93590 0.03929 0.02380 0.00101 ( 1)
 636 A   0.88432 0.09102 0.02232 0.00234 ( 1)
 637 I   0.87890 0.09642 0.02221 0.00247 ( 1)
 638 F   0.92948 0.04568 0.02367 0.00117 ( 1)
 639 A   0.96668 0.00869 0.02440 0.00022 ( 1)
 640 L   0.92331 0.05183 0.02354 0.00133 ( 1)
 641 G   0.91288 0.06224 0.02328 0.00160 ( 1)
 642 F   0.96114 0.01424 0.02426 0.00037 ( 1)
 643 T   0.87334 0.10197 0.02207 0.00262 ( 1)
 644 I   0.92254 0.05284 0.02326 0.00136 ( 1)
 645 F   0.96819 0.00719 0.02444 0.00018 ( 1)
 646 L   0.92758 0.04758 0.02362 0.00122 ( 1)
 647 S   0.96388 0.01144 0.02438 0.00029 ( 1)
 648 C   0.96191 0.01339 0.02435 0.00034 ( 1)
 649 L   0.65366 0.32145 0.01664 0.00825 ( 1)
 650 T   0.85427 0.12078 0.02185 0.00310 ( 1)
 651 V   0.92189 0.05325 0.02349 0.00137 ( 1)
 652 R   0.96116 0.01414 0.02433 0.00036 ( 1)
 653 S   0.95866 0.01638 0.02454 0.00042 ( 1)
 654 F   0.96844 0.00694 0.02444 0.00018 ( 1)
 655 Q   0.86674 0.10832 0.02216 0.00278 ( 1)
 656 L   0.89095 0.08407 0.02282 0.00216 ( 1)
 657 V   0.89379 0.08158 0.02254 0.00209 ( 1)
 658 I   0.96971 0.00569 0.02445 0.00015 ( 1)
 659 I   0.96900 0.00640 0.02443 0.00016 ( 1)
 660 F   0.96844 0.00694 0.02444 0.00018 ( 1)
 661 K   0.95544 0.01982 0.02423 0.00051 ( 1)
 662 F   0.92948 0.04568 0.02367 0.00117 ( 1)
 663 S   0.96322 0.01210 0.02437 0.00031 ( 1)
 664 T   0.52892 0.44627 0.01336 0.01145 ( 1)
 665 K   0.95397 0.02129 0.02420 0.00055 ( 1)
 666 V   0.08298 0.89201 0.00212 0.02290 ( 2)
 667 P   0.95161 0.02352 0.02426 0.00060 ( 1)
 668 T   0.11946 0.85552 0.00306 0.02196 ( 2)
 669 F   0.96844 0.00694 0.02444 0.00018 ( 1)
 670 Y   0.39818 0.57692 0.01008 0.01481 ( 2)
 671 H   0.15849 0.81654 0.00401 0.02096 ( 2)
 672 T   0.55176 0.42344 0.01393 0.01087 ( 1)
 673 W   0.93022 0.04494 0.02368 0.00115 ( 1)
 674 V   0.96686 0.00852 0.02440 0.00022 ( 1)
 675 Q   0.86213 0.11292 0.02205 0.00290 ( 1)
 676 N   0.96613 0.00922 0.02442 0.00024 ( 1)
 677 H   0.96073 0.01460 0.02429 0.00037 ( 1)
 678 G   0.91099 0.06413 0.02323 0.00165 ( 1)
 679 A   0.93206 0.04309 0.02375 0.00111 ( 1)
 680 A   0.06016 0.91483 0.00152 0.02348 ( 2)
 681 L   0.92783 0.04733 0.02362 0.00121 ( 1)
 682 F   0.92948 0.04568 0.02367 0.00117 ( 1)
 683 I   0.63186 0.34332 0.01601 0.00881 ( 1)
 684 M   0.36604 0.60908 0.00924 0.01563 ( 2)
 685 I   0.96934 0.00606 0.02444 0.00016 ( 1)
 686 S   0.88590 0.08941 0.02240 0.00229 ( 1)
 687 S   0.83464 0.14040 0.02137 0.00360 ( 1)
 688 M   0.00606 0.96892 0.00015 0.02487 ( 2)
 689 A   0.06814 0.90686 0.00172 0.02328 ( 2)
 690 Q   0.93938 0.03581 0.02389 0.00092 ( 1)
 691 L   0.92441 0.05075 0.02354 0.00130 ( 1)
 692 L   0.92017 0.05496 0.02346 0.00141 ( 1)
 693 I   0.96971 0.00569 0.02445 0.00015 ( 1)
 694 C   0.91029 0.06483 0.02322 0.00166 ( 1)
 695 L   0.83288 0.14214 0.02133 0.00365 ( 1)
 696 T   0.92626 0.04888 0.02361 0.00125 ( 1)
 697 W   0.93022 0.04494 0.02368 0.00115 ( 1)
 698 L   0.92111 0.05405 0.02345 0.00139 ( 1)
 699 A   0.31687 0.65821 0.00803 0.01689 ( 2)
 700 V   0.83766 0.13759 0.02122 0.00353 ( 1)
 701 W   0.93022 0.04494 0.02368 0.00115 ( 1)
 702 T   0.96427 0.01108 0.02436 0.00028 ( 1)
 703 P   0.84904 0.12600 0.02172 0.00323 ( 1)
 704 L   0.92783 0.04733 0.02362 0.00121 ( 1)
 705 P   0.96404 0.01130 0.02437 0.00029 ( 1)
 706 T   0.80116 0.17395 0.02042 0.00446 ( 1)
 707 R   0.93139 0.04385 0.02363 0.00113 ( 1)
 708 E   0.88493 0.09015 0.02260 0.00231 ( 1)
 709 Y   0.95887 0.01643 0.02428 0.00042 ( 1)
 710 Q   0.20643 0.76859 0.00525 0.01973 ( 2)
 711 R   0.96157 0.01374 0.02435 0.00035 ( 1)
 712 F   0.96762 0.00776 0.02442 0.00020 ( 1)
 713 P   0.96414 0.01120 0.02437 0.00029 ( 1)
 714 Q   0.68414 0.29095 0.01743 0.00747 ( 1)
 715 L   0.92783 0.04733 0.02362 0.00121 ( 1)
 716 V   0.95628 0.01901 0.02423 0.00049 ( 1)
 717 V   0.50078 0.47440 0.01265 0.01218 ( 1)
 718 L   0.91593 0.05921 0.02335 0.00152 ( 1)
 719 E   0.69198 0.13573 0.16880 0.00348 ( 1)
 720 C   0.96191 0.01339 0.02435 0.00034 ( 1)
 721 T   0.85149 0.12355 0.02178 0.00317 ( 1)
 722 E   0.95828 0.01699 0.02429 0.00044 ( 1)
 723 T   0.00068 0.97430 0.00002 0.02501 ( 2)
 724 N   0.84812 0.12718 0.02143 0.00326 ( 1)
 725 S   0.94084 0.03448 0.02380 0.00088 ( 1)
 726 L   0.92783 0.04733 0.02362 0.00121 ( 1)
 727 G   0.96448 0.01085 0.02439 0.00028 ( 1)
 728 F   0.96844 0.00694 0.02444 0.00018 ( 1)
 729 M   0.27739 0.69764 0.00706 0.01791 ( 2)
 730 L   0.92757 0.04759 0.02362 0.00122 ( 1)
 731 A   0.96790 0.00748 0.02443 0.00019 ( 1)
 732 F   0.96475 0.01062 0.02435 0.00027 ( 1)
 733 G   0.00084 0.97413 0.00002 0.02500 ( 2)
 734 Y   0.96074 0.01456 0.02433 0.00037 ( 1)
 735 N   0.92214 0.05300 0.02350 0.00136 ( 1)
 736 G   0.86722 0.10808 0.02193 0.00277 ( 1)
 737 L   0.96445 0.01090 0.02437 0.00028 ( 1)
 738 L   0.96521 0.01014 0.02439 0.00026 ( 1)
 739 S   0.95701 0.01831 0.02421 0.00047 ( 1)
 740 V   0.08935 0.86666 0.02174 0.02224 ( 2)
 741 S   0.95569 0.01945 0.02436 0.00050 ( 1)
 742 A   0.96700 0.00838 0.02441 0.00021 ( 1)
 743 F   0.92948 0.04568 0.02367 0.00117 ( 1)
 744 A   0.96618 0.00919 0.02439 0.00024 ( 1)
 745 C   0.96062 0.01469 0.02432 0.00038 ( 1)
 746 S   0.88539 0.08991 0.02239 0.00231 ( 1)
 747 Y   0.96074 0.01456 0.02433 0.00037 ( 1)
 748 L   0.65383 0.32128 0.01665 0.00825 ( 1)
 749 G   0.96413 0.01120 0.02438 0.00029 ( 1)
 750 K   0.95397 0.02129 0.02420 0.00055 ( 1)
 751 D   0.96734 0.00802 0.02443 0.00021 ( 1)
 752 L   0.92652 0.04863 0.02359 0.00125 ( 1)
 753 P   0.84904 0.12600 0.02172 0.00323 ( 1)
 754 E   0.95828 0.01699 0.02429 0.00044 ( 1)
 755 N   0.96613 0.00922 0.02442 0.00024 ( 1)
 756 Y   0.93994 0.03534 0.02381 0.00091 ( 1)
 757 N   0.88337 0.09194 0.02233 0.00236 ( 1)
 758 E   0.95828 0.01699 0.02429 0.00044 ( 1)
 759 A   0.96743 0.00795 0.02442 0.00020 ( 1)
 760 K   0.87539 0.09968 0.02237 0.00256 ( 1)
 761 C   0.90967 0.06545 0.02320 0.00168 ( 1)
 762 V   0.96799 0.00739 0.02443 0.00019 ( 1)
 763 T   0.96423 0.01112 0.02436 0.00029 ( 1)
 764 F   0.96529 0.01009 0.02436 0.00026 ( 1)
 765 G   0.47110 0.50405 0.01191 0.01294 ( 2)
 766 L   0.92764 0.04752 0.02362 0.00122 ( 1)
 767 L   0.96609 0.00926 0.02441 0.00024 ( 1)
 768 L   0.88941 0.08593 0.02245 0.00221 ( 1)
 769 N   0.86784 0.10747 0.02193 0.00276 ( 1)
 770 F   0.96762 0.00776 0.02442 0.00020 ( 1)
 771 V   0.38281 0.59229 0.00970 0.01520 ( 2)
 772 S   0.96403 0.01129 0.02439 0.00029 ( 1)
 773 W   0.93022 0.04494 0.02368 0.00115 ( 1)
 774 I   0.96971 0.00569 0.02445 0.00015 ( 1)
 775 A   0.53531 0.43988 0.01351 0.01129 ( 1)
 776 F   0.90815 0.06721 0.02292 0.00173 ( 1)
 777 F   0.96801 0.00737 0.02443 0.00019 ( 1)
 778 T   0.96636 0.00899 0.02442 0.00023 ( 1)
 779 V   0.04069 0.93430 0.00103 0.02398 ( 2)
 780 A   0.96707 0.00831 0.02441 0.00021 ( 1)
 781 S   0.87700 0.09831 0.02217 0.00252 ( 1)
 782 V   0.90745 0.06791 0.02290 0.00174 ( 1)
 783 Y   0.84170 0.13356 0.02132 0.00343 ( 1)
 784 Q   0.32773 0.64738 0.00828 0.01662 ( 2)
 785 G   0.87553 0.09977 0.02214 0.00256 ( 1)
 786 K   0.95544 0.01982 0.02423 0.00051 ( 1)
 787 Y   0.95859 0.01670 0.02428 0.00043 ( 1)
 788 L   0.65362 0.32149 0.01664 0.00825 ( 1)
 789 P   0.87844 0.09668 0.02240 0.00248 ( 1)
 790 A   0.79348 0.18174 0.02011 0.00466 ( 1)
 791 V   0.88535 0.08999 0.02235 0.00231 ( 1)
 792 N   0.95746 0.01788 0.02420 0.00046 ( 1)
 793 V   0.41086 0.56428 0.01038 0.01448 ( 2)
 794 L   0.69689 0.27837 0.01760 0.00714 ( 1)
 795 A   0.95566 0.01949 0.02435 0.00050 ( 1)
 796 V   0.00269 0.97228 0.00007 0.02496 ( 2)
 797 L   0.69231 0.28281 0.01763 0.00726 ( 1)
 798 S   0.96533 0.01001 0.02441 0.00026 ( 1)
 799 S   0.96533 0.01001 0.02441 0.00026 ( 1)
 800 L   0.92775 0.04741 0.02362 0.00122 ( 1)
 801 S   0.88618 0.08912 0.02241 0.00229 ( 1)
 802 S   0.96294 0.01240 0.02435 0.00032 ( 1)
 803 G   0.96448 0.01085 0.02439 0.00028 ( 1)
 804 F   0.96844 0.00694 0.02444 0.00018 ( 1)
 805 S   0.80248 0.17279 0.02029 0.00443 ( 1)
 806 G   0.95686 0.01839 0.02428 0.00047 ( 1)
 807 Y   0.90192 0.07319 0.02301 0.00188 ( 1)
 808 F   0.95796 0.01720 0.02439 0.00044 ( 1)
 809 L   0.95514 0.02002 0.02432 0.00051 ( 1)
 810 P   0.96423 0.01091 0.02458 0.00028 ( 1)
 811 K   0.95343 0.02183 0.02418 0.00056 ( 1)
 812 C   0.96191 0.01339 0.02435 0.00034 ( 1)
 813 Y   0.92704 0.04825 0.02348 0.00124 ( 1)
 814 V   0.95418 0.02110 0.02417 0.00054 ( 1)
 815 I   0.96971 0.00569 0.02445 0.00015 ( 1)
 816 V   0.87401 0.10130 0.02208 0.00260 ( 1)
 817 C   0.85965 0.11560 0.02178 0.00297 ( 1)
 818 R   0.95842 0.01688 0.02427 0.00043 ( 1)
 819 P   0.44685 0.52816 0.01143 0.01356 ( 2)
 820 D   0.95532 0.02004 0.02413 0.00051 ( 1)
 821 L   0.96021 0.01514 0.02426 0.00039 ( 1)
 822 N   0.96513 0.01022 0.02439 0.00026 ( 1)
 823 S   0.88590 0.08940 0.02240 0.00229 ( 1)
 824 T   0.86643 0.10862 0.02217 0.00279 ( 1)
 825 E   0.95828 0.01699 0.02429 0.00044 ( 1)
 826 H   0.96496 0.01037 0.02440 0.00027 ( 1)
 827 F   0.96733 0.00805 0.02441 0.00021 ( 1)
 828 Q   0.93938 0.03581 0.02389 0.00092 ( 1)
 829 A   0.96780 0.00758 0.02443 0.00019 ( 1)
 830 S   0.96403 0.01129 0.02439 0.00029 ( 1)
 831 I   0.96012 0.01506 0.02444 0.00039 ( 1)
 832 Q   0.93938 0.03581 0.02389 0.00092 ( 1)
 833 D   0.90083 0.07450 0.02275 0.00191 ( 1)
 834 Y   0.96074 0.01456 0.02433 0.00037 ( 1)
 835 T   0.95408 0.02118 0.02419 0.00054 ( 1)
 836 R   0.95326 0.02199 0.02419 0.00056 ( 1)
 837 R   0.85768 0.11755 0.02176 0.00302 ( 1)
 838 W   0.01767 0.95731 0.00045 0.02457 ( 2)
 839 G   0.05374 0.92125 0.00136 0.02365 ( 2)
 840 S   0.83985 0.13543 0.02125 0.00348 ( 1)
 841 T   0.96217 0.01319 0.02431 0.00034 ( 1)


lnL = -10657.010280

Bayes Empirical Bayes (BEB) probabilities for 4 classes (class)
(amino acids refer to 1st sequence: 1.Tarsier)

   1 M   0.88135 0.00660 0.11119 0.00085 ( 1)
   2 F   0.69401 0.19180 0.08914 0.02506 ( 1)
   3 H   0.60696 0.28044 0.07640 0.03620 ( 1)
   4 H   0.00293 0.88323 0.00037 0.11348 ( 2)
   5 V   0.00012 0.88576 0.00001 0.11411 ( 2)
   6 A   0.66568 0.21993 0.08563 0.02876 ( 1)
   7 H   0.03016 0.85602 0.00378 0.11004 ( 2)
   8 L   0.85106 0.03487 0.10951 0.00456 ( 1)
   9 V   0.57331 0.31428 0.07192 0.04048 ( 1)
  10 G   0.83001 0.05753 0.10501 0.00744 ( 1)
  11 L   0.84627 0.03966 0.10889 0.00518 ( 1)
  12 Q   0.84904 0.03718 0.10893 0.00485 ( 1)
  13 L   0.84165 0.04400 0.10859 0.00576 ( 1)
  14 S   0.15202 0.73468 0.01898 0.09433 ( 2)
  15 I   0.64517 0.24068 0.08273 0.03141 ( 1)
  16 S   0.82883 0.05865 0.10494 0.00759 ( 1)
  17 C   0.81605 0.07121 0.10351 0.00923 ( 1)
  18 C   0.87594 0.01140 0.11118 0.00148 ( 1)
  19 W   0.69987 0.18597 0.08987 0.02429 ( 1)
  20 A   0.87312 0.01491 0.11004 0.00192 ( 1)
  21 F   0.76897 0.11691 0.09885 0.01528 ( 1)
  22 S   0.60514 0.28244 0.07600 0.03641 ( 1)
  23 C   0.87617 0.01117 0.11121 0.00145 ( 1)
  24 H   0.87236 0.01339 0.11250 0.00175 ( 1)
  25 N   0.21510 0.67158 0.02693 0.08638 ( 2)
  26 T   0.05335 0.83261 0.00671 0.10733 ( 2)
  27 E   0.79158 0.09540 0.10063 0.01238 ( 1)
  28 F   0.11069 0.77436 0.01414 0.10081 ( 2)
  29 S   0.83595 0.04957 0.10799 0.00649 ( 1)
  30 P   0.85250 0.03311 0.11005 0.00434 ( 1)
  31 D   0.84401 0.04388 0.10644 0.00567 ( 1)
  32 F   0.88210 0.00600 0.11112 0.00077 ( 1)
  33 S   0.83174 0.05602 0.10500 0.00724 ( 1)
  34 L   0.87903 0.00880 0.11103 0.00114 ( 1)
  35 P   0.76681 0.12075 0.09683 0.01561 ( 1)
  36 G   0.86269 0.02199 0.11243 0.00290 ( 1)
  37 N   0.70761 0.17816 0.09095 0.02328 ( 1)
  38 Y   0.87542 0.01184 0.11120 0.00154 ( 1)
  39 L   0.87885 0.00898 0.11101 0.00116 ( 1)
  40 L   0.84962 0.03631 0.10933 0.00475 ( 1)
  41 A   0.50397 0.38072 0.06530 0.05001 ( 1)
  42 G   0.87774 0.00988 0.11111 0.00128 ( 1)
  43 F   0.33762 0.54790 0.04313 0.07136 ( 2)
  44 F   0.88206 0.00605 0.11111 0.00078 ( 1)
  45 P   0.64674 0.23873 0.08329 0.03124 ( 1)
  46 L   0.87978 0.00805 0.11113 0.00104 ( 1)
  47 H   0.84842 0.03731 0.10939 0.00488 ( 1)
  48 G   0.25214 0.63300 0.03230 0.08257 ( 2)
  49 D   0.44367 0.44330 0.05582 0.05721 ( 1)
  50 C   0.25139 0.63375 0.03220 0.08266 ( 2)
  51 L   0.68988 0.19592 0.08861 0.02559 ( 1)
  52 Q   0.85844 0.02778 0.11015 0.00363 ( 1)
  53 V   0.87458 0.01259 0.11119 0.00163 ( 1)
  54 R   0.85285 0.03392 0.10882 0.00441 ( 1)
  55 H   0.59660 0.29064 0.07522 0.03755 ( 1)
  56 R   0.80455 0.08035 0.10453 0.01057 ( 1)
  57 P   0.87386 0.01387 0.11048 0.00179 ( 1)
  58 E   0.87270 0.01439 0.11104 0.00187 ( 1)
  59 V   0.87393 0.01324 0.11111 0.00172 ( 1)
  60 T   0.79054 0.09716 0.09975 0.01255 ( 1)
  61 L   0.85664 0.02929 0.11024 0.00383 ( 1)
  62 C   0.83057 0.05494 0.10729 0.00720 ( 1)
  63 D   0.87903 0.00892 0.11090 0.00115 ( 1)
  64 R   0.86206 0.02472 0.11001 0.00321 ( 1)
  65 T   0.00300 0.88198 0.00038 0.11464 ( 2)
  66 C   0.11910 0.76595 0.01522 0.09973 ( 2)
  67 G   0.18034 0.70629 0.02257 0.09080 ( 2)
  68 F   0.88024 0.00786 0.11088 0.00101 ( 1)
  69 N   0.85279 0.03299 0.10991 0.00432 ( 1)
  70 G   0.44267 0.44388 0.05599 0.05746 ( 2)
  71 H   0.86970 0.01605 0.11215 0.00210 ( 1)
  72 G   0.79997 0.08752 0.10118 0.01132 ( 1)
  73 Y   0.54814 0.33869 0.06933 0.04384 ( 1)
  74 H   0.52231 0.36481 0.06578 0.04710 ( 1)
  75 L   0.82497 0.06277 0.10414 0.00811 ( 1)
  76 F   0.84660 0.04145 0.10661 0.00535 ( 1)
  77 Q   0.36342 0.52235 0.04631 0.06792 ( 2)
  78 A   0.48825 0.39723 0.06265 0.05187 ( 1)
  79 M   0.55722 0.33021 0.07000 0.04257 ( 1)
  80 R   0.73822 0.14804 0.09445 0.01929 ( 1)
  81 L   0.69981 0.18574 0.09015 0.02431 ( 1)
  82 S   0.00365 0.88214 0.00046 0.11375 ( 2)
  83 I   0.32336 0.56202 0.04136 0.07325 ( 2)
  84 E   0.33560 0.55081 0.04237 0.07122 ( 2)
  85 A   0.75500 0.13195 0.09594 0.01712 ( 1)
  86 I   0.84877 0.03720 0.10917 0.00486 ( 1)
  87 N   0.87773 0.01005 0.11093 0.00130 ( 1)
  88 N   0.87773 0.01005 0.11093 0.00130 ( 1)
  89 S   0.87557 0.01197 0.11091 0.00155 ( 1)
  90 T   0.86546 0.02149 0.11026 0.00279 ( 1)
  91 V   0.60872 0.27888 0.07646 0.03595 ( 1)
  92 L   0.84445 0.04148 0.10865 0.00542 ( 1)
  93 L   0.84426 0.04166 0.10863 0.00545 ( 1)
  94 P   0.87876 0.00897 0.11111 0.00116 ( 1)
  95 N   0.76682 0.12078 0.09679 0.01561 ( 1)
  96 V   0.25499 0.63225 0.03173 0.08103 ( 2)
  97 T   0.83742 0.05035 0.10572 0.00651 ( 1)
  98 L   0.60024 0.28548 0.07700 0.03727 ( 1)
  99 G   0.87019 0.01660 0.11106 0.00216 ( 1)
 100 Y   0.33435 0.55219 0.04214 0.07132 ( 2)
 101 E   0.01728 0.86817 0.00219 0.11236 ( 2)
 102 L   0.84966 0.03627 0.10933 0.00474 ( 1)
 103 Y   0.18017 0.70483 0.02308 0.09192 ( 2)
 104 D   0.85512 0.03076 0.11009 0.00402 ( 1)
 105 V   0.87065 0.01652 0.11069 0.00214 ( 1)
 106 C   0.86978 0.01576 0.11240 0.00206 ( 1)
 107 S   0.84749 0.03804 0.10950 0.00498 ( 1)
 108 E   0.80575 0.08208 0.10157 0.01060 ( 1)
 109 S   0.83370 0.05181 0.10770 0.00679 ( 1)
 110 A   0.87962 0.00842 0.11087 0.00109 ( 1)
 111 N   0.84905 0.03672 0.10943 0.00480 ( 1)
 112 V   0.87065 0.01652 0.11069 0.00214 ( 1)
 113 Y   0.83183 0.05356 0.10759 0.00702 ( 1)
 114 A   0.87870 0.00934 0.11075 0.00121 ( 1)
 115 T   0.86560 0.02135 0.11028 0.00277 ( 1)
 116 L   0.84445 0.04148 0.10865 0.00542 ( 1)
 117 S   0.18560 0.69905 0.02389 0.09145 ( 2)
 118 V   0.78766 0.09940 0.10004 0.01289 ( 1)
 119 L   0.87772 0.01011 0.11087 0.00131 ( 1)
 120 S   0.87491 0.01263 0.11082 0.00164 ( 1)
 121 L   0.26721 0.61824 0.03409 0.08045 ( 2)
 122 P   0.51323 0.37140 0.06655 0.04882 ( 1)
 123 G   0.86830 0.01849 0.11081 0.00240 ( 1)
 124 T   0.16413 0.72048 0.02113 0.09426 ( 2)
 125 R   0.00011 0.88624 0.00001 0.11364 ( 2)
 126 H   0.87652 0.01113 0.11091 0.00144 ( 1)
 127 I   0.84687 0.03910 0.10893 0.00511 ( 1)
 128 D   0.46987 0.41671 0.05946 0.05396 ( 1)
 129 I   0.82988 0.05788 0.10477 0.00748 ( 1)
 130 Q   0.82324 0.06162 0.10703 0.00811 ( 1)
 131 G   0.53327 0.35130 0.06922 0.04620 ( 1)
 132 D   0.80558 0.08226 0.10155 0.01062 ( 1)
 133 F   0.24318 0.64205 0.03110 0.08367 ( 2)
 134 L   0.87772 0.01011 0.11087 0.00131 ( 1)
 135 H   0.02448 0.86191 0.00305 0.11056 ( 2)
 136 Y   0.83109 0.05429 0.10749 0.00712 ( 1)
 137 S   0.11058 0.77586 0.01384 0.09973 ( 2)
 138 P   0.86464 0.02098 0.11164 0.00275 ( 1)
 139 K   0.76687 0.11875 0.09883 0.01554 ( 1)
 140 I   0.71800 0.16897 0.09112 0.02191 ( 1)
 141 V   0.73511 0.15072 0.09447 0.01969 ( 1)
 142 A   0.86003 0.02478 0.11193 0.00326 ( 1)
 143 V   0.87078 0.01639 0.11070 0.00213 ( 1)
 144 I   0.60327 0.28255 0.07731 0.03687 ( 1)
 145 G   0.78119 0.10549 0.09960 0.01372 ( 1)
 146 P   0.67374 0.21175 0.08680 0.02771 ( 1)
 147 D   0.59221 0.29528 0.07444 0.03808 ( 1)
 148 S   0.00225 0.88412 0.00028 0.11336 ( 2)
 149 T   0.83049 0.05727 0.10484 0.00740 ( 1)
 150 D   0.23600 0.65079 0.02953 0.08368 ( 2)
 151 H   0.00101 0.88391 0.00013 0.11495 ( 2)
 152 A   0.66765 0.21796 0.08589 0.02850 ( 1)
 153 A   0.75131 0.13652 0.09456 0.01761 ( 1)
 154 T   0.69070 0.19684 0.08704 0.02542 ( 1)
 155 T   0.17532 0.70922 0.02260 0.09286 ( 2)
 156 A   0.86379 0.02310 0.11011 0.00300 ( 1)
 157 A   0.82299 0.06496 0.10367 0.00838 ( 1)
 158 L   0.84157 0.04435 0.10828 0.00580 ( 1)
 159 L   0.84752 0.03840 0.10905 0.00502 ( 1)
 160 S   0.81905 0.06853 0.10355 0.00886 ( 1)
 161 P   0.83373 0.05186 0.10761 0.00679 ( 1)
 162 F   0.54499 0.34255 0.06834 0.04412 ( 1)
 163 L   0.84263 0.04329 0.10842 0.00566 ( 1)
 164 V   0.51238 0.37432 0.06483 0.04847 ( 1)
 165 P   0.87852 0.00921 0.11108 0.00119 ( 1)
 166 L   0.30556 0.58146 0.03822 0.07476 ( 2)
 167 I   0.88254 0.00581 0.11091 0.00075 ( 1)
 168 S   0.87937 0.00830 0.11125 0.00107 ( 1)
 169 Y   0.85294 0.03246 0.11034 0.00426 ( 1)
 170 E   0.01766 0.86837 0.00221 0.11176 ( 2)
 171 A   0.88173 0.00632 0.11114 0.00082 ( 1)
 172 S   0.87937 0.00830 0.11125 0.00107 ( 1)
 173 S   0.87884 0.00884 0.11118 0.00114 ( 1)
 174 T   0.00255 0.88344 0.00032 0.11369 ( 2)
 175 T   0.07767 0.80833 0.00977 0.10423 ( 2)
 176 L   0.87616 0.01166 0.11067 0.00151 ( 1)
 177 S   0.59812 0.28914 0.07540 0.03735 ( 1)
 178 V   0.00385 0.88219 0.00048 0.11347 ( 2)
 179 K   0.87106 0.01585 0.11103 0.00206 ( 1)
 180 R   0.38173 0.50418 0.04858 0.06551 ( 2)
 181 Q   0.69360 0.19247 0.08883 0.02510 ( 1)
 182 Y   0.83667 0.04872 0.10822 0.00639 ( 1)
 183 P   0.87964 0.00810 0.11122 0.00105 ( 1)
 184 S   0.84197 0.04355 0.10878 0.00571 ( 1)
 185 F   0.87648 0.01161 0.11041 0.00150 ( 1)
 186 L   0.84966 0.03627 0.10933 0.00474 ( 1)
 187 R   0.87600 0.01134 0.11119 0.00147 ( 1)
 188 T   0.88051 0.00733 0.11121 0.00095 ( 1)
 189 I   0.85619 0.03211 0.10756 0.00414 ( 1)
 190 P   0.87964 0.00810 0.11122 0.00105 ( 1)
 191 S   0.47607 0.41108 0.05983 0.05301 ( 1)
 192 D   0.88086 0.00709 0.11113 0.00092 ( 1)
 193 R   0.48550 0.40095 0.06157 0.05199 ( 1)
 194 H   0.18320 0.70314 0.02302 0.09064 ( 2)
 195 Q   0.85844 0.02778 0.11015 0.00363 ( 1)
 196 V   0.87393 0.01324 0.11111 0.00172 ( 1)
 197 E   0.87338 0.01371 0.11113 0.00178 ( 1)
 198 V   0.64738 0.24009 0.08153 0.03100 ( 1)
 199 M   0.84205 0.04584 0.10619 0.00592 ( 1)
 200 V   0.87393 0.01324 0.11111 0.00172 ( 1)
 201 L   0.68444 0.20136 0.08790 0.02630 ( 1)
 202 L   0.84966 0.03627 0.10933 0.00474 ( 1)
 203 L   0.84951 0.03642 0.10931 0.00476 ( 1)
 204 Q   0.05773 0.82775 0.00731 0.10720 ( 2)
 205 R   0.44175 0.44465 0.05598 0.05763 ( 2)
 206 F   0.88222 0.00588 0.11114 0.00076 ( 1)
 207 R   0.00301 0.88278 0.00038 0.11383 ( 2)
 208 W   0.85148 0.03448 0.10953 0.00451 ( 1)
 209 V   0.58799 0.29939 0.07399 0.03863 ( 1)
 210 W   0.85148 0.03448 0.10953 0.00451 ( 1)
 211 I   0.88347 0.00488 0.11102 0.00063 ( 1)
 212 S   0.84235 0.04317 0.10883 0.00566 ( 1)
 213 L   0.84966 0.03627 0.10933 0.00474 ( 1)
 214 V   0.42455 0.46091 0.05440 0.06014 ( 2)
 215 G   0.87864 0.00897 0.11122 0.00116 ( 1)
 216 S   0.87891 0.00876 0.11119 0.00113 ( 1)
 217 Y   0.00666 0.87845 0.00085 0.11405 ( 2)
 218 G   0.77069 0.11708 0.09711 0.01512 ( 1)
 219 D   0.88121 0.00675 0.11118 0.00087 ( 1)
 220 Y   0.85294 0.03246 0.11034 0.00426 ( 1)
 221 G   0.87039 0.01640 0.11108 0.00213 ( 1)
 222 Q   0.74745 0.13868 0.09579 0.01809 ( 1)
 223 Q   0.22877 0.65558 0.02960 0.08605 ( 2)
 224 G   0.76638 0.12029 0.09770 0.01564 ( 1)
 225 V   0.87207 0.01510 0.11087 0.00196 ( 1)
 226 Q   0.72854 0.15757 0.09334 0.02055 ( 1)
 227 A   0.67541 0.20934 0.08772 0.02753 ( 1)
 228 L   0.85102 0.03491 0.10951 0.00456 ( 1)
 229 E   0.52141 0.36524 0.06604 0.04732 ( 1)
 230 N   0.03977 0.84671 0.00496 0.10856 ( 2)
 231 Q   0.72767 0.15844 0.09323 0.02066 ( 1)
 232 A   0.88173 0.00632 0.11114 0.00082 ( 1)
 233 T   0.86836 0.01731 0.11207 0.00227 ( 1)
 234 D   0.00738 0.87762 0.00094 0.11406 ( 2)
 235 Q   0.71493 0.17116 0.09158 0.02232 ( 1)
 236 G   0.50623 0.38013 0.06430 0.04934 ( 1)
 237 I   0.85566 0.03264 0.10750 0.00421 ( 1)
 238 C   0.87641 0.01093 0.11124 0.00142 ( 1)
 239 I   0.85345 0.03258 0.10971 0.00426 ( 1)
 240 A   0.84667 0.03907 0.10914 0.00511 ( 1)
 241 F   0.88222 0.00588 0.11114 0.00076 ( 1)
 242 K   0.87106 0.01585 0.11103 0.00206 ( 1)
 243 D   0.84167 0.04622 0.10614 0.00597 ( 1)
 244 I   0.56136 0.32642 0.07024 0.04198 ( 1)
 245 V   0.80080 0.08702 0.10094 0.01124 ( 1)
 246 P   0.87777 0.00996 0.11098 0.00129 ( 1)
 247 L   0.84355 0.04449 0.10622 0.00574 ( 1)
 248 S   0.64455 0.24084 0.08308 0.03153 ( 1)
 249 A   0.88173 0.00632 0.11114 0.00082 ( 1)
 250 R   0.00157 0.88387 0.00020 0.11436 ( 2)
 251 V   0.86997 0.01720 0.11060 0.00223 ( 1)
 252 G   0.86237 0.02522 0.10915 0.00326 ( 1)
 253 D   0.85222 0.03367 0.10971 0.00440 ( 1)
 254 E   0.51560 0.37103 0.06530 0.04807 ( 1)
 255 R   0.76126 0.12540 0.09704 0.01630 ( 1)
 256 M   0.88135 0.00660 0.11119 0.00085 ( 1)
 257 Q   0.72901 0.15709 0.09340 0.02049 ( 1)
 258 G   0.02132 0.86486 0.00267 0.11115 ( 2)
 259 M   0.13925 0.47048 0.25810 0.13217 ( 2)
 260 M   0.88135 0.00660 0.11119 0.00085 ( 1)
 261 N   0.00439 0.88176 0.00055 0.11330 ( 2)
 262 R   0.21598 0.67069 0.02705 0.08628 ( 2)
 263 L   0.84966 0.03627 0.10933 0.00474 ( 1)
 264 A   0.84725 0.04074 0.10675 0.00526 ( 1)
 265 R   0.07425 0.81125 0.00941 0.10509 ( 2)
 266 A   0.87832 0.00746 0.11324 0.00098 ( 1)
 267 G   0.02115 0.86467 0.00266 0.11153 ( 2)
 268 T   0.83912 0.04885 0.10572 0.00631 ( 1)
 269 T   0.79390 0.09380 0.10018 0.01212 ( 1)
 270 V   0.87992 0.00819 0.11084 0.00106 ( 1)
 271 V   0.87393 0.01324 0.11111 0.00172 ( 1)
 272 V   0.47921 0.40629 0.06146 0.05304 ( 1)
 273 V   0.84752 0.03825 0.10922 0.00500 ( 1)
 274 F   0.87208 0.01387 0.11223 0.00181 ( 1)
 275 S   0.87823 0.00931 0.11125 0.00121 ( 1)
 276 S   0.02679 0.85961 0.00334 0.11026 ( 2)
 277 R   0.22960 0.65616 0.02914 0.08510 ( 2)
 278 R   0.00203 0.88341 0.00026 0.11431 ( 2)
 279 L   0.18415 0.70122 0.02346 0.09116 ( 2)
 280 A   0.88173 0.00632 0.11114 0.00082 ( 1)
 281 R   0.78158 0.10511 0.09965 0.01367 ( 1)
 282 V   0.87393 0.01324 0.11111 0.00172 ( 1)
 283 F   0.87622 0.00974 0.11277 0.00127 ( 1)
 284 F   0.87972 0.00839 0.11082 0.00108 ( 1)
 285 E   0.87338 0.01371 0.11113 0.00178 ( 1)
 286 S   0.87337 0.01317 0.11174 0.00172 ( 1)
 287 V   0.87393 0.01324 0.11111 0.00172 ( 1)
 288 V   0.87393 0.01324 0.11111 0.00172 ( 1)
 289 L   0.84914 0.03679 0.10926 0.00481 ( 1)
 290 A   0.84662 0.04116 0.10690 0.00532 ( 1)
 291 N   0.83864 0.04907 0.10594 0.00634 ( 1)
 292 L   0.69013 0.19567 0.08864 0.02556 ( 1)
 293 T   0.84205 0.04360 0.10864 0.00571 ( 1)
 294 G   0.87864 0.00897 0.11122 0.00116 ( 1)
 295 K   0.87106 0.01585 0.11103 0.00206 ( 1)
 296 V   0.87393 0.01324 0.11111 0.00172 ( 1)
 297 W   0.85148 0.03448 0.10953 0.00451 ( 1)
 298 I   0.60187 0.28577 0.07554 0.03682 ( 1)
 299 A   0.88173 0.00632 0.11114 0.00082 ( 1)
 300 S   0.79422 0.09037 0.10350 0.01191 ( 1)
 301 E   0.82597 0.05917 0.10709 0.00777 ( 1)
 302 D   0.62378 0.26384 0.07837 0.03401 ( 1)
 303 W   0.85148 0.03448 0.10953 0.00451 ( 1)
 304 A   0.84076 0.04722 0.10593 0.00609 ( 1)
 305 I   0.84192 0.04585 0.10630 0.00593 ( 1)
 306 S   0.87823 0.00931 0.11125 0.00121 ( 1)
 307 R   0.10631 0.77960 0.01341 0.10068 ( 2)
 308 H   0.82658 0.06100 0.10453 0.00789 ( 1)
 309 I   0.88347 0.00488 0.11102 0.00063 ( 1)
 310 T   0.67481 0.21072 0.08690 0.02757 ( 1)
 311 G   0.44079 0.44551 0.05593 0.05778 ( 2)
 312 V   0.87187 0.01530 0.11084 0.00199 ( 1)
 313 P   0.87195 0.01578 0.11024 0.00204 ( 1)
 314 G   0.86901 0.01777 0.11091 0.00231 ( 1)
 315 I   0.88347 0.00488 0.11102 0.00063 ( 1)
 316 Q   0.34046 0.54529 0.04336 0.07089 ( 2)
 317 G   0.56837 0.31854 0.07186 0.04122 ( 1)
 318 I   0.86279 0.02324 0.11092 0.00304 ( 1)
 319 G   0.86855 0.01823 0.11085 0.00237 ( 1)
 320 T   0.00195 0.88459 0.00024 0.11322 ( 2)
 321 V   0.87440 0.01277 0.11117 0.00166 ( 1)
 322 L   0.84966 0.03627 0.10933 0.00474 ( 1)
 323 G   0.85647 0.03111 0.10839 0.00403 ( 1)
 324 V   0.87365 0.01352 0.11107 0.00175 ( 1)
 325 A   0.88173 0.00632 0.11114 0.00082 ( 1)
 326 I   0.88347 0.00488 0.11102 0.00063 ( 1)
 327 Q   0.85844 0.02778 0.11015 0.00363 ( 1)
 328 L   0.08474 0.80123 0.01067 0.10336 ( 2)
 329 R   0.46644 0.41988 0.05920 0.05447 ( 1)
 330 L   0.00087 0.88420 0.00011 0.11483 ( 2)
 331 V   0.84496 0.04309 0.10639 0.00556 ( 1)
 332 P   0.84744 0.03817 0.10940 0.00500 ( 1)
 333 G   0.83069 0.05681 0.10515 0.00735 ( 1)
 334 L   0.84943 0.03650 0.10930 0.00477 ( 1)
 335 K   0.79098 0.09583 0.10074 0.01245 ( 1)
 336 E   0.77594 0.11106 0.09859 0.01441 ( 1)
 337 F   0.69564 0.19017 0.08935 0.02484 ( 1)
 338 E   0.81805 0.06708 0.10606 0.00881 ( 1)
 339 E   0.85583 0.02932 0.11100 0.00385 ( 1)
 340 A   0.88173 0.00632 0.11114 0.00082 ( 1)
 341 Y   0.83046 0.05493 0.10741 0.00720 ( 1)
 342 A   0.84751 0.04048 0.10679 0.00522 ( 1)
 343 Q   0.00459 0.88095 0.00058 0.11388 ( 2)
 344 A   0.59095 0.29377 0.07666 0.03862 ( 1)
 345 D   0.88121 0.00675 0.11118 0.00087 ( 1)
 346 K   0.87106 0.01585 0.11103 0.00206 ( 1)
 347 G   0.01839 0.86761 0.00231 0.11169 ( 2)
 348 A   0.84169 0.04629 0.10605 0.00597 ( 1)
 349 P   0.11247 0.77263 0.01436 0.10054 ( 2)
 350 L   0.27022 0.61588 0.03418 0.07972 ( 2)
 351 P   0.54711 0.33829 0.07036 0.04424 ( 1)
 352 C   0.87501 0.01233 0.11106 0.00160 ( 1)
 353 P   0.03674 0.84966 0.00459 0.10901 ( 2)
 354 T   0.09355 0.79243 0.01178 0.10224 ( 2)
 355 G   0.83029 0.05725 0.10505 0.00741 ( 1)
 356 A   0.82063 0.06684 0.10389 0.00865 ( 1)
 357 W   0.71173 0.17412 0.09141 0.02274 ( 1)
 358 C   0.87641 0.01093 0.11124 0.00142 ( 1)
 359 S   0.87937 0.00830 0.11125 0.00107 ( 1)
 360 S   0.87937 0.00830 0.11125 0.00107 ( 1)
 361 N   0.84542 0.04034 0.10896 0.00528 ( 1)
 362 Q   0.85844 0.02778 0.11015 0.00363 ( 1)
 363 L   0.60316 0.28424 0.07592 0.03669 ( 1)
 364 C   0.87501 0.01233 0.11106 0.00160 ( 1)
 365 R   0.81244 0.07246 0.10556 0.00953 ( 1)
 366 E   0.18139 0.70343 0.02329 0.09189 ( 2)
 367 C   0.87492 0.01243 0.11105 0.00161 ( 1)
 368 C   0.00132 0.88323 0.00017 0.11528 ( 2)
 369 A   0.69208 0.19355 0.08906 0.02531 ( 1)
 370 F   0.88222 0.00588 0.11114 0.00076 ( 1)
 371 T   0.00041 0.88612 0.00005 0.11341 ( 2)
 372 A   0.14523 0.73933 0.01870 0.09674 ( 2)
 373 H   0.87885 0.00880 0.11121 0.00114 ( 1)
 374 T   0.00026 0.88564 0.00003 0.11406 ( 2)
 375 T   0.84220 0.04569 0.10621 0.00590 ( 1)
 376 P   0.87923 0.00850 0.11117 0.00110 ( 1)
 377 T   0.07738 0.80858 0.00974 0.10430 ( 2)
 378 L   0.87389 0.01393 0.11038 0.00180 ( 1)
 379 G   0.00059 0.88407 0.00008 0.11527 ( 2)
 380 P   0.63182 0.25582 0.07939 0.03298 ( 1)
 381 F   0.84721 0.04084 0.10668 0.00527 ( 1)
 382 S   0.87823 0.00931 0.11125 0.00121 ( 1)
 383 M   0.88135 0.00660 0.11119 0.00085 ( 1)
 384 S   0.84430 0.04141 0.10887 0.00542 ( 1)
 385 S   0.64293 0.24245 0.08287 0.03174 ( 1)
 386 A   0.88173 0.00632 0.11114 0.00082 ( 1)
 387 Y   0.87542 0.01184 0.11120 0.00154 ( 1)
 388 N   0.87990 0.00788 0.11121 0.00102 ( 1)
 389 V   0.38632 0.50018 0.04880 0.06470 ( 2)
 390 Y   0.87070 0.01655 0.11060 0.00215 ( 1)
 391 Q   0.06080 0.82479 0.00769 0.10672 ( 2)
 392 A   0.83767 0.04806 0.10797 0.00629 ( 1)
 393 V   0.87393 0.01324 0.11111 0.00172 ( 1)
 394 Y   0.85369 0.03171 0.11044 0.00416 ( 1)
 395 T   0.05623 0.82830 0.00723 0.10824 ( 2)
 396 V   0.87393 0.01324 0.11111 0.00172 ( 1)
 397 A   0.88151 0.00653 0.11111 0.00084 ( 1)
 398 H   0.84587 0.03986 0.10905 0.00522 ( 1)
 399 G   0.87864 0.00897 0.11122 0.00116 ( 1)
 400 L   0.88009 0.00774 0.11117 0.00100 ( 1)
 401 H   0.87903 0.00862 0.11123 0.00112 ( 1)
 402 Q   0.85844 0.02778 0.11015 0.00363 ( 1)
 403 L   0.88009 0.00774 0.11117 0.00100 ( 1)
 404 L   0.84966 0.03627 0.10933 0.00474 ( 1)
 405 G   0.87864 0.00897 0.11122 0.00116 ( 1)
 406 C   0.85657 0.02896 0.11068 0.00379 ( 1)
 407 A   0.83616 0.05181 0.10534 0.00669 ( 1)
 408 S   0.84604 0.03948 0.10931 0.00517 ( 1)
 409 G   0.79786 0.08680 0.10391 0.01143 ( 1)
 410 A   0.79060 0.09510 0.10186 0.01244 ( 1)
 411 C   0.83617 0.04935 0.10802 0.00647 ( 1)
 412 S   0.87823 0.00931 0.11125 0.00121 ( 1)
 413 R   0.86930 0.01749 0.11094 0.00227 ( 1)
 414 S   0.60352 0.28369 0.07613 0.03666 ( 1)
 415 Q   0.02370 0.86055 0.00306 0.11269 ( 2)
 416 V   0.88184 0.00627 0.11108 0.00081 ( 1)
 417 Y   0.51225 0.37453 0.06476 0.04847 ( 1)
 418 P   0.87917 0.00857 0.11116 0.00111 ( 1)
 419 W   0.85148 0.03448 0.10953 0.00451 ( 1)
 420 Q   0.85844 0.02778 0.11015 0.00363 ( 1)
 421 L   0.84078 0.04487 0.10848 0.00587 ( 1)
 422 L   0.84678 0.03913 0.10898 0.00512 ( 1)
 423 E   0.80108 0.08592 0.10185 0.01115 ( 1)
 424 Q   0.85844 0.02778 0.11015 0.00363 ( 1)
 425 I   0.88347 0.00488 0.11102 0.00063 ( 1)
 426 H   0.03198 0.85441 0.00399 0.10962 ( 2)
 427 K   0.87059 0.01631 0.11097 0.00212 ( 1)
 428 A   0.80899 0.07810 0.10278 0.01013 ( 1)
 429 N   0.67138 0.21423 0.08638 0.02802 ( 1)
 430 F   0.88206 0.00605 0.11111 0.00078 ( 1)
 431 L   0.84078 0.04487 0.10848 0.00587 ( 1)
 432 L   0.78016 0.10430 0.10178 0.01375 ( 1)
 433 H   0.87714 0.01051 0.11099 0.00136 ( 1)
 434 E   0.02101 0.86489 0.00264 0.11146 ( 2)
 435 D   0.88121 0.00675 0.11118 0.00087 ( 1)
 436 T   0.84762 0.03803 0.10937 0.00498 ( 1)
 437 V   0.87393 0.01324 0.11111 0.00172 ( 1)
 438 T   0.00766 0.87835 0.00096 0.11303 ( 2)
 439 F   0.69381 0.19200 0.08911 0.02508 ( 1)
 440 N   0.28384 0.60151 0.03628 0.07837 ( 2)
 441 D   0.88121 0.00675 0.11118 0.00087 ( 1)
 442 N   0.85985 0.02790 0.10865 0.00361 ( 1)
 443 G   0.27068 0.61398 0.03491 0.08043 ( 2)
 444 D   0.46948 0.41611 0.06013 0.05428 ( 1)
 445 P   0.83234 0.05532 0.10518 0.00715 ( 1)
 446 L   0.54981 0.33751 0.06914 0.04354 ( 1)
 447 S   0.84338 0.04233 0.10876 0.00554 ( 1)
 448 G   0.82577 0.06183 0.10441 0.00800 ( 1)
 449 Y   0.83046 0.05493 0.10741 0.00720 ( 1)
 450 N   0.21828 0.66848 0.02731 0.08594 ( 2)
 451 I   0.85332 0.03265 0.10976 0.00427 ( 1)
 452 I   0.85345 0.03258 0.10971 0.00426 ( 1)
 453 A   0.84676 0.04123 0.10669 0.00532 ( 1)
 454 W   0.85148 0.03448 0.10953 0.00451 ( 1)
 455 D   0.88121 0.00675 0.11118 0.00087 ( 1)
 456 W   0.85148 0.03448 0.10953 0.00451 ( 1)
 457 I   0.05395 0.83123 0.00687 0.10796 ( 2)
 458 G   0.86503 0.01964 0.11274 0.00259 ( 1)
 459 F   0.61515 0.27219 0.07752 0.03515 ( 1)
 460 K   0.80073 0.08609 0.10199 0.01119 ( 1)
 461 W   0.85148 0.03448 0.10953 0.00451 ( 1)
 462 T   0.88051 0.00733 0.11121 0.00095 ( 1)
 463 F   0.88134 0.00677 0.11102 0.00087 ( 1)
 464 T   0.86341 0.02354 0.10999 0.00306 ( 1)
 465 V   0.53885 0.34869 0.06756 0.04490 ( 1)
 466 I   0.07712 0.80946 0.00961 0.10381 ( 2)
 467 G   0.87031 0.01525 0.11243 0.00200 ( 1)
 468 S   0.87775 0.00979 0.11119 0.00127 ( 1)
 469 S   0.87823 0.00931 0.11125 0.00121 ( 1)
 470 T   0.81137 0.07338 0.10559 0.00966 ( 1)
 471 A   0.28054 0.60496 0.03579 0.07872 ( 2)
 472 S   0.63397 0.25141 0.08170 0.03291 ( 1)
 473 P   0.79199 0.09274 0.10307 0.01221 ( 1)
 474 V   0.66549 0.22015 0.08558 0.02878 ( 1)
 475 R   0.00508 0.88036 0.00064 0.11392 ( 2)
 476 L   0.80554 0.07893 0.10512 0.01041 ( 1)
 477 D   0.83103 0.05667 0.10497 0.00733 ( 1)
 478 I   0.85199 0.03398 0.10959 0.00444 ( 1)
 479 N   0.84542 0.04034 0.10896 0.00528 ( 1)
 480 E   0.80116 0.08584 0.10186 0.01114 ( 1)
 481 T   0.88050 0.00734 0.11121 0.00095 ( 1)
 482 K   0.81111 0.07390 0.10528 0.00971 ( 1)
 483 I   0.88314 0.00520 0.11098 0.00067 ( 1)
 484 Q   0.85844 0.02778 0.11015 0.00363 ( 1)
 485 W   0.85148 0.03448 0.10953 0.00451 ( 1)
 486 H   0.81658 0.07098 0.10326 0.00918 ( 1)
 487 R   0.14423 0.74023 0.01860 0.09694 ( 2)
 488 K   0.87106 0.01585 0.11103 0.00206 ( 1)
 489 D   0.84451 0.04339 0.10650 0.00560 ( 1)
 490 N   0.88009 0.00769 0.11123 0.00099 ( 1)
 491 Q   0.85844 0.02778 0.11015 0.00363 ( 1)
 492 V   0.87365 0.01352 0.11107 0.00175 ( 1)
 493 P   0.84468 0.04092 0.10904 0.00536 ( 1)
 494 Q   0.46777 0.41866 0.05930 0.05427 ( 1)
 495 S   0.83595 0.04957 0.10799 0.00649 ( 1)
 496 V   0.87393 0.01324 0.11111 0.00172 ( 1)
 497 C   0.86326 0.02227 0.11155 0.00292 ( 1)
 498 S   0.87823 0.00931 0.11125 0.00121 ( 1)
 499 S   0.86981 0.01785 0.11003 0.00231 ( 1)
 500 D   0.88081 0.00715 0.11112 0.00092 ( 1)
 501 C   0.83982 0.04570 0.10849 0.00599 ( 1)
 502 L   0.84078 0.04487 0.10848 0.00587 ( 1)
 503 E   0.57117 0.31384 0.07383 0.04116 ( 1)
 504 G   0.86646 0.02032 0.11058 0.00264 ( 1)
 505 H   0.83157 0.05601 0.10517 0.00725 ( 1)
 506 Q   0.85844 0.02778 0.11015 0.00363 ( 1)
 507 R   0.12024 0.76403 0.01554 0.10019 ( 2)
 508 V   0.87393 0.01324 0.11111 0.00172 ( 1)
 509 V   0.84862 0.03715 0.10936 0.00486 ( 1)
 510 V   0.00212 0.88379 0.00027 0.11383 ( 2)
 511 G   0.64042 0.24500 0.08251 0.03207 ( 1)
 512 S   0.84814 0.03991 0.10680 0.00515 ( 1)
 513 H   0.31708 0.56826 0.04057 0.07408 ( 2)
 514 H   0.83294 0.05464 0.10535 0.00707 ( 1)
 515 C   0.83975 0.04754 0.10654 0.00616 ( 1)
 516 C   0.87641 0.01093 0.11124 0.00142 ( 1)
 517 F   0.85830 0.02765 0.11044 0.00361 ( 1)
 518 E   0.80249 0.08451 0.10203 0.01097 ( 1)
 519 C   0.83617 0.04935 0.10802 0.00647 ( 1)
 520 V   0.86663 0.02054 0.11017 0.00266 ( 1)
 521 P   0.87720 0.01053 0.11091 0.00136 ( 1)
 522 C   0.83675 0.04877 0.10809 0.00639 ( 1)
 523 E   0.43297 0.45331 0.05493 0.05879 ( 2)
 524 S   0.65093 0.23467 0.08372 0.03068 ( 1)
 525 G   0.86828 0.01850 0.11081 0.00241 ( 1)
 526 T   0.48433 0.40289 0.06084 0.05194 ( 1)
 527 F   0.66674 0.22101 0.08377 0.02849 ( 1)
 528 L   0.58097 0.30639 0.07310 0.03954 ( 1)
 529 N   0.63090 0.25649 0.07949 0.03312 ( 1)
 530 K   0.48268 0.40377 0.06121 0.05235 ( 1)
 531 S   0.83793 0.04777 0.10805 0.00625 ( 1)
 532 D   0.87903 0.00892 0.11090 0.00115 ( 1)
 533 L   0.81905 0.06869 0.10339 0.00888 ( 1)
 534 Y   0.79633 0.09083 0.10107 0.01178 ( 1)
 535 R   0.21777 0.66690 0.02805 0.08728 ( 2)
 536 C   0.87287 0.01446 0.11079 0.00187 ( 1)
 537 Q   0.85844 0.02778 0.11015 0.00363 ( 1)
 538 P   0.64555 0.23992 0.08314 0.03140 ( 1)
 539 C   0.83617 0.04935 0.10802 0.00647 ( 1)
 540 G   0.86901 0.01777 0.11091 0.00231 ( 1)
 541 K   0.81845 0.06657 0.10624 0.00875 ( 1)
 542 E   0.81805 0.06708 0.10606 0.00881 ( 1)
 543 E   0.87336 0.01373 0.11113 0.00178 ( 1)
 544 W   0.85148 0.03448 0.10953 0.00451 ( 1)
 545 A   0.79680 0.08799 0.10363 0.01158 ( 1)
 546 P   0.84785 0.03776 0.10945 0.00495 ( 1)
 547 E   0.14333 0.74284 0.01803 0.09580 ( 2)
 548 G   0.47889 0.40567 0.06211 0.05333 ( 1)
 549 S   0.87937 0.00830 0.11125 0.00107 ( 1)
 550 Q   0.85844 0.02778 0.11015 0.00363 ( 1)
 551 T   0.83395 0.05381 0.10528 0.00695 ( 1)
 552 C   0.87641 0.01093 0.11124 0.00142 ( 1)
 553 F   0.88157 0.00654 0.11105 0.00084 ( 1)
 554 P   0.57961 0.30692 0.07363 0.03984 ( 1)
 555 R   0.87034 0.01699 0.11047 0.00220 ( 1)
 556 T   0.84855 0.03710 0.10949 0.00486 ( 1)
 557 V   0.87191 0.01526 0.11085 0.00198 ( 1)
 558 V   0.80564 0.08145 0.10235 0.01057 ( 1)
 559 F   0.29055 0.59493 0.03708 0.07743 ( 2)
 560 L   0.84912 0.03679 0.10928 0.00481 ( 1)
 561 A   0.25849 0.62683 0.03304 0.08165 ( 2)
 562 W   0.30570 0.57977 0.03904 0.07549 ( 2)
 563 H   0.28959 0.59573 0.03704 0.07764 ( 2)
 564 E   0.87338 0.01371 0.11113 0.00178 ( 1)
 565 C   0.03684 0.84956 0.00460 0.10900 ( 2)
 566 I   0.84351 0.04427 0.10650 0.00572 ( 1)
 567 S   0.83595 0.04957 0.10799 0.00649 ( 1)
 568 W   0.85148 0.03448 0.10953 0.00451 ( 1)
 569 V   0.87393 0.01324 0.11111 0.00172 ( 1)
 570 L   0.84712 0.03881 0.10900 0.00507 ( 1)
 571 L   0.84939 0.03653 0.10930 0.00478 ( 1)
 572 A   0.50228 0.38241 0.06508 0.05024 ( 1)
 573 A   0.68315 0.20247 0.08790 0.02648 ( 1)
 574 N   0.86876 0.01900 0.10979 0.00246 ( 1)
 575 T   0.76143 0.12540 0.09689 0.01629 ( 1)
 576 L   0.30090 0.58458 0.03841 0.07610 ( 2)
 577 L   0.84839 0.03754 0.10917 0.00491 ( 1)
 578 L   0.84957 0.03635 0.10932 0.00475 ( 1)
 579 V   0.69019 0.19561 0.08865 0.02555 ( 1)
 580 V   0.68957 0.19623 0.08857 0.02563 ( 1)
 581 V   0.69743 0.18837 0.08959 0.02461 ( 1)
 582 V   0.26340 0.62185 0.03370 0.08106 ( 2)
 583 G   0.86975 0.01703 0.11100 0.00222 ( 1)
 584 T   0.65442 0.23109 0.08425 0.03023 ( 1)
 585 V   0.66678 0.21883 0.08577 0.02861 ( 1)
 586 G   0.87675 0.01087 0.11098 0.00141 ( 1)
 587 L   0.84966 0.03627 0.10933 0.00474 ( 1)
 588 F   0.85093 0.03501 0.10948 0.00458 ( 1)
 589 A   0.88135 0.00669 0.11109 0.00086 ( 1)
 590 W   0.85148 0.03448 0.10953 0.00451 ( 1)
 591 H   0.87906 0.00860 0.11123 0.00111 ( 1)
 592 Q   0.44652 0.43787 0.05799 0.05761 ( 1)
 593 D   0.88121 0.00675 0.11118 0.00087 ( 1)
 594 T   0.87983 0.00801 0.11113 0.00104 ( 1)
 595 P   0.83927 0.04633 0.10833 0.00607 ( 1)
 596 V   0.87393 0.01324 0.11111 0.00172 ( 1)
 597 V   0.87347 0.01370 0.11105 0.00178 ( 1)
 598 R   0.86930 0.01749 0.11094 0.00227 ( 1)
 599 S   0.78156 0.10303 0.10184 0.01357 ( 1)
 600 A   0.82660 0.05820 0.10754 0.00766 ( 1)
 601 G   0.86901 0.01777 0.11091 0.00231 ( 1)
 602 G   0.87864 0.00897 0.11122 0.00116 ( 1)
 603 W   0.01631 0.86985 0.00204 0.11179 ( 2)
 604 L   0.84966 0.03627 0.10933 0.00474 ( 1)
 605 C   0.87629 0.01106 0.11122 0.00143 ( 1)
 606 F   0.87208 0.01387 0.11223 0.00181 ( 1)
 607 L   0.86867 0.01700 0.11211 0.00223 ( 1)
 608 M   0.88135 0.00660 0.11119 0.00085 ( 1)
 609 L   0.84752 0.03840 0.10905 0.00502 ( 1)
 610 G   0.87774 0.00988 0.11111 0.00128 ( 1)
 611 S   0.87763 0.00991 0.11117 0.00128 ( 1)
 612 L   0.84966 0.03627 0.10933 0.00474 ( 1)
 613 A   0.80766 0.07713 0.10506 0.01015 ( 1)
 614 G   0.03242 0.85210 0.00417 0.11131 ( 2)
 615 A   0.62505 0.26036 0.08052 0.03408 ( 1)
 616 S   0.87520 0.01052 0.11289 0.00138 ( 1)
 617 C   0.03361 0.85276 0.00420 0.10943 ( 2)
 618 S   0.87937 0.00830 0.11125 0.00107 ( 1)
 619 L   0.83568 0.05208 0.10551 0.00673 ( 1)
 620 Y   0.83046 0.05493 0.10741 0.00720 ( 1)
 621 G   0.87842 0.00919 0.11120 0.00119 ( 1)
 622 F   0.88191 0.00620 0.11110 0.00080 ( 1)
 623 F   0.85093 0.03501 0.10948 0.00458 ( 1)
 624 G   0.86646 0.02032 0.11058 0.00264 ( 1)
 625 E   0.86417 0.02098 0.11209 0.00276 ( 1)
 626 P   0.87848 0.00925 0.11107 0.00120 ( 1)
 627 T   0.58609 0.29859 0.07606 0.03926 ( 1)
 628 L   0.26137 0.62472 0.03306 0.08086 ( 2)
 629 P   0.72838 0.15715 0.09390 0.02057 ( 1)
 630 A   0.55381 0.33089 0.07181 0.04349 ( 1)
 631 C   0.87501 0.01233 0.11106 0.00160 ( 1)
 632 L   0.84084 0.04506 0.10821 0.00589 ( 1)
 633 L   0.84947 0.03646 0.10931 0.00477 ( 1)
 634 R   0.87610 0.01124 0.11120 0.00146 ( 1)
 635 Q   0.85587 0.03036 0.10981 0.00396 ( 1)
 636 A   0.83395 0.05402 0.10506 0.00697 ( 1)
 637 I   0.83057 0.05719 0.10486 0.00739 ( 1)
 638 F   0.85093 0.03501 0.10948 0.00458 ( 1)
 639 A   0.88077 0.00728 0.11102 0.00094 ( 1)
 640 L   0.84611 0.03954 0.10917 0.00518 ( 1)
 641 G   0.83850 0.04705 0.10829 0.00616 ( 1)
 642 F   0.87648 0.01161 0.11041 0.00150 ( 1)
 643 T   0.82753 0.06023 0.10446 0.00778 ( 1)
 644 I   0.85640 0.03190 0.10759 0.00411 ( 1)
 645 F   0.88202 0.00608 0.11111 0.00078 ( 1)
 646 L   0.84947 0.03646 0.10931 0.00477 ( 1)
 647 S   0.87812 0.00943 0.11123 0.00122 ( 1)
 648 C   0.87641 0.01093 0.11124 0.00142 ( 1)
 649 L   0.69013 0.19567 0.08864 0.02556 ( 1)
 650 T   0.79575 0.08900 0.10354 0.01171 ( 1)
 651 V   0.84522 0.04056 0.10892 0.00531 ( 1)
 652 R   0.87581 0.01153 0.11117 0.00149 ( 1)
 653 S   0.87140 0.01321 0.11365 0.00174 ( 1)
 654 F   0.88222 0.00588 0.11114 0.00076 ( 1)
 655 Q   0.80476 0.08010 0.10461 0.01054 ( 1)
 656 L   0.82171 0.06277 0.10725 0.00828 ( 1)
 657 V   0.83957 0.04870 0.10546 0.00627 ( 1)
 658 I   0.88347 0.00488 0.11102 0.00063 ( 1)
 659 I   0.88289 0.00545 0.11095 0.00070 ( 1)
 660 F   0.88222 0.00588 0.11114 0.00076 ( 1)
 661 K   0.87106 0.01585 0.11103 0.00206 ( 1)
 662 F   0.85093 0.03501 0.10948 0.00458 ( 1)
 663 S   0.87761 0.00994 0.11117 0.00129 ( 1)
 664 T   0.64850 0.23897 0.08167 0.03085 ( 1)
 665 K   0.86994 0.01697 0.11089 0.00220 ( 1)
 666 V   0.17493 0.70965 0.02254 0.09288 ( 2)
 667 P   0.86696 0.01866 0.11194 0.00244 ( 1)
 668 T   0.23604 0.64852 0.03046 0.08498 ( 2)
 669 F   0.88222 0.00588 0.11114 0.00076 ( 1)
 670 Y   0.54978 0.33705 0.06954 0.04363 ( 1)
 671 H   0.29318 0.59360 0.03677 0.07645 ( 2)
 672 T   0.66378 0.22391 0.08344 0.02887 ( 1)
 673 W   0.85148 0.03448 0.10953 0.00451 ( 1)
 674 V   0.88095 0.00716 0.11097 0.00092 ( 1)
 675 Q   0.80148 0.08338 0.10418 0.01097 ( 1)
 676 N   0.88009 0.00769 0.11123 0.00099 ( 1)
 677 H   0.87575 0.01190 0.11081 0.00154 ( 1)
 678 G   0.83713 0.04841 0.10811 0.00634 ( 1)
 679 A   0.85263 0.03312 0.10992 0.00433 ( 1)
 680 A   0.16434 0.72222 0.02057 0.09287 ( 2)
 681 L   0.84966 0.03627 0.10933 0.00474 ( 1)
 682 F   0.85093 0.03501 0.10948 0.00458 ( 1)
 683 I   0.68301 0.20391 0.08664 0.02644 ( 1)
 684 M   0.52199 0.36539 0.06554 0.04709 ( 1)
 685 I   0.88317 0.00518 0.11099 0.00067 ( 1)
 686 S   0.83463 0.05298 0.10554 0.00685 ( 1)
 687 S   0.78156 0.10303 0.10184 0.01357 ( 1)
 688 M   0.02703 0.85888 0.00340 0.11069 ( 2)
 689 A   0.18218 0.70471 0.02271 0.09040 ( 2)
 690 Q   0.85844 0.02778 0.11015 0.00363 ( 1)
 691 L   0.84717 0.03875 0.10901 0.00507 ( 1)
 692 L   0.84385 0.04180 0.10888 0.00547 ( 1)
 693 I   0.88347 0.00488 0.11102 0.00063 ( 1)
 694 C   0.83662 0.04890 0.10808 0.00641 ( 1)
 695 L   0.78016 0.10430 0.10178 0.01375 ( 1)
 696 T   0.84830 0.03735 0.10946 0.00489 ( 1)
 697 W   0.85148 0.03448 0.10953 0.00451 ( 1)
 698 L   0.84478 0.04114 0.10870 0.00538 ( 1)
 699 A   0.47640 0.41025 0.06024 0.05310 ( 1)
 700 V   0.80585 0.08124 0.10238 0.01054 ( 1)
 701 W   0.85148 0.03448 0.10953 0.00451 ( 1)
 702 T   0.87868 0.00915 0.11098 0.00118 ( 1)
 703 P   0.79199 0.09274 0.10307 0.01221 ( 1)
 704 L   0.84966 0.03627 0.10933 0.00474 ( 1)
 705 P   0.87841 0.00932 0.11106 0.00121 ( 1)
 706 T   0.78294 0.10266 0.10096 0.01344 ( 1)
 707 R   0.85298 0.03379 0.10884 0.00439 ( 1)
 708 E   0.81805 0.06708 0.10606 0.00881 ( 1)
 709 Y   0.87399 0.01327 0.11102 0.00172 ( 1)
 710 Q   0.35551 0.53025 0.04529 0.06894 ( 2)
 711 R   0.87613 0.01121 0.11121 0.00145 ( 1)
 712 F   0.88157 0.00654 0.11105 0.00084 ( 1)
 713 P   0.87848 0.00925 0.11107 0.00120 ( 1)
 714 Q   0.71022 0.17541 0.09143 0.02294 ( 1)
 715 L   0.84966 0.03627 0.10933 0.00474 ( 1)
 716 V   0.87191 0.01526 0.11085 0.00198 ( 1)
 717 V   0.62905 0.25850 0.07911 0.03334 ( 1)
 718 L   0.84078 0.04487 0.10848 0.00587 ( 1)
 719 E   0.35384 0.04233 0.59311 0.01072 ( 3)
 720 C   0.87641 0.01093 0.11124 0.00142 ( 1)
 721 T   0.79376 0.09098 0.10328 0.01198 ( 1)
 722 E   0.87338 0.01371 0.11113 0.00178 ( 1)
 723 T   0.00446 0.88201 0.00055 0.11298 ( 2)
 724 N   0.81255 0.07512 0.10262 0.00971 ( 1)
 725 S   0.86065 0.02687 0.10900 0.00348 ( 1)
 726 L   0.84966 0.03627 0.10933 0.00474 ( 1)
 727 G   0.87864 0.00897 0.11122 0.00116 ( 1)
 728 F   0.88222 0.00588 0.11114 0.00076 ( 1)
 729 M   0.43603 0.44960 0.05577 0.05860 ( 2)
 730 L   0.84947 0.03645 0.10931 0.00477 ( 1)
 731 A   0.88173 0.00632 0.11114 0.00082 ( 1)
 732 F   0.87929 0.00881 0.11076 0.00114 ( 1)
 733 G   0.00548 0.88099 0.00068 0.11285 ( 2)
 734 Y   0.87542 0.01184 0.11120 0.00154 ( 1)
 735 N   0.84542 0.04034 0.10896 0.00528 ( 1)
 736 G   0.82363 0.06390 0.10420 0.00827 ( 1)
 737 L   0.87879 0.00904 0.11100 0.00117 ( 1)
 738 L   0.87940 0.00843 0.11108 0.00109 ( 1)
 739 S   0.87282 0.01471 0.11056 0.00190 ( 1)
 740 V   0.15394 0.44553 0.27790 0.12263 ( 2)
 741 S   0.87015 0.01558 0.11224 0.00204 ( 1)
 742 A   0.88101 0.00703 0.11105 0.00091 ( 1)
 743 F   0.85093 0.03501 0.10948 0.00458 ( 1)
 744 A   0.88037 0.00768 0.11097 0.00099 ( 1)
 745 C   0.87541 0.01193 0.11111 0.00155 ( 1)
 746 S   0.83433 0.05328 0.10550 0.00689 ( 1)
 747 Y   0.87542 0.01184 0.11120 0.00154 ( 1)
 748 L   0.69024 0.19556 0.08865 0.02555 ( 1)
 749 G   0.87837 0.00925 0.11119 0.00120 ( 1)
 750 K   0.86994 0.01697 0.11089 0.00220 ( 1)
 751 D   0.88121 0.00675 0.11118 0.00087 ( 1)
 752 L   0.84869 0.03722 0.10923 0.00487 ( 1)
 753 P   0.79199 0.09274 0.10307 0.01221 ( 1)
 754 E   0.87338 0.01371 0.11113 0.00178 ( 1)
 755 N   0.88009 0.00769 0.11123 0.00099 ( 1)
 756 Y   0.85978 0.02746 0.10920 0.00356 ( 1)
 757 N   0.83323 0.05448 0.10525 0.00704 ( 1)
 758 E   0.87338 0.01371 0.11113 0.00178 ( 1)
 759 A   0.88135 0.00669 0.11109 0.00086 ( 1)
 760 K   0.81111 0.07390 0.10528 0.00971 ( 1)
 761 C   0.83617 0.04935 0.10802 0.00647 ( 1)
 762 V   0.88184 0.00627 0.11108 0.00081 ( 1)
 763 T   0.87865 0.00918 0.11098 0.00119 ( 1)
 764 F   0.87972 0.00839 0.11082 0.00108 ( 1)
 765 G   0.60749 0.27978 0.07659 0.03614 ( 1)
 766 L   0.84952 0.03641 0.10931 0.00476 ( 1)
 767 L   0.88009 0.00774 0.11117 0.00100 ( 1)
 768 L   0.83691 0.05111 0.10538 0.00659 ( 1)
 769 N   0.82420 0.06349 0.10410 0.00821 ( 1)
 770 F   0.88157 0.00654 0.11105 0.00084 ( 1)
 771 V   0.53631 0.35043 0.06788 0.04538 ( 1)
 772 S   0.87823 0.00931 0.11125 0.00121 ( 1)
 773 W   0.85148 0.03448 0.10953 0.00451 ( 1)
 774 I   0.88347 0.00488 0.11102 0.00063 ( 1)
 775 A   0.65267 0.23500 0.08203 0.03030 ( 1)
 776 F   0.84785 0.04020 0.10677 0.00519 ( 1)
 777 F   0.88188 0.00622 0.11109 0.00080 ( 1)
 778 T   0.88033 0.00751 0.11119 0.00097 ( 1)
 779 V   0.11825 0.76780 0.01489 0.09907 ( 2)
 780 A   0.88107 0.00698 0.11106 0.00090 ( 1)
 781 S   0.82944 0.05816 0.10488 0.00752 ( 1)
 782 V   0.84732 0.04073 0.10669 0.00526 ( 1)
 783 Y   0.80844 0.07873 0.10262 0.01021 ( 1)
 784 Q   0.48741 0.39991 0.06116 0.05152 ( 1)
 785 G   0.82847 0.05907 0.10482 0.00764 ( 1)
 786 K   0.87106 0.01585 0.11103 0.00206 ( 1)
 787 Y   0.87377 0.01349 0.11099 0.00175 ( 1)
 788 L   0.69010 0.19570 0.08864 0.02556 ( 1)
 789 P   0.82842 0.05717 0.10692 0.00749 ( 1)
 790 A   0.77953 0.10747 0.09905 0.01394 ( 1)
 791 V   0.83436 0.05361 0.10511 0.00692 ( 1)
 792 N   0.87337 0.01440 0.11037 0.00186 ( 1)
 793 V   0.56040 0.32703 0.07040 0.04216 ( 1)
 794 L   0.71993 0.16777 0.09065 0.02165 ( 1)
 795 A   0.87013 0.01563 0.11219 0.00204 ( 1)
 796 V   0.01285 0.87296 0.00162 0.11258 ( 2)
 797 L   0.71553 0.17029 0.09193 0.02225 ( 1)
 798 S   0.87937 0.00830 0.11125 0.00107 ( 1)
 799 S   0.87937 0.00830 0.11125 0.00107 ( 1)
 800 L   0.84961 0.03632 0.10932 0.00475 ( 1)
 801 S   0.83479 0.05282 0.10556 0.00683 ( 1)
 802 S   0.87750 0.01017 0.11101 0.00132 ( 1)
 803 G   0.87864 0.00897 0.11122 0.00116 ( 1)
 804 F   0.88222 0.00588 0.11114 0.00076 ( 1)
 805 S   0.78540 0.10208 0.09932 0.01321 ( 1)
 806 G   0.87201 0.01478 0.11129 0.00192 ( 1)
 807 Y   0.83046 0.05493 0.10741 0.00720 ( 1)
 808 F   0.87208 0.01387 0.11223 0.00181 ( 1)
 809 L   0.86990 0.01604 0.11196 0.00210 ( 1)
 810 P   0.87662 0.00900 0.11320 0.00118 ( 1)
 811 K   0.86953 0.01738 0.11084 0.00226 ( 1)
 812 C   0.87641 0.01093 0.11124 0.00142 ( 1)
 813 Y   0.85029 0.03694 0.10798 0.00479 ( 1)
 814 V   0.87030 0.01687 0.11064 0.00219 ( 1)
 815 I   0.88347 0.00488 0.11102 0.00063 ( 1)
 816 V   0.82771 0.06004 0.10449 0.00776 ( 1)
 817 C   0.81895 0.06817 0.10404 0.00884 ( 1)
 818 R   0.87370 0.01363 0.11090 0.00177 ( 1)
 819 P   0.53670 0.34794 0.06962 0.04574 ( 1)
 820 D   0.87190 0.01604 0.10999 0.00207 ( 1)
 821 L   0.87549 0.01234 0.11058 0.00159 ( 1)
 822 N   0.87930 0.00847 0.11113 0.00110 ( 1)
 823 S   0.83462 0.05298 0.10554 0.00685 ( 1)
 824 T   0.80442 0.08033 0.10468 0.01057 ( 1)
 825 E   0.87338 0.01371 0.11113 0.00178 ( 1)
 826 H   0.87906 0.00860 0.11123 0.00111 ( 1)
 827 F   0.88134 0.00677 0.11102 0.00087 ( 1)
 828 Q   0.85844 0.02778 0.11015 0.00363 ( 1)
 829 A   0.88165 0.00640 0.11113 0.00083 ( 1)
 830 S   0.87823 0.00931 0.11125 0.00121 ( 1)
 831 I   0.87381 0.01224 0.11235 0.00160 ( 1)
 832 Q   0.85844 0.02778 0.11015 0.00363 ( 1)
 833 D   0.84346 0.04443 0.10637 0.00574 ( 1)
 834 Y   0.87542 0.01184 0.11120 0.00154 ( 1)
 835 T   0.87007 0.01689 0.11085 0.00219 ( 1)
 836 R   0.86930 0.01749 0.11094 0.00227 ( 1)
 837 R   0.81742 0.06935 0.10421 0.00902 ( 1)
 838 W   0.05698 0.82925 0.00714 0.10664 ( 2)
 839 G   0.14950 0.73704 0.01871 0.09475 ( 2)
 840 S   0.80757 0.07987 0.10222 0.01034 ( 1)
 841 T   0.87704 0.01079 0.11077 0.00139 ( 1)

