Supplemental results for CODEML (seqf: Human_TAS1R1_breaks2_2nd_attempt.txt  treef: TAS1R1_revised_tree_following_error_message.txt)


MLEs of dN/dS (w) for site classes (K=4)

site class             0        1       2a       2b
proportion       0.75068  0.23419  0.01153  0.00360
background w     0.10377  1.00000  0.10377  1.00000
foreground w     0.10377  1.00000  1.00000  1.00000

Naive Empirical Bayes (NEB) probabilities for 4 classes
(amino acids refer to 1st sequence: 1.Tarsier)

   1 M   0.97723 0.00792 0.01473 0.00012 ( 1)
   2 F   0.66649 0.31847 0.01014 0.00489 ( 1)
   3 H   0.47624 0.50876 0.00718 0.00781 ( 2)
   4 H   0.00044 0.98443 0.00001 0.01512 ( 2)
   5 V   0.00001 0.98486 0.00000 0.01513 ( 2)
   6 A   0.62415 0.36080 0.00951 0.00554 ( 1)
   7 H   0.00690 0.97797 0.00010 0.01502 ( 2)
   8 L   0.93916 0.04584 0.01429 0.00070 ( 1)
   9 V   0.43232 0.55264 0.00655 0.00849 ( 2)
  10 G   0.88712 0.09798 0.01339 0.00151 ( 1)
  11 L   0.93252 0.05249 0.01419 0.00081 ( 1)
  12 Q   0.93598 0.04905 0.01422 0.00075 ( 1)
  13 L   0.92644 0.05855 0.01412 0.00090 ( 1)
  14 S   0.05531 0.92957 0.00083 0.01428 ( 2)
  15 I   0.59170 0.39326 0.00900 0.00604 ( 1)
  16 S   0.88507 0.10002 0.01337 0.00154 ( 1)
  17 C   0.86322 0.12186 0.01305 0.00187 ( 1)
  18 C   0.97098 0.01413 0.01468 0.00022 ( 1)
  19 W   0.67505 0.30992 0.01027 0.00476 ( 1)
  20 A   0.96645 0.01871 0.01456 0.00029 ( 1)
  21 F   0.78595 0.19904 0.01196 0.00306 ( 1)
  22 S   0.47325 0.51176 0.00713 0.00786 ( 2)
  23 C   0.97128 0.01383 0.01468 0.00021 ( 1)
  24 H   0.96825 0.01674 0.01475 0.00026 ( 1)
  25 N   0.08515 0.89975 0.00128 0.01382 ( 2)
  26 T   0.01637 0.96850 0.00025 0.01488 ( 2)
  27 E   0.82189 0.16317 0.01244 0.00251 ( 1)
  28 F   0.03816 0.94671 0.00058 0.01454 ( 2)
  29 S   0.91861 0.06636 0.01401 0.00102 ( 1)
  30 P   0.94151 0.04347 0.01435 0.00067 ( 1)
  31 D   0.91094 0.07420 0.01373 0.00114 ( 1)
  32 F   0.97801 0.00715 0.01473 0.00011 ( 1)
  33 S   0.88973 0.09539 0.01342 0.00147 ( 1)
  34 L   0.97443 0.01071 0.01469 0.00016 ( 1)
  35 P   0.78002 0.20506 0.01177 0.00315 ( 1)
  36 G   0.95678 0.02829 0.01450 0.00043 ( 1)
  37 N   0.68720 0.29777 0.01046 0.00457 ( 1)
  38 Y   0.97041 0.01469 0.01467 0.00023 ( 1)
  39 L   0.97421 0.01093 0.01469 0.00017 ( 1)
  40 L   0.93716 0.04784 0.01426 0.00073 ( 1)
  41 A   0.41217 0.57273 0.00631 0.00880 ( 2)
  42 G   0.97301 0.01212 0.01469 0.00019 ( 1)
  43 F   0.19464 0.79026 0.00296 0.01214 ( 2)
  44 F   0.97795 0.00722 0.01473 0.00011 ( 1)
  45 P   0.59685 0.38809 0.00910 0.00596 ( 1)
  46 L   0.97541 0.00974 0.01471 0.00015 ( 1)
  47 H   0.93574 0.04925 0.01425 0.00076 ( 1)
  48 G   0.13212 0.85277 0.00201 0.01310 ( 2)
  49 D   0.28754 0.69741 0.00434 0.01071 ( 2)
  50 C   0.13155 0.85334 0.00201 0.01311 ( 2)
  51 L   0.66019 0.32477 0.01005 0.00499 ( 1)
  52 Q   0.94888 0.03615 0.01442 0.00056 ( 1)
  53 V   0.96945 0.01565 0.01466 0.00024 ( 1)
  54 R   0.94056 0.04450 0.01425 0.00068 ( 1)
  55 H   0.46222 0.52277 0.00698 0.00803 ( 2)
  56 R   0.87521 0.10972 0.01338 0.00169 ( 1)
  57 P   0.96780 0.01733 0.01460 0.00027 ( 1)
  58 E   0.96691 0.01805 0.01477 0.00028 ( 1)
  59 V   0.96859 0.01651 0.01465 0.00025 ( 1)
  60 T   0.81607 0.16903 0.01231 0.00260 ( 1)
  61 L   0.94689 0.03812 0.01441 0.00059 ( 1)
  62 C   0.91107 0.07390 0.01389 0.00114 ( 1)
  63 D   0.97428 0.01087 0.01468 0.00017 ( 1)
  64 R   0.95313 0.03194 0.01445 0.00049 ( 1)
  65 T   0.00045 0.98442 0.00001 0.01512 ( 2)
  66 C   0.04159 0.94328 0.00063 0.01449 ( 2)
  67 G   0.06826 0.91663 0.00103 0.01408 ( 2)
  68 F   0.97564 0.00952 0.01469 0.00015 ( 1)
  69 N   0.94169 0.04330 0.01434 0.00067 ( 1)
  70 G   0.28684 0.69809 0.00434 0.01072 ( 2)
  71 H   0.96474 0.02025 0.01469 0.00031 ( 1)
  72 G   0.83546 0.14963 0.01261 0.00230 ( 1)
  73 Y   0.40065 0.58432 0.00606 0.00898 ( 2)
  74 H   0.36968 0.61529 0.00558 0.00945 ( 2)
  75 L   0.87843 0.10669 0.01325 0.00164 ( 1)
  76 F   0.91516 0.06998 0.01378 0.00107 ( 1)
  77 Q   0.21529 0.76962 0.00327 0.01182 ( 2)
  78 A   0.33414 0.65078 0.00509 0.01000 ( 2)
  79 M   0.40953 0.57546 0.00617 0.00884 ( 2)
  80 R   0.73522 0.24978 0.01116 0.00384 ( 1)
  81 L   0.67554 0.30942 0.01029 0.00475 ( 1)
  82 S   0.00056 0.98431 0.00001 0.01512 ( 2)
  83 I   0.18362 0.80128 0.00280 0.01231 ( 2)
  84 E   0.18972 0.79519 0.00287 0.01221 ( 2)
  85 A   0.76109 0.22395 0.01152 0.00344 ( 1)
  86 I   0.93608 0.04893 0.01424 0.00075 ( 1)
  87 N   0.97279 0.01234 0.01467 0.00019 ( 1)
  88 N   0.97279 0.01234 0.01467 0.00019 ( 1)
  89 S   0.97026 0.01486 0.01465 0.00023 ( 1)
  90 T   0.95753 0.02755 0.01450 0.00042 ( 1)
  91 V   0.47825 0.50668 0.00729 0.00778 ( 2)
  92 L   0.93001 0.05500 0.01415 0.00084 ( 1)
  93 L   0.92976 0.05525 0.01415 0.00085 ( 1)
  94 P   0.97419 0.01095 0.01470 0.00017 ( 1)
  95 N   0.77947 0.20562 0.01176 0.00316 ( 1)
  96 V   0.10665 0.87825 0.00161 0.01349 ( 2)
  97 T   0.89960 0.08552 0.01357 0.00131 ( 1)
  98 L   0.53237 0.45258 0.00810 0.00695 ( 1)
  99 G   0.96409 0.02098 0.01461 0.00032 ( 1)
 100 Y   0.19154 0.79338 0.00290 0.01219 ( 2)
 101 E   0.00379 0.98109 0.00006 0.01507 ( 2)
 102 L   0.93723 0.04778 0.01426 0.00073 ( 1)
 103 Y   0.08545 0.89943 0.00130 0.01382 ( 2)
 104 D   0.94485 0.04015 0.01438 0.00062 ( 1)
 105 V   0.96425 0.02084 0.01459 0.00032 ( 1)
 106 C   0.96519 0.01991 0.01459 0.00031 ( 1)
 107 S   0.93474 0.05024 0.01425 0.00077 ( 1)
 108 E   0.84473 0.14038 0.01273 0.00216 ( 1)
 109 S   0.91549 0.06948 0.01396 0.00107 ( 1)
 110 A   0.97494 0.01022 0.01469 0.00016 ( 1)
 111 N   0.93659 0.04840 0.01426 0.00074 ( 1)
 112 V   0.96425 0.02084 0.01459 0.00032 ( 1)
 113 Y   0.91311 0.07198 0.01381 0.00111 ( 1)
 114 A   0.97375 0.01140 0.01467 0.00018 ( 1)
 115 T   0.95771 0.02737 0.01450 0.00042 ( 1)
 116 L   0.93001 0.05500 0.01415 0.00084 ( 1)
 117 S   0.09025 0.89465 0.00136 0.01374 ( 2)
 118 V   0.81542 0.16964 0.01233 0.00261 ( 1)
 119 L   0.97275 0.01239 0.01467 0.00019 ( 1)
 120 S   0.96939 0.01573 0.01464 0.00024 ( 1)
 121 L   0.14246 0.84242 0.00218 0.01294 ( 2)
 122 P   0.42313 0.56177 0.00648 0.00863 ( 2)
 123 G   0.96156 0.02351 0.01457 0.00036 ( 1)
 124 T   0.07779 0.90708 0.00119 0.01393 ( 2)
 125 R   0.00001 0.98486 0.00000 0.01513 ( 2)
 126 H   0.97138 0.01375 0.01466 0.00021 ( 1)
 127 I   0.93323 0.05178 0.01420 0.00080 ( 1)
 128 D   0.31377 0.67117 0.00475 0.01031 ( 2)
 129 I   0.88681 0.09831 0.01337 0.00151 ( 1)
 130 Q   0.90163 0.08330 0.01379 0.00128 ( 1)
 131 G   0.44756 0.53733 0.00685 0.00825 ( 2)
 132 D   0.84416 0.14095 0.01272 0.00217 ( 1)
 133 F   0.12612 0.85876 0.00192 0.01319 ( 2)
 134 L   0.97275 0.01239 0.01467 0.00019 ( 1)
 135 H   0.00551 0.97936 0.00008 0.01504 ( 2)
 136 Y   0.91201 0.07295 0.01391 0.00112 ( 1)
 137 S   0.03794 0.94694 0.00057 0.01455 ( 2)
 138 P   0.95813 0.02685 0.01460 0.00041 ( 1)
 139 K   0.78241 0.20262 0.01185 0.00311 ( 1)
 140 I   0.70198 0.28305 0.01062 0.00435 ( 1)
 141 V   0.73096 0.25401 0.01112 0.00390 ( 1)
 142 A   0.95305 0.03203 0.01442 0.00049 ( 1)
 143 V   0.96443 0.02067 0.01459 0.00032 ( 1)
 144 I   0.53207 0.45288 0.00809 0.00696 ( 1)
 145 G   0.80480 0.18023 0.01220 0.00277 ( 1)
 146 P   0.63620 0.34874 0.00970 0.00536 ( 1)
 147 D   0.45631 0.52869 0.00688 0.00812 ( 2)
 148 S   0.00033 0.98454 0.00000 0.01512 ( 2)
 149 T   0.88765 0.09747 0.01338 0.00150 ( 1)
 150 D   0.09598 0.88892 0.00145 0.01365 ( 2)
 151 H   0.00014 0.98473 0.00000 0.01513 ( 2)
 152 A   0.62705 0.35791 0.00955 0.00550 ( 1)
 153 A   0.74214 0.24294 0.01118 0.00373 ( 1)
 154 T   0.63684 0.34821 0.00960 0.00535 ( 1)
 155 T   0.08415 0.90073 0.00129 0.01384 ( 2)
 156 A   0.95541 0.02974 0.01439 0.00046 ( 1)
 157 A   0.87437 0.11076 0.01317 0.00170 ( 1)
 158 L   0.92601 0.05899 0.01409 0.00091 ( 1)
 159 L   0.93429 0.05072 0.01422 0.00078 ( 1)
 160 S   0.86797 0.11714 0.01310 0.00180 ( 1)
 161 P   0.91542 0.06956 0.01395 0.00107 ( 1)
 162 F   0.39707 0.58792 0.00598 0.00903 ( 2)
 163 L   0.92748 0.05753 0.01411 0.00088 ( 1)
 164 V   0.35997 0.62500 0.00543 0.00960 ( 2)
 165 P   0.97388 0.01125 0.01469 0.00017 ( 1)
 166 L   0.16957 0.81533 0.00258 0.01252 ( 2)
 167 I   0.97829 0.00689 0.01472 0.00011 ( 1)
 168 S   0.97503 0.01010 0.01471 0.00016 ( 1)
 169 Y   0.94243 0.04254 0.01438 0.00065 ( 1)
 170 E   0.00387 0.98100 0.00006 0.01507 ( 2)
 171 A   0.97761 0.00755 0.01473 0.00012 ( 1)
 172 S   0.97503 0.01010 0.01471 0.00016 ( 1)
 173 S   0.97435 0.01078 0.01470 0.00017 ( 1)
 174 T   0.00038 0.98449 0.00001 0.01512 ( 2)
 175 T   0.02540 0.95948 0.00038 0.01474 ( 2)
 176 L   0.97073 0.01441 0.01464 0.00022 ( 1)
 177 S   0.46387 0.52113 0.00700 0.00800 ( 2)
 178 V   0.00059 0.98428 0.00001 0.01512 ( 2)
 179 K   0.96507 0.02000 0.01462 0.00031 ( 1)
 180 R   0.23092 0.75399 0.00351 0.01158 ( 2)
 181 Q   0.66534 0.31964 0.01011 0.00491 ( 1)
 182 Y   0.91981 0.06516 0.01403 0.00100 ( 1)
 183 P   0.97531 0.00982 0.01471 0.00015 ( 1)
 184 S   0.92704 0.05794 0.01413 0.00089 ( 1)
 185 F   0.97079 0.01437 0.01462 0.00022 ( 1)
 186 L   0.93723 0.04778 0.01426 0.00073 ( 1)
 187 R   0.97107 0.01403 0.01468 0.00022 ( 1)
 188 T   0.97630 0.00884 0.01472 0.00014 ( 1)
 189 I   0.93151 0.05366 0.01401 0.00082 ( 1)
 190 P   0.97531 0.00982 0.01471 0.00015 ( 1)
 191 S   0.31979 0.66517 0.00482 0.01022 ( 2)
 192 D   0.97662 0.00853 0.01472 0.00013 ( 1)
 193 R   0.32994 0.65501 0.00500 0.01006 ( 2)
 194 H   0.06963 0.91526 0.00105 0.01406 ( 2)
 195 Q   0.94888 0.03615 0.01442 0.00056 ( 1)
 196 V   0.96859 0.01651 0.01465 0.00025 ( 1)
 197 E   0.96794 0.01715 0.01465 0.00026 ( 1)
 198 V   0.53290 0.45212 0.00804 0.00694 ( 1)
 199 M   0.90743 0.07770 0.01368 0.00119 ( 1)
 200 V   0.96859 0.01651 0.01465 0.00025 ( 1)
 201 L   0.65199 0.33297 0.00992 0.00511 ( 1)
 202 L   0.93723 0.04778 0.01426 0.00073 ( 1)
 203 L   0.93702 0.04798 0.01426 0.00074 ( 1)
 204 Q   0.01823 0.96665 0.00028 0.01485 ( 2)
 205 R   0.28561 0.69932 0.00433 0.01074 ( 2)
 206 F   0.97815 0.00701 0.01473 0.00011 ( 1)
 207 R   0.00045 0.98442 0.00001 0.01512 ( 2)
 208 W   0.93964 0.04537 0.01430 0.00070 ( 1)
 209 V   0.45096 0.53404 0.00680 0.00820 ( 2)
 210 W   0.93964 0.04537 0.01430 0.00070 ( 1)
 211 I   0.97944 0.00574 0.01473 0.00009 ( 1)
 212 S   0.92762 0.05736 0.01414 0.00088 ( 1)
 213 L   0.93723 0.04778 0.01426 0.00073 ( 1)
 214 V   0.27040 0.71451 0.00412 0.01098 ( 2)
 215 G   0.97418 0.01095 0.01471 0.00017 ( 1)
 216 S   0.97444 0.01069 0.01471 0.00016 ( 1)
 217 Y   0.00137 0.98350 0.00002 0.01511 ( 2)
 218 G   0.78596 0.19911 0.01186 0.00306 ( 1)
 219 D   0.97705 0.00810 0.01472 0.00012 ( 1)
 220 Y   0.94243 0.04254 0.01438 0.00065 ( 1)
 221 G   0.96435 0.02072 0.01462 0.00032 ( 1)
 222 Q   0.74988 0.23512 0.01139 0.00361 ( 1)
 223 Q   0.11694 0.86793 0.00179 0.01333 ( 2)
 224 G   0.78017 0.20486 0.01182 0.00315 ( 1)
 225 V   0.96614 0.01896 0.01461 0.00029 ( 1)
 226 Q   0.71948 0.26551 0.01093 0.00408 ( 1)
 227 A   0.64000 0.34491 0.00979 0.00530 ( 1)
 228 L   0.93911 0.04590 0.01429 0.00070 ( 1)
 229 E   0.36951 0.61544 0.00559 0.00945 ( 2)
 230 N   0.00933 0.97554 0.00014 0.01499 ( 2)
 231 Q   0.71808 0.26691 0.01091 0.00410 ( 1)
 232 A   0.97761 0.00755 0.01473 0.00012 ( 1)
 233 T   0.96305 0.02194 0.01467 0.00034 ( 1)
 234 D   0.00152 0.98335 0.00002 0.01511 ( 2)
 235 Q   0.69810 0.28689 0.01061 0.00441 ( 1)
 236 G   0.35301 0.63193 0.00535 0.00971 ( 2)
 237 I   0.93058 0.05459 0.01400 0.00084 ( 1)
 238 C   0.97159 0.01351 0.01469 0.00021 ( 1)
 239 I   0.94228 0.04274 0.01433 0.00066 ( 1)
 240 A   0.93328 0.05171 0.01421 0.00079 ( 1)
 241 F   0.97815 0.00701 0.01473 0.00011 ( 1)
 242 K   0.96507 0.02000 0.01462 0.00031 ( 1)
 243 D   0.90686 0.07827 0.01367 0.00120 ( 1)
 244 I   0.42384 0.56117 0.00638 0.00862 ( 2)
 245 V   0.83659 0.14848 0.01265 0.00228 ( 1)
 246 P   0.97291 0.01222 0.01468 0.00019 ( 1)
 247 L   0.90984 0.07530 0.01370 0.00116 ( 1)
 248 S   0.59377 0.39117 0.00905 0.00601 ( 1)
 249 A   0.97761 0.00755 0.01473 0.00012 ( 1)
 250 R   0.00023 0.98464 0.00000 0.01512 ( 2)
 251 V   0.96320 0.02174 0.01473 0.00033 ( 1)
 252 G   0.95257 0.03255 0.01438 0.00050 ( 1)
 253 D   0.94078 0.04423 0.01432 0.00068 ( 1)
 254 E   0.36295 0.62198 0.00552 0.00955 ( 2)
 255 R   0.77140 0.21362 0.01169 0.00328 ( 1)
 256 M   0.97723 0.00792 0.01473 0.00012 ( 1)
 257 Q   0.72023 0.26476 0.01094 0.00407 ( 1)
 258 G   0.00469 0.98018 0.00007 0.01506 ( 2)
 259 M   0.07928 0.90561 0.00121 0.01391 ( 2)
 260 M   0.97723 0.00792 0.01473 0.00012 ( 1)
 261 N   0.00068 0.98420 0.00001 0.01512 ( 2)
 262 R   0.08566 0.89923 0.00129 0.01381 ( 2)
 263 L   0.93723 0.04778 0.01426 0.00073 ( 1)
 264 A   0.91646 0.06868 0.01381 0.00105 ( 1)
 265 R   0.02414 0.96074 0.00037 0.01476 ( 2)
 266 A   0.97613 0.00903 0.01470 0.00014 ( 1)
 267 G   0.00470 0.98018 0.00007 0.01506 ( 2)
 268 T   0.90227 0.08287 0.01359 0.00127 ( 1)
 269 T   0.82484 0.16026 0.01244 0.00246 ( 1)
 270 V   0.97511 0.00989 0.01485 0.00015 ( 1)
 271 V   0.96859 0.01651 0.01465 0.00025 ( 1)
 272 V   0.32489 0.66008 0.00489 0.01014 ( 2)
 273 V   0.93444 0.05055 0.01423 0.00078 ( 1)
 274 F   0.96765 0.01736 0.01472 0.00027 ( 1)
 275 S   0.97372 0.01140 0.01470 0.00018 ( 1)
 276 S   0.00604 0.97883 0.00009 0.01504 ( 2)
 277 R   0.11509 0.86980 0.00175 0.01336 ( 2)
 278 R   0.00030 0.98457 0.00000 0.01512 ( 2)
 279 L   0.08901 0.89588 0.00135 0.01376 ( 2)
 280 A   0.97761 0.00755 0.01473 0.00012 ( 1)
 281 R   0.80535 0.17968 0.01221 0.00276 ( 1)
 282 V   0.96859 0.01651 0.01465 0.00025 ( 1)
 283 F   0.97306 0.01195 0.01481 0.00018 ( 1)
 284 F   0.97498 0.01019 0.01468 0.00016 ( 1)
 285 E   0.96794 0.01715 0.01465 0.00026 ( 1)
 286 S   0.96868 0.01644 0.01463 0.00025 ( 1)
 287 V   0.96859 0.01651 0.01465 0.00025 ( 1)
 288 V   0.96859 0.01651 0.01465 0.00025 ( 1)
 289 L   0.93646 0.04849 0.01430 0.00074 ( 1)
 290 A   0.91572 0.06942 0.01379 0.00107 ( 1)
 291 N   0.90178 0.08334 0.01360 0.00128 ( 1)
 292 L   0.66056 0.32441 0.01005 0.00498 ( 1)
 293 T   0.92696 0.05802 0.01412 0.00089 ( 1)
 294 G   0.97418 0.01095 0.01471 0.00017 ( 1)
 295 K   0.96507 0.02000 0.01462 0.00031 ( 1)
 296 V   0.96859 0.01651 0.01465 0.00025 ( 1)
 297 W   0.93964 0.04537 0.01430 0.00070 ( 1)
 298 I   0.46896 0.51605 0.00706 0.00793 ( 2)
 299 A   0.97761 0.00755 0.01473 0.00012 ( 1)
 300 S   0.86108 0.12384 0.01319 0.00190 ( 1)
 301 E   0.90519 0.07989 0.01370 0.00123 ( 1)
 302 D   0.49926 0.48576 0.00752 0.00746 ( 1)
 303 W   0.93964 0.04537 0.01430 0.00070 ( 1)
 304 A   0.90517 0.07997 0.01363 0.00123 ( 1)
 305 I   0.90781 0.07731 0.01369 0.00119 ( 1)
 306 S   0.97372 0.01140 0.01470 0.00018 ( 1)
 307 R   0.04620 0.93868 0.00070 0.01442 ( 2)
 308 H   0.88112 0.10399 0.01330 0.00160 ( 1)
 309 I   0.97944 0.00574 0.01473 0.00009 ( 1)
 310 T   0.63784 0.34711 0.00972 0.00533 ( 1)
 311 G   0.28485 0.70008 0.00432 0.01075 ( 2)
 312 V   0.96587 0.01923 0.01461 0.00030 ( 1)
 313 P   0.96527 0.01986 0.01456 0.00031 ( 1)
 314 G   0.96251 0.02256 0.01459 0.00035 ( 1)
 315 I   0.97944 0.00574 0.01473 0.00009 ( 1)
 316 Q   0.19667 0.78823 0.00299 0.01211 ( 2)
 317 G   0.42602 0.55895 0.00644 0.00859 ( 2)
 318 I   0.95513 0.02989 0.01453 0.00046 ( 1)
 319 G   0.96190 0.02317 0.01458 0.00036 ( 1)
 320 T   0.00029 0.98458 0.00000 0.01512 ( 2)
 321 V   0.96922 0.01588 0.01466 0.00024 ( 1)
 322 L   0.93723 0.04778 0.01426 0.00073 ( 1)
 323 G   0.94447 0.04065 0.01426 0.00062 ( 1)
 324 V   0.96823 0.01687 0.01465 0.00026 ( 1)
 325 A   0.97761 0.00755 0.01473 0.00012 ( 1)
 326 I   0.97944 0.00574 0.01473 0.00009 ( 1)
 327 Q   0.94888 0.03615 0.01442 0.00056 ( 1)
 328 L   0.02800 0.95688 0.00042 0.01470 ( 2)
 329 R   0.31018 0.67475 0.00470 0.01036 ( 2)
 330 L   0.00012 0.98475 0.00000 0.01513 ( 2)
 331 V   0.91258 0.07256 0.01374 0.00111 ( 1)
 332 P   0.93455 0.05043 0.01424 0.00077 ( 1)
 333 G   0.88838 0.09672 0.01341 0.00149 ( 1)
 334 L   0.93692 0.04809 0.01426 0.00074 ( 1)
 335 K   0.82104 0.16401 0.01244 0.00252 ( 1)
 336 E   0.79569 0.18923 0.01217 0.00291 ( 1)
 337 F   0.66892 0.31605 0.01018 0.00485 ( 1)
 338 E   0.89395 0.09100 0.01365 0.00140 ( 1)
 339 E   0.94671 0.03824 0.01446 0.00059 ( 1)
 340 A   0.97761 0.00755 0.01473 0.00012 ( 1)
 341 Y   0.91109 0.07388 0.01390 0.00113 ( 1)
 342 A   0.91691 0.06823 0.01381 0.00105 ( 1)
 343 Q   0.00089 0.98398 0.00001 0.01511 ( 2)
 344 A   0.52074 0.46417 0.00797 0.00713 ( 1)
 345 D   0.97705 0.00810 0.01472 0.00012 ( 1)
 346 K   0.96507 0.02000 0.01462 0.00031 ( 1)
 347 G   0.00405 0.98082 0.00006 0.01507 ( 2)
 348 A   0.90681 0.07833 0.01366 0.00120 ( 1)
 349 P   0.03892 0.94595 0.00059 0.01453 ( 2)
 350 L   0.14249 0.84241 0.00216 0.01294 ( 2)
 351 P   0.46486 0.52007 0.00708 0.00799 ( 2)
 352 C   0.96976 0.01534 0.01466 0.00024 ( 1)
 353 P   0.00857 0.97630 0.00013 0.01500 ( 2)
 354 T   0.03138 0.95350 0.00048 0.01465 ( 2)
 355 G   0.88763 0.09748 0.01340 0.00150 ( 1)
 356 A   0.87090 0.11419 0.01315 0.00175 ( 1)
 357 W   0.69333 0.29171 0.01048 0.00448 ( 1)
 358 C   0.97159 0.01351 0.01469 0.00021 ( 1)
 359 S   0.97503 0.01010 0.01471 0.00016 ( 1)
 360 S   0.97503 0.01010 0.01471 0.00016 ( 1)
 361 N   0.93149 0.05350 0.01419 0.00082 ( 1)
 362 Q   0.94888 0.03615 0.01442 0.00056 ( 1)
 363 L   0.47115 0.51386 0.00709 0.00789 ( 2)
 364 C   0.96976 0.01534 0.01466 0.00024 ( 1)
 365 R   0.88639 0.09854 0.01355 0.00151 ( 1)
 366 E   0.08698 0.89790 0.00133 0.01379 ( 2)
 367 C   0.96952 0.01546 0.01478 0.00024 ( 1)
 368 C   0.00022 0.98465 0.00000 0.01513 ( 2)
 369 A   0.66372 0.32124 0.01011 0.00493 ( 1)
 370 F   0.97815 0.00701 0.01473 0.00011 ( 1)
 371 T   0.00004 0.98483 0.00000 0.01513 ( 2)
 372 A   0.06724 0.91764 0.00103 0.01410 ( 2)
 373 H   0.97440 0.01073 0.01471 0.00016 ( 1)
 374 T   0.00003 0.98485 0.00000 0.01513 ( 2)
 375 T   0.90768 0.07745 0.01368 0.00119 ( 1)
 376 P   0.97480 0.01034 0.01471 0.00016 ( 1)
 377 T   0.02527 0.95961 0.00038 0.01474 ( 2)
 378 L   0.96776 0.01738 0.01459 0.00027 ( 1)
 379 G   0.00008 0.98479 0.00000 0.01513 ( 2)
 380 P   0.51061 0.47439 0.00771 0.00729 ( 1)
 381 F   0.91623 0.06891 0.01380 0.00106 ( 1)
 382 S   0.97372 0.01140 0.01470 0.00018 ( 1)
 383 M   0.97723 0.00792 0.01473 0.00012 ( 1)
 384 S   0.93000 0.05499 0.01417 0.00084 ( 1)
 385 S   0.59150 0.39344 0.00902 0.00604 ( 1)
 386 A   0.97761 0.00755 0.01473 0.00012 ( 1)
 387 Y   0.97041 0.01469 0.01467 0.00023 ( 1)
 388 N   0.97559 0.00955 0.01472 0.00015 ( 1)
 389 V   0.23431 0.75062 0.00355 0.01153 ( 2)
 390 Y   0.96419 0.02091 0.01458 0.00032 ( 1)
 391 Q   0.01938 0.96549 0.00029 0.01483 ( 2)
 392 A   0.92076 0.06423 0.01402 0.00099 ( 1)
 393 V   0.96859 0.01651 0.01465 0.00025 ( 1)
 394 Y   0.94346 0.04151 0.01439 0.00064 ( 1)
 395 T   0.01772 0.96715 0.00027 0.01486 ( 2)
 396 V   0.96859 0.01651 0.01465 0.00025 ( 1)
 397 A   0.97734 0.00782 0.01472 0.00012 ( 1)
 398 H   0.93217 0.05282 0.01420 0.00081 ( 1)
 399 G   0.97418 0.01095 0.01471 0.00017 ( 1)
 400 L   0.97579 0.00935 0.01471 0.00014 ( 1)
 401 H   0.97462 0.01051 0.01471 0.00016 ( 1)
 402 Q   0.94888 0.03615 0.01442 0.00056 ( 1)
 403 L   0.97579 0.00935 0.01471 0.00014 ( 1)
 404 L   0.93723 0.04778 0.01426 0.00073 ( 1)
 405 G   0.97418 0.01095 0.01471 0.00017 ( 1)
 406 C   0.94720 0.03778 0.01444 0.00058 ( 1)
 407 A   0.89741 0.08772 0.01352 0.00135 ( 1)
 408 S   0.93273 0.05225 0.01422 0.00080 ( 1)
 409 G   0.86614 0.11878 0.01326 0.00182 ( 1)
 410 A   0.82243 0.16255 0.01252 0.00250 ( 1)
 411 C   0.91891 0.06607 0.01401 0.00101 ( 1)
 412 S   0.97372 0.01140 0.01470 0.00018 ( 1)
 413 R   0.96287 0.02219 0.01459 0.00034 ( 1)
 414 S   0.47132 0.51368 0.00711 0.00789 ( 2)
 415 Q   0.00691 0.97796 0.00011 0.01502 ( 2)
 416 V   0.97770 0.00746 0.01472 0.00011 ( 1)
 417 Y   0.35855 0.62641 0.00542 0.00962 ( 2)
 418 P   0.97471 0.01043 0.01470 0.00016 ( 1)
 419 W   0.93964 0.04537 0.01430 0.00070 ( 1)
 420 Q   0.94888 0.03615 0.01442 0.00056 ( 1)
 421 L   0.92522 0.05976 0.01410 0.00092 ( 1)
 422 L   0.93326 0.05174 0.01420 0.00079 ( 1)
 423 E   0.83801 0.14705 0.01268 0.00226 ( 1)
 424 Q   0.94888 0.03615 0.01442 0.00056 ( 1)
 425 I   0.97944 0.00574 0.01473 0.00009 ( 1)
 426 H   0.00736 0.97751 0.00011 0.01502 ( 2)
 427 K   0.96446 0.02062 0.01461 0.00032 ( 1)
 428 A   0.85159 0.13348 0.01288 0.00205 ( 1)
 429 N   0.63243 0.35252 0.00963 0.00541 ( 1)
 430 F   0.97795 0.00722 0.01473 0.00011 ( 1)
 431 L   0.92522 0.05976 0.01410 0.00092 ( 1)
 432 L   0.84140 0.14350 0.01289 0.00220 ( 1)
 433 H   0.97220 0.01293 0.01467 0.00020 ( 1)
 434 E   0.00467 0.98020 0.00007 0.01506 ( 2)
 435 D   0.97705 0.00810 0.01472 0.00012 ( 1)
 436 T   0.93473 0.05026 0.01424 0.00077 ( 1)
 437 V   0.96859 0.01651 0.01465 0.00025 ( 1)
 438 T   0.00157 0.98330 0.00002 0.01510 ( 2)
 439 F   0.66584 0.31912 0.01013 0.00490 ( 1)
 440 N   0.15396 0.83093 0.00234 0.01276 ( 2)
 441 D   0.97705 0.00810 0.01472 0.00012 ( 1)
 442 N   0.94879 0.03620 0.01445 0.00056 ( 1)
 443 G   0.14506 0.83981 0.00222 0.01290 ( 2)
 444 D   0.31463 0.67033 0.00474 0.01030 ( 2)
 445 P   0.89099 0.09412 0.01344 0.00145 ( 1)
 446 L   0.40383 0.58116 0.00609 0.00893 ( 2)
 447 S   0.92873 0.05626 0.01415 0.00086 ( 1)
 448 G   0.87968 0.10543 0.01328 0.00162 ( 1)
 449 Y   0.91109 0.07388 0.01390 0.00113 ( 1)
 450 N   0.08693 0.89796 0.00131 0.01379 ( 2)
 451 I   0.94226 0.04274 0.01434 0.00066 ( 1)
 452 I   0.94228 0.04274 0.01433 0.00066 ( 1)
 453 A   0.91561 0.06953 0.01379 0.00107 ( 1)
 454 W   0.93964 0.04537 0.01430 0.00070 ( 1)
 455 D   0.97705 0.00810 0.01472 0.00012 ( 1)
 456 W   0.93964 0.04537 0.01430 0.00070 ( 1)
 457 I   0.01690 0.96797 0.00026 0.01487 ( 2)
 458 G   0.95994 0.02513 0.01455 0.00039 ( 1)
 459 F   0.48698 0.49799 0.00738 0.00765 ( 2)
 460 K   0.83760 0.14744 0.01269 0.00226 ( 1)
 461 W   0.93964 0.04537 0.01430 0.00070 ( 1)
 462 T   0.97630 0.00884 0.01472 0.00014 ( 1)
 463 F   0.97704 0.00813 0.01471 0.00012 ( 1)
 464 T   0.95468 0.03025 0.01461 0.00046 ( 1)
 465 V   0.39064 0.59434 0.00588 0.00913 ( 2)
 466 I   0.02375 0.96113 0.00036 0.01476 ( 2)
 467 G   0.96578 0.01920 0.01472 0.00029 ( 1)
 468 S   0.97310 0.01202 0.01469 0.00018 ( 1)
 469 S   0.97372 0.01140 0.01470 0.00018 ( 1)
 470 T   0.88502 0.09990 0.01354 0.00153 ( 1)
 471 A   0.15156 0.83333 0.00231 0.01280 ( 2)
 472 S   0.57878 0.40616 0.00882 0.00624 ( 1)
 473 P   0.85772 0.12720 0.01313 0.00195 ( 1)
 474 V   0.62394 0.36101 0.00950 0.00555 ( 1)
 475 R   0.00098 0.98389 0.00001 0.01511 ( 2)
 476 L   0.87726 0.10765 0.01344 0.00165 ( 1)
 477 D   0.88874 0.09639 0.01339 0.00148 ( 1)
 478 I   0.94031 0.04470 0.01431 0.00069 ( 1)
 479 N   0.93149 0.05350 0.01419 0.00082 ( 1)
 480 E   0.83815 0.14691 0.01268 0.00226 ( 1)
 481 T   0.97628 0.00886 0.01472 0.00014 ( 1)
 482 K   0.88432 0.10062 0.01351 0.00155 ( 1)
 483 I   0.97904 0.00614 0.01473 0.00009 ( 1)
 484 Q   0.94888 0.03615 0.01442 0.00056 ( 1)
 485 W   0.93964 0.04537 0.01430 0.00070 ( 1)
 486 H   0.86376 0.12122 0.01316 0.00186 ( 1)
 487 R   0.06670 0.91818 0.00102 0.01410 ( 2)
 488 K   0.96507 0.02000 0.01462 0.00031 ( 1)
 489 D   0.91177 0.07336 0.01374 0.00113 ( 1)
 490 N   0.97583 0.00930 0.01472 0.00014 ( 1)
 491 Q   0.94888 0.03615 0.01442 0.00056 ( 1)
 492 V   0.96823 0.01687 0.01465 0.00026 ( 1)
 493 P   0.93072 0.05426 0.01418 0.00083 ( 1)
 494 Q   0.31143 0.67351 0.00472 0.01035 ( 2)
 495 S   0.91861 0.06636 0.01401 0.00102 ( 1)
 496 V   0.96859 0.01651 0.01465 0.00025 ( 1)
 497 C   0.95634 0.02864 0.01458 0.00044 ( 1)
 498 S   0.97372 0.01140 0.01470 0.00018 ( 1)
 499 S   0.96240 0.02259 0.01466 0.00035 ( 1)
 500 D   0.97655 0.00860 0.01472 0.00013 ( 1)
 501 C   0.92402 0.06095 0.01409 0.00094 ( 1)
 502 L   0.92522 0.05976 0.01410 0.00092 ( 1)
 503 E   0.49449 0.49042 0.00755 0.00753 ( 1)
 504 G   0.95908 0.02598 0.01454 0.00040 ( 1)
 505 H   0.88972 0.09539 0.01343 0.00147 ( 1)
 506 Q   0.94888 0.03615 0.01442 0.00056 ( 1)
 507 R   0.05396 0.93092 0.00083 0.01430 ( 2)
 508 V   0.96859 0.01651 0.01465 0.00025 ( 1)
 509 V   0.93599 0.04901 0.01425 0.00075 ( 1)
 510 V   0.00031 0.98456 0.00000 0.01512 ( 2)
 511 G   0.58790 0.39704 0.00896 0.00610 ( 1)
 512 S   0.91782 0.06732 0.01382 0.00103 ( 1)
 513 H   0.17873 0.80616 0.00272 0.01238 ( 2)
 514 H   0.89211 0.09300 0.01346 0.00143 ( 1)
 515 C   0.92157 0.06341 0.01405 0.00097 ( 1)
 516 C   0.97159 0.01351 0.01469 0.00021 ( 1)
 517 F   0.94909 0.03591 0.01444 0.00055 ( 1)
 518 E   0.84043 0.14463 0.01272 0.00222 ( 1)
 519 C   0.91891 0.06607 0.01401 0.00101 ( 1)
 520 V   0.95887 0.02623 0.01450 0.00040 ( 1)
 521 P   0.97217 0.01297 0.01467 0.00020 ( 1)
 522 C   0.91974 0.06524 0.01402 0.00100 ( 1)
 523 E   0.27741 0.70752 0.00420 0.01087 ( 2)
 524 S   0.60287 0.38208 0.00918 0.00587 ( 1)
 525 G   0.96154 0.02353 0.01457 0.00036 ( 1)
 526 T   0.32453 0.66044 0.00489 0.01014 ( 2)
 527 F   0.56215 0.42289 0.00847 0.00650 ( 1)
 528 L   0.44198 0.54294 0.00673 0.00834 ( 2)
 529 N   0.50906 0.47595 0.00768 0.00731 ( 1)
 530 K   0.32700 0.65794 0.00495 0.01011 ( 2)
 531 S   0.92114 0.06384 0.01403 0.00098 ( 1)
 532 D   0.97428 0.01087 0.01468 0.00017 ( 1)
 533 L   0.86812 0.11700 0.01309 0.00180 ( 1)
 534 Y   0.82968 0.15538 0.01255 0.00239 ( 1)
 535 R   0.11026 0.87462 0.00169 0.01343 ( 2)
 536 C   0.96695 0.01815 0.01462 0.00028 ( 1)
 537 Q   0.94888 0.03615 0.01442 0.00056 ( 1)
 538 P   0.59514 0.38980 0.00907 0.00599 ( 1)
 539 C   0.91891 0.06607 0.01401 0.00101 ( 1)
 540 G   0.96251 0.02256 0.01459 0.00035 ( 1)
 541 K   0.89472 0.09023 0.01367 0.00139 ( 1)
 542 E   0.89395 0.09100 0.01365 0.00140 ( 1)
 543 E   0.96791 0.01718 0.01465 0.00026 ( 1)
 544 W   0.93964 0.04537 0.01430 0.00070 ( 1)
 545 A   0.86443 0.12050 0.01322 0.00185 ( 1)
 546 P   0.93507 0.04991 0.01425 0.00077 ( 1)
 547 E   0.05167 0.93322 0.00078 0.01433 ( 2)
 548 G   0.38338 0.60151 0.00587 0.00924 ( 2)
 549 S   0.97503 0.01010 0.01471 0.00016 ( 1)
 550 Q   0.94888 0.03615 0.01442 0.00056 ( 1)
 551 T   0.89355 0.09157 0.01347 0.00141 ( 1)
 552 C   0.97159 0.01351 0.01469 0.00021 ( 1)
 553 F   0.97733 0.00783 0.01472 0.00012 ( 1)
 554 P   0.50425 0.48069 0.00768 0.00738 ( 1)
 555 R   0.96362 0.02148 0.01457 0.00033 ( 1)
 556 T   0.93602 0.04897 0.01426 0.00075 ( 1)
 557 V   0.96591 0.01918 0.01461 0.00029 ( 1)
 558 V   0.84588 0.13919 0.01280 0.00214 ( 1)
 559 F   0.15880 0.82610 0.00242 0.01269 ( 2)
 560 L   0.93649 0.04851 0.01425 0.00075 ( 1)
 561 A   0.13642 0.84847 0.00208 0.01303 ( 2)
 562 W   0.16989 0.81500 0.00259 0.01252 ( 2)
 563 H   0.15824 0.82665 0.00242 0.01270 ( 2)
 564 E   0.96794 0.01715 0.01465 0.00026 ( 1)
 565 C   0.00858 0.97629 0.00013 0.01500 ( 2)
 566 I   0.91033 0.07479 0.01373 0.00115 ( 1)
 567 S   0.91861 0.06636 0.01401 0.00102 ( 1)
 568 W   0.93964 0.04537 0.01430 0.00070 ( 1)
 569 V   0.96859 0.01651 0.01465 0.00025 ( 1)
 570 L   0.93382 0.05119 0.01421 0.00079 ( 1)
 571 L   0.93687 0.04814 0.01426 0.00074 ( 1)
 572 A   0.41018 0.57472 0.00627 0.00883 ( 2)
 573 A   0.65004 0.33492 0.00990 0.00514 ( 1)
 574 N   0.96094 0.02419 0.01449 0.00037 ( 1)
 575 T   0.77179 0.21318 0.01175 0.00327 ( 1)
 576 L   0.16650 0.81840 0.00253 0.01257 ( 2)
 577 L   0.93552 0.04949 0.01424 0.00076 ( 1)
 578 L   0.93711 0.04790 0.01426 0.00074 ( 1)
 579 V   0.66062 0.32435 0.01005 0.00498 ( 1)
 580 V   0.65970 0.32526 0.01004 0.00500 ( 1)
 581 V   0.67164 0.31333 0.01022 0.00481 ( 1)
 582 V   0.13983 0.84506 0.00213 0.01298 ( 2)
 583 G   0.96350 0.02156 0.01460 0.00033 ( 1)
 584 T   0.60781 0.37714 0.00926 0.00579 ( 1)
 585 V   0.62575 0.35921 0.00953 0.00552 ( 1)
 586 G   0.97173 0.01340 0.01467 0.00021 ( 1)
 587 L   0.93723 0.04778 0.01426 0.00073 ( 1)
 588 F   0.93890 0.04611 0.01429 0.00071 ( 1)
 589 A   0.97714 0.00802 0.01472 0.00012 ( 1)
 590 W   0.93964 0.04537 0.01430 0.00070 ( 1)
 591 H   0.97466 0.01047 0.01471 0.00016 ( 1)
 592 Q   0.34773 0.63715 0.00533 0.00979 ( 2)
 593 D   0.97705 0.00810 0.01472 0.00012 ( 1)
 594 T   0.97543 0.00972 0.01471 0.00015 ( 1)
 595 P   0.92316 0.06182 0.01407 0.00095 ( 1)
 596 V   0.96859 0.01651 0.01465 0.00025 ( 1)
 597 V   0.96799 0.01711 0.01464 0.00026 ( 1)
 598 R   0.96287 0.02219 0.01459 0.00034 ( 1)
 599 S   0.84317 0.14174 0.01291 0.00218 ( 1)
 600 A   0.90645 0.07848 0.01387 0.00121 ( 1)
 601 G   0.96251 0.02256 0.01459 0.00035 ( 1)
 602 G   0.97418 0.01095 0.01471 0.00017 ( 1)
 603 W   0.00355 0.98132 0.00005 0.01507 ( 2)
 604 L   0.93723 0.04778 0.01426 0.00073 ( 1)
 605 C   0.97143 0.01368 0.01468 0.00021 ( 1)
 606 F   0.96765 0.01736 0.01472 0.00027 ( 1)
 607 L   0.96351 0.02148 0.01468 0.00033 ( 1)
 608 M   0.97723 0.00792 0.01473 0.00012 ( 1)
 609 L   0.93429 0.05072 0.01422 0.00078 ( 1)
 610 G   0.97301 0.01212 0.01469 0.00019 ( 1)
 611 S   0.97295 0.01217 0.01469 0.00019 ( 1)
 612 L   0.93723 0.04778 0.01426 0.00073 ( 1)
 613 A   0.87980 0.10513 0.01346 0.00161 ( 1)
 614 G   0.00970 0.97517 0.00015 0.01498 ( 2)
 615 A   0.56631 0.41863 0.00863 0.00643 ( 1)
 616 S   0.97213 0.01300 0.01467 0.00020 ( 1)
 617 C   0.00776 0.97711 0.00012 0.01501 ( 2)
 618 S   0.97503 0.01010 0.01471 0.00016 ( 1)
 619 L   0.89680 0.08832 0.01352 0.00136 ( 1)
 620 Y   0.91109 0.07388 0.01390 0.00113 ( 1)
 621 G   0.97389 0.01123 0.01470 0.00017 ( 1)
 622 F   0.97776 0.00740 0.01472 0.00011 ( 1)
 623 F   0.93890 0.04611 0.01429 0.00071 ( 1)
 624 G   0.95908 0.02598 0.01454 0.00040 ( 1)
 625 E   0.95818 0.02691 0.01450 0.00041 ( 1)
 626 P   0.97383 0.01131 0.01469 0.00017 ( 1)
 627 T   0.51443 0.47055 0.00779 0.00723 ( 1)
 628 L   0.13814 0.84676 0.00209 0.01301 ( 2)
 629 P   0.72045 0.26451 0.01098 0.00406 ( 1)
 630 A   0.47287 0.51203 0.00723 0.00787 ( 2)
 631 C   0.96976 0.01534 0.01466 0.00024 ( 1)
 632 L   0.92502 0.05998 0.01408 0.00092 ( 1)
 633 L   0.93696 0.04804 0.01426 0.00074 ( 1)
 634 R   0.97120 0.01390 0.01468 0.00021 ( 1)
 635 Q   0.94536 0.03966 0.01437 0.00061 ( 1)
 636 A   0.89332 0.09181 0.01346 0.00141 ( 1)
 637 I   0.88786 0.09726 0.01339 0.00149 ( 1)
 638 F   0.93890 0.04611 0.01429 0.00071 ( 1)
 639 A   0.97639 0.00877 0.01471 0.00013 ( 1)
 640 L   0.93267 0.05232 0.01421 0.00080 ( 1)
 641 G   0.92215 0.06283 0.01406 0.00097 ( 1)
 642 F   0.97079 0.01437 0.01462 0.00022 ( 1)
 643 T   0.88225 0.10287 0.01330 0.00158 ( 1)
 644 I   0.93187 0.05330 0.01402 0.00082 ( 1)
 645 F   0.97791 0.00726 0.01473 0.00011 ( 1)
 646 L   0.93697 0.04803 0.01426 0.00074 ( 1)
 647 S   0.97357 0.01155 0.01470 0.00018 ( 1)
 648 C   0.97159 0.01351 0.01469 0.00021 ( 1)
 649 L   0.66056 0.32441 0.01005 0.00498 ( 1)
 650 T   0.86299 0.12193 0.01320 0.00187 ( 1)
 651 V   0.93124 0.05375 0.01418 0.00083 ( 1)
 652 R   0.97083 0.01427 0.01467 0.00022 ( 1)
 653 S   0.96858 0.01654 0.01463 0.00025 ( 1)
 654 F   0.97815 0.00701 0.01473 0.00011 ( 1)
 655 Q   0.87558 0.10935 0.01339 0.00168 ( 1)
 656 L   0.90003 0.08487 0.01379 0.00130 ( 1)
 657 V   0.90287 0.08229 0.01358 0.00126 ( 1)
 658 I   0.97944 0.00574 0.01473 0.00009 ( 1)
 659 I   0.97872 0.00646 0.01472 0.00010 ( 1)
 660 F   0.97815 0.00701 0.01473 0.00011 ( 1)
 661 K   0.96507 0.02000 0.01462 0.00031 ( 1)
 662 F   0.93890 0.04611 0.01429 0.00071 ( 1)
 663 S   0.97291 0.01221 0.01469 0.00019 ( 1)
 664 T   0.49995 0.42095 0.07263 0.00647 ( 1)
 665 K   0.96359 0.02149 0.01460 0.00033 ( 1)
 666 V   0.08396 0.90091 0.00128 0.01384 ( 2)
 667 P   0.96124 0.02374 0.01465 0.00036 ( 1)
 668 T   0.12086 0.86405 0.00182 0.01327 ( 2)
 669 F   0.97815 0.00701 0.01473 0.00011 ( 1)
 670 Y   0.40269 0.58227 0.00609 0.00894 ( 2)
 671 H   0.16037 0.82454 0.00242 0.01267 ( 2)
 672 T   0.52008 0.39830 0.07551 0.00612 ( 1)
 673 W   0.93964 0.04537 0.01430 0.00070 ( 1)
 674 V   0.97656 0.00860 0.01471 0.00013 ( 1)
 675 Q   0.87093 0.11400 0.01332 0.00175 ( 1)
 676 N   0.97583 0.00930 0.01472 0.00014 ( 1)
 677 H   0.97026 0.01473 0.01478 0.00023 ( 1)
 678 G   0.92024 0.06474 0.01403 0.00099 ( 1)
 679 A   0.94150 0.04349 0.01434 0.00067 ( 1)
 680 A   0.06092 0.92396 0.00092 0.01419 ( 2)
 681 L   0.93723 0.04778 0.01426 0.00073 ( 1)
 682 F   0.93890 0.04611 0.01429 0.00071 ( 1)
 683 I   0.63859 0.34643 0.00966 0.00532 ( 1)
 684 M   0.37021 0.61477 0.00558 0.00944 ( 2)
 685 I   0.97906 0.00612 0.01473 0.00009 ( 1)
 686 S   0.89492 0.09019 0.01351 0.00139 ( 1)
 687 S   0.84317 0.14174 0.01291 0.00218 ( 1)
 688 M   0.00614 0.97873 0.00009 0.01503 ( 2)
 689 A   0.06902 0.91586 0.00105 0.01407 ( 2)
 690 Q   0.94888 0.03615 0.01442 0.00056 ( 1)
 691 L   0.93378 0.05122 0.01421 0.00079 ( 1)
 692 L   0.92950 0.05548 0.01416 0.00085 ( 1)
 693 I   0.97944 0.00574 0.01473 0.00009 ( 1)
 694 C   0.91954 0.06544 0.01402 0.00101 ( 1)
 695 L   0.84140 0.14350 0.01289 0.00220 ( 1)
 696 T   0.93565 0.04934 0.01426 0.00076 ( 1)
 697 W   0.93964 0.04537 0.01430 0.00070 ( 1)
 698 L   0.93044 0.05456 0.01416 0.00084 ( 1)
 699 A   0.32051 0.66443 0.00485 0.01021 ( 2)
 700 V   0.84626 0.13881 0.01280 0.00213 ( 1)
 701 W   0.93964 0.04537 0.01430 0.00070 ( 1)
 702 T   0.97381 0.01118 0.01484 0.00017 ( 1)
 703 P   0.85772 0.12720 0.01313 0.00195 ( 1)
 704 L   0.93723 0.04778 0.01426 0.00073 ( 1)
 705 P   0.97373 0.01140 0.01469 0.00018 ( 1)
 706 T   0.80946 0.17551 0.01233 0.00270 ( 1)
 707 R   0.94080 0.04426 0.01426 0.00068 ( 1)
 708 E   0.89395 0.09100 0.01365 0.00140 ( 1)
 709 Y   0.96852 0.01658 0.01465 0.00025 ( 1)
 710 Q   0.20884 0.77606 0.00317 0.01192 ( 2)
 711 R   0.97124 0.01386 0.01468 0.00021 ( 1)
 712 F   0.97733 0.00783 0.01472 0.00012 ( 1)
 713 P   0.97383 0.01131 0.01469 0.00017 ( 1)
 714 Q   0.69134 0.29362 0.01053 0.00451 ( 1)
 715 L   0.93723 0.04778 0.01426 0.00073 ( 1)
 716 V   0.96591 0.01918 0.01461 0.00029 ( 1)
 717 V   0.50634 0.47867 0.00763 0.00735 ( 1)
 718 L   0.92522 0.05976 0.01410 0.00092 ( 1)
 719 E   0.82372 0.16134 0.01247 0.00248 ( 1)
 720 C   0.97159 0.01351 0.01469 0.00021 ( 1)
 721 T   0.86019 0.12473 0.01316 0.00192 ( 1)
 722 E   0.96794 0.01715 0.01465 0.00026 ( 1)
 723 T   0.00069 0.98419 0.00001 0.01512 ( 2)
 724 N   0.85681 0.12829 0.01292 0.00197 ( 1)
 725 S   0.95032 0.03480 0.01435 0.00053 ( 1)
 726 L   0.93723 0.04778 0.01426 0.00073 ( 1)
 727 G   0.97418 0.01095 0.01471 0.00017 ( 1)
 728 F   0.97815 0.00701 0.01473 0.00011 ( 1)
 729 M   0.28061 0.70430 0.00427 0.01082 ( 2)
 730 L   0.93697 0.04803 0.01426 0.00074 ( 1)
 731 A   0.97761 0.00755 0.01473 0.00012 ( 1)
 732 F   0.97429 0.01072 0.01482 0.00016 ( 1)
 733 G   0.00086 0.98402 0.00001 0.01512 ( 2)
 734 Y   0.97041 0.01469 0.01467 0.00023 ( 1)
 735 N   0.93149 0.05350 0.01419 0.00082 ( 1)
 736 G   0.87607 0.10903 0.01322 0.00167 ( 1)
 737 L   0.97399 0.01100 0.01484 0.00017 ( 1)
 738 L   0.97491 0.01023 0.01470 0.00016 ( 1)
 739 S   0.96664 0.01848 0.01460 0.00028 ( 1)
 740 V   0.09226 0.89264 0.00139 0.01371 ( 2)
 741 S   0.96536 0.01963 0.01471 0.00030 ( 1)
 742 A   0.97671 0.00845 0.01471 0.00013 ( 1)
 743 F   0.93890 0.04611 0.01429 0.00071 ( 1)
 744 A   0.97588 0.00928 0.01470 0.00014 ( 1)
 745 C   0.97028 0.01482 0.01467 0.00023 ( 1)
 746 S   0.89441 0.09070 0.01350 0.00139 ( 1)
 747 Y   0.97041 0.01469 0.01467 0.00023 ( 1)
 748 L   0.66073 0.32424 0.01005 0.00498 ( 1)
 749 G   0.97382 0.01130 0.01470 0.00017 ( 1)
 750 K   0.96359 0.02149 0.01460 0.00033 ( 1)
 751 D   0.97705 0.00810 0.01472 0.00012 ( 1)
 752 L   0.93591 0.04909 0.01424 0.00075 ( 1)
 753 P   0.85772 0.12720 0.01313 0.00195 ( 1)
 754 E   0.96794 0.01715 0.01465 0.00026 ( 1)
 755 N   0.97583 0.00930 0.01472 0.00014 ( 1)
 756 Y   0.94942 0.03567 0.01436 0.00055 ( 1)
 757 N   0.89237 0.09274 0.01346 0.00142 ( 1)
 758 E   0.96794 0.01715 0.01465 0.00026 ( 1)
 759 A   0.97714 0.00802 0.01472 0.00012 ( 1)
 760 K   0.88432 0.10062 0.01351 0.00155 ( 1)
 761 C   0.91891 0.06607 0.01401 0.00101 ( 1)
 762 V   0.97770 0.00746 0.01472 0.00011 ( 1)
 763 T   0.97392 0.01122 0.01469 0.00017 ( 1)
 764 F   0.97498 0.01019 0.01468 0.00016 ( 1)
 765 G   0.47636 0.50863 0.00719 0.00781 ( 2)
 766 L   0.93704 0.04797 0.01426 0.00074 ( 1)
 767 L   0.97579 0.00935 0.01471 0.00014 ( 1)
 768 L   0.89846 0.08668 0.01353 0.00133 ( 1)
 769 N   0.87670 0.10841 0.01322 0.00167 ( 1)
 770 F   0.97733 0.00783 0.01472 0.00012 ( 1)
 771 V   0.38715 0.59783 0.00583 0.00918 ( 2)
 772 S   0.97372 0.01140 0.01470 0.00018 ( 1)
 773 W   0.93964 0.04537 0.01430 0.00070 ( 1)
 774 I   0.97944 0.00574 0.01473 0.00009 ( 1)
 775 A   0.54122 0.44381 0.00815 0.00682 ( 1)
 776 F   0.91735 0.06779 0.01381 0.00104 ( 1)
 777 F   0.97773 0.00744 0.01472 0.00011 ( 1)
 778 T   0.97607 0.00907 0.01472 0.00014 ( 1)
 779 V   0.04120 0.94368 0.00062 0.01450 ( 2)
 780 A   0.97662 0.00838 0.01487 0.00013 ( 1)
 781 S   0.88589 0.09915 0.01343 0.00152 ( 1)
 782 V   0.91665 0.06850 0.01380 0.00105 ( 1)
 783 Y   0.85033 0.13474 0.01286 0.00207 ( 1)
 784 Q   0.33149 0.65348 0.00500 0.01004 ( 2)
 785 G   0.88446 0.10064 0.01335 0.00155 ( 1)
 786 K   0.96507 0.02000 0.01462 0.00031 ( 1)
 787 Y   0.96812 0.01685 0.01477 0.00026 ( 1)
 788 L   0.66052 0.32445 0.01005 0.00498 ( 1)
 789 P   0.88755 0.09756 0.01339 0.00150 ( 1)
 790 A   0.80169 0.18336 0.01213 0.00282 ( 1)
 791 V   0.89436 0.09078 0.01347 0.00139 ( 1)
 792 N   0.96709 0.01805 0.01459 0.00028 ( 1)
 793 V   0.41551 0.56948 0.00626 0.00875 ( 2)
 794 L   0.70415 0.28082 0.01071 0.00431 ( 1)
 795 A   0.96532 0.01967 0.01470 0.00030 ( 1)
 796 V   0.00273 0.98214 0.00004 0.01509 ( 2)
 797 L   0.69958 0.28539 0.01065 0.00438 ( 1)
 798 S   0.97503 0.01010 0.01471 0.00016 ( 1)
 799 S   0.97503 0.01010 0.01471 0.00016 ( 1)
 800 L   0.93715 0.04785 0.01426 0.00074 ( 1)
 801 S   0.89521 0.08990 0.01351 0.00138 ( 1)
 802 S   0.97262 0.01251 0.01468 0.00019 ( 1)
 803 G   0.97418 0.01095 0.01471 0.00017 ( 1)
 804 F   0.97815 0.00701 0.01473 0.00011 ( 1)
 805 S   0.81076 0.17432 0.01224 0.00268 ( 1)
 806 G   0.96651 0.01856 0.01465 0.00029 ( 1)
 807 Y   0.91109 0.07388 0.01390 0.00113 ( 1)
 808 F   0.96765 0.01736 0.01472 0.00027 ( 1)
 809 L   0.96480 0.02021 0.01468 0.00031 ( 1)
 810 P   0.97412 0.01101 0.01470 0.00017 ( 1)
 811 K   0.96304 0.02203 0.01459 0.00034 ( 1)
 812 C   0.97159 0.01351 0.01469 0.00021 ( 1)
 813 Y   0.93640 0.04870 0.01416 0.00075 ( 1)
 814 V   0.96379 0.02130 0.01458 0.00033 ( 1)
 815 I   0.97944 0.00574 0.01473 0.00009 ( 1)
 816 V   0.88293 0.10219 0.01331 0.00157 ( 1)
 817 C   0.86846 0.11662 0.01313 0.00179 ( 1)
 818 R   0.96807 0.01703 0.01463 0.00026 ( 1)
 819 P   0.45169 0.53320 0.00691 0.00819 ( 2)
 820 D   0.96493 0.02022 0.01454 0.00031 ( 1)
 821 L   0.96986 0.01528 0.01462 0.00023 ( 1)
 822 N   0.97483 0.01031 0.01470 0.00016 ( 1)
 823 S   0.89493 0.09018 0.01351 0.00139 ( 1)
 824 T   0.87527 0.10965 0.01339 0.00168 ( 1)
 825 E   0.96794 0.01715 0.01465 0.00026 ( 1)
 826 H   0.97466 0.01047 0.01471 0.00016 ( 1)
 827 F   0.97704 0.00813 0.01471 0.00012 ( 1)
 828 Q   0.94888 0.03615 0.01442 0.00056 ( 1)
 829 A   0.97751 0.00765 0.01472 0.00012 ( 1)
 830 S   0.97372 0.01140 0.01470 0.00018 ( 1)
 831 I   0.96982 0.01520 0.01475 0.00023 ( 1)
 832 Q   0.94888 0.03615 0.01442 0.00056 ( 1)
 833 D   0.90998 0.07515 0.01371 0.00115 ( 1)
 834 Y   0.97041 0.01469 0.01467 0.00023 ( 1)
 835 T   0.96370 0.02138 0.01459 0.00033 ( 1)
 836 R   0.96287 0.02219 0.01459 0.00034 ( 1)
 837 R   0.86650 0.11860 0.01308 0.00182 ( 1)
 838 W   0.01790 0.96698 0.00027 0.01485 ( 2)
 839 G   0.05443 0.93046 0.00082 0.01429 ( 2)
 840 S   0.84847 0.13662 0.01281 0.00210 ( 1)
 841 T   0.97183 0.01331 0.01465 0.00020 ( 1)


lnL = -10657.017136

Bayes Empirical Bayes (BEB) probabilities for 4 classes (class)
(amino acids refer to 1st sequence: 1.Tarsier)

   1 M   0.89273 0.00672 0.09978 0.00076 ( 1)
   2 F   0.70242 0.19491 0.08020 0.02248 ( 1)
   3 H   0.61410 0.28477 0.06866 0.03247 ( 1)
   4 H   0.00296 0.89460 0.00033 0.10211 ( 2)
   5 V   0.00012 0.89589 0.00001 0.10398 ( 2)
   6 A   0.67368 0.22346 0.07706 0.02581 ( 1)
   7 H   0.03047 0.86713 0.00340 0.09899 ( 2)
   8 L   0.86199 0.03547 0.09845 0.00409 ( 1)
   9 V   0.57937 0.31871 0.06538 0.03654 ( 1)
  10 G   0.84054 0.05851 0.09429 0.00667 ( 1)
  11 L   0.85711 0.04035 0.09789 0.00465 ( 1)
  12 Q   0.85993 0.03782 0.09790 0.00435 ( 1)
  13 L   0.85242 0.04476 0.09765 0.00517 ( 1)
  14 S   0.15361 0.74449 0.01710 0.08480 ( 2)
  15 I   0.65286 0.24451 0.07444 0.02819 ( 1)
  16 S   0.83934 0.05964 0.09422 0.00680 ( 1)
  17 C   0.82636 0.07241 0.09296 0.00827 ( 1)
  18 C   0.88725 0.01160 0.09982 0.00132 ( 1)
  19 W   0.70837 0.18899 0.08085 0.02179 ( 1)
  20 A   0.88436 0.01517 0.09875 0.00172 ( 1)
  21 F   0.77855 0.11885 0.08890 0.01370 ( 1)
  22 S   0.61225 0.28679 0.06829 0.03266 ( 1)
  23 C   0.88749 0.01137 0.09985 0.00130 ( 1)
  24 H   0.88366 0.01363 0.10114 0.00157 ( 1)
  25 N   0.21739 0.68071 0.02426 0.07764 ( 2)
  26 T   0.05386 0.84273 0.00613 0.09728 ( 2)
  27 E   0.80149 0.09700 0.09041 0.01110 ( 1)
  28 F   0.11185 0.78475 0.01275 0.09065 ( 2)
  29 S   0.84663 0.05042 0.09712 0.00582 ( 1)
  30 P   0.86346 0.03368 0.09896 0.00389 ( 1)
  31 D   0.85476 0.04462 0.09553 0.00508 ( 1)
  32 F   0.89350 0.00610 0.09970 0.00069 ( 1)
  33 S   0.84229 0.05697 0.09426 0.00649 ( 1)
  34 L   0.89038 0.00895 0.09965 0.00102 ( 1)
  35 P   0.77631 0.12274 0.08695 0.01399 ( 1)
  36 G   0.87587 0.02243 0.09913 0.00257 ( 1)
  37 N   0.71623 0.18106 0.08182 0.02089 ( 1)
  38 Y   0.88673 0.01204 0.09985 0.00138 ( 1)
  39 L   0.89020 0.00913 0.09963 0.00104 ( 1)
  40 L   0.86052 0.03694 0.09828 0.00426 ( 1)
  41 A   0.50972 0.38651 0.05885 0.04492 ( 1)
  42 G   0.88907 0.01005 0.09974 0.00115 ( 1)
  43 F   0.34130 0.55571 0.03887 0.06412 ( 2)
  44 F   0.89345 0.00615 0.09970 0.00070 ( 1)
  45 P   0.65446 0.24254 0.07497 0.02803 ( 1)
  46 L   0.89115 0.00819 0.09974 0.00093 ( 1)
  47 H   0.85931 0.03796 0.09835 0.00438 ( 1)
  48 G   0.25483 0.64181 0.02913 0.07423 ( 2)
  49 D   0.44864 0.44978 0.05022 0.05136 ( 2)
  50 C   0.25408 0.64257 0.02904 0.07431 ( 2)
  51 L   0.69823 0.19909 0.07972 0.02296 ( 1)
  52 Q   0.86949 0.02827 0.09899 0.00325 ( 1)
  53 V   0.88588 0.01281 0.09985 0.00146 ( 1)
  54 R   0.86378 0.03450 0.09776 0.00395 ( 1)
  55 H   0.60359 0.29511 0.06761 0.03369 ( 1)
  56 R   0.81472 0.08173 0.09407 0.00948 ( 1)
  57 P   0.88512 0.01411 0.09916 0.00161 ( 1)
  58 E   0.88209 0.01461 0.10160 0.00169 ( 1)
  59 V   0.88521 0.01347 0.09977 0.00154 ( 1)
  60 T   0.80042 0.09877 0.08956 0.01125 ( 1)
  61 L   0.86767 0.02980 0.09910 0.00343 ( 1)
  62 C   0.84116 0.05589 0.09649 0.00646 ( 1)
  63 D   0.89038 0.00907 0.09952 0.00103 ( 1)
  64 R   0.87315 0.02515 0.09882 0.00288 ( 1)
  65 T   0.00303 0.89352 0.00034 0.10310 ( 2)
  66 C   0.12035 0.77622 0.01373 0.08970 ( 2)
  67 G   0.18225 0.71580 0.02033 0.08163 ( 2)
  68 F   0.89160 0.00800 0.09949 0.00091 ( 1)
  69 N   0.86375 0.03356 0.09882 0.00387 ( 1)
  70 G   0.44762 0.45039 0.05039 0.05160 ( 2)
  71 H   0.88096 0.01633 0.10083 0.00188 ( 1)
  72 G   0.81001 0.08899 0.09086 0.01015 ( 1)
  73 Y   0.55448 0.34382 0.06235 0.03935 ( 1)
  74 H   0.52830 0.37028 0.05915 0.04227 ( 1)
  75 L   0.83541 0.06383 0.09349 0.00727 ( 1)
  76 F   0.85739 0.04215 0.09567 0.00479 ( 1)
  77 Q   0.36741 0.52985 0.04172 0.06102 ( 2)
  78 A   0.49381 0.40318 0.05643 0.04658 ( 1)
  79 M   0.56368 0.33521 0.06292 0.03819 ( 1)
  80 R   0.74730 0.15047 0.08492 0.01730 ( 1)
  81 L   0.70831 0.18877 0.08112 0.02181 ( 1)
  82 S   0.00369 0.89354 0.00041 0.10236 ( 2)
  83 I   0.32688 0.57000 0.03728 0.06583 ( 2)
  84 E   0.33926 0.55860 0.03815 0.06398 ( 2)
  85 A   0.76432 0.13412 0.08620 0.01535 ( 1)
  86 I   0.85966 0.03784 0.09814 0.00436 ( 1)
  87 N   0.88905 0.01022 0.09956 0.00116 ( 1)
  88 N   0.88905 0.01022 0.09956 0.00116 ( 1)
  89 S   0.88687 0.01218 0.09956 0.00139 ( 1)
  90 T   0.87661 0.02186 0.09903 0.00250 ( 1)
  91 V   0.61453 0.28251 0.07031 0.03264 ( 1)
  92 L   0.85526 0.04220 0.09768 0.00486 ( 1)
  93 L   0.85507 0.04238 0.09766 0.00488 ( 1)
  94 P   0.89011 0.00913 0.09972 0.00104 ( 1)
  95 N   0.77631 0.12278 0.08692 0.01399 ( 1)
  96 V   0.25768 0.64079 0.02863 0.07290 ( 2)
  97 T   0.84807 0.05120 0.09490 0.00583 ( 1)
  98 L   0.60728 0.28996 0.06930 0.03345 ( 1)
  99 G   0.88142 0.01688 0.09976 0.00193 ( 1)
 100 Y   0.33799 0.56000 0.03794 0.06407 ( 2)
 101 E   0.01746 0.87946 0.00197 0.10111 ( 2)
 102 L   0.86057 0.03690 0.09829 0.00425 ( 1)
 103 Y   0.18207 0.71444 0.02082 0.08267 ( 2)
 104 D   0.86612 0.03130 0.09897 0.00361 ( 1)
 105 V   0.88187 0.01681 0.09940 0.00192 ( 1)
 106 C   0.88278 0.01606 0.09932 0.00183 ( 1)
 107 S   0.85836 0.03870 0.09847 0.00447 ( 1)
 108 E   0.81587 0.08345 0.09118 0.00950 ( 1)
 109 S   0.84434 0.05271 0.09686 0.00609 ( 1)
 110 A   0.89098 0.00856 0.09949 0.00097 ( 1)
 111 N   0.85995 0.03736 0.09839 0.00431 ( 1)
 112 V   0.88187 0.01681 0.09940 0.00192 ( 1)
 113 Y   0.84411 0.05460 0.09505 0.00624 ( 1)
 114 A   0.89004 0.00950 0.09938 0.00108 ( 1)
 115 T   0.87674 0.02172 0.09905 0.00249 ( 1)
 116 L   0.85526 0.04220 0.09768 0.00486 ( 1)
 117 S   0.18792 0.71014 0.02096 0.08098 ( 2)
 118 V   0.79750 0.10106 0.08988 0.01156 ( 1)
 119 L   0.88905 0.01028 0.09950 0.00117 ( 1)
 120 S   0.88619 0.01285 0.09949 0.00147 ( 1)
 121 L   0.26978 0.62612 0.03119 0.07290 ( 2)
 122 P   0.51910 0.37707 0.05998 0.04384 ( 1)
 123 G   0.87949 0.01881 0.09954 0.00216 ( 1)
 124 T   0.16583 0.73022 0.01910 0.08485 ( 2)
 125 R   0.00011 0.89744 0.00001 0.10244 ( 2)
 126 H   0.88783 0.01132 0.09956 0.00129 ( 1)
 127 I   0.85772 0.03978 0.09792 0.00458 ( 1)
 128 D   0.47518 0.42287 0.05350 0.04845 ( 1)
 129 I   0.84039 0.05885 0.09405 0.00670 ( 1)
 130 Q   0.83373 0.06269 0.09631 0.00727 ( 1)
 131 G   0.53942 0.35671 0.06238 0.04149 ( 1)
 132 D   0.81569 0.08363 0.09116 0.00952 ( 1)
 133 F   0.24577 0.65096 0.02805 0.07522 ( 2)
 134 L   0.88905 0.01028 0.09950 0.00117 ( 1)
 135 H   0.02472 0.87286 0.00276 0.09965 ( 2)
 136 Y   0.84170 0.05523 0.09669 0.00639 ( 1)
 137 S   0.11173 0.78612 0.01247 0.08968 ( 2)
 138 P   0.87582 0.02134 0.10038 0.00246 ( 1)
 139 K   0.77741 0.12088 0.08786 0.01385 ( 1)
 140 I   0.72675 0.17172 0.08188 0.01965 ( 1)
 141 V   0.74414 0.15320 0.08499 0.01767 ( 1)
 142 A   0.87334 0.02528 0.09849 0.00289 ( 1)
 143 V   0.88201 0.01668 0.09941 0.00191 ( 1)
 144 I   0.61037 0.28696 0.06958 0.03309 ( 1)
 145 G   0.79095 0.10725 0.08951 0.01230 ( 1)
 146 P   0.68186 0.21516 0.07812 0.02487 ( 1)
 147 D   0.59914 0.29981 0.06689 0.03416 ( 1)
 148 S   0.00227 0.89559 0.00025 0.10189 ( 2)
 149 T   0.84101 0.05824 0.09411 0.00663 ( 1)
 150 D   0.23852 0.65968 0.02659 0.07520 ( 2)
 151 H   0.00102 0.89539 0.00012 0.10347 ( 2)
 152 A   0.67568 0.22146 0.07729 0.02557 ( 1)
 153 A   0.76056 0.13875 0.08490 0.01579 ( 1)
 154 T   0.69904 0.19998 0.07819 0.02279 ( 1)
 155 T   0.17716 0.71891 0.02040 0.08353 ( 2)
 156 A   0.87598 0.02354 0.09781 0.00268 ( 1)
 157 A   0.83338 0.06605 0.09305 0.00751 ( 1)
 158 L   0.85233 0.04512 0.09735 0.00520 ( 1)
 159 L   0.85839 0.03907 0.09804 0.00450 ( 1)
 160 S   0.82939 0.06969 0.09297 0.00794 ( 1)
 161 P   0.84437 0.05276 0.09677 0.00609 ( 1)
 162 F   0.55126 0.34773 0.06142 0.03958 ( 1)
 163 L   0.85341 0.04405 0.09747 0.00507 ( 1)
 164 V   0.51860 0.38021 0.05787 0.04332 ( 1)
 165 P   0.88987 0.00937 0.09970 0.00107 ( 1)
 166 L   0.30837 0.58861 0.03511 0.06791 ( 2)
 167 I   0.89393 0.00591 0.09949 0.00067 ( 1)
 168 S   0.89073 0.00845 0.09986 0.00096 ( 1)
 169 Y   0.86392 0.03303 0.09924 0.00382 ( 1)
 170 E   0.01784 0.87941 0.00200 0.10075 ( 2)
 171 A   0.89312 0.00643 0.09973 0.00073 ( 1)
 172 S   0.89073 0.00845 0.09986 0.00096 ( 1)
 173 S   0.89019 0.00899 0.09980 0.00102 ( 1)
 174 T   0.00257 0.89484 0.00029 0.10230 ( 2)
 175 T   0.07847 0.81896 0.00881 0.09376 ( 2)
 176 L   0.88746 0.01187 0.09932 0.00135 ( 1)
 177 S   0.60513 0.29359 0.06777 0.03351 ( 1)
 178 V   0.00389 0.89357 0.00044 0.10211 ( 2)
 179 K   0.88230 0.01613 0.09973 0.00185 ( 1)
 180 R   0.38594 0.51145 0.04376 0.05885 ( 2)
 181 Q   0.70200 0.19559 0.07989 0.02252 ( 1)
 182 Y   0.84737 0.04957 0.09734 0.00573 ( 1)
 183 P   0.89100 0.00824 0.09982 0.00094 ( 1)
 184 S   0.85275 0.04431 0.09783 0.00512 ( 1)
 185 F   0.88778 0.01181 0.09907 0.00134 ( 1)
 186 L   0.86057 0.03690 0.09829 0.00425 ( 1)
 187 R   0.88731 0.01154 0.09983 0.00132 ( 1)
 188 T   0.89189 0.00746 0.09981 0.00085 ( 1)
 189 I   0.86713 0.03266 0.09651 0.00371 ( 1)
 190 P   0.89100 0.00824 0.09982 0.00094 ( 1)
 191 S   0.48144 0.41717 0.05381 0.04759 ( 1)
 192 D   0.89224 0.00721 0.09973 0.00082 ( 1)
 193 R   0.49101 0.40691 0.05540 0.04667 ( 1)
 194 H   0.18514 0.71263 0.02075 0.08148 ( 2)
 195 Q   0.86949 0.02827 0.09899 0.00325 ( 1)
 196 V   0.88521 0.01347 0.09977 0.00154 ( 1)
 197 E   0.88466 0.01395 0.09980 0.00159 ( 1)
 198 V   0.65510 0.24385 0.07326 0.02780 ( 1)
 199 M   0.85277 0.04662 0.09531 0.00530 ( 1)
 200 V   0.88521 0.01347 0.09977 0.00154 ( 1)
 201 L   0.69271 0.20461 0.07908 0.02360 ( 1)
 202 L   0.86057 0.03690 0.09829 0.00425 ( 1)
 203 L   0.86041 0.03705 0.09827 0.00427 ( 1)
 204 Q   0.05833 0.83863 0.00660 0.09645 ( 2)
 205 R   0.44666 0.45111 0.05045 0.05178 ( 2)
 206 F   0.89362 0.00599 0.09972 0.00068 ( 1)
 207 R   0.00304 0.89418 0.00034 0.10243 ( 2)
 208 W   0.86242 0.03507 0.09847 0.00404 ( 1)
 209 V   0.59486 0.30398 0.06650 0.03466 ( 1)
 210 W   0.86242 0.03507 0.09847 0.00404 ( 1)
 211 I   0.89488 0.00496 0.09960 0.00056 ( 1)
 212 S   0.85314 0.04392 0.09787 0.00507 ( 1)
 213 L   0.86057 0.03690 0.09829 0.00425 ( 1)
 214 V   0.42930 0.46767 0.04901 0.05402 ( 2)
 215 G   0.88999 0.00913 0.09984 0.00104 ( 1)
 216 S   0.89026 0.00891 0.09980 0.00102 ( 1)
 217 Y   0.00673 0.88986 0.00076 0.10265 ( 2)
 218 G   0.77998 0.11897 0.08748 0.01357 ( 1)
 219 D   0.89259 0.00686 0.09977 0.00078 ( 1)
 220 Y   0.86392 0.03303 0.09924 0.00382 ( 1)
 221 G   0.88162 0.01668 0.09978 0.00191 ( 1)
 222 Q   0.75668 0.14097 0.08613 0.01622 ( 1)
 223 Q   0.23120 0.66469 0.02672 0.07738 ( 2)
 224 G   0.77589 0.12228 0.08780 0.01402 ( 1)
 225 V   0.88332 0.01537 0.09956 0.00176 ( 1)
 226 Q   0.73747 0.16016 0.08394 0.01843 ( 1)
 227 A   0.68357 0.21272 0.07899 0.02471 ( 1)
 228 L   0.86194 0.03552 0.09845 0.00409 ( 1)
 229 E   0.52739 0.37073 0.05941 0.04247 ( 1)
 230 N   0.04016 0.85719 0.00451 0.09814 ( 2)
 231 Q   0.73658 0.16104 0.08384 0.01854 ( 1)
 232 A   0.89312 0.00643 0.09973 0.00073 ( 1)
 233 T   0.87959 0.01761 0.10076 0.00203 ( 1)
 234 D   0.00746 0.88924 0.00085 0.10246 ( 2)
 235 Q   0.72366 0.17396 0.08236 0.02002 ( 1)
 236 G   0.51202 0.38583 0.05786 0.04429 ( 1)
 237 I   0.86659 0.03320 0.09645 0.00377 ( 1)
 238 C   0.88773 0.01112 0.09988 0.00127 ( 1)
 239 I   0.86442 0.03314 0.09862 0.00382 ( 1)
 240 A   0.85753 0.03975 0.09814 0.00458 ( 1)
 241 F   0.89362 0.00599 0.09972 0.00068 ( 1)
 242 K   0.88230 0.01613 0.09973 0.00185 ( 1)
 243 D   0.85238 0.04701 0.09527 0.00535 ( 1)
 244 I   0.56786 0.33136 0.06311 0.03766 ( 1)
 245 V   0.81019 0.08840 0.09131 0.01011 ( 1)
 246 P   0.88910 0.01013 0.09961 0.00115 ( 1)
 247 L   0.85429 0.04524 0.09532 0.00514 ( 1)
 248 S   0.65224 0.24468 0.07478 0.02830 ( 1)
 249 A   0.89312 0.00643 0.09973 0.00073 ( 1)
 250 R   0.00159 0.89531 0.00018 0.10292 ( 2)
 251 V   0.87893 0.01745 0.10159 0.00202 ( 1)
 252 G   0.87344 0.02566 0.09798 0.00292 ( 1)
 253 D   0.86317 0.03425 0.09863 0.00395 ( 1)
 254 E   0.52112 0.37630 0.05925 0.04334 ( 1)
 255 R   0.77069 0.12748 0.08721 0.01462 ( 1)
 256 M   0.89273 0.00672 0.09978 0.00076 ( 1)
 257 Q   0.73796 0.15967 0.08400 0.01838 ( 1)
 258 G   0.02154 0.87605 0.00241 0.10001 ( 2)
 259 M   0.20496 0.69194 0.02331 0.07980 ( 2)
 260 M   0.89273 0.00672 0.09978 0.00076 ( 1)
 261 N   0.00443 0.89313 0.00050 0.10195 ( 2)
 262 R   0.21828 0.67981 0.02436 0.07755 ( 2)
 263 L   0.86057 0.03690 0.09829 0.00425 ( 1)
 264 A   0.85805 0.04143 0.09581 0.00471 ( 1)
 265 R   0.07502 0.82195 0.00849 0.09454 ( 2)
 266 A   0.89193 0.00761 0.09959 0.00087 ( 1)
 267 G   0.02137 0.87599 0.00240 0.10025 ( 2)
 268 T   0.84979 0.04968 0.09488 0.00565 ( 1)
 269 T   0.80383 0.09536 0.08994 0.01086 ( 1)
 270 V   0.88903 0.00831 0.10171 0.00096 ( 1)
 271 V   0.88521 0.01347 0.09977 0.00154 ( 1)
 272 V   0.48563 0.41324 0.05408 0.04704 ( 1)
 273 V   0.85839 0.03892 0.09820 0.00449 ( 1)
 274 F   0.88337 0.01412 0.10088 0.00163 ( 1)
 275 S   0.88958 0.00947 0.09987 0.00108 ( 1)
 276 S   0.02707 0.87079 0.00301 0.09913 ( 2)
 277 R   0.23205 0.66518 0.02627 0.07650 ( 2)
 278 R   0.00205 0.89523 0.00023 0.10249 ( 2)
 279 L   0.18608 0.71079 0.02116 0.08198 ( 2)
 280 A   0.89312 0.00643 0.09973 0.00073 ( 1)
 281 R   0.79134 0.10686 0.08955 0.01225 ( 1)
 282 V   0.88521 0.01347 0.09977 0.00154 ( 1)
 283 F   0.88759 0.00991 0.10136 0.00114 ( 1)
 284 F   0.89107 0.00853 0.09943 0.00097 ( 1)
 285 E   0.88466 0.01395 0.09980 0.00159 ( 1)
 286 S   0.88563 0.01341 0.09942 0.00153 ( 1)
 287 V   0.88521 0.01347 0.09977 0.00154 ( 1)
 288 V   0.88521 0.01347 0.09977 0.00154 ( 1)
 289 L   0.85936 0.03740 0.09892 0.00433 ( 1)
 290 A   0.85761 0.04187 0.09576 0.00476 ( 1)
 291 N   0.84930 0.04991 0.09511 0.00569 ( 1)
 292 L   0.69848 0.19884 0.07975 0.02293 ( 1)
 293 T   0.85283 0.04436 0.09770 0.00512 ( 1)
 294 G   0.88999 0.00913 0.09984 0.00104 ( 1)
 295 K   0.88230 0.01613 0.09973 0.00185 ( 1)
 296 V   0.88521 0.01347 0.09977 0.00154 ( 1)
 297 W   0.86242 0.03507 0.09847 0.00404 ( 1)
 298 I   0.60892 0.29018 0.06787 0.03303 ( 1)
 299 A   0.89312 0.00643 0.09973 0.00073 ( 1)
 300 S   0.80423 0.09192 0.09317 0.01068 ( 1)
 301 E   0.83822 0.06032 0.09456 0.00690 ( 1)
 302 D   0.63115 0.26793 0.07041 0.03051 ( 1)
 303 W   0.86242 0.03507 0.09847 0.00404 ( 1)
 304 A   0.85151 0.04802 0.09501 0.00546 ( 1)
 305 I   0.85264 0.04663 0.09542 0.00531 ( 1)
 306 S   0.88958 0.00947 0.09987 0.00108 ( 1)
 307 R   0.10741 0.78994 0.01209 0.09056 ( 2)
 308 H   0.83704 0.06203 0.09385 0.00707 ( 1)
 309 I   0.89488 0.00496 0.09960 0.00056 ( 1)
 310 T   0.68295 0.21411 0.07820 0.02474 ( 1)
 311 G   0.44573 0.45204 0.05034 0.05189 ( 2)
 312 V   0.88311 0.01557 0.09954 0.00178 ( 1)
 313 P   0.88317 0.01605 0.09895 0.00183 ( 1)
 314 G   0.88022 0.01808 0.09963 0.00207 ( 1)
 315 I   0.89488 0.00496 0.09960 0.00056 ( 1)
 316 Q   0.34417 0.55306 0.03907 0.06369 ( 2)
 317 G   0.57499 0.32341 0.06462 0.03699 ( 1)
 318 I   0.87392 0.02365 0.09971 0.00272 ( 1)
 319 G   0.87975 0.01855 0.09957 0.00213 ( 1)
 320 T   0.00197 0.89536 0.00022 0.10245 ( 2)
 321 V   0.88570 0.01299 0.09983 0.00149 ( 1)
 322 L   0.86057 0.03690 0.09829 0.00425 ( 1)
 323 G   0.86743 0.03165 0.09731 0.00361 ( 1)
 324 V   0.88493 0.01375 0.09974 0.00157 ( 1)
 325 A   0.89312 0.00643 0.09973 0.00073 ( 1)
 326 I   0.89488 0.00496 0.09960 0.00056 ( 1)
 327 Q   0.86949 0.02827 0.09899 0.00325 ( 1)
 328 L   0.08561 0.81179 0.00962 0.09297 ( 2)
 329 R   0.47171 0.42609 0.05329 0.04891 ( 1)
 330 L   0.00087 0.89568 0.00010 0.10335 ( 2)
 331 V   0.85572 0.04382 0.09548 0.00498 ( 1)
 332 P   0.85832 0.03883 0.09837 0.00448 ( 1)
 333 G   0.84127 0.05777 0.09437 0.00659 ( 1)
 334 L   0.86033 0.03713 0.09826 0.00428 ( 1)
 335 K   0.80088 0.09744 0.09052 0.01116 ( 1)
 336 E   0.78372 0.11261 0.09059 0.01307 ( 1)
 337 F   0.70408 0.19326 0.08038 0.02229 ( 1)
 338 E   0.82844 0.06824 0.09542 0.00790 ( 1)
 339 E   0.86687 0.02983 0.09985 0.00345 ( 1)
 340 A   0.89312 0.00643 0.09973 0.00073 ( 1)
 341 Y   0.84105 0.05588 0.09661 0.00646 ( 1)
 342 A   0.85831 0.04117 0.09584 0.00468 ( 1)
 343 Q   0.00463 0.89236 0.00052 0.10249 ( 2)
 344 A   0.59788 0.29838 0.06906 0.03467 ( 1)
 345 D   0.89259 0.00686 0.09977 0.00078 ( 1)
 346 K   0.88230 0.01613 0.09973 0.00185 ( 1)
 347 G   0.01855 0.87741 0.00213 0.10191 ( 2)
 348 A   0.85240 0.04707 0.09518 0.00535 ( 1)
 349 P   0.11365 0.78295 0.01296 0.09044 ( 2)
 350 L   0.27312 0.62444 0.03080 0.07164 ( 2)
 351 P   0.55343 0.34349 0.06336 0.03972 ( 1)
 352 C   0.88631 0.01254 0.09971 0.00143 ( 1)
 353 P   0.03712 0.86068 0.00413 0.09807 ( 2)
 354 T   0.09452 0.80290 0.01062 0.09196 ( 2)
 355 G   0.84088 0.05822 0.09426 0.00664 ( 1)
 356 A   0.83100 0.06796 0.09328 0.00775 ( 1)
 357 W   0.72139 0.17722 0.08113 0.02026 ( 1)
 358 C   0.88773 0.01112 0.09988 0.00127 ( 1)
 359 S   0.89073 0.00845 0.09986 0.00096 ( 1)
 360 S   0.89073 0.00845 0.09986 0.00096 ( 1)
 361 N   0.85626 0.04104 0.09797 0.00473 ( 1)
 362 Q   0.86949 0.02827 0.09899 0.00325 ( 1)
 363 L   0.61040 0.28870 0.06804 0.03286 ( 1)
 364 C   0.88631 0.01254 0.09971 0.00143 ( 1)
 365 R   0.82275 0.07371 0.09499 0.00855 ( 1)
 366 E   0.18330 0.71304 0.02102 0.08264 ( 2)
 367 C   0.88447 0.01262 0.10146 0.00146 ( 1)
 368 C   0.00134 0.89491 0.00015 0.10360 ( 2)
 369 A   0.70047 0.19669 0.08013 0.02271 ( 1)
 370 F   0.89362 0.00599 0.09972 0.00068 ( 1)
 371 T   0.00042 0.89691 0.00005 0.10263 ( 2)
 372 A   0.14674 0.74935 0.01688 0.08702 ( 2)
 373 H   0.89021 0.00895 0.09982 0.00102 ( 1)
 374 T   0.00027 0.89706 0.00003 0.10264 ( 2)
 375 T   0.85292 0.04646 0.09533 0.00529 ( 1)
 376 P   0.89059 0.00865 0.09978 0.00098 ( 1)
 377 T   0.07818 0.81921 0.00878 0.09382 ( 2)
 378 L   0.88515 0.01417 0.09907 0.00161 ( 1)
 379 G   0.00059 0.89558 0.00007 0.10376 ( 2)
 380 P   0.63904 0.25968 0.07163 0.02965 ( 1)
 381 F   0.85801 0.04153 0.09574 0.00472 ( 1)
 382 S   0.88958 0.00947 0.09987 0.00108 ( 1)
 383 M   0.89273 0.00672 0.09978 0.00076 ( 1)
 384 S   0.85512 0.04213 0.09790 0.00486 ( 1)
 385 S   0.65060 0.24632 0.07459 0.02849 ( 1)
 386 A   0.89312 0.00643 0.09973 0.00073 ( 1)
 387 Y   0.88673 0.01204 0.09985 0.00138 ( 1)
 388 N   0.89127 0.00801 0.09981 0.00091 ( 1)
 389 V   0.39057 0.50738 0.04393 0.05811 ( 2)
 390 Y   0.88193 0.01684 0.09931 0.00192 ( 1)
 391 Q   0.06143 0.83562 0.00694 0.09601 ( 2)
 392 A   0.84838 0.04890 0.09709 0.00564 ( 1)
 393 V   0.88521 0.01347 0.09977 0.00154 ( 1)
 394 Y   0.86468 0.03227 0.09933 0.00373 ( 1)
 395 T   0.05681 0.83924 0.00653 0.09741 ( 2)
 396 V   0.88521 0.01347 0.09977 0.00154 ( 1)
 397 A   0.89290 0.00665 0.09970 0.00076 ( 1)
 398 H   0.85672 0.04055 0.09806 0.00468 ( 1)
 399 G   0.88999 0.00913 0.09984 0.00104 ( 1)
 400 L   0.89146 0.00788 0.09977 0.00090 ( 1)
 401 H   0.89038 0.00877 0.09984 0.00100 ( 1)
 402 Q   0.86949 0.02827 0.09899 0.00325 ( 1)
 403 L   0.89146 0.00788 0.09977 0.00090 ( 1)
 404 L   0.86057 0.03690 0.09829 0.00425 ( 1)
 405 G   0.88999 0.00913 0.09984 0.00104 ( 1)
 406 C   0.86760 0.02947 0.09953 0.00340 ( 1)
 407 A   0.84678 0.05268 0.09455 0.00599 ( 1)
 408 S   0.85690 0.04016 0.09830 0.00464 ( 1)
 409 G   0.80792 0.08829 0.09353 0.01026 ( 1)
 410 A   0.80056 0.09670 0.09158 0.01116 ( 1)
 411 C   0.84685 0.05020 0.09715 0.00580 ( 1)
 412 S   0.88958 0.00947 0.09987 0.00108 ( 1)
 413 R   0.88051 0.01779 0.09966 0.00204 ( 1)
 414 S   0.61062 0.28806 0.06843 0.03289 ( 1)
 415 Q   0.02394 0.87186 0.00276 0.10144 ( 2)
 416 V   0.89323 0.00637 0.09967 0.00072 ( 1)
 417 Y   0.51810 0.38014 0.05825 0.04350 ( 1)
 418 P   0.89052 0.00872 0.09977 0.00099 ( 1)
 419 W   0.86242 0.03507 0.09847 0.00404 ( 1)
 420 Q   0.86949 0.02827 0.09899 0.00325 ( 1)
 421 L   0.85154 0.04564 0.09755 0.00527 ( 1)
 422 L   0.85763 0.03981 0.09798 0.00459 ( 1)
 423 E   0.81115 0.08736 0.09150 0.01000 ( 1)
 424 Q   0.86949 0.02827 0.09899 0.00325 ( 1)
 425 I   0.89488 0.00496 0.09960 0.00056 ( 1)
 426 H   0.03231 0.86548 0.00360 0.09861 ( 2)
 427 K   0.88183 0.01660 0.09968 0.00190 ( 1)
 428 A   0.81918 0.07941 0.09232 0.00908 ( 1)
 429 N   0.67948 0.21768 0.07771 0.02513 ( 1)
 430 F   0.89345 0.00615 0.09970 0.00070 ( 1)
 431 L   0.85154 0.04564 0.09755 0.00527 ( 1)
 432 L   0.78994 0.10608 0.09163 0.01234 ( 1)
 433 H   0.88847 0.01069 0.09963 0.00122 ( 1)
 434 E   0.02122 0.87610 0.00238 0.10029 ( 2)
 435 D   0.89259 0.00686 0.09977 0.00078 ( 1)
 436 T   0.85850 0.03869 0.09835 0.00447 ( 1)
 437 V   0.88521 0.01347 0.09977 0.00154 ( 1)
 438 T   0.00774 0.89019 0.00086 0.10121 ( 2)
 439 F   0.70222 0.19512 0.08016 0.02250 ( 1)
 440 N   0.28690 0.60995 0.03271 0.07044 ( 2)
 441 D   0.89259 0.00686 0.09977 0.00078 ( 1)
 442 N   0.86900 0.02831 0.09942 0.00326 ( 1)
 443 G   0.27355 0.62249 0.03157 0.07239 ( 2)
 444 D   0.47564 0.42310 0.05305 0.04821 ( 1)
 445 P   0.84290 0.05626 0.09443 0.00641 ( 1)
 446 L   0.55615 0.34262 0.06216 0.03907 ( 1)
 447 S   0.85418 0.04306 0.09779 0.00497 ( 1)
 448 G   0.83622 0.06287 0.09374 0.00717 ( 1)
 449 Y   0.84105 0.05588 0.09661 0.00646 ( 1)
 450 N   0.22061 0.67757 0.02459 0.07723 ( 2)
 451 I   0.86428 0.03322 0.09867 0.00383 ( 1)
 452 I   0.86442 0.03314 0.09862 0.00382 ( 1)
 453 A   0.85756 0.04192 0.09575 0.00477 ( 1)
 454 W   0.86242 0.03507 0.09847 0.00404 ( 1)
 455 D   0.89259 0.00686 0.09977 0.00078 ( 1)
 456 W   0.86242 0.03507 0.09847 0.00404 ( 1)
 457 I   0.05450 0.84213 0.00620 0.09717 ( 2)
 458 G   0.87827 0.02004 0.09940 0.00230 ( 1)
 459 F   0.62191 0.27616 0.07026 0.03167 ( 1)
 460 K   0.81079 0.08754 0.09164 0.01003 ( 1)
 461 W   0.86242 0.03507 0.09847 0.00404 ( 1)
 462 T   0.89189 0.00746 0.09981 0.00085 ( 1)
 463 F   0.89272 0.00688 0.09962 0.00078 ( 1)
 464 T   0.87243 0.02389 0.10091 0.00277 ( 1)
 465 V   0.54505 0.35394 0.06073 0.04029 ( 1)
 466 I   0.07791 0.82006 0.00866 0.09336 ( 2)
 467 G   0.88159 0.01552 0.10110 0.00179 ( 1)
 468 S   0.88909 0.00996 0.09981 0.00114 ( 1)
 469 S   0.88958 0.00947 0.09987 0.00108 ( 1)
 470 T   0.82166 0.07465 0.09503 0.00867 ( 1)
 471 A   0.28355 0.61343 0.03226 0.07075 ( 2)
 472 S   0.64150 0.25541 0.07355 0.02954 ( 1)
 473 P   0.80195 0.09432 0.09277 0.01095 ( 1)
 474 V   0.67348 0.22368 0.07701 0.02583 ( 1)
 475 R   0.00513 0.89177 0.00058 0.10252 ( 2)
 476 L   0.81574 0.08029 0.09463 0.00934 ( 1)
 477 D   0.84173 0.05764 0.09408 0.00656 ( 1)
 478 I   0.86293 0.03457 0.09852 0.00398 ( 1)
 479 N   0.85626 0.04104 0.09797 0.00473 ( 1)
 480 E   0.81123 0.08728 0.09151 0.00999 ( 1)
 481 T   0.89187 0.00747 0.09981 0.00085 ( 1)
 482 K   0.82138 0.07518 0.09473 0.00871 ( 1)
 483 I   0.89455 0.00529 0.09956 0.00060 ( 1)
 484 Q   0.86949 0.02827 0.09899 0.00325 ( 1)
 485 W   0.86242 0.03507 0.09847 0.00404 ( 1)
 486 H   0.82523 0.07202 0.09445 0.00831 ( 1)
 487 R   0.14573 0.75027 0.01679 0.08721 ( 2)
 488 K   0.88230 0.01613 0.09973 0.00185 ( 1)
 489 D   0.85526 0.04412 0.09559 0.00502 ( 1)
 490 N   0.89146 0.00782 0.09983 0.00089 ( 1)
 491 Q   0.86949 0.02827 0.09899 0.00325 ( 1)
 492 V   0.88493 0.01375 0.09974 0.00157 ( 1)
 493 P   0.85551 0.04163 0.09805 0.00481 ( 1)
 494 Q   0.47305 0.42485 0.05337 0.04873 ( 1)
 495 S   0.84663 0.05042 0.09712 0.00582 ( 1)
 496 V   0.88521 0.01347 0.09977 0.00154 ( 1)
 497 C   0.87442 0.02266 0.10031 0.00262 ( 1)
 498 S   0.88958 0.00947 0.09987 0.00108 ( 1)
 499 S   0.87914 0.01812 0.10065 0.00209 ( 1)
 500 D   0.89218 0.00727 0.09972 0.00083 ( 1)
 501 C   0.85057 0.04649 0.09757 0.00537 ( 1)
 502 L   0.85154 0.04564 0.09755 0.00527 ( 1)
 503 E   0.57782 0.31873 0.06650 0.03696 ( 1)
 504 G   0.87762 0.02067 0.09933 0.00237 ( 1)
 505 H   0.84212 0.05696 0.09442 0.00649 ( 1)
 506 Q   0.86949 0.02827 0.09899 0.00325 ( 1)
 507 R   0.12149 0.77433 0.01404 0.09014 ( 2)
 508 V   0.88521 0.01347 0.09977 0.00154 ( 1)
 509 V   0.85951 0.03780 0.09833 0.00436 ( 1)
 510 V   0.00214 0.89387 0.00025 0.10374 ( 2)
 511 G   0.64804 0.24890 0.07427 0.02878 ( 1)
 512 S   0.85896 0.04058 0.09585 0.00461 ( 1)
 513 H   0.32053 0.57632 0.03658 0.06658 ( 2)
 514 H   0.84359 0.05557 0.09451 0.00633 ( 1)
 515 C   0.84879 0.04826 0.09737 0.00557 ( 1)
 516 C   0.88773 0.01112 0.09988 0.00127 ( 1)
 517 F   0.86935 0.02813 0.09928 0.00324 ( 1)
 518 E   0.81258 0.08593 0.09166 0.00983 ( 1)
 519 C   0.84685 0.05020 0.09715 0.00580 ( 1)
 520 V   0.87778 0.02089 0.09894 0.00239 ( 1)
 521 P   0.88852 0.01072 0.09955 0.00122 ( 1)
 522 C   0.84744 0.04962 0.09721 0.00573 ( 1)
 523 E   0.43781 0.45995 0.04945 0.05279 ( 2)
 524 S   0.65871 0.23842 0.07534 0.02753 ( 1)
 525 G   0.87948 0.01882 0.09954 0.00216 ( 1)
 526 T   0.48983 0.40884 0.05471 0.04662 ( 1)
 527 F   0.67473 0.22449 0.07524 0.02555 ( 1)
 528 L   0.58657 0.31041 0.06713 0.03588 ( 1)
 529 N   0.63838 0.26048 0.07143 0.02971 ( 1)
 530 K   0.48815 0.40977 0.05508 0.04700 ( 1)
 531 S   0.84864 0.04859 0.09716 0.00561 ( 1)
 532 D   0.89038 0.00907 0.09952 0.00103 ( 1)
 533 L   0.82939 0.06984 0.09282 0.00796 ( 1)
 534 Y   0.80631 0.09235 0.09078 0.01056 ( 1)
 535 R   0.22008 0.67612 0.02531 0.07849 ( 2)
 536 C   0.88413 0.01472 0.09947 0.00168 ( 1)
 537 Q   0.86949 0.02827 0.09899 0.00325 ( 1)
 538 P   0.65325 0.24375 0.07483 0.02817 ( 1)
 539 C   0.84685 0.05020 0.09715 0.00580 ( 1)
 540 G   0.88022 0.01808 0.09963 0.00207 ( 1)
 541 K   0.82885 0.06771 0.09559 0.00785 ( 1)
 542 E   0.82844 0.06824 0.09542 0.00790 ( 1)
 543 E   0.88464 0.01397 0.09980 0.00160 ( 1)
 544 W   0.86242 0.03507 0.09847 0.00404 ( 1)
 545 A   0.80684 0.08950 0.09327 0.01039 ( 1)
 546 P   0.85873 0.03842 0.09842 0.00443 ( 1)
 547 E   0.14483 0.75277 0.01625 0.08615 ( 2)
 548 G   0.48431 0.41179 0.05599 0.04790 ( 1)
 549 S   0.89073 0.00845 0.09986 0.00096 ( 1)
 550 Q   0.86949 0.02827 0.09899 0.00325 ( 1)
 551 T   0.84454 0.05472 0.09451 0.00623 ( 1)
 552 C   0.88773 0.01112 0.09988 0.00127 ( 1)
 553 F   0.89295 0.00665 0.09964 0.00076 ( 1)
 554 P   0.58577 0.31135 0.06693 0.03595 ( 1)
 555 R   0.88156 0.01728 0.09919 0.00197 ( 1)
 556 T   0.85944 0.03775 0.09845 0.00436 ( 1)
 557 V   0.88315 0.01553 0.09954 0.00178 ( 1)
 558 V   0.81578 0.08281 0.09194 0.00947 ( 1)
 559 F   0.29368 0.60329 0.03343 0.06959 ( 2)
 560 L   0.86001 0.03743 0.09825 0.00431 ( 1)
 561 A   0.26125 0.63556 0.02979 0.07340 ( 2)
 562 W   0.30891 0.58777 0.03533 0.06799 ( 2)
 563 H   0.29252 0.60368 0.03369 0.07012 ( 2)
 564 E   0.88466 0.01395 0.09980 0.00159 ( 1)
 565 C   0.03722 0.86058 0.00414 0.09806 ( 2)
 566 I   0.85426 0.04502 0.09560 0.00513 ( 1)
 567 S   0.84663 0.05042 0.09712 0.00582 ( 1)
 568 W   0.86242 0.03507 0.09847 0.00404 ( 1)
 569 V   0.88521 0.01347 0.09977 0.00154 ( 1)
 570 L   0.85798 0.03948 0.09799 0.00455 ( 1)
 571 L   0.86029 0.03717 0.09826 0.00428 ( 1)
 572 A   0.50800 0.38823 0.05865 0.04512 ( 1)
 573 A   0.69141 0.20574 0.07909 0.02376 ( 1)
 574 N   0.87993 0.01933 0.09854 0.00220 ( 1)
 575 T   0.76999 0.12732 0.08801 0.01469 ( 1)
 576 L   0.30415 0.59283 0.03463 0.06840 ( 2)
 577 L   0.85927 0.03819 0.09814 0.00440 ( 1)
 578 L   0.86047 0.03699 0.09828 0.00426 ( 1)
 579 V   0.69854 0.19878 0.07975 0.02293 ( 1)
 580 V   0.69790 0.19940 0.07970 0.02300 ( 1)
 581 V   0.70590 0.19143 0.08059 0.02208 ( 1)
 582 V   0.26622 0.63053 0.03039 0.07286 ( 2)
 583 G   0.88097 0.01733 0.09971 0.00199 ( 1)
 584 T   0.66225 0.23479 0.07583 0.02713 ( 1)
 585 V   0.67480 0.22234 0.07719 0.02568 ( 1)
 586 G   0.88806 0.01105 0.09962 0.00126 ( 1)
 587 L   0.86057 0.03690 0.09829 0.00425 ( 1)
 588 F   0.86185 0.03562 0.09842 0.00410 ( 1)
 589 A   0.89274 0.00681 0.09968 0.00077 ( 1)
 590 W   0.86242 0.03507 0.09847 0.00404 ( 1)
 591 H   0.89041 0.00874 0.09984 0.00100 ( 1)
 592 Q   0.45152 0.44442 0.05229 0.05176 ( 1)
 593 D   0.89259 0.00686 0.09977 0.00078 ( 1)
 594 T   0.89119 0.00815 0.09973 0.00093 ( 1)
 595 P   0.85001 0.04713 0.09742 0.00544 ( 1)
 596 V   0.88521 0.01347 0.09977 0.00154 ( 1)
 597 V   0.88474 0.01394 0.09972 0.00159 ( 1)
 598 R   0.88051 0.01779 0.09966 0.00204 ( 1)
 599 S   0.79136 0.10478 0.09168 0.01218 ( 1)
 600 A   0.83715 0.05921 0.09678 0.00687 ( 1)
 601 G   0.88022 0.01808 0.09963 0.00207 ( 1)
 602 G   0.88999 0.00913 0.09984 0.00104 ( 1)
 603 W   0.01648 0.88110 0.00184 0.10058 ( 2)
 604 L   0.86057 0.03690 0.09829 0.00425 ( 1)
 605 C   0.88760 0.01125 0.09986 0.00128 ( 1)
 606 F   0.88337 0.01412 0.10088 0.00163 ( 1)
 607 L   0.87991 0.01729 0.10080 0.00200 ( 1)
 608 M   0.89273 0.00672 0.09978 0.00076 ( 1)
 609 L   0.85839 0.03907 0.09804 0.00450 ( 1)
 610 G   0.88907 0.01005 0.09974 0.00115 ( 1)
 611 S   0.88897 0.01008 0.09980 0.00115 ( 1)
 612 L   0.86057 0.03690 0.09829 0.00425 ( 1)
 613 A   0.81789 0.07846 0.09455 0.00911 ( 1)
 614 G   0.03275 0.86330 0.00376 0.10019 ( 2)
 615 A   0.63245 0.26448 0.07248 0.03058 ( 1)
 616 S   0.88844 0.01073 0.09960 0.00122 ( 1)
 617 C   0.03396 0.86381 0.00378 0.09845 ( 2)
 618 S   0.89073 0.00845 0.09986 0.00096 ( 1)
 619 L   0.84630 0.05296 0.09471 0.00603 ( 1)
 620 Y   0.84105 0.05588 0.09661 0.00646 ( 1)
 621 G   0.88977 0.00935 0.09981 0.00107 ( 1)
 622 F   0.89330 0.00630 0.09968 0.00072 ( 1)
 623 F   0.86185 0.03562 0.09842 0.00410 ( 1)
 624 G   0.87762 0.02067 0.09933 0.00237 ( 1)
 625 E   0.87720 0.02140 0.09896 0.00245 ( 1)
 626 P   0.88983 0.00941 0.09969 0.00107 ( 1)
 627 T   0.59417 0.30393 0.06706 0.03484 ( 1)
 628 L   0.26416 0.63339 0.02978 0.07267 ( 2)
 629 P   0.73733 0.15973 0.08449 0.01846 ( 1)
 630 A   0.56023 0.33602 0.06470 0.03905 ( 1)
 631 C   0.88631 0.01254 0.09971 0.00143 ( 1)
 632 L   0.85160 0.04584 0.09729 0.00528 ( 1)
 633 L   0.86037 0.03709 0.09827 0.00427 ( 1)
 634 R   0.88741 0.01144 0.09985 0.00131 ( 1)
 635 Q   0.86687 0.03088 0.09869 0.00355 ( 1)
 636 A   0.84453 0.05493 0.09430 0.00625 ( 1)
 637 I   0.84109 0.05815 0.09413 0.00662 ( 1)
 638 F   0.86185 0.03562 0.09842 0.00410 ( 1)
 639 A   0.89214 0.00740 0.09962 0.00084 ( 1)
 640 L   0.85696 0.04023 0.09817 0.00464 ( 1)
 641 G   0.84922 0.04786 0.09739 0.00553 ( 1)
 642 F   0.88778 0.01181 0.09907 0.00134 ( 1)
 643 T   0.83801 0.06124 0.09377 0.00697 ( 1)
 644 I   0.86735 0.03244 0.09653 0.00368 ( 1)
 645 F   0.89342 0.00619 0.09969 0.00070 ( 1)
 646 L   0.86037 0.03709 0.09827 0.00427 ( 1)
 647 S   0.88946 0.00959 0.09985 0.00109 ( 1)
 648 C   0.88773 0.01112 0.09988 0.00127 ( 1)
 649 L   0.69848 0.19884 0.07975 0.02293 ( 1)
 650 T   0.80578 0.09052 0.09319 0.01051 ( 1)
 651 V   0.85605 0.04126 0.09793 0.00476 ( 1)
 652 R   0.88712 0.01173 0.09981 0.00134 ( 1)
 653 S   0.88556 0.01349 0.09942 0.00154 ( 1)
 654 F   0.89362 0.00599 0.09972 0.00068 ( 1)
 655 Q   0.81493 0.08147 0.09414 0.00945 ( 1)
 656 L   0.83218 0.06386 0.09654 0.00743 ( 1)
 657 V   0.85023 0.04952 0.09462 0.00562 ( 1)
 658 I   0.89488 0.00496 0.09960 0.00056 ( 1)
 659 I   0.89429 0.00555 0.09953 0.00063 ( 1)
 660 F   0.89362 0.00599 0.09972 0.00068 ( 1)
 661 K   0.88230 0.01613 0.09973 0.00185 ( 1)
 662 F   0.86185 0.03562 0.09842 0.00410 ( 1)
 663 S   0.88894 0.01011 0.09980 0.00115 ( 1)
 664 T   0.34898 0.12984 0.49336 0.02783 ( 3)
 665 K   0.88116 0.01726 0.09960 0.00198 ( 1)
 666 V   0.17677 0.71933 0.02035 0.08355 ( 2)
 667 P   0.87817 0.01899 0.10065 0.00219 ( 1)
 668 T   0.23909 0.65915 0.02664 0.07511 ( 2)
 669 F   0.89362 0.00599 0.09972 0.00068 ( 1)
 670 Y   0.55614 0.34217 0.06254 0.03916 ( 1)
 671 H   0.29625 0.60174 0.03321 0.06881 ( 2)
 672 T   0.35433 0.12068 0.49921 0.02578 ( 3)
 673 W   0.86242 0.03507 0.09847 0.00404 ( 1)
 674 V   0.89232 0.00728 0.09957 0.00083 ( 1)
 675 Q   0.81160 0.08481 0.09375 0.00984 ( 1)
 676 N   0.89146 0.00782 0.09983 0.00089 ( 1)
 677 H   0.88521 0.01208 0.10132 0.00139 ( 1)
 678 G   0.84784 0.04925 0.09723 0.00569 ( 1)
 679 A   0.86359 0.03370 0.09883 0.00389 ( 1)
 680 A   0.16607 0.73191 0.01853 0.08349 ( 2)
 681 L   0.86057 0.03690 0.09829 0.00425 ( 1)
 682 F   0.86185 0.03562 0.09842 0.00410 ( 1)
 683 I   0.69125 0.20717 0.07787 0.02371 ( 1)
 684 M   0.52796 0.37086 0.05892 0.04226 ( 1)
 685 I   0.89457 0.00527 0.09956 0.00060 ( 1)
 686 S   0.84523 0.05388 0.09475 0.00614 ( 1)
 687 S   0.79136 0.10478 0.09168 0.01218 ( 1)
 688 M   0.02731 0.87015 0.00306 0.09948 ( 2)
 689 A   0.18381 0.71294 0.02094 0.08231 ( 2)
 690 Q   0.86949 0.02827 0.09899 0.00325 ( 1)
 691 L   0.85803 0.03943 0.09800 0.00454 ( 1)
 692 L   0.85466 0.04252 0.09791 0.00491 ( 1)
 693 I   0.89488 0.00496 0.09960 0.00056 ( 1)
 694 C   0.84731 0.04974 0.09720 0.00575 ( 1)
 695 L   0.78994 0.10608 0.09163 0.01234 ( 1)
 696 T   0.85919 0.03800 0.09843 0.00438 ( 1)
 697 W   0.86242 0.03507 0.09847 0.00404 ( 1)
 698 L   0.85560 0.04186 0.09772 0.00482 ( 1)
 699 A   0.48179 0.41633 0.05420 0.04767 ( 1)
 700 V   0.81599 0.08260 0.09196 0.00945 ( 1)
 701 W   0.86242 0.03507 0.09847 0.00404 ( 1)
 702 T   0.88792 0.00929 0.10172 0.00107 ( 1)
 703 P   0.80195 0.09432 0.09277 0.01095 ( 1)
 704 L   0.86057 0.03690 0.09829 0.00425 ( 1)
 705 P   0.88975 0.00948 0.09968 0.00108 ( 1)
 706 T   0.79276 0.10438 0.09081 0.01205 ( 1)
 707 R   0.86391 0.03437 0.09778 0.00394 ( 1)
 708 E   0.82844 0.06824 0.09542 0.00790 ( 1)
 709 Y   0.88527 0.01350 0.09969 0.00154 ( 1)
 710 Q   0.35941 0.53784 0.04081 0.06194 ( 2)
 711 R   0.88744 0.01141 0.09985 0.00130 ( 1)
 712 F   0.89295 0.00665 0.09964 0.00076 ( 1)
 713 P   0.88983 0.00941 0.09969 0.00107 ( 1)
 714 Q   0.71888 0.17828 0.08226 0.02058 ( 1)
 715 L   0.86057 0.03690 0.09829 0.00425 ( 1)
 716 V   0.88315 0.01553 0.09954 0.00178 ( 1)
 717 V   0.63650 0.26251 0.07108 0.02991 ( 1)
 718 L   0.85154 0.04564 0.09755 0.00527 ( 1)
 719 E   0.80260 0.09590 0.09053 0.01097 ( 1)
 720 C   0.88773 0.01112 0.09988 0.00127 ( 1)
 721 T   0.80376 0.09254 0.09296 0.01074 ( 1)
 722 E   0.88466 0.01395 0.09980 0.00159 ( 1)
 723 T   0.00450 0.89348 0.00050 0.10152 ( 2)
 724 N   0.82279 0.07638 0.09213 0.00870 ( 1)
 725 S   0.87169 0.02733 0.09786 0.00312 ( 1)
 726 L   0.86057 0.03690 0.09829 0.00425 ( 1)
 727 G   0.88999 0.00913 0.09984 0.00104 ( 1)
 728 F   0.89362 0.00599 0.09972 0.00068 ( 1)
 729 M   0.44094 0.45619 0.05024 0.05263 ( 2)
 730 L   0.86037 0.03709 0.09827 0.00427 ( 1)
 731 A   0.89312 0.00643 0.09973 0.00073 ( 1)
 732 F   0.88856 0.00894 0.10147 0.00103 ( 1)
 733 G   0.00553 0.89232 0.00061 0.10153 ( 2)
 734 Y   0.88673 0.01204 0.09985 0.00138 ( 1)
 735 N   0.85626 0.04104 0.09797 0.00473 ( 1)
 736 G   0.83406 0.06498 0.09356 0.00741 ( 1)
 737 L   0.88804 0.00917 0.10173 0.00106 ( 1)
 738 L   0.89075 0.00858 0.09969 0.00098 ( 1)
 739 S   0.88407 0.01497 0.09925 0.00171 ( 1)
 740 V   0.23090 0.66768 0.02558 0.07584 ( 2)
 741 S   0.88141 0.01585 0.10091 0.00183 ( 1)
 742 A   0.89239 0.00715 0.09965 0.00081 ( 1)
 743 F   0.86185 0.03562 0.09842 0.00410 ( 1)
 744 A   0.89173 0.00781 0.09957 0.00089 ( 1)
 745 C   0.88671 0.01214 0.09976 0.00139 ( 1)
 746 S   0.84493 0.05418 0.09472 0.00618 ( 1)
 747 Y   0.88673 0.01204 0.09985 0.00138 ( 1)
 748 L   0.69859 0.19873 0.07976 0.02292 ( 1)
 749 G   0.88971 0.00941 0.09981 0.00107 ( 1)
 750 K   0.88116 0.01726 0.09960 0.00198 ( 1)
 751 D   0.89259 0.00686 0.09977 0.00078 ( 1)
 752 L   0.85957 0.03787 0.09820 0.00436 ( 1)
 753 P   0.80195 0.09432 0.09277 0.01095 ( 1)
 754 E   0.88466 0.01395 0.09980 0.00159 ( 1)
 755 N   0.89146 0.00782 0.09983 0.00089 ( 1)
 756 Y   0.87081 0.02794 0.09806 0.00319 ( 1)
 757 N   0.84380 0.05540 0.09449 0.00631 ( 1)
 758 E   0.88466 0.01395 0.09980 0.00159 ( 1)
 759 A   0.89274 0.00681 0.09968 0.00077 ( 1)
 760 K   0.82138 0.07518 0.09473 0.00871 ( 1)
 761 C   0.84685 0.05020 0.09715 0.00580 ( 1)
 762 V   0.89323 0.00637 0.09967 0.00072 ( 1)
 763 T   0.89000 0.00934 0.09960 0.00106 ( 1)
 764 F   0.89107 0.00853 0.09943 0.00097 ( 1)
 765 G   0.61464 0.28410 0.06884 0.03242 ( 1)
 766 L   0.86042 0.03704 0.09827 0.00427 ( 1)
 767 L   0.89146 0.00788 0.09977 0.00090 ( 1)
 768 L   0.84754 0.05198 0.09457 0.00591 ( 1)
 769 N   0.83462 0.06456 0.09346 0.00736 ( 1)
 770 F   0.89295 0.00665 0.09964 0.00076 ( 1)
 771 V   0.54286 0.35599 0.06059 0.04056 ( 1)
 772 S   0.88958 0.00947 0.09987 0.00108 ( 1)
 773 W   0.86242 0.03507 0.09847 0.00404 ( 1)
 774 I   0.89488 0.00496 0.09960 0.00056 ( 1)
 775 A   0.66046 0.23868 0.07369 0.02717 ( 1)
 776 F   0.85866 0.04088 0.09581 0.00465 ( 1)
 777 F   0.89327 0.00633 0.09968 0.00072 ( 1)
 778 T   0.89170 0.00764 0.09979 0.00087 ( 1)
 779 V   0.11948 0.77800 0.01342 0.08910 ( 2)
 780 A   0.89022 0.00708 0.10188 0.00082 ( 1)
 781 S   0.83901 0.05907 0.09514 0.00678 ( 1)
 782 V   0.85812 0.04142 0.09575 0.00471 ( 1)
 783 Y   0.81862 0.08006 0.09217 0.00915 ( 1)
 784 Q   0.49293 0.40584 0.05499 0.04624 ( 1)
 785 G   0.83897 0.06007 0.09411 0.00685 ( 1)
 786 K   0.88230 0.01613 0.09973 0.00185 ( 1)
 787 Y   0.88326 0.01369 0.10146 0.00158 ( 1)
 788 L   0.69845 0.19887 0.07974 0.02294 ( 1)
 789 P   0.84087 0.05828 0.09420 0.00664 ( 1)
 790 A   0.78925 0.10926 0.08899 0.01250 ( 1)
 791 V   0.84500 0.05452 0.09428 0.00620 ( 1)
 792 N   0.88462 0.01465 0.09906 0.00167 ( 1)
 793 V   0.56690 0.33200 0.06328 0.03783 ( 1)
 794 L   0.72722 0.17012 0.08304 0.01962 ( 1)
 795 A   0.88140 0.01590 0.10087 0.00183 ( 1)
 796 V   0.01298 0.88426 0.00146 0.10130 ( 2)
 797 L   0.72427 0.17307 0.08270 0.01996 ( 1)
 798 S   0.89073 0.00845 0.09986 0.00096 ( 1)
 799 S   0.89073 0.00845 0.09986 0.00096 ( 1)
 800 L   0.86051 0.03695 0.09828 0.00426 ( 1)
 801 S   0.84540 0.05371 0.09477 0.00612 ( 1)
 802 S   0.88883 0.01035 0.09964 0.00118 ( 1)
 803 G   0.88999 0.00913 0.09984 0.00104 ( 1)
 804 F   0.89362 0.00599 0.09972 0.00068 ( 1)
 805 S   0.79520 0.10377 0.08919 0.01184 ( 1)
 806 G   0.88327 0.01503 0.09997 0.00172 ( 1)
 807 Y   0.84105 0.05588 0.09661 0.00646 ( 1)
 808 F   0.88337 0.01412 0.10088 0.00163 ( 1)
 809 L   0.88115 0.01632 0.10064 0.00188 ( 1)
 810 P   0.89005 0.00918 0.09972 0.00105 ( 1)
 811 K   0.88074 0.01768 0.09955 0.00202 ( 1)
 812 C   0.88773 0.01112 0.09988 0.00127 ( 1)
 813 Y   0.86116 0.03758 0.09697 0.00429 ( 1)
 814 V   0.88152 0.01716 0.09936 0.00196 ( 1)
 815 I   0.89488 0.00496 0.09960 0.00056 ( 1)
 816 V   0.83819 0.06106 0.09380 0.00695 ( 1)
 817 C   0.82944 0.06933 0.09331 0.00792 ( 1)
 818 R   0.88498 0.01387 0.09957 0.00158 ( 1)
 819 P   0.54289 0.35330 0.06274 0.04108 ( 1)
 820 D   0.88312 0.01631 0.09871 0.00186 ( 1)
 821 L   0.88677 0.01255 0.09925 0.00143 ( 1)
 822 N   0.89066 0.00862 0.09974 0.00098 ( 1)
 823 S   0.84523 0.05388 0.09475 0.00614 ( 1)
 824 T   0.81459 0.08171 0.09421 0.00949 ( 1)
 825 E   0.88466 0.01395 0.09980 0.00159 ( 1)
 826 H   0.89041 0.00874 0.09984 0.00100 ( 1)
 827 F   0.89272 0.00688 0.09962 0.00078 ( 1)
 828 Q   0.86949 0.02827 0.09899 0.00325 ( 1)
 829 A   0.89304 0.00651 0.09972 0.00074 ( 1)
 830 S   0.88958 0.00947 0.09987 0.00108 ( 1)
 831 I   0.88512 0.01246 0.10098 0.00143 ( 1)
 832 Q   0.86949 0.02827 0.09899 0.00325 ( 1)
 833 D   0.85421 0.04518 0.09547 0.00514 ( 1)
 834 Y   0.88673 0.01204 0.09985 0.00138 ( 1)
 835 T   0.88129 0.01718 0.09956 0.00197 ( 1)
 836 R   0.88051 0.01779 0.09966 0.00204 ( 1)
 837 R   0.82847 0.07059 0.09289 0.00805 ( 1)
 838 W   0.05757 0.84007 0.00643 0.09593 ( 2)
 839 G   0.15107 0.74688 0.01686 0.08519 ( 2)
 840 S   0.81773 0.08121 0.09179 0.00927 ( 1)
 841 T   0.88836 0.01098 0.09942 0.00125 ( 1)

