

TREE # 1

  0  0.0000  13747.074561  x:  0.36826   0.07062   0.00720   0.13921   0.12976   0.10564   0.17512   0.07302   0.07041   0.01860   0.03711   0.00956   0.01947   0.01673   0.00903   0.01422   0.02413   0.01472   0.01167   0.01334   0.06697   0.30034   0.00000   0.03920   0.06707   0.03865   0.03363   0.00938   0.02524   0.01451   0.00507   0.01040   0.12469   0.00873   0.10201   0.08664   0.06768   0.80054   0.83160   0.93099   0.88607   1.00391   0.93161  
  1 99.0000  13712.601006  x:  0.36888   0.07518   0.01399   0.14109   0.12958   0.10590   0.17763   0.07565   0.07025   0.02317   0.03579   0.01033   0.01985   0.01729   0.00475   0.00709   0.02088   0.01367   0.00630   0.00992   0.06600   0.30107   0.00253   0.04051   0.06778   0.03762   0.03178   0.00862   0.02076   0.01545   0.00027   0.00857   0.12622   0.01575   0.10223   0.08727   0.06834   0.81071   0.83079   0.93148   0.88629   0.99763   0.93154  
  2 2066.6947  13693.298351  x:  0.36942   0.07915   0.01964   0.14273   0.12941   0.10610   0.17983   0.07794   0.07010   0.02700   0.03465   0.01096   0.02019   0.01777   0.00133   0.00091   0.01810   0.01279   0.00183   0.00706   0.06512   0.30172   0.00441   0.04163   0.06841   0.03672   0.03019   0.00800   0.01687   0.01623   0.00210   0.00709   0.12755   0.02151   0.10241   0.08781   0.06888   0.81967   0.83007   0.93192   0.88648   0.99209   0.93149  
  3 19845.2547  13688.091951  x:  0.36960   0.08041   0.02104   0.14326   0.12934   0.10613   0.18055   0.07869   0.07005   0.02798   0.03428   0.01109   0.02033   0.01789   0.00271   0.00000   0.01733   0.01263   0.00227   0.00656   0.06479   0.30193   0.00456   0.04198   0.06861   0.03645   0.02971   0.00792   0.01574   0.01642   0.00231   0.00691   0.12797   0.02284   0.10246   0.08798   0.06901   0.82273   0.82982   0.93207   0.88654   0.99017   0.93147  
  4 4711.7573  13658.341999  x:  0.37119   0.09160   0.03377   0.14798   0.12872   0.10636   0.18690   0.08526   0.06957   0.03678   0.03107   0.01234   0.02158   0.01900   0.01211   0.00141   0.01049   0.01109   0.00451   0.00191   0.06192   0.30380   0.00614   0.04501   0.07038   0.03405   0.02545   0.00711   0.00558   0.01810   0.00439   0.00507   0.13176   0.03499   0.10292   0.08948   0.07019   0.84975   0.82764   0.93339   0.88712   0.97325   0.93131  
  5 33172.3053  13633.706540  x:  0.37294   0.10344   0.04511   0.15309   0.12792   0.10628   0.19380   0.09226   0.06898   0.04438   0.02794   0.01304   0.02268   0.01974   0.01661   0.00206   0.00642   0.01062   0.00600   0.01413   0.05864   0.30589   0.00568   0.04802   0.07225   0.03174   0.02154   0.00736   0.00170   0.01932   0.00576   0.00640   0.13582   0.04529   0.10335   0.09103   0.07110   0.88051   0.82513   0.93491   0.88778   0.95368   0.93112  
  6 7756.1349  13587.368333  x:  0.37739   0.13316   0.07248   0.16599   0.12579   0.10582   0.21125   0.10980   0.06740   0.06240   0.02056   0.01438   0.02519   0.02127   0.02749   0.00359   0.00227   0.01015   0.00930   0.02984   0.05038   0.31121   0.00366   0.05539   0.07691   0.02622   0.01273   0.00845   0.02033   0.02197   0.00895   0.00907   0.14605   0.06985   0.10437   0.09488   0.07315   0.95967   0.81865   0.93883   0.88950   0.90300   0.93062  
  7 17444.9552  13548.390488  x:  0.38277   0.16857   0.10280   0.18153   0.12297   0.10458   0.23233   0.13053   0.06537   0.08149   0.01422   0.01502   0.02745   0.02222   0.03869   0.00505   0.03080   0.01139   0.01208   0.04351   0.04092   0.31780   0.00000   0.06365   0.08227   0.02087   0.00801   0.01015   0.03126   0.02380   0.01222   0.01126   0.15824   0.09632   0.10544   0.09932   0.07491   1.05907   0.81043   0.94380   0.89167   0.83832   0.92999  
  8 19066.6082  13390.364533  x:  0.40000   0.27763   0.15288   0.23114   0.10908   0.08732   0.30153   0.18981   0.05650   0.09678   0.06885   0.00181   0.01980   0.00873   0.05898   0.00772   0.05081   0.02677   0.01606   0.06677   0.03269   0.34251   0.02646   0.07911   0.09435   0.03685   0.15014   0.01802   0.05019   0.00584   0.01806   0.01109   0.19460   0.12430   0.10526   0.10959   0.06665   1.46107   0.77547   0.96462   0.90094   0.55474   0.92722  
  9 5736.8877  13187.537818  x:  0.40644   0.32898   0.14828   0.25314   0.10051   0.07051   0.33543   0.21159   0.05201   0.07398   0.08071   0.04931   0.02056   0.04127   0.05751   0.00731   0.05236   0.01685   0.01113   0.06652   0.04240   0.35576   0.00000   0.07729   0.09257   0.04176   0.20008   0.00221   0.05132   0.05260   0.01637   0.00926   0.20849   0.10118   0.10192   0.11060   0.05401   1.72893   0.75070   0.97866   0.90790   0.33929   0.92524  
 10 7008.6537  13154.767494  x:  0.40656   0.33218   0.14565   0.25423   0.10019   0.06931   0.33758   0.21223   0.05181   0.07003   0.07802   0.04808   0.02077   0.04022   0.05645   0.00718   0.05189   0.01551   0.01085   0.06547   0.04379   0.35666   0.00048   0.07647   0.09185   0.04134   0.19898   0.00000   0.05067   0.05193   0.01603   0.00964   0.20899   0.09667   0.10154   0.11037   0.05322   1.75283   0.74841   0.97978   0.90869   0.31773   0.92508  
 11 7417.0533  13151.557067  x:  0.40657   0.33249   0.14539   0.25434   0.10018   0.06923   0.33780   0.21228   0.05180   0.06966   0.07776   0.04782   0.02077   0.04002   0.05628   0.00716   0.05177   0.01552   0.01080   0.06530   0.04385   0.35675   0.00000   0.07640   0.09179   0.04136   0.19889   0.00000   0.05056   0.05174   0.01598   0.00959   0.20905   0.09624   0.10151   0.11036   0.05319   1.75522   0.74818   0.97988   0.90878   0.31561   0.92506  
 12 29156.7921  13120.790716  x:  0.40665   0.33574   0.13848   0.25510   0.10261   0.07280   0.34072   0.21156   0.05294   0.06552   0.07339   0.04595   0.01928   0.04059   0.05161   0.00670   0.04970   0.03324   0.01401   0.06327   0.03824   0.35790   0.00111   0.07638   0.09276   0.04938   0.19298   0.00000   0.04883   0.05384   0.01534   0.00118   0.20973   0.08710   0.10242   0.11098   0.05837   1.79169   0.74504   0.97985   0.91140   0.29019   0.92518  
 13 3194.9709  13053.147080  x:  0.40695   0.34678   0.11341   0.25747   0.11285   0.08864   0.35116   0.20819   0.05775   0.05307   0.05902   0.03988   0.01348   0.04413   0.03226   0.00468   0.04099   0.10378   0.02464   0.04840   0.01506   0.36195   0.00450   0.07719   0.09739   0.08249   0.17152   0.00000   0.03966   0.06361   0.01253   0.01213   0.21230   0.05476   0.10651   0.11382   0.08040   1.92231   0.73402   0.97864   0.92164   0.20453   0.92583  
 14 15499.8112  13020.932539  x:  0.40796   0.35432   0.09367   0.25919   0.12144   0.10352   0.36006   0.20532   0.06199   0.05654   0.05454   0.03394   0.03004   0.04525   0.02152   0.00348   0.03613   0.14938   0.02922   0.03983   0.05525   0.36497   0.00346   0.07979   0.10050   0.10256   0.15357   0.00000   0.03433   0.06834   0.01075   0.01661   0.21526   0.03206   0.11012   0.11715   0.09801   2.01470   0.72720   0.97430   0.93152   0.17939   0.92675  
 15 2482.9903  12959.797133  x:  0.40961   0.36068   0.05877   0.26014   0.12746   0.11473   0.37203   0.19892   0.05875   0.05506   0.05620   0.03189   0.01795   0.04230   0.01627   0.00253   0.03014   0.16410   0.02080   0.02991   0.06175   0.36927   0.00326   0.07627   0.09577   0.10288   0.12957   0.00000   0.02744   0.06892   0.00782   0.01805   0.21870   0.00000   0.11095   0.11921   0.10732   2.13652   0.71888   0.96505   0.94722   0.21166   0.92805  
 16 1357.1908  12912.881439  x:  0.40767   0.35193   0.00000   0.25365   0.13323   0.12574   0.37713   0.18136   0.05694   0.03883   0.06216   0.03118   0.03062   0.03958   0.01263   0.00180   0.02511   0.17676   0.01468   0.02211   0.06019   0.37127   0.00342   0.06742   0.08789   0.10327   0.10845   0.00000   0.02183   0.06812   0.00596   0.01923   0.21773   0.01711   0.11164   0.11898   0.11985   2.25921   0.70997   0.95288   0.96568   0.24274   0.92985  
 17 2569.3278  12868.588211  x:  0.38111   0.24993   0.02875   0.20568   0.15268   0.19099   0.34244   0.09254   0.08244   0.04068   0.08415   0.03819   0.03284   0.04609   0.01391   0.00193   0.02385   0.17861   0.01621   0.02160   0.05949   0.35677   0.00333   0.05306   0.08200   0.09833   0.09014   0.00000   0.02080   0.05804   0.00692   0.01970   0.18613   0.02862   0.10178   0.10303   0.11543   2.42865   0.69309   0.91499   1.01073   0.27116   0.93684  
 18 638.1157  12856.512653  x:  0.37190   0.18885   0.01659   0.19013   0.14489   0.19403   0.32134   0.09067   0.07994   0.07128   0.07631   0.03573   0.02114   0.04678   0.01478   0.00202   0.02325   0.17727   0.01513   0.02114   0.06137   0.34774   0.00322   0.06668   0.09814   0.09590   0.09097   0.00000   0.02024   0.06240   0.00696   0.01961   0.18671   0.03406   0.10818   0.11223   0.10862   2.47273   0.68566   0.89300   1.03361   0.27227   0.94197  
 19 440.3557  12852.426143  x:  0.37080   0.16133   0.02072   0.18849   0.14128   0.19266   0.31190   0.10038   0.07415   0.07546   0.07074   0.03366   0.03622   0.04631   0.01390   0.00188   0.02250   0.17710   0.01464   0.01995   0.05472   0.34387   0.00351   0.06994   0.10169   0.09454   0.09313   0.00000   0.01942   0.06540   0.00672   0.01947   0.19089   0.02824   0.10954   0.11529   0.10511   2.48904   0.68164   0.87967   1.04690   0.27633   0.94539  
 20 441.2729  12848.339487  x:  0.37589   0.13420   0.03172   0.19429   0.14002   0.18733   0.30042   0.11826   0.06729   0.06155   0.06315   0.03237   0.02888   0.04604   0.01169   0.00175   0.02157   0.18115   0.01816   0.01861   0.06034   0.33981   0.00333   0.06660   0.09658   0.09498   0.09317   0.00000   0.01847   0.06981   0.00691   0.01989   0.19822   0.03344   0.10830   0.11355   0.10755   2.49994   0.67552   0.85701   1.06882   0.27995   0.95183  
 21 250.0315  12846.161895  x:  0.38472   0.13063   0.03325   0.19795   0.14002   0.18057   0.29307   0.11998   0.07226   0.05925   0.06377   0.03498   0.02829   0.04526   0.01808   0.00210   0.02110   0.18456   0.00804   0.01881   0.06066   0.33821   0.00341   0.06751   0.09536   0.09597   0.09042   0.00000   0.01818   0.06926   0.00674   0.01999   0.19809   0.03328   0.10782   0.11139   0.10704   2.49883   0.66995   0.83502   1.09005   0.27761   0.95883  
 22 146.9099  12839.700850  x:  0.41899   0.13368   0.03521   0.20835   0.13876   0.15392   0.27018   0.11680   0.08710   0.06333   0.07017   0.04579   0.02957   0.04364   0.01052   0.00145   0.01902   0.18458   0.01594   0.01426   0.05891   0.33452   0.00337   0.06897   0.09325   0.09358   0.08123   0.00000   0.01527   0.06613   0.00647   0.01994   0.19360   0.03222   0.10745   0.10594   0.10052   2.49114   0.64843   0.75025   1.17268   0.27003   0.98661  
 23 468.6131  12835.191259  x:  0.43360   0.14456   0.03602   0.20282   0.14006   0.15285   0.26578   0.10749   0.06938   0.06625   0.06449   0.04028   0.02932   0.05236   0.01107   0.00147   0.01823   0.17903   0.01356   0.01268   0.05851   0.33622   0.00328   0.05490   0.09613   0.09362   0.08282   0.00000   0.01406   0.07171   0.00628   0.01940   0.18939   0.03130   0.11225   0.11293   0.10402   2.47991   0.63245   0.68863   1.23781   0.26184   1.01005  
 24 309.3143  12831.551531  x:  0.42971   0.15437   0.03256   0.19021   0.14348   0.17131   0.27996   0.11039   0.07358   0.05802   0.05681   0.03578   0.02878   0.05100   0.00954   0.00135   0.01783   0.16316   0.01357   0.01081   0.05693   0.34291   0.00309   0.07044   0.09910   0.09545   0.08746   0.00000   0.01285   0.08402   0.00592   0.01824   0.19260   0.02994   0.10859   0.11403   0.11223   2.46603   0.61821   0.63962   1.30311   0.25507   1.03601  
 25 229.9052  12829.431305  x:  0.41450   0.15240   0.02691   0.19273   0.14640   0.18414   0.29577   0.11721   0.07136   0.06470   0.06723   0.04151   0.02854   0.04310   0.00911   0.00127   0.01767   0.15493   0.01310   0.00987   0.05522   0.34754   0.00306   0.06427   0.09225   0.10004   0.08128   0.00000   0.01216   0.08672   0.00573   0.01760   0.19856   0.02821   0.10712   0.10979   0.11496   2.45457   0.61060   0.62256   1.34891   0.24637   1.05688  
 26 163.5839  12827.379682  x:  0.39297   0.14985   0.02498   0.20959   0.14580   0.18503   0.31321   0.11504   0.07988   0.06326   0.06448   0.04070   0.02846   0.05642   0.00797   0.00116   0.01706   0.14869   0.01311   0.00846   0.05444   0.35003   0.00296   0.05977   0.09395   0.10693   0.07954   0.00000   0.01120   0.07982   0.00552   0.01724   0.20136   0.02777   0.11404   0.11258   0.11040   2.44579   0.60555   0.62838   1.40653   0.24420   1.08678  
 27 118.9745  12823.195904  x:  0.36815   0.15354   0.02868   0.21788   0.13839   0.16877   0.32867   0.09938   0.06959   0.06149   0.04979   0.05081   0.02874   0.04463   0.00756   0.00104   0.01616   0.14870   0.01270   0.00696   0.05529   0.34736   0.00300   0.06461   0.09718   0.11438   0.08234   0.00000   0.01012   0.08269   0.00543   0.01728   0.19637   0.02795   0.10267   0.10791   0.11171   2.43633   0.60323   0.67443   1.53607   0.24364   1.15878  
 28 158.0846  12813.133207  x:  0.34845   0.16700   0.03567   0.18660   0.13939   0.14620   0.33124   0.10561   0.06938   0.05319   0.06653   0.04433   0.02812   0.04562   0.00627   0.00091   0.01514   0.14110   0.01221   0.00439   0.05402   0.33761   0.00293   0.07227   0.08233   0.10712   0.07275   0.00000   0.00827   0.09348   0.00512   0.01647   0.19108   0.02458   0.11686   0.12597   0.12542   2.42150   0.61180   0.81481   1.87898   0.23326   1.35425  
 29 401.8147  12800.602843  x:  0.36295   0.18305   0.02273   0.17435   0.16257   0.16232   0.31539   0.12833   0.08255   0.06420   0.05690   0.02895   0.02776   0.05693   0.00499   0.00091   0.01557   0.11794   0.01236   0.00370   0.04963   0.33960   0.00277   0.05056   0.09395   0.10883   0.08052   0.00000   0.00794   0.10305   0.00478   0.01471   0.19455   0.02296   0.10117   0.09909   0.12643   2.41649   0.63779   0.97887   2.30723   0.22076   1.60107  
 30 804.9750  12788.392764  x:  0.39586   0.19151   0.01313   0.20015   0.17194   0.20922   0.29852   0.12897   0.07749   0.05737   0.04830   0.04260   0.02649   0.03646   0.00474   0.00096   0.01748   0.08688   0.01368   0.00557   0.04664   0.35841   0.00248   0.05426   0.09719   0.12440   0.08758   0.00000   0.00938   0.10128   0.00475   0.01264   0.19830   0.02265   0.12163   0.11888   0.11918   2.42449   0.68073   1.11974   2.74517   0.20432   1.85636  
 31 924.4100  12781.221168  x:  0.40897   0.19114   0.00854   0.20840   0.14731   0.22382   0.30682   0.12363   0.05995   0.05401   0.06144   0.03359   0.02556   0.05413   0.00511   0.00109   0.01871   0.07835   0.01385   0.00739   0.04552   0.37331   0.00226   0.07398   0.08743   0.12956   0.08255   0.00000   0.01069   0.08938   0.00474   0.01199   0.20582   0.02171   0.10636   0.11512   0.11436   2.43756   0.71952   1.17912   3.00341   0.19094   2.01132  
 32 673.1666  12772.135660  x:  0.39932   0.19210   0.01245   0.18557   0.12033   0.20451   0.34891   0.12226   0.08008   0.05022   0.05572   0.03182   0.02506   0.04595   0.00689   0.00137   0.02105   0.08064   0.01506   0.01193   0.04522   0.38444   0.00220   0.05118   0.08799   0.12165   0.09298   0.00000   0.01400   0.08510   0.00514   0.01198   0.21918   0.01976   0.11232   0.11388   0.11172   2.47036   0.78682   1.21700   3.32299   0.17927   2.21395  
 33 466.0629  12767.554870  x:  0.38077   0.19211   0.01305   0.18384   0.15624   0.18235   0.37035   0.12359   0.07497   0.04605   0.06089   0.02988   0.02467   0.04544   0.00807   0.00155   0.02263   0.08092   0.01554   0.01476   0.04481   0.37933   0.00219   0.05564   0.09703   0.10929   0.09737   0.00000   0.01607   0.08062   0.00536   0.01180   0.21614   0.01890   0.11251   0.11351   0.11063   2.49065   0.82653   1.22727   3.48514   0.17106   2.32500  
 34 470.8151  12766.567355  x:  0.36874   0.19880   0.01111   0.18668   0.15727   0.18320   0.36456   0.12967   0.07602   0.04960   0.05591   0.02913   0.02479   0.04666   0.00844   0.00161   0.02315   0.08017   0.01561   0.01557   0.04428   0.36813   0.00225   0.05685   0.08535   0.10985   0.10184   0.00000   0.01671   0.07960   0.00543   0.01174   0.20449   0.01866   0.11190   0.11411   0.11153   2.49636   0.83441   1.22515   3.50721   0.17056   2.35309  
 35 79.4058  12765.540096  x:  0.35346   0.20852   0.01095   0.18836   0.15072   0.18623   0.35359   0.13892   0.07488   0.04543   0.05979   0.02995   0.02437   0.04589   0.00849   0.00162   0.02346   0.07764   0.01564   0.01589   0.04469   0.35552   0.00229   0.05558   0.09385   0.11336   0.09973   0.00000   0.01696   0.07770   0.00541   0.01162   0.19308   0.01857   0.11161   0.11322   0.11168   2.50253   0.84173   1.22159   3.52084   0.17080   2.38748  
 36 102.7013  12759.280091  x:  0.31029   0.22961   0.01132   0.18590   0.15335   0.17881   0.29769   0.12740   0.07418   0.04224   0.05866   0.02531   0.02418   0.04397   0.00863   0.00166   0.02370   0.07037   0.01528   0.01605   0.04447   0.37872   0.00220   0.05771   0.08833   0.12131   0.09793   0.00000   0.01706   0.08023   0.00535   0.01118   0.23399   0.01765   0.11596   0.10744   0.10681   2.52687   0.86543   1.20525   3.48528   0.17209   2.64475  
 37 50.0563  12734.209327  x:  0.30818   0.21514   0.00144   0.17544   0.15693   0.18364   0.27129   0.12524   0.08303   0.03482   0.04584   0.05737   0.02418   0.05253   0.00522   0.00115   0.02190   0.05127   0.01440   0.01254   0.04200   0.39316   0.00212   0.04463   0.09118   0.10044   0.09690   0.00000   0.01477   0.03534   0.00444   0.00980   0.24483   0.00978   0.07488   0.14641   0.13655   2.60114   0.93418   1.16362   3.28929   0.16710   3.65559  
 38 376.1777  12724.144090  x:  0.31202   0.20984   0.00000   0.17682   0.15619   0.18394   0.27140   0.12251   0.08342   0.03311   0.04553   0.05456   0.02412   0.05104   0.00472   0.00110   0.02160   0.04598   0.01412   0.01188   0.04136   0.39347   0.00214   0.04444   0.09062   0.09890   0.09523   0.00000   0.01430   0.03727   0.00426   0.00939   0.24064   0.00887   0.07789   0.14314   0.13716   2.61815   0.94805   1.15469   3.24413   0.16650   3.88297  
 39 3231.2068  12714.151053  x:  0.32222   0.20322   0.00090   0.15373   0.16657   0.17518   0.27843   0.13122   0.08151   0.02776   0.04198   0.05030   0.02240   0.04793   0.00461   0.00112   0.02144   0.03349   0.01384   0.01151   0.04241   0.40365   0.00220   0.04252   0.08258   0.14090   0.08329   0.00000   0.01389   0.03522   0.00420   0.00893   0.22293   0.01384   0.06925   0.15306   0.09367   2.65330   0.94755   1.13839   3.16190   0.17126   4.29788  
 40 1195.5588  12710.494199  x:  0.32281   0.19863   0.00207   0.14679   0.16809   0.16734   0.27671   0.13550   0.07933   0.02847   0.03981   0.05450   0.02291   0.05088   0.00497   0.00119   0.02235   0.02423   0.01432   0.01288   0.04176   0.41785   0.00211   0.04476   0.08215   0.15258   0.08329   0.00000   0.01488   0.02369   0.00432   0.00853   0.21149   0.01223   0.07817   0.14302   0.10641   2.66976   0.89542   1.13287   3.13415   0.17416   4.44781  
 41 227.2467  12696.895311  x:  0.31353   0.18478   0.00098   0.15724   0.16679   0.15641   0.26485   0.13975   0.08981   0.02645   0.04875   0.03302   0.02306   0.04450   0.00648   0.00148   0.02431   0.02292   0.01488   0.01679   0.04134   0.46448   0.00201   0.03769   0.08535   0.13614   0.08385   0.00000   0.01763   0.03110   0.00453   0.00834   0.17374   0.01088   0.06481   0.15376   0.11573   2.72690   0.65900   1.11241   3.03634   0.18274   4.98997  
 42 768.4075  12694.538484  x:  0.31287   0.18498   0.00000   0.15563   0.16652   0.15877   0.26473   0.14026   0.08846   0.02501   0.04789   0.03436   0.02287   0.04461   0.00653   0.00146   0.02425   0.02696   0.01476   0.01694   0.04188   0.46352   0.00204   0.03845   0.08527   0.12968   0.08474   0.00000   0.01776   0.02789   0.00451   0.00857   0.17434   0.01119   0.06684   0.15146   0.11055   2.73285   0.62965   1.11012   3.02511   0.18361   5.05235  
 43 826.9506  12694.538484  x:  0.31287   0.18498   0.00000   0.15563   0.16652   0.15877   0.26473   0.14026   0.08846   0.02501   0.04789   0.03436   0.02287   0.04461   0.00653   0.00146   0.02425   0.02696   0.01476   0.01694   0.04188   0.46352   0.00204   0.03845   0.08527   0.12968   0.08474   0.00000   0.01776   0.02789   0.00451   0.00857   0.17434   0.01119   0.06684   0.15146   0.11055   2.73285   0.62965   1.11012   3.02511   0.18361   5.05235  
 44 251.1519  12671.072358  x:  0.31426   0.18501   0.00646   0.15745   0.16565   0.15775   0.26534   0.13941   0.08732   0.02744   0.04463   0.02861   0.02258   0.03918   0.00338   0.00099   0.02079   0.02221   0.00836   0.01207   0.04497   0.46201   0.00264   0.03912   0.08415   0.12474   0.07958   0.00000   0.01536   0.02460   0.00000   0.00851   0.17466   0.01161   0.06986   0.14957   0.10940   2.73388   0.62990   1.11015   3.02500   0.18540   5.05235  
 45 1679.1632  12655.400398  x:  0.31561   0.18504   0.01244   0.15922   0.16480   0.15674   0.26594   0.13858   0.08621   0.02974   0.04145   0.02301   0.02231   0.03390   0.00065   0.00078   0.01747   0.01763   0.00226   0.00744   0.04794   0.46052   0.00314   0.03978   0.08305   0.11990   0.07454   0.00000   0.01309   0.02149   0.00125   0.00864   0.17497   0.01201   0.07279   0.14773   0.10826   2.73489   0.63015   1.11018   3.02488   0.18713   5.05235  
 46 17000.2688  12649.920294  x:  0.31629   0.18504   0.01492   0.16008   0.16436   0.15620   0.26623   0.13816   0.08566   0.03076   0.03994   0.02030   0.02225   0.03137   0.00275   0.00126   0.01602   0.01555   0.00080   0.00567   0.04929   0.45977   0.00322   0.04010   0.08252   0.11748   0.07204   0.00000   0.01215   0.02006   0.00152   0.00869   0.17512   0.01218   0.07421   0.14681   0.10769   2.73540   0.63028   1.11019   3.02483   0.18795   5.05235  
 47 7084.4597  12638.951426  x:  0.31793   0.18502   0.02061   0.16215   0.16328   0.15486   0.26694   0.13715   0.08432   0.03313   0.03633   0.01386   0.02208   0.02532   0.00475   0.00185   0.01272   0.01077   0.00352   0.00217   0.05248   0.45795   0.00329   0.04087   0.08123   0.11161   0.06601   0.00000   0.01006   0.01674   0.00215   0.00877   0.17548   0.01258   0.07759   0.14456   0.10630   2.73664   0.63059   1.11022   3.02469   0.18991   5.05235  
 48 9956.3319  12629.347375  x:  0.31994   0.18494   0.02602   0.16459   0.16191   0.15310   0.26778   0.13591   0.08271   0.03546   0.03239   0.00691   0.02190   0.01855   0.00602   0.00172   0.01020   0.00687   0.00459   0.00763   0.05584   0.45569   0.00279   0.04178   0.07973   0.10441   0.05877   0.00000   0.00878   0.01363   0.00266   0.00880   0.17592   0.01297   0.08149   0.14179   0.10458   2.73818   0.63097   1.11027   3.02451   0.19211   5.05235  
 49 4914.2524  12617.183898  x:  0.32373   0.18455   0.03016   0.16876   0.15912   0.14921   0.26929   0.13356   0.07985   0.03738   0.02826   0.00383   0.02180   0.01100   0.00666   0.00106   0.01426   0.01466   0.00491   0.00790   0.05976   0.45128   0.00000   0.04335   0.07728   0.09085   0.04624   0.00000   0.01270   0.01360   0.00292   0.00854   0.17667   0.01318   0.08763   0.13651   0.10126   2.74120   0.63171   1.11039   3.02416   0.19528   5.05235  
 50 1664.2713  12605.923892  x:  0.32995   0.18376   0.03453   0.17529   0.15446   0.14260   0.27169   0.12969   0.07541   0.03929   0.02504   0.01276   0.02181   0.00970   0.00631   0.00693   0.01656   0.01589   0.00541   0.00931   0.06514   0.44396   0.00148   0.04582   0.07375   0.06883   0.02779   0.00000   0.01512   0.01536   0.00302   0.00846   0.17788   0.01332   0.09672   0.12787   0.09584   2.74629   0.63296   1.11062   3.02357   0.19972   5.05235  
 51 2332.1382  12597.497152  x:  0.33435   0.18304   0.03494   0.17953   0.15109   0.13767   0.27330   0.12697   0.07250   0.03890   0.02486   0.01322   0.02187   0.01628   0.00717   0.00217   0.01673   0.01462   0.00551   0.00918   0.06726   0.43861   0.00000   0.04737   0.07200   0.05403   0.02027   0.00000   0.01562   0.01766   0.00319   0.00858   0.17867   0.01325   0.10195   0.12189   0.09214   2.75006   0.63387   1.11082   3.02311   0.20192   5.05235  
 52 1825.0880  12590.601178  x:  0.34041   0.18177   0.03169   0.18471   0.14642   0.13067   0.27538   0.12328   0.06921   0.03639   0.02753   0.01259   0.02215   0.01466   0.00731   0.00039   0.01639   0.01349   0.00539   0.00885   0.06808   0.43095   0.00359   0.04925   0.07124   0.03664   0.02528   0.00000   0.01636   0.02039   0.00311   0.00855   0.17968   0.01319   0.10718   0.11411   0.08748   2.75563   0.63519   1.11118   3.02243   0.20351   5.05235  
 53 1061.2288  12588.542723  x:  0.34345   0.18111   0.02988   0.18726   0.14409   0.12717   0.27641   0.12144   0.06763   0.03499   0.02885   0.01078   0.02226   0.01501   0.00682   0.00211   0.01622   0.01320   0.00525   0.00869   0.06822   0.42707   0.00378   0.05017   0.07102   0.02843   0.02782   0.00000   0.01667   0.02163   0.00294   0.00856   0.18018   0.01318   0.10963   0.11027   0.08519   2.75847   0.63586   1.11138   3.02208   0.20418   5.05235  
 54 5796.9103  12586.286103  x:  0.34691   0.18027   0.02765   0.18976   0.14172   0.12364   0.27751   0.11951   0.06680   0.03383   0.02940   0.01234   0.02216   0.01350   0.00660   0.00191   0.01530   0.01240   0.00506   0.00845   0.06733   0.42240   0.00000   0.05122   0.07234   0.02728   0.02876   0.00000   0.01590   0.01987   0.00283   0.00863   0.18073   0.01367   0.11132   0.10676   0.08326   2.76204   0.63667   1.11166   3.02162   0.20431   5.05235  
 55 521.5871  12581.712781  x:  0.35973   0.17713   0.02104   0.19857   0.13355   0.11171   0.28148   0.11270   0.06480   0.03130   0.02842   0.01129   0.02167   0.01450   0.00612   0.00207   0.01454   0.01402   0.00477   0.00811   0.06507   0.40490   0.00308   0.05484   0.07817   0.03272   0.02774   0.00000   0.01401   0.01334   0.00262   0.00853   0.18280   0.01582   0.11636   0.09540   0.07721   2.77591   0.63979   1.11278   3.01985   0.20459   5.05235  
 56 804.0149  12579.378270  x:  0.36888   0.17491   0.02114   0.20424   0.12914   0.10587   0.28422   0.10858   0.06443   0.03251   0.02723   0.01036   0.02187   0.01364   0.00604   0.00225   0.01574   0.01176   0.00472   0.00793   0.06408   0.39202   0.00309   0.05626   0.08088   0.03859   0.02790   0.00000   0.01455   0.02036   0.00254   0.00847   0.18436   0.01704   0.11864   0.09049   0.07470   2.78690   0.64219   1.11372   3.01842   0.20479   5.05235  
 57 648.5927  12576.424886  x:  0.38409   0.17114   0.03144   0.21140   0.12619   0.10400   0.28843   0.10428   0.06597   0.03789   0.02986   0.01211   0.02271   0.01656   0.00690   0.00233   0.01405   0.01498   0.00537   0.00901   0.06349   0.36961   0.00245   0.05458   0.07965   0.04167   0.03326   0.00000   0.01652   0.01976   0.00299   0.00941   0.18717   0.01719   0.11825   0.09222   0.07574   2.80907   0.64683   1.11575   3.01549   0.20452   5.05235  
 58 383.1533  12574.285413  x:  0.39534   0.16795   0.03379   0.21469   0.12570   0.10472   0.29119   0.10273   0.06794   0.03683   0.03125   0.01190   0.02218   0.01650   0.00702   0.00231   0.01926   0.01329   0.00542   0.00901   0.06133   0.35272   0.00263   0.05176   0.07742   0.04135   0.03320   0.00000   0.01496   0.01812   0.00320   0.00613   0.18921   0.01573   0.11494   0.09708   0.07839   2.82860   0.65079   1.11763   3.01288   0.20295   5.05235  
 59 576.4918  12572.619202  x:  0.40534   0.16495   0.03340   0.21675   0.12591   0.10600   0.29350   0.10206   0.06993   0.03436   0.03150   0.01136   0.02168   0.01560   0.00692   0.00229   0.02103   0.01235   0.00533   0.00882   0.05916   0.33776   0.00322   0.04904   0.07537   0.04047   0.03152   0.00000   0.01400   0.01779   0.00300   0.01063   0.19099   0.01414   0.11104   0.10218   0.08121   2.84767   0.65461   1.11948   3.01031   0.20135   5.05235  
 60 1257.0175  12570.592844  x:  0.41553   0.16174   0.02995   0.21744   0.12715   0.10824   0.29567   0.10254   0.07212   0.03145   0.02972   0.01090   0.02181   0.01435   0.00662   0.00226   0.01494   0.01342   0.00511   0.00850   0.05775   0.32314   0.00392   0.04668   0.07383   0.03909   0.02866   0.00000   0.01528   0.01941   0.00288   0.00871   0.19271   0.01294   0.10632   0.10760   0.08434   2.87052   0.65908   1.12172   3.00722   0.20022   5.05235  
 61 816.1664  12568.473524  x:  0.42485   0.15861   0.02236   0.21335   0.13179   0.11348   0.29720   0.10677   0.07343   0.03750   0.02449   0.01119   0.02341   0.01504   0.00617   0.00219   0.01577   0.01218   0.00484   0.00813   0.06393   0.31436   0.00336   0.04895   0.07620   0.03706   0.03014   0.00000   0.01657   0.01817   0.00262   0.00893   0.19372   0.01594   0.10356   0.10931   0.08595   2.90750   0.66588   1.12540   3.00214   0.20407   5.05235  
 62 285.2883  12566.146995  x:  0.43300   0.15582   0.01918   0.20730   0.13728   0.11968   0.29816   0.11148   0.07239   0.03987   0.03027   0.01055   0.02116   0.01424   0.00617   0.00223   0.01507   0.01405   0.00483   0.00827   0.06962   0.31054   0.00316   0.05176   0.07923   0.03722   0.02880   0.00000   0.01152   0.01966   0.00255   0.00882   0.19367   0.01593   0.10353   0.10770   0.08474   2.95400   0.67407   1.13020   2.99567   0.20752   5.05235  
 63 584.2358  12562.655857  x:  0.44385   0.15194   0.01969   0.19712   0.14502   0.12845   0.29895   0.11775   0.06845   0.03610   0.03671   0.00960   0.01975   0.01384   0.00611   0.00233   0.01542   0.01097   0.00476   0.00795   0.07352   0.30989   0.00315   0.05454   0.08252   0.03922   0.02745   0.00000   0.01917   0.01817   0.00255   0.00894   0.19237   0.01314   0.10610   0.10280   0.08066   3.03510   0.68793   1.13881   2.98429   0.20933   5.05235  
 64 1139.9623  12555.669370  x:  0.45944   0.14624   0.02706   0.18038   0.15503   0.13943   0.29921   0.12544   0.06082   0.02517   0.02845   0.01137   0.02703   0.01518   0.00644   0.00232   0.01651   0.01311   0.00508   0.00852   0.07104   0.31669   0.00295   0.05581   0.08282   0.04063   0.03087   0.00000   0.01491   0.01912   0.00281   0.00894   0.18859   0.01225   0.11354   0.09411   0.07449   3.19228   0.71382   1.15598   2.96203   0.20559   5.05234  
 65 1565.8430  12547.853856  x:  0.46863   0.14303   0.02752   0.17021   0.15673   0.13894   0.29810   0.12667   0.05931   0.03233   0.02494   0.01159   0.01544   0.01541   0.00663   0.00229   0.01587   0.01337   0.00509   0.00851   0.05759   0.33305   0.00384   0.05356   0.07682   0.03942   0.03133   0.00000   0.01503   0.01937   0.00281   0.00887   0.18387   0.01989   0.11976   0.09176   0.07496   3.36642   0.74074   1.17563   2.93703   0.19622   5.05234  
 66 1475.3043  12541.201651  x:  0.47284   0.14269   0.02431   0.16759   0.15350   0.13192   0.29673   0.12449   0.06364   0.04200   0.03191   0.00975   0.02752   0.01384   0.00611   0.00228   0.01531   0.01236   0.00485   0.00812   0.04717   0.35319   0.00483   0.05134   0.07084   0.03924   0.02750   0.00000   0.01545   0.01876   0.00263   0.00890   0.17980   0.02284   0.12267   0.09479   0.07805   3.54301   0.76666   1.19578   2.91149   0.19257   5.05234  
 67 2555.4316  12527.019660  x:  0.46716   0.15120   0.02409   0.18537   0.13842   0.10923   0.29470   0.11454   0.08199   0.03808   0.02862   0.01058   0.02387   0.01489   0.00617   0.00233   0.01517   0.01291   0.00488   0.00823   0.05759   0.39557   0.00343   0.04804   0.06806   0.04140   0.03044   0.00000   0.01497   0.01881   0.00264   0.00889   0.17642   0.00563   0.11706   0.11153   0.08579   3.87891   0.81153   1.23457   2.86231   0.20989   5.05234  
 68 1866.4822  12523.765421  x:  0.45949   0.15642   0.02696   0.19562   0.13441   0.10603   0.29442   0.11218   0.08314   0.03064   0.03077   0.01067   0.02371   0.01491   0.00637   0.00234   0.01554   0.01288   0.00501   0.00840   0.06365   0.40468   0.00318   0.04595   0.07316   0.04060   0.03001   0.00000   0.01584   0.01922   0.00275   0.00897   0.17894   0.01787   0.11109   0.11566   0.09030   3.97165   0.82134   1.24587   2.84833   0.21218   5.05234  
 69 1322.4483  12519.696166  x:  0.43551   0.16780   0.02763   0.21513   0.13185   0.11116   0.29446   0.11107   0.07346   0.03475   0.02989   0.01080   0.02439   0.01462   0.00646   0.00227   0.01573   0.01309   0.00508   0.00849   0.06654   0.40599   0.00324   0.04507   0.08518   0.03740   0.02886   0.00000   0.01567   0.01929   0.00279   0.00897   0.18839   0.01424   0.09544   0.11332   0.08841   4.07533   0.82498   1.26023   2.83152   0.20050   5.05234  
 70 571.3018  12516.260097  x:  0.39856   0.18298   0.02433   0.23274   0.13419   0.12226   0.29720   0.11341   0.06790   0.03448   0.02959   0.01062   0.02403   0.01474   0.00626   0.00232   0.01550   0.01285   0.00495   0.00831   0.05782   0.39419   0.00376   0.05686   0.07553   0.03995   0.02975   0.00000   0.01542   0.01910   0.00268   0.00893   0.20283   0.01457   0.09866   0.11140   0.08799   4.16639   0.81716   1.27429   2.81523   0.20778   5.05234  
 71 361.3804  12514.761074  x:  0.37527   0.18811   0.02126   0.22988   0.13460   0.12138   0.29910   0.11177   0.06951   0.03425   0.03021   0.01061   0.02422   0.01494   0.00611   0.00235   0.01540   0.01278   0.00487   0.00824   0.06438   0.38189   0.00335   0.05025   0.07308   0.04169   0.03046   0.00000   0.01540   0.01904   0.00258   0.00893   0.20494   0.01409   0.10995   0.11200   0.08818   4.20752   0.80373   1.28266   2.80619   0.20367   5.05234  
 72 204.5037  12513.647036  x:  0.35772   0.19048   0.02471   0.21957   0.13444   0.11700   0.30194   0.10972   0.07588   0.03465   0.02990   0.01068   0.02411   0.01492   0.00630   0.00229   0.01565   0.01294   0.00498   0.00837   0.05966   0.37110   0.00385   0.04874   0.08064   0.03892   0.02981   0.00000   0.01548   0.01914   0.00270   0.00892   0.20173   0.01385   0.10935   0.11015   0.08773   4.23904   0.78298   1.29096   2.79744   0.20862   5.05234  
 73 162.9693  12512.720554  x:  0.35080   0.19079   0.02613   0.21165   0.13187   0.11100   0.30495   0.10872   0.07170   0.03451   0.03024   0.01074   0.02414   0.01484   0.00635   0.00230   0.01575   0.01296   0.00501   0.00841   0.06249   0.36592   0.00364   0.05162   0.07395   0.03995   0.02979   0.00000   0.01555   0.01899   0.00273   0.00892   0.19550   0.01492   0.10042   0.10772   0.08680   4.26558   0.75211   1.30104   2.78734   0.21027   5.05234  
 74 119.9457  12510.162185  x:  0.35607   0.19116   0.02516   0.21299   0.12901   0.11045   0.31174   0.11196   0.05967   0.03488   0.03010   0.01079   0.02421   0.01498   0.00630   0.00229   0.01562   0.01296   0.00498   0.00838   0.06100   0.36690   0.00381   0.05604   0.07943   0.03982   0.03003   0.00000   0.01552   0.01916   0.00269   0.00894   0.18438   0.01379   0.10556   0.11833   0.09018   4.33762   0.63984   1.33615   2.75292   0.21293   5.05233  
 75 156.9366  12508.640945  x:  0.36241   0.19059   0.02487   0.21749   0.13103   0.11440   0.31338   0.11413   0.07074   0.03409   0.03023   0.01068   0.02418   0.01501   0.00630   0.00228   0.01566   0.01295   0.00499   0.00838   0.06228   0.37039   0.00384   0.05666   0.07784   0.03935   0.02993   0.00000   0.01559   0.01914   0.00269   0.00895   0.18456   0.01437   0.10548   0.11317   0.08817   4.38153   0.56764   1.35995   2.72954   0.20978   5.05233  
 76 392.6367  12508.371432  x:  0.36392   0.18995   0.02423   0.21780   0.13234   0.11481   0.31229   0.11352   0.07001   0.03467   0.03017   0.01067   0.02418   0.01499   0.00626   0.00228   0.01563   0.01292   0.00496   0.00835   0.06151   0.37150   0.00384   0.05104   0.07705   0.03979   0.02999   0.00000   0.01549   0.01906   0.00266   0.00894   0.18785   0.01439   0.10462   0.11073   0.08780   4.38886   0.55514   1.36539   2.72388   0.21311   5.05233  
 77 121.0988  12508.150907  x:  0.36481   0.18671   0.02480   0.21432   0.13346   0.11265   0.30607   0.10939   0.06880   0.03447   0.03021   0.01069   0.02418   0.01499   0.00628   0.00227   0.01564   0.01294   0.00498   0.00837   0.06195   0.37217   0.00383   0.05326   0.07753   0.03963   0.02994   0.00000   0.01553   0.01910   0.00268   0.00895   0.19764   0.01389   0.10461   0.11174   0.08917   4.39329   0.54698   1.37564   2.71246   0.21321   5.05233  
 78 35.5983  12507.768297  x:  0.36521   0.18640   0.02450   0.21303   0.12761   0.11570   0.29545   0.10916   0.06911   0.03465   0.03017   0.01066   0.02414   0.01498   0.00626   0.00227   0.01560   0.01293   0.00496   0.00835   0.06174   0.37002   0.00385   0.05295   0.07725   0.03960   0.02992   0.00000   0.01549   0.01908   0.00267   0.00894   0.19707   0.01521   0.10446   0.11481   0.08216   4.39586   0.54186   1.40739   2.67492   0.21562   5.05233  
 79 29.8404  12506.643128  x:  0.36585   0.18837   0.02464   0.21536   0.12739   0.11528   0.27567   0.11318   0.06825   0.03445   0.03029   0.01072   0.02412   0.01507   0.00628   0.00225   0.01568   0.01295   0.00497   0.00837   0.06152   0.36375   0.00389   0.05336   0.07741   0.03945   0.02996   0.00000   0.01553   0.01904   0.00270   0.00892   0.18726   0.01371   0.10544   0.10831   0.09173   4.40105   0.53083   1.50885   2.55239   0.22035   5.05232  
 80 176.6657  12505.534395  x:  0.36613   0.19041   0.02477   0.21699   0.14098   0.10659   0.28505   0.11506   0.06794   0.03460   0.03027   0.01074   0.02405   0.01514   0.00630   0.00223   0.01568   0.01300   0.00498   0.00838   0.06081   0.36284   0.00394   0.05349   0.07711   0.03947   0.03002   0.00000   0.01550   0.01905   0.00272   0.00891   0.18600   0.01489   0.10494   0.11228   0.08482   4.40470   0.52212   1.60964   2.42386   0.22299   5.05232  
 81 223.5143  12504.554642  x:  0.36599   0.18857   0.02366   0.21144   0.13267   0.11327   0.30992   0.11023   0.06811   0.03441   0.03023   0.01070   0.02405   0.01513   0.00623   0.00222   0.01560   0.01294   0.00494   0.00833   0.06138   0.36596   0.00390   0.05358   0.07725   0.03935   0.02994   0.00000   0.01547   0.01900   0.00269   0.00890   0.19121   0.01397   0.10507   0.11061   0.08829   4.40750   0.51512   1.69500   2.30532   0.22573   5.05231  
 82 241.9258  12504.337391  x:  0.36220   0.17542   0.02352   0.21480   0.13313   0.11462   0.31150   0.11000   0.06793   0.03441   0.03020   0.01068   0.02404   0.01513   0.00622   0.00222   0.01559   0.01292   0.00493   0.00831   0.06131   0.36640   0.00390   0.05361   0.07718   0.03938   0.02995   0.00000   0.01545   0.01899   0.00268   0.00889   0.18913   0.01410   0.10501   0.11053   0.08799   4.40904   0.51264   1.69620   2.26808   0.22674   5.05231  
 83 24.6043  12499.719711  x:  0.36260   0.17115   0.02544   0.21262   0.12423   0.10616   0.30732   0.13448   0.06759   0.03431   0.03065   0.01071   0.02379   0.01558   0.00629   0.00219   0.01576   0.01311   0.00499   0.00841   0.05994   0.36272   0.00382   0.05260   0.07773   0.03950   0.03048   0.00000   0.01555   0.01900   0.00274   0.00887   0.19561   0.01329   0.10517   0.11062   0.08838   4.44183   0.45817   1.58747   1.51522   0.22897   5.05227  
 84 62.0763  12498.142640  x:  0.36400   0.17404   0.02381   0.21236   0.12876   0.11048   0.30432   0.12221   0.06690   0.03417   0.03056   0.01063   0.02374   0.01563   0.00620   0.00218   0.01568   0.01305   0.00493   0.00834   0.06010   0.36146   0.00377   0.05356   0.07771   0.03946   0.03053   0.00000   0.01548   0.01897   0.00269   0.00885   0.19045   0.01361   0.10492   0.11057   0.08790   4.45424   0.43769   1.54560   1.23281   0.23071   5.05225  
 85 1220.2202  12489.098716  x:  0.40241   0.17657   0.01232   0.20790   0.14212   0.12389   0.29334   0.10357   0.07127   0.03134   0.03169   0.00968   0.02178   0.01914   0.00529   0.00193   0.01536   0.01331   0.00445   0.00788   0.05755   0.36245   0.00157   0.05207   0.08048   0.04018   0.03465   0.00000   0.01480   0.01880   0.00221   0.00849   0.19145   0.01328   0.10167   0.10743   0.08611   4.84377   0.45145   1.28231   1.30212   0.22439   5.05169  
 86  0.4827  12486.817185  x:  0.41075   0.17318   0.01766   0.20620   0.13837   0.12165   0.30250   0.12107   0.07074   0.03189   0.03202   0.01036   0.02168   0.01901   0.00526   0.00172   0.01573   0.01363   0.00455   0.00813   0.05729   0.36177   0.00216   0.05255   0.08068   0.03970   0.03497   0.00000   0.01455   0.01894   0.00228   0.00848   0.19679   0.01225   0.10351   0.10697   0.08655   5.12141   0.39321   1.15707   1.01808   0.22680   5.05113  
 87  0.4585  12486.271096  x:  0.40675   0.17432   0.01749   0.20689   0.13918   0.12302   0.31037   0.11336   0.06957   0.03246   0.03185   0.01063   0.02217   0.01822   0.00498   0.00153   0.01562   0.01343   0.00449   0.00812   0.05857   0.36275   0.00254   0.05361   0.07969   0.03953   0.03404   0.00000   0.01462   0.01902   0.00221   0.00858   0.19575   0.01219   0.10452   0.10760   0.08678   5.29628   0.38085   1.24071   0.99895   0.23220   5.05041  
 88  0.1659  12486.185025  x:  0.40561   0.17437   0.01690   0.20699   0.13948   0.12278   0.30837   0.11416   0.06972   0.03224   0.03185   0.01052   0.02223   0.01820   0.00481   0.00145   0.01559   0.01335   0.00447   0.00813   0.05842   0.36304   0.00230   0.05341   0.07968   0.03989   0.03390   0.00000   0.01473   0.01905   0.00217   0.00859   0.19587   0.01224   0.10406   0.10779   0.08681   5.35399   0.38508   1.24544   1.03596   0.23209   5.04980  
 89  0.0693  12486.167045  x:  0.40590   0.17422   0.01676   0.20689   0.13939   0.12244   0.30663   0.11490   0.06991   0.03214   0.03188   0.01042   0.02220   0.01826   0.00473   0.00142   0.01562   0.01339   0.00450   0.00818   0.05811   0.36304   0.00222   0.05326   0.07983   0.04004   0.03393   0.00000   0.01479   0.01905   0.00217   0.00859   0.19590   0.01227   0.10383   0.10774   0.08680   5.37629   0.38167   1.24590   1.01674   0.23186   5.04919  
 90  0.0291  12486.160393  x:  0.40638   0.17441   0.01717   0.20687   0.13945   0.12244   0.30611   0.11475   0.06987   0.03225   0.03187   0.01040   0.02221   0.01822   0.00470   0.00141   0.01567   0.01345   0.00457   0.00828   0.05804   0.36289   0.00234   0.05332   0.07988   0.04002   0.03392   0.00000   0.01480   0.01906   0.00220   0.00859   0.19560   0.01233   0.10396   0.10769   0.08677   5.38077   0.38001   1.24993   1.02042   0.23147   5.04838  
 91  0.0059  12486.154654  x:  0.40659   0.17443   0.01716   0.20692   0.13939   0.12257   0.30639   0.11485   0.06985   0.03231   0.03187   0.01039   0.02221   0.01818   0.00460   0.00140   0.01566   0.01348   0.00466   0.00836   0.05815   0.36305   0.00235   0.05328   0.07985   0.04001   0.03395   0.00000   0.01478   0.01904   0.00222   0.00858   0.19586   0.01237   0.10408   0.10766   0.08677   5.37707   0.38368   1.25295   1.02618   0.23132   5.04691  
 92  0.0052  12486.150013  x:  0.40635   0.17441   0.01683   0.20689   0.13936   0.12266   0.30713   0.11483   0.06975   0.03224   0.03188   0.01037   0.02219   0.01819   0.00448   0.00140   0.01562   0.01344   0.00473   0.00840   0.05820   0.36309   0.00228   0.05333   0.07985   0.04002   0.03399   0.00000   0.01477   0.01902   0.00223   0.00858   0.19576   0.01235   0.10405   0.10778   0.08683   5.37211   0.38210   1.25247   1.02553   0.23137   5.04521  
 93  0.0048  12486.148504  x:  0.40625   0.17429   0.01699   0.20688   0.13943   0.12253   0.30679   0.11465   0.06984   0.03220   0.03187   0.01038   0.02219   0.01820   0.00444   0.00140   0.01564   0.01340   0.00477   0.00838   0.05810   0.36296   0.00230   0.05331   0.07983   0.03998   0.03396   0.00000   0.01478   0.01903   0.00225   0.00859   0.19577   0.01231   0.10394   0.10772   0.08678   5.36911   0.38208   1.24710   1.02179   0.23155   5.04402  
 94  0.0052  12486.148055  x:  0.40611   0.17438   0.01698   0.20691   0.13940   0.12252   0.30660   0.11483   0.06988   0.03225   0.03187   0.01040   0.02222   0.01823   0.00444   0.00140   0.01563   0.01342   0.00479   0.00833   0.05817   0.36299   0.00230   0.05330   0.07984   0.04001   0.03394   0.00000   0.01478   0.01905   0.00225   0.00859   0.19579   0.01230   0.10397   0.10770   0.08678   5.36898   0.38192   1.24804   1.02185   0.23164   5.04256  
 95  0.0008  12486.147846  x:  0.40618   0.17437   0.01698   0.20690   0.13938   0.12253   0.30671   0.11472   0.06984   0.03222   0.03187   0.01041   0.02220   0.01823   0.00445   0.00140   0.01564   0.01342   0.00480   0.00829   0.05814   0.36299   0.00230   0.05331   0.07983   0.04001   0.03394   0.00000   0.01478   0.01904   0.00226   0.00859   0.19575   0.01231   0.10398   0.10773   0.08680   5.37021   0.38202   1.24860   1.02237   0.23159   5.04103  
 96  0.0012  12486.147829  x:  0.40622   0.17434   0.01697   0.20689   0.13941   0.12254   0.30673   0.11473   0.06984   0.03223   0.03187   0.01040   0.02220   0.01823   0.00445   0.00140   0.01563   0.01342   0.00481   0.00829   0.05814   0.36299   0.00230   0.05331   0.07983   0.04000   0.03395   0.00000   0.01478   0.01904   0.00226   0.00859   0.19578   0.01232   0.10397   0.10771   0.08679   5.37019   0.38201   1.24830   1.02228   0.23156   5.04027  
 97  0.0006  12486.147826  x:  0.40621   0.17435   0.01697   0.20689   0.13941   0.12254   0.30673   0.11474   0.06984   0.03223   0.03187   0.01040   0.02220   0.01822   0.00445   0.00140   0.01564   0.01341   0.00481   0.00829   0.05814   0.36299   0.00230   0.05331   0.07984   0.04000   0.03395   0.00000   0.01478   0.01904   0.00226   0.00859   0.19577   0.01231   0.10397   0.10772   0.08679   5.37020   0.38201   1.24832   1.02227   0.23157   5.03928  
 98  0.0005  12486.147824  x:  0.40621   0.17435   0.01697   0.20690   0.13940   0.12254   0.30673   0.11474   0.06984   0.03223   0.03187   0.01040   0.02220   0.01822   0.00445   0.00140   0.01563   0.01342   0.00481   0.00829   0.05814   0.36299   0.00230   0.05331   0.07984   0.04000   0.03395   0.00000   0.01478   0.01904   0.00226   0.00859   0.19577   0.01231   0.10397   0.10772   0.08679   5.37028   0.38200   1.24836   1.02225   0.23157   5.03768  
 99  0.0007  12486.147822  x:  0.40621   0.17434   0.01697   0.20689   0.13941   0.12254   0.30672   0.11473   0.06984   0.03223   0.03187   0.01040   0.02220   0.01822   0.00445   0.00140   0.01564   0.01342   0.00481   0.00829   0.05814   0.36299   0.00230   0.05331   0.07983   0.04000   0.03395   0.00000   0.01478   0.01904   0.00226   0.00859   0.19577   0.01231   0.10397   0.10771   0.08679   5.37027   0.38200   1.24836   1.02226   0.23157   5.03445  
100  0.0011  12486.147821  x:  0.40621   0.17435   0.01697   0.20689   0.13941   0.12254   0.30673   0.11474   0.06984   0.03222   0.03187   0.01040   0.02220   0.01822   0.00445   0.00140   0.01564   0.01341   0.00481   0.00829   0.05814   0.36299   0.00230   0.05331   0.07984   0.04000   0.03395   0.00000   0.01478   0.01904   0.00225   0.00859   0.19577   0.01231   0.10397   0.10772   0.08679   5.37020   0.38201   1.24833   1.02228   0.23157   5.03156  
101  0.0016  12486.147819  x:  0.40621   0.17435   0.01697   0.20689   0.13940   0.12253   0.30673   0.11473   0.06985   0.03223   0.03187   0.01040   0.02220   0.01822   0.00445   0.00140   0.01563   0.01341   0.00481   0.00829   0.05814   0.36298   0.00230   0.05331   0.07984   0.04000   0.03395   0.00000   0.01478   0.01904   0.00225   0.00859   0.19577   0.01231   0.10397   0.10772   0.08679   5.37022   0.38201   1.24835   1.02228   0.23157   5.02534  
102  0.0012  12486.147808  x:  0.40621   0.17434   0.01698   0.20690   0.13940   0.12254   0.30672   0.11473   0.06985   0.03222   0.03187   0.01040   0.02220   0.01822   0.00445   0.00140   0.01564   0.01342   0.00481   0.00829   0.05814   0.36299   0.00230   0.05331   0.07983   0.04000   0.03396   0.00000   0.01478   0.01904   0.00225   0.00859   0.19578   0.01231   0.10396   0.10771   0.08678   5.37010   0.38200   1.24844   1.02233   0.23157   4.99064  
103  0.0043  12486.147759  x:  0.40620   0.17434   0.01698   0.20688   0.13941   0.12257   0.30667   0.11474   0.06982   0.03221   0.03187   0.01039   0.02219   0.01821   0.00444   0.00140   0.01566   0.01345   0.00480   0.00828   0.05813   0.36302   0.00230   0.05332   0.07983   0.03999   0.03400   0.00000   0.01479   0.01905   0.00225   0.00858   0.19581   0.01230   0.10395   0.10771   0.08675   5.36927   0.38201   1.24831   1.02235   0.23159   4.57778  
104  0.0516  12486.147083  x:  0.40622   0.17434   0.01698   0.20691   0.13941   0.12250   0.30680   0.11474   0.06986   0.03224   0.03186   0.01039   0.02221   0.01822   0.00445   0.00140   0.01563   0.01341   0.00482   0.00829   0.05815   0.36300   0.00230   0.05330   0.07984   0.04001   0.03392   0.00000   0.01478   0.01904   0.00225   0.00859   0.19574   0.01232   0.10400   0.10769   0.08682   5.37018   0.38204   1.24815   1.02222   0.23155   3.75615  
105  0.1027  12485.987098  x:  0.40633   0.17431   0.01697   0.20705   0.13943   0.12220   0.30742   0.11475   0.07005   0.03235   0.03184   0.01040   0.02227   0.01826   0.00450   0.00138   0.01553   0.01322   0.00488   0.00837   0.05824   0.36288   0.00229   0.05324   0.07989   0.04010   0.03355   0.00002   0.01474   0.01898   0.00229   0.00863   0.19539   0.01237   0.10425   0.10759   0.08717   5.37432   0.38216   1.24744   1.02162   0.23139   0.00010  
106 69360234.4185  12485.987098  x:  0.40633   0.17431   0.01697   0.20705   0.13943   0.12220   0.30742   0.11475   0.07005   0.03235   0.03184   0.01040   0.02227   0.01826   0.00450   0.00138   0.01553   0.01322   0.00488   0.00837   0.05824   0.36288   0.00229   0.05324   0.07989   0.04010   0.03355   0.00002   0.01474   0.01898   0.00229   0.00863   0.19539   0.01237   0.10425   0.10759   0.08717   5.37432   0.38216   1.24744   1.02162   0.23139   0.00010  
107  0.0050  12485.659501  x:  0.40710   0.17403   0.01695   0.20808   0.13961   0.11999   0.31189   0.11484   0.07138   0.03312   0.03167   0.01039   0.02276   0.01848   0.00484   0.00128   0.01484   0.01196   0.00530   0.00890   0.05893   0.36217   0.00224   0.05278   0.08021   0.04074   0.03097   0.00009   0.01454   0.01858   0.00252   0.00891   0.19289   0.01274   0.10610   0.10674   0.08968   5.39948   0.38185   1.23897   1.01045   0.23033   0.00010  
108 11.9048  12480.454434  x:  0.40505   0.17469   0.01580   0.20456   0.13763   0.12809   0.29355   0.11292   0.06726   0.03115   0.03297   0.01152   0.02125   0.01969   0.00446   0.00255   0.01606   0.01433   0.00442   0.00843   0.05652   0.36053   0.00257   0.05452   0.07899   0.03189   0.03602   0.00163   0.01141   0.01820   0.00272   0.00844   0.20127   0.01199   0.09939   0.11015   0.08152   5.37488   0.36419   1.26617   0.97626   0.23765   0.00010  
109  0.0076  12478.050232  x:  0.40506   0.17348   0.01762   0.20785   0.13909   0.12045   0.30816   0.11479   0.07118   0.03255   0.03248   0.01055   0.02243   0.01876   0.00441   0.00219   0.01531   0.01285   0.00511   0.00845   0.05886   0.36304   0.00230   0.05388   0.07787   0.03433   0.02700   0.00218   0.01317   0.01657   0.00226   0.00877   0.19291   0.01231   0.10578   0.10577   0.08913   5.34322   0.37068   1.21551   0.94852   0.23525   0.00010  
110  0.0415  12476.202231  x:  0.40374   0.17459   0.01637   0.20235   0.14033   0.12298   0.30309   0.11414   0.06903   0.03216   0.02976   0.01001   0.02243   0.01678   0.00394   0.00164   0.01596   0.01428   0.00420   0.00804   0.05649   0.36154   0.00183   0.05503   0.07754   0.03757   0.02661   0.00412   0.01201   0.01702   0.00193   0.00807   0.19529   0.01240   0.10248   0.11026   0.08429   5.30706   0.35559   1.18284   0.89741   0.23428   0.00010  
111  0.0149  12475.330648  x:  0.40489   0.17336   0.01694   0.20687   0.13829   0.12264   0.30348   0.11404   0.07022   0.03216   0.03230   0.01029   0.02174   0.01812   0.00466   0.00127   0.01599   0.01411   0.00496   0.00821   0.05791   0.36162   0.00250   0.05486   0.07734   0.03430   0.02706   0.00530   0.01345   0.01694   0.00245   0.00856   0.19535   0.01183   0.10363   0.10645   0.08655   5.25066   0.35412   1.17564   0.86667   0.23682   0.00010  
112  0.0361  12475.152756  x:  0.40420   0.17355   0.01691   0.20606   0.13872   0.12202   0.30428   0.11406   0.07036   0.03235   0.03197   0.01040   0.02234   0.01820   0.00450   0.00121   0.01557   0.01338   0.00488   0.00832   0.05804   0.36143   0.00228   0.05448   0.07721   0.03525   0.02765   0.00607   0.01234   0.01687   0.00228   0.00862   0.19431   0.01231   0.10395   0.10719   0.08719   5.25500   0.34695   1.16489   0.84256   0.23637   0.00010  
113  0.0164  12475.126822  x:  0.40403   0.17368   0.01697   0.20578   0.13873   0.12206   0.30345   0.11403   0.07012   0.03221   0.03194   0.01034   0.02218   0.01819   0.00445   0.00134   0.01551   0.01330   0.00478   0.00826   0.05785   0.36173   0.00230   0.05473   0.07726   0.03513   0.02750   0.00632   0.01284   0.01704   0.00225   0.00854   0.19447   0.01218   0.10370   0.10718   0.08657   5.24985   0.34541   1.16110   0.83565   0.23626   0.00010  
114  0.0070  12475.124036  x:  0.40425   0.17354   0.01693   0.20589   0.13867   0.12206   0.30360   0.11404   0.07014   0.03229   0.03185   0.01038   0.02218   0.01819   0.00445   0.00138   0.01563   0.01337   0.00481   0.00828   0.05786   0.36165   0.00230   0.05473   0.07725   0.03503   0.02739   0.00638   0.01273   0.01697   0.00227   0.00856   0.19446   0.01215   0.10385   0.10699   0.08665   5.24964   0.34511   1.16038   0.83355   0.23631   0.00010  
115  0.0020  12475.123926  x:  0.40424   0.17355   0.01695   0.20589   0.13867   0.12206   0.30366   0.11405   0.07016   0.03226   0.03186   0.01039   0.02218   0.01819   0.00445   0.00139   0.01561   0.01340   0.00481   0.00828   0.05788   0.36163   0.00229   0.05471   0.07725   0.03504   0.02740   0.00638   0.01274   0.01697   0.00227   0.00855   0.19445   0.01216   0.10383   0.10703   0.08670   5.25019   0.34496   1.16056   0.83350   0.23632   0.00010  
116  0.0006  12475.123924  x:  0.40424   0.17356   0.01695   0.20589   0.13868   0.12205   0.30366   0.11405   0.07016   0.03227   0.03186   0.01039   0.02218   0.01819   0.00445   0.00139   0.01562   0.01340   0.00481   0.00828   0.05788   0.36162   0.00229   0.05471   0.07725   0.03504   0.02740   0.00638   0.01274   0.01698   0.00227   0.00856   0.19445   0.01217   0.10383   0.10704   0.08670   5.25029   0.34498   1.16044   0.83342   0.23632   0.00010  
117  0.0002  12475.123924  x:  0.40424   0.17356   0.01695   0.20589   0.13868   0.12205   0.30366   0.11405   0.07016   0.03227   0.03187   0.01038   0.02218   0.01819   0.00445   0.00139   0.01562   0.01340   0.00481   0.00828   0.05788   0.36162   0.00229   0.05471   0.07725   0.03504   0.02740   0.00638   0.01274   0.01698   0.00227   0.00856   0.19445   0.01217   0.10383   0.10704   0.08670   5.25029   0.34498   1.16045   0.83344   0.23632   0.00010  
118  0.0000  12475.123924  x:  0.40424   0.17356   0.01695   0.20589   0.13868   0.12205   0.30366   0.11405   0.07016   0.03227   0.03187   0.01038   0.02218   0.01819   0.00445   0.00139   0.01562   0.01340   0.00481   0.00828   0.05788   0.36163   0.00229   0.05471   0.07725   0.03504   0.02740   0.00638   0.01274   0.01698   0.00227   0.00855   0.19445   0.01217   0.10383   0.10704   0.08670   5.25030   0.34498   1.16045   0.83344   0.23632   0.00010  
119  0.0000  12475.123924  x:  0.40424   0.17356   0.01695   0.20589   0.13868   0.12205   0.30366   0.11405   0.07016   0.03227   0.03186   0.01039   0.02218   0.01819   0.00445   0.00139   0.01562   0.01340   0.00481   0.00828   0.05788   0.36163   0.00229   0.05471   0.07725   0.03504   0.02740   0.00638   0.01274   0.01698   0.00227   0.00855   0.19445   0.01217   0.10383   0.10704   0.08670   5.25031   0.34498   1.16046   0.83344   0.23632   0.00010  
120  0.0000  12475.123923  x:  0.40424   0.17356   0.01695   0.20589   0.13868   0.12205   0.30366   0.11405   0.07016   0.03227   0.03186   0.01039   0.02218   0.01820   0.00445   0.00139   0.01561   0.01340   0.00481   0.00829   0.05788   0.36162   0.00229   0.05471   0.07725   0.03504   0.02740   0.00638   0.01274   0.01698   0.00227   0.00856   0.19444   0.01217   0.10383   0.10703   0.08670   5.25034   0.34498   1.16047   0.83345   0.23632   0.00010  
121  0.0000  12475.123917  x:  0.40424   0.17356   0.01695   0.20589   0.13868   0.12205   0.30366   0.11405   0.07016   0.03227   0.03186   0.01039   0.02218   0.01820   0.00445   0.00139   0.01561   0.01340   0.00481   0.00829   0.05788   0.36163   0.00229   0.05471   0.07725   0.03504   0.02739   0.00638   0.01274   0.01698   0.00227   0.00856   0.19444   0.01217   0.10383   0.10703   0.08670   5.25036   0.34497   1.16048   0.83345   0.23632   0.00010  
122  0.0000  12475.122741  x:  0.40420   0.17348   0.01698   0.20578   0.13876   0.12198   0.30379   0.11405   0.07018   0.03225   0.03178   0.01034   0.02213   0.01826   0.00446   0.00139   0.01558   0.01340   0.00481   0.00829   0.05790   0.36172   0.00231   0.05471   0.07725   0.03498   0.02725   0.00642   0.01274   0.01700   0.00228   0.00857   0.19444   0.01219   0.10383   0.10705   0.08669   5.25448   0.34411   1.16271   0.83231   0.23645   0.00010  
123  0.0023  12475.112821  x:  0.40421   0.17349   0.01698   0.20581   0.13877   0.12197   0.30381   0.11405   0.07018   0.03225   0.03176   0.01034   0.02212   0.01826   0.00446   0.00139   0.01557   0.01339   0.00481   0.00829   0.05791   0.36171   0.00231   0.05471   0.07726   0.03498   0.02725   0.00643   0.01274   0.01699   0.00228   0.00857   0.19446   0.01220   0.10382   0.10705   0.08669   5.25464   0.34429   1.16218   0.83271   0.23644   0.00010  
124  0.0001  12474.095742  x:  0.40523   0.17465   0.01753   0.20925   0.13974   0.12107   0.30602   0.11385   0.07085   0.03280   0.03031   0.01018   0.02112   0.01882   0.00443   0.00150   0.01531   0.01314   0.00472   0.00814   0.05845   0.36074   0.00245   0.05496   0.07798   0.03495   0.02779   0.00861   0.01306   0.01643   0.00227   0.00880   0.19659   0.01349   0.10303   0.10694   0.08716   5.34810   0.37686   1.16918   0.95268   0.23530   0.00010  
125  0.1035  12473.801916  x:  0.40471   0.17414   0.01709   0.20645   0.13904   0.12215   0.30537   0.11437   0.07035   0.03229   0.03192   0.01040   0.02226   0.01824   0.00444   0.00142   0.01561   0.01340   0.00481   0.00830   0.05806   0.36226   0.00231   0.05487   0.07723   0.03497   0.02698   0.00927   0.01271   0.01693   0.00227   0.00853   0.19524   0.01251   0.10393   0.10747   0.08673   5.32720   0.38516   1.24897   1.02245   0.23476   0.00010  
126  0.0499  12473.791884  x:  0.40469   0.17426   0.01695   0.20647   0.13919   0.12224   0.30524   0.11436   0.07037   0.03233   0.03191   0.01039   0.02220   0.01819   0.00446   0.00139   0.01566   0.01342   0.00481   0.00829   0.05799   0.36241   0.00229   0.05490   0.07714   0.03499   0.02699   0.00945   0.01273   0.01690   0.00227   0.00856   0.19533   0.01223   0.10403   0.10749   0.08677   5.35125   0.38459   1.24783   1.02874   0.23475   0.00010  
127  0.0204  12473.791519  x:  0.40474   0.17422   0.01701   0.20646   0.13920   0.12220   0.30540   0.11439   0.07041   0.03232   0.03187   0.01039   0.02219   0.01822   0.00445   0.00140   0.01563   0.01341   0.00481   0.00829   0.05799   0.36239   0.00229   0.05488   0.07714   0.03497   0.02698   0.00949   0.01272   0.01690   0.00227   0.00856   0.19534   0.01224   0.10399   0.10749   0.08679   5.34730   0.38508   1.24784   1.03148   0.23469   0.00010  
128  0.0039  12473.791511  x:  0.40474   0.17423   0.01700   0.20648   0.13920   0.12220   0.30537   0.11438   0.07041   0.03232   0.03188   0.01039   0.02219   0.01822   0.00445   0.00140   0.01563   0.01341   0.00481   0.00829   0.05800   0.36239   0.00229   0.05488   0.07714   0.03498   0.02699   0.00949   0.01273   0.01690   0.00227   0.00856   0.19534   0.01225   0.10399   0.10749   0.08678   5.34695   0.38511   1.24792   1.03176   0.23468   0.00010  
129  0.0004  12473.791511  x:  0.40473   0.17423   0.01700   0.20648   0.13920   0.12220   0.30537   0.11438   0.07041   0.03232   0.03188   0.01039   0.02219   0.01822   0.00445   0.00140   0.01563   0.01341   0.00481   0.00829   0.05799   0.36239   0.00229   0.05488   0.07714   0.03498   0.02699   0.00949   0.01273   0.01690   0.00227   0.00856   0.19534   0.01225   0.10399   0.10749   0.08678   5.34696   0.38511   1.24795   1.03181   0.23468   0.00010  
130  0.0000  12473.791511  x:  0.40473   0.17423   0.01700   0.20648   0.13920   0.12220   0.30537   0.11438   0.07041   0.03232   0.03188   0.01039   0.02219   0.01822   0.00445   0.00140   0.01563   0.01341   0.00481   0.00829   0.05800   0.36239   0.00229   0.05488   0.07714   0.03498   0.02699   0.00949   0.01273   0.01690   0.00227   0.00856   0.19534   0.01225   0.10399   0.10749   0.08678   5.34697   0.38511   1.24795   1.03182   0.23468   0.00010  
131  0.0000  12473.791511  x:  0.40473   0.17423   0.01700   0.20648   0.13920   0.12220   0.30537   0.11438   0.07041   0.03232   0.03188   0.01039   0.02219   0.01822   0.00445   0.00140   0.01563   0.01341   0.00481   0.00829   0.05800   0.36239   0.00229   0.05488   0.07714   0.03498   0.02699   0.00949   0.01273   0.01690   0.00227   0.00856   0.19534   0.01225   0.10399   0.10749   0.08678   5.34697   0.38511   1.24795   1.03183   0.23468   0.00010  
132  0.0000  12473.791511  x:  0.40473   0.17423   0.01700   0.20648   0.13920   0.12220   0.30537   0.11438   0.07041   0.03232   0.03188   0.01039   0.02219   0.01822   0.00445   0.00140   0.01563   0.01341   0.00481   0.00829   0.05800   0.36239   0.00229   0.05488   0.07714   0.03498   0.02699   0.00949   0.01273   0.01690   0.00227   0.00856   0.19534   0.01225   0.10399   0.10749   0.08678   5.34696   0.38511   1.24795   1.03183   0.23468   0.00010  