Supplemental results for CODEML (seqf: Human_TAS1R3_orthologues_DNA_aligned.txt  treef: TAS1R3_revised_tree_following_error_message.txt)


MLEs of dN/dS (w) for site classes (K=4)

site class             0        1       2a       2b
proportion       0.80396  0.15658  0.03303  0.00643
background w     0.10120  1.00000  0.10120  1.00000
foreground w     0.10120  1.00000  1.47918  1.47918

Naive Empirical Bayes (NEB) probabilities for 4 classes
(amino acids refer to 1st sequence: 1.Bushbaby)

   1 -   0.81500 0.14554 0.03348 0.00598 ( 1)
   2 -   0.81219 0.14835 0.03337 0.00609 ( 1)
   3 -   0.81526 0.14528 0.03349 0.00597 ( 1)
   4 -   0.81460 0.14594 0.03347 0.00600 ( 1)
   5 -   0.81240 0.14814 0.03338 0.00609 ( 1)
   6 -   0.80538 0.15516 0.03309 0.00637 ( 1)
   7 -   0.81545 0.14509 0.03350 0.00596 ( 1)
   8 -   0.81414 0.14639 0.03345 0.00601 ( 1)
   9 -   0.80852 0.15202 0.03322 0.00625 ( 1)
  10 -   0.34273 0.61781 0.01408 0.02538 ( 2)
  11 -   0.81360 0.14694 0.03343 0.00604 ( 1)
  12 -   0.81076 0.14978 0.03331 0.00615 ( 1)
  13 -   0.81076 0.14978 0.03331 0.00615 ( 1)
  14 -   0.80601 0.15453 0.03311 0.00635 ( 1)
  15 -   0.81414 0.14640 0.03345 0.00601 ( 1)
  16 -   0.81545 0.14509 0.03350 0.00596 ( 1)
  17 -   0.80560 0.15494 0.03310 0.00637 ( 1)
  18 -   0.81545 0.14509 0.03350 0.00596 ( 1)
  19 M   0.96206 0.00017 0.03776 0.00001 ( 1)
  20 P   0.86144 0.10007 0.03442 0.00407 ( 1)
  21 G   0.09673 0.86445 0.00381 0.03501 ( 2)
  22 P   0.25445 0.70624 0.01037 0.02894 ( 2)
  23 A   0.62320 0.33756 0.02541 0.01383 ( 1)
  24 V   0.96192 0.00033 0.03774 0.00001 ( 1)
  25 L   0.95793 0.00365 0.03827 0.00015 ( 1)
  26 G   0.96163 0.00045 0.03790 0.00002 ( 1)
  27 F   0.90318 0.05897 0.03547 0.00239 ( 1)
  28 S   0.96174 0.00032 0.03793 0.00001 ( 1)
  29 L   0.96184 0.00037 0.03777 0.00002 ( 1)
  30 A   0.67241 0.28895 0.02688 0.01176 ( 1)
  31 T   0.18655 0.77412 0.00761 0.03172 ( 2)
  32 L   0.65772 0.30415 0.02583 0.01230 ( 1)
  33 L   0.95629 0.00529 0.03821 0.00022 ( 1)
  34 G   0.07558 0.88561 0.00297 0.03583 ( 2)
  35 F   0.00200 0.95864 0.00008 0.03928 ( 2)
  36 G   0.85234 0.10946 0.03376 0.00444 ( 1)
  37 T   0.31126 0.65005 0.01232 0.02637 ( 2)
  38 G   0.96107 0.00083 0.03806 0.00003 ( 1)
  39 A   0.93595 0.02633 0.03666 0.00106 ( 1)
  40 P   0.92512 0.03562 0.03780 0.00146 ( 1)
  41 L   0.90162 0.05959 0.03636 0.00243 ( 1)
  42 C   0.96164 0.00038 0.03797 0.00002 ( 1)
  43 L   0.95823 0.00335 0.03828 0.00014 ( 1)
  44 S   0.89273 0.06797 0.03651 0.00279 ( 1)
  45 Q   0.60256 0.35886 0.02399 0.01458 ( 1)
  46 Q   0.94707 0.01374 0.03863 0.00056 ( 1)
  47 L   0.95288 0.00793 0.03886 0.00033 ( 1)
  48 R   0.83708 0.12462 0.03325 0.00506 ( 1)
  49 M   0.96206 0.00017 0.03776 0.00001 ( 1)
  50 P   0.02553 0.93547 0.00101 0.03798 ( 2)
  51 G   0.96107 0.00083 0.03806 0.00003 ( 1)
  52 N   0.95934 0.00286 0.03768 0.00012 ( 1)
  53 Y   0.96023 0.00169 0.03801 0.00007 ( 1)
  54 V   0.09455 0.86660 0.00373 0.03512 ( 2)
  55 L   0.95730 0.00428 0.03825 0.00017 ( 1)
  56 G   0.95967 0.00223 0.03801 0.00009 ( 1)
  57 G   0.96107 0.00083 0.03806 0.00003 ( 1)
  58 L   0.95991 0.00167 0.03835 0.00007 ( 1)
  59 F   0.96220 0.00013 0.03767 0.00001 ( 1)
  60 P   0.96206 0.00022 0.03771 0.00001 ( 1)
  61 L   0.94184 0.01972 0.03763 0.00080 ( 1)
  62 G   0.93337 0.02868 0.03678 0.00116 ( 1)
  63 A   0.66987 0.29184 0.02647 0.01183 ( 1)
  64 A   0.96202 0.00029 0.03768 0.00001 ( 1)
  65 E   0.89232 0.06960 0.03526 0.00282 ( 1)
  66 E   0.95602 0.00597 0.03777 0.00024 ( 1)
  67 A   0.89727 0.06354 0.03658 0.00260 ( 1)
  68 G   0.87260 0.08939 0.03439 0.00362 ( 1)
  69 L   0.92429 0.03788 0.03630 0.00153 ( 1)
  70 R   0.82398 0.13794 0.03250 0.00559 ( 1)
  71 T   0.88947 0.07252 0.03508 0.00294 ( 1)
  72 R   0.96044 0.00138 0.03812 0.00006 ( 1)
  73 T   0.64222 0.31847 0.02625 0.01306 ( 1)
  74 Q   0.82457 0.13713 0.03273 0.00557 ( 1)
  75 P   0.96207 0.00021 0.03771 0.00001 ( 1)
  76 S   0.90356 0.05844 0.03563 0.00237 ( 1)
  77 S   0.95886 0.00320 0.03781 0.00013 ( 1)
  78 P   0.92193 0.03889 0.03759 0.00159 ( 1)
  79 V   0.95537 0.00668 0.03768 0.00027 ( 1)
  80 C   0.96164 0.00038 0.03797 0.00002 ( 1)
  81 N   0.91949 0.04256 0.03622 0.00172 ( 1)
  82 -   0.80396 0.15658 0.03303 0.00643 ( 1)
  83 -   0.80396 0.15658 0.03303 0.00643 ( 1)
  84 -   0.80396 0.15658 0.03303 0.00643 ( 1)
  85 -   0.80396 0.15658 0.03303 0.00643 ( 1)
  86 -   0.80396 0.15658 0.03303 0.00643 ( 1)
  87 -   0.80396 0.15658 0.03303 0.00643 ( 1)
  88 -   0.80396 0.15658 0.03303 0.00643 ( 1)
  89 -   0.80396 0.15658 0.03303 0.00643 ( 1)
  90 -   0.80396 0.15658 0.03303 0.00643 ( 1)
  91 -   0.80396 0.15658 0.03303 0.00643 ( 1)
  92 R   0.96085 0.00095 0.03816 0.00004 ( 1)
  93 F   0.96212 0.00020 0.03767 0.00001 ( 1)
  94 S   0.95908 0.00298 0.03783 0.00012 ( 1)
  95 P   0.48872 0.47193 0.01999 0.01936 ( 1)
  96 L   0.17454 0.78669 0.00689 0.03188 ( 2)
  97 G   0.96162 0.00046 0.03790 0.00002 ( 1)
  98 L   0.95823 0.00335 0.03828 0.00014 ( 1)
  99 L   0.96179 0.00043 0.03777 0.00002 ( 1)
 100 W   0.95913 0.00243 0.03835 0.00010 ( 1)
 101 A   0.95378 0.00697 0.03896 0.00029 ( 1)
 102 L   0.95823 0.00335 0.03828 0.00014 ( 1)
 103 A   0.90047 0.06177 0.03527 0.00250 ( 1)
 104 M   0.95893 0.00330 0.03764 0.00013 ( 1)
 105 K   0.94731 0.01347 0.03868 0.00055 ( 1)
 106 M   0.96206 0.00017 0.03776 0.00001 ( 1)
 107 A   0.96176 0.00055 0.03767 0.00002 ( 1)
 108 V   0.96132 0.00073 0.03792 0.00003 ( 1)
 109 E   0.96146 0.00053 0.03799 0.00002 ( 1)
 110 E   0.96141 0.00058 0.03799 0.00002 ( 1)
 111 I   0.96223 0.00012 0.03764 0.00000 ( 1)
 112 N   0.96164 0.00037 0.03797 0.00002 ( 1)
 113 N   0.96144 0.00057 0.03796 0.00002 ( 1)
 114 G   0.03914 0.92188 0.00155 0.03743 ( 2)
 115 S   0.94720 0.01461 0.03759 0.00059 ( 1)
 116 T   0.56723 0.39358 0.02308 0.01611 ( 1)
 117 L   0.95823 0.00335 0.03828 0.00014 ( 1)
 118 L   0.95823 0.00335 0.03828 0.00014 ( 1)
 119 P   0.96164 0.00062 0.03771 0.00003 ( 1)
 120 G   0.96113 0.00077 0.03807 0.00003 ( 1)
 121 L   0.95823 0.00335 0.03828 0.00014 ( 1)
 122 Q   0.47806 0.48350 0.01886 0.01959 ( 2)
 123 L   0.95389 0.00769 0.03811 0.00031 ( 1)
 124 G   0.96163 0.00045 0.03790 0.00002 ( 1)
 125 Y   0.95348 0.00843 0.03775 0.00034 ( 1)
 126 D   0.96155 0.00066 0.03777 0.00003 ( 1)
 127 L   0.96184 0.00037 0.03777 0.00002 ( 1)
 128 F   0.95540 0.00550 0.03888 0.00023 ( 1)
 129 D   0.95902 0.00188 0.03902 0.00008 ( 1)
 130 T   0.96136 0.00056 0.03806 0.00002 ( 1)
 131 C   0.96164 0.00038 0.03797 0.00002 ( 1)
 132 S   0.95880 0.00303 0.03805 0.00012 ( 1)
 133 E   0.96146 0.00053 0.03799 0.00002 ( 1)
 134 P   0.62192 0.33884 0.02536 0.01388 ( 1)
 135 V   0.90047 0.06152 0.03552 0.00249 ( 1)
 136 V   0.96151 0.00054 0.03793 0.00002 ( 1)
 137 A   0.95971 0.00260 0.03759 0.00010 ( 1)
 138 M   0.96206 0.00017 0.03776 0.00001 ( 1)
 139 K   0.96088 0.00093 0.03815 0.00004 ( 1)
 140 P   0.96207 0.00021 0.03771 0.00001 ( 1)
 141 S   0.96104 0.00102 0.03790 0.00004 ( 1)
 142 L   0.96148 0.00074 0.03775 0.00003 ( 1)
 143 M   0.96027 0.00170 0.03796 0.00007 ( 1)
 144 F   0.96212 0.00020 0.03767 0.00001 ( 1)
 145 L   0.95823 0.00335 0.03828 0.00014 ( 1)
 146 A   0.96211 0.00020 0.03768 0.00001 ( 1)
 147 K   0.87400 0.08773 0.03470 0.00356 ( 1)
 148 A   0.00101 0.95961 0.00004 0.03935 ( 2)
 149 G   0.59335 0.36834 0.02338 0.01492 ( 1)
 150 S   0.96174 0.00032 0.03793 0.00001 ( 1)
 151 C   0.13001 0.83119 0.00513 0.03367 ( 2)
 152 S   0.25012 0.71129 0.00982 0.02877 ( 2)
 153 I   0.95859 0.00375 0.03750 0.00015 ( 1)
 154 A   0.96180 0.00051 0.03767 0.00002 ( 1)
 155 A   0.96212 0.00019 0.03768 0.00001 ( 1)
 156 Y   0.96132 0.00060 0.03806 0.00002 ( 1)
 157 C   0.96143 0.00058 0.03796 0.00002 ( 1)
 158 D   0.95788 0.00413 0.03782 0.00017 ( 1)
 159 Y   0.96108 0.00084 0.03805 0.00003 ( 1)
 160 A   0.94773 0.01417 0.03752 0.00057 ( 1)
 161 R   0.74479 0.21675 0.02966 0.00881 ( 1)
 162 Y   0.96137 0.00055 0.03806 0.00002 ( 1)
 163 Q   0.94003 0.02166 0.03743 0.00088 ( 1)
 164 P   0.96111 0.00117 0.03767 0.00005 ( 1)
 165 R   0.95347 0.00732 0.03891 0.00030 ( 1)
 166 V   0.96145 0.00060 0.03792 0.00002 ( 1)
 167 L   0.95768 0.00390 0.03826 0.00016 ( 1)
 168 A   0.95246 0.00836 0.03883 0.00034 ( 1)
 169 V   0.96192 0.00033 0.03774 0.00001 ( 1)
 170 I   0.96223 0.00012 0.03764 0.00000 ( 1)
 171 G   0.96099 0.00091 0.03806 0.00004 ( 1)
 172 P   0.96207 0.00021 0.03771 0.00001 ( 1)
 173 H   0.96190 0.00027 0.03781 0.00001 ( 1)
 174 S   0.96060 0.00123 0.03812 0.00005 ( 1)
 175 S   0.94813 0.01258 0.03878 0.00052 ( 1)
 176 E   0.96146 0.00053 0.03799 0.00002 ( 1)
 177 L   0.96171 0.00051 0.03776 0.00002 ( 1)
 178 A   0.96212 0.00019 0.03768 0.00001 ( 1)
 179 L   0.73707 0.22491 0.02893 0.00909 ( 1)
 180 I   0.95939 0.00286 0.03764 0.00012 ( 1)
 181 T   0.96162 0.00048 0.03788 0.00002 ( 1)
 182 G   0.96142 0.00066 0.03789 0.00003 ( 1)
 183 K   0.96088 0.00093 0.03815 0.00004 ( 1)
 184 F   0.96220 0.00013 0.03767 0.00001 ( 1)
 185 F   0.96208 0.00024 0.03767 0.00001 ( 1)
 186 G   0.84303 0.11891 0.03324 0.00482 ( 1)
 187 F   0.96220 0.00013 0.03767 0.00001 ( 1)
 188 F   0.96220 0.00013 0.03767 0.00001 ( 1)
 189 L   0.96184 0.00037 0.03777 0.00002 ( 1)
 190 M   0.96047 0.00176 0.03770 0.00007 ( 1)
 191 P   0.96187 0.00041 0.03770 0.00002 ( 1)
 192 Q   0.96019 0.00151 0.03823 0.00006 ( 1)
 193 V   0.96192 0.00033 0.03774 0.00001 ( 1)
 194 S   0.96174 0.00032 0.03793 0.00001 ( 1)
 195 Y   0.94222 0.01968 0.03730 0.00080 ( 1)
 196 G   0.95504 0.00576 0.03897 0.00024 ( 1)
 197 A   0.95461 0.00622 0.03892 0.00026 ( 1)
 198 S   0.95889 0.00317 0.03781 0.00013 ( 1)
 199 M   0.96206 0.00017 0.03776 0.00001 ( 1)
 200 D   0.95619 0.00579 0.03778 0.00023 ( 1)
 201 G   0.67883 0.28255 0.02712 0.01150 ( 1)
 202 L   0.96013 0.00145 0.03836 0.00006 ( 1)
 203 S   0.96141 0.00065 0.03791 0.00003 ( 1)
 204 I   0.93160 0.03067 0.03649 0.00124 ( 1)
 205 R   0.96060 0.00122 0.03813 0.00005 ( 1)
 206 E   0.96146 0.00053 0.03799 0.00002 ( 1)
 207 T   0.96183 0.00027 0.03789 0.00001 ( 1)
 208 F   0.96220 0.00013 0.03767 0.00001 ( 1)
 209 P   0.96207 0.00021 0.03771 0.00001 ( 1)
 210 S   0.96174 0.00032 0.03793 0.00001 ( 1)
 211 F   0.96220 0.00013 0.03767 0.00001 ( 1)
 212 F   0.96220 0.00013 0.03767 0.00001 ( 1)
 213 R   0.96156 0.00050 0.03793 0.00002 ( 1)
 214 T   0.95364 0.00846 0.03757 0.00034 ( 1)
 215 V   0.96144 0.00062 0.03792 0.00002 ( 1)
 216 P   0.96207 0.00021 0.03771 0.00001 ( 1)
 217 S   0.95997 0.00209 0.03786 0.00008 ( 1)
 218 D   0.96196 0.00025 0.03779 0.00001 ( 1)
 219 R   0.95481 0.00598 0.03897 0.00025 ( 1)
 220 T   0.87720 0.08477 0.03460 0.00343 ( 1)
 221 Q   0.96019 0.00151 0.03823 0.00006 ( 1)
 222 L   0.95823 0.00335 0.03828 0.00014 ( 1)
 223 L   0.00048 0.96055 0.00002 0.03896 ( 2)
 224 A   0.96167 0.00064 0.03766 0.00003 ( 1)
 225 V   0.04586 0.91535 0.00180 0.03699 ( 2)
 226 M   0.51733 0.44430 0.02038 0.01799 ( 1)
 227 K   0.94692 0.01505 0.03741 0.00061 ( 1)
 228 L   0.95823 0.00335 0.03828 0.00014 ( 1)
 229 L   0.95730 0.00428 0.03825 0.00017 ( 1)
 230 Q   0.93889 0.02280 0.03738 0.00093 ( 1)
 231 E   0.46548 0.49602 0.01839 0.02010 ( 2)
 232 F   0.96029 0.00203 0.03760 0.00008 ( 1)
 233 S   0.91007 0.05196 0.03587 0.00210 ( 1)
 234 W   0.95913 0.00243 0.03835 0.00010 ( 1)
 235 N   0.96164 0.00037 0.03797 0.00002 ( 1)
 236 W   0.95913 0.00243 0.03835 0.00010 ( 1)
 237 V   0.96145 0.00060 0.03792 0.00002 ( 1)
 238 A   0.96202 0.00029 0.03768 0.00001 ( 1)
 239 A   0.96208 0.00023 0.03768 0.00001 ( 1)
 240 L   0.95821 0.00338 0.03828 0.00014 ( 1)
 241 G   0.96163 0.00045 0.03790 0.00002 ( 1)
 242 S   0.95696 0.00509 0.03774 0.00021 ( 1)
 243 D   0.96157 0.00063 0.03778 0.00003 ( 1)
 244 D   0.96150 0.00070 0.03778 0.00003 ( 1)
 245 E   0.96141 0.00058 0.03799 0.00002 ( 1)
 246 Y   0.93263 0.02927 0.03692 0.00119 ( 1)
 247 G   0.96163 0.00045 0.03790 0.00002 ( 1)
 248 R   0.96019 0.00163 0.03811 0.00007 ( 1)
 249 Q   0.95996 0.00175 0.03822 0.00007 ( 1)
 250 G   0.96163 0.00045 0.03790 0.00002 ( 1)
 251 L   0.95601 0.00557 0.03820 0.00023 ( 1)
 252 S   0.95852 0.00353 0.03780 0.00014 ( 1)
 253 I   0.96118 0.00117 0.03760 0.00005 ( 1)
 254 F   0.96220 0.00013 0.03767 0.00001 ( 1)
 255 S   0.95956 0.00227 0.03808 0.00009 ( 1)
 256 S   0.13269 0.82863 0.00520 0.03348 ( 2)
 257 M   0.92954 0.03202 0.03714 0.00130 ( 1)
 258 A   0.96189 0.00042 0.03767 0.00002 ( 1)
 259 S   0.48011 0.48148 0.01891 0.01949 ( 2)
 260 T   0.38511 0.57555 0.01573 0.02360 ( 2)
 261 Q   0.78882 0.17305 0.03112 0.00701 ( 1)
 262 G   0.89910 0.06291 0.03543 0.00255 ( 1)
 263 I   0.96223 0.00012 0.03764 0.00000 ( 1)
 264 C   0.96125 0.00076 0.03795 0.00003 ( 1)
 265 I   0.96214 0.00021 0.03764 0.00001 ( 1)
 266 A   0.94353 0.01855 0.03716 0.00075 ( 1)
 267 H   0.96177 0.00040 0.03781 0.00002 ( 1)
 268 E   0.96146 0.00053 0.03799 0.00002 ( 1)
 269 G   0.96163 0.00045 0.03790 0.00002 ( 1)
 270 L   0.95803 0.00355 0.03828 0.00014 ( 1)
 271 V   0.96145 0.00060 0.03792 0.00002 ( 1)
 272 P   0.96065 0.00142 0.03787 0.00006 ( 1)
 273 L   0.95766 0.00392 0.03826 0.00016 ( 1)
 274 S   0.92394 0.03830 0.03622 0.00155 ( 1)
 275 S   0.04443 0.91620 0.00181 0.03755 ( 2)
 276 A   0.96032 0.00199 0.03761 0.00008 ( 1)
 277 N   0.47218 0.48861 0.01921 0.02001 ( 2)
 278 D   0.00090 0.96022 0.00004 0.03884 ( 2)
 279 L   0.00008 0.96091 0.00000 0.03901 ( 2)
 280 V   0.00296 0.95803 0.00012 0.03889 ( 2)
 281 M   0.21486 0.74620 0.00858 0.03036 ( 2)
 282 R   0.95462 0.00728 0.03781 0.00030 ( 1)
 283 K   0.96095 0.00086 0.03816 0.00003 ( 1)
 284 V   0.96145 0.00060 0.03792 0.00002 ( 1)
 285 Q   0.96019 0.00151 0.03823 0.00006 ( 1)
 286 A   0.63805 0.32379 0.02506 0.01310 ( 1)
 287 L   0.14778 0.81353 0.00580 0.03289 ( 2)
 288 L   0.95823 0.00335 0.03828 0.00014 ( 1)
 289 H   0.95789 0.00428 0.03766 0.00017 ( 1)
 290 Q   0.96019 0.00151 0.03823 0.00006 ( 1)
 291 I   0.92157 0.04045 0.03635 0.00164 ( 1)
 292 N   0.96164 0.00037 0.03797 0.00002 ( 1)
 293 Q   0.96007 0.00164 0.03823 0.00007 ( 1)
 294 S   0.95858 0.00348 0.03780 0.00014 ( 1)
 295 N   0.92318 0.03884 0.03641 0.00157 ( 1)
 296 V   0.92232 0.03969 0.03638 0.00161 ( 1)
 297 Q   0.96019 0.00151 0.03823 0.00006 ( 1)
 298 V   0.96145 0.00060 0.03792 0.00002 ( 1)
 299 V   0.96145 0.00060 0.03792 0.00002 ( 1)
 300 V   0.94105 0.02052 0.03760 0.00083 ( 1)
 301 L   0.95729 0.00429 0.03825 0.00017 ( 1)
 302 F   0.96207 0.00025 0.03767 0.00001 ( 1)
 303 A   0.96204 0.00027 0.03768 0.00001 ( 1)
 304 S   0.96134 0.00071 0.03791 0.00003 ( 1)
 305 A   0.91440 0.04761 0.03607 0.00193 ( 1)
 306 H   0.43933 0.52227 0.01727 0.02113 ( 2)
 307 A   0.96125 0.00106 0.03765 0.00004 ( 1)
 308 A   0.96212 0.00019 0.03768 0.00001 ( 1)
 309 H   0.45677 0.50485 0.01796 0.02043 ( 2)
 310 L   0.00019 0.96097 0.00001 0.03883 ( 2)
 311 L   0.95794 0.00427 0.03762 0.00017 ( 1)
 312 F   0.96220 0.00013 0.03767 0.00001 ( 1)
 313 S   0.11588 0.84529 0.00458 0.03425 ( 2)
 314 Y   0.94249 0.01942 0.03731 0.00079 ( 1)
 315 S   0.95876 0.00329 0.03781 0.00013 ( 1)
 316 I   0.96223 0.00012 0.03764 0.00000 ( 1)
 317 R   0.89275 0.06925 0.03520 0.00280 ( 1)
 318 F   0.01170 0.94939 0.00046 0.03845 ( 2)
 319 N   0.41009 0.55124 0.01629 0.02238 ( 2)
 320 L   0.96184 0.00037 0.03777 0.00002 ( 1)
 321 S   0.61411 0.34742 0.02437 0.01410 ( 1)
 322 P   0.93820 0.02405 0.03678 0.00097 ( 1)
 323 K   0.96095 0.00086 0.03816 0.00003 ( 1)
 324 V   0.96145 0.00060 0.03792 0.00002 ( 1)
 325 W   0.95913 0.00243 0.03835 0.00010 ( 1)
 326 V   0.96131 0.00074 0.03792 0.00003 ( 1)
 327 A   0.96212 0.00019 0.03768 0.00001 ( 1)
 328 S   0.96152 0.00054 0.03792 0.00002 ( 1)
 329 E   0.96146 0.00053 0.03799 0.00002 ( 1)
 330 A   0.96212 0.00019 0.03768 0.00001 ( 1)
 331 W   0.95913 0.00243 0.03835 0.00010 ( 1)
 332 L   0.95793 0.00365 0.03827 0.00015 ( 1)
 333 T   0.96182 0.00028 0.03789 0.00001 ( 1)
 334 S   0.90910 0.05168 0.03710 0.00212 ( 1)
 335 D   0.92293 0.03923 0.03625 0.00159 ( 1)
 336 L   0.59592 0.36541 0.02381 0.01487 ( 1)
 337 V   0.95842 0.00382 0.03760 0.00015 ( 1)
 338 M   0.96206 0.00017 0.03776 0.00001 ( 1)
 339 E   0.86858 0.09324 0.03440 0.00378 ( 1)
 340 L   0.95821 0.00337 0.03828 0.00014 ( 1)
 341 P   0.95997 0.00230 0.03763 0.00009 ( 1)
 342 G   0.96163 0.00045 0.03790 0.00002 ( 1)
 343 M   0.96055 0.00168 0.03770 0.00007 ( 1)
 344 T   0.96037 0.00194 0.03761 0.00008 ( 1)
 345 Q   0.94812 0.01358 0.03775 0.00055 ( 1)
 346 M   0.90391 0.05826 0.03548 0.00236 ( 1)
 347 G   0.96148 0.00061 0.03789 0.00002 ( 1)
 348 T   0.96137 0.00054 0.03806 0.00002 ( 1)
 349 V   0.96145 0.00060 0.03792 0.00002 ( 1)
 350 L   0.93948 0.02133 0.03831 0.00087 ( 1)
 351 G   0.96163 0.00045 0.03790 0.00002 ( 1)
 352 F   0.96152 0.00080 0.03765 0.00003 ( 1)
 353 L   0.94745 0.01475 0.03720 0.00060 ( 1)
 354 H   0.94806 0.01364 0.03775 0.00055 ( 1)
 355 Q   0.81582 0.14585 0.03240 0.00592 ( 1)
 356 G   0.79308 0.16769 0.03236 0.00687 ( 1)
 357 D   0.03649 0.92472 0.00143 0.03737 ( 2)
 358 L   0.03543 0.92554 0.00141 0.03761 ( 2)
 359 L   0.95805 0.00353 0.03828 0.00014 ( 1)
 360 P   0.92570 0.03644 0.03639 0.00147 ( 1)
 361 N   0.00802 0.95303 0.00032 0.03863 ( 2)
 362 F   0.96220 0.00013 0.03767 0.00001 ( 1)
 363 S   0.60167 0.36019 0.02358 0.01456 ( 1)
 364 Q   0.33891 0.62231 0.01349 0.02529 ( 2)
 365 Y   0.96025 0.00167 0.03801 0.00007 ( 1)
 366 V   0.96145 0.00060 0.03792 0.00002 ( 1)
 367 K   0.95282 0.00898 0.03783 0.00036 ( 1)
 368 N   0.95485 0.00707 0.03780 0.00029 ( 1)
 369 R   0.59103 0.37074 0.02323 0.01500 ( 1)
 370 L   0.92971 0.03185 0.03714 0.00130 ( 1)
 371 H   0.13883 0.82249 0.00544 0.03324 ( 2)
 372 L   0.95823 0.00335 0.03828 0.00014 ( 1)
 373 A   0.96202 0.00029 0.03768 0.00001 ( 1)
 374 A   0.63345 0.00315 0.36322 0.00019 ( 1)
 375 N   0.93417 0.02800 0.03669 0.00113 ( 1)
 376 P   0.95222 0.00981 0.03757 0.00040 ( 1)
 377 A   0.30399 0.65752 0.01191 0.02657 ( 2)
 378 F   0.96220 0.00013 0.03767 0.00001 ( 1)
 379 C   0.95951 0.00251 0.03789 0.00010 ( 1)
 380 A   0.94019 0.02122 0.03773 0.00086 ( 1)
 381 S   0.09772 0.86355 0.00383 0.03491 ( 2)
 382 L   0.95823 0.00335 0.03828 0.00014 ( 1)
 383 K   0.14047 0.82075 0.00554 0.03324 ( 2)
 384 A   0.01018 0.95088 0.00040 0.03854 ( 2)
 385 E   0.44997 0.51139 0.01787 0.02076 ( 2)
 386 Q   0.95213 0.00985 0.03762 0.00040 ( 1)
 387 P   0.89740 0.06426 0.03573 0.00261 ( 1)
 388 G   0.92536 0.03543 0.03776 0.00145 ( 1)
 389 L   0.95766 0.00392 0.03826 0.00016 ( 1)
 390 E   0.96146 0.00053 0.03799 0.00002 ( 1)
 391 E   0.96142 0.00058 0.03799 0.00002 ( 1)
 392 H   0.95752 0.00468 0.03761 0.00019 ( 1)
 393 V   0.96145 0.00060 0.03792 0.00002 ( 1)
 394 V   0.96131 0.00074 0.03792 0.00003 ( 1)
 395 G   0.96153 0.00055 0.03789 0.00002 ( 1)
 396 P   0.87082 0.09081 0.03467 0.00369 ( 1)
 397 R   0.96156 0.00050 0.03793 0.00002 ( 1)
 398 C   0.96164 0.00038 0.03797 0.00002 ( 1)
 399 P   0.96052 0.00155 0.03786 0.00006 ( 1)
 400 Q   0.96019 0.00151 0.03823 0.00006 ( 1)
 401 C   0.92506 0.03576 0.03772 0.00147 ( 1)
 402 D   0.96196 0.00025 0.03779 0.00001 ( 1)
 403 H   0.00041 0.96065 0.00002 0.03893 ( 2)
 404 I   0.94931 0.01302 0.03714 0.00053 ( 1)
 405 T   0.94283 0.01907 0.03733 0.00077 ( 1)
 406 L   0.95803 0.00355 0.03828 0.00014 ( 1)
 407 Q   0.95918 0.00252 0.03819 0.00010 ( 1)
 408 N   0.96144 0.00057 0.03796 0.00002 ( 1)
 409 V   0.95357 0.00848 0.03761 0.00034 ( 1)
 410 S   0.38450 0.57697 0.01516 0.02337 ( 2)
 411 A   0.91025 0.05050 0.03718 0.00207 ( 1)
 412 G   0.51563 0.44586 0.02042 0.01809 ( 1)
 413 L   0.93637 0.02431 0.03832 0.00100 ( 1)
 414 L   0.00000 0.96064 0.00000 0.03936 ( 2)
 415 H   0.90187 0.06024 0.03545 0.00244 ( 1)
 416 H   0.95928 0.00289 0.03771 0.00012 ( 1)
 417 R   0.81026 0.15133 0.03226 0.00615 ( 1)
 418 P   0.49269 0.46879 0.01951 0.01901 ( 1)
 419 F   0.96212 0.00020 0.03767 0.00001 ( 1)
 420 A   0.27965 0.68102 0.01141 0.02791 ( 2)
 421 A   0.95931 0.00294 0.03763 0.00012 ( 1)
 422 Y   0.96108 0.00084 0.03805 0.00003 ( 1)
 423 A   0.72248 0.23824 0.02951 0.00977 ( 1)
 424 A   0.95196 0.00887 0.03881 0.00036 ( 1)
 425 V   0.96145 0.00060 0.03792 0.00002 ( 1)
 426 Y   0.95904 0.00172 0.03917 0.00007 ( 1)
 427 S   0.95668 0.00537 0.03773 0.00022 ( 1)
 428 V   0.96145 0.00060 0.03792 0.00002 ( 1)
 429 A   0.96208 0.00023 0.03768 0.00001 ( 1)
 430 Q   0.95999 0.00172 0.03822 0.00007 ( 1)
 431 A   0.96212 0.00019 0.03768 0.00001 ( 1)
 432 L   0.95754 0.00404 0.03826 0.00016 ( 1)
 433 H   0.96190 0.00027 0.03781 0.00001 ( 1)
 434 N   0.96162 0.00040 0.03797 0.00002 ( 1)
 435 T   0.93393 0.02686 0.03811 0.00110 ( 1)
 436 L   0.95654 0.00427 0.03901 0.00018 ( 1)
 437 Q   0.03257 0.92840 0.00130 0.03773 ( 2)
 438 C   0.96164 0.00038 0.03797 0.00002 ( 1)
 439 S   0.68411 0.27763 0.02701 0.01125 ( 1)
 440 S   0.92649 0.03578 0.03629 0.00145 ( 1)
 441 S   0.95553 0.00518 0.03908 0.00021 ( 1)
 442 G   0.96163 0.00045 0.03790 0.00002 ( 1)
 443 C   0.96164 0.00038 0.03797 0.00002 ( 1)
 444 P   0.96192 0.00036 0.03771 0.00001 ( 1)
 445 A   0.00131 0.95978 0.00005 0.03886 ( 2)
 446 R   0.10319 0.85784 0.00411 0.03486 ( 2)
 447 E   0.92900 0.03317 0.03649 0.00134 ( 1)
 448 P   0.96204 0.00024 0.03771 0.00001 ( 1)
 449 V   0.96145 0.00060 0.03792 0.00002 ( 1)
 450 R   0.35766 0.60363 0.01420 0.02451 ( 2)
 451 -   0.80396 0.15658 0.03303 0.00643 ( 1)
 452 -   0.80396 0.15658 0.03303 0.00643 ( 1)
 453 -   0.80396 0.15658 0.03303 0.00643 ( 1)
 454 -   0.80396 0.15658 0.03303 0.00643 ( 1)
 455 -   0.80396 0.15658 0.03303 0.00643 ( 1)
 456 -   0.80396 0.15658 0.03303 0.00643 ( 1)
 457 P   0.95795 0.00433 0.03755 0.00017 ( 1)
 458 W   0.95913 0.00243 0.03835 0.00010 ( 1)
 459 Q   0.79980 0.16178 0.03185 0.00657 ( 1)
 460 L   0.50417 0.45753 0.01980 0.01851 ( 1)
 461 L   0.92892 0.03263 0.03711 0.00133 ( 1)
 462 E   0.07433 0.88679 0.00294 0.03594 ( 2)
 463 N   0.95328 0.00873 0.03764 0.00035 ( 1)
 464 M   0.74168 0.22030 0.02911 0.00891 ( 1)
 465 Y   0.85375 0.10807 0.03380 0.00438 ( 1)
 466 N   0.95732 0.00470 0.03780 0.00019 ( 1)
 467 M   0.95551 0.00607 0.03817 0.00025 ( 1)
 468 S   0.95825 0.00384 0.03775 0.00016 ( 1)
 469 F   0.96220 0.00013 0.03767 0.00001 ( 1)
 470 -   0.80396 0.15658 0.03303 0.00643 ( 1)
 471 R   0.05860 0.90257 0.00230 0.03652 ( 2)
 472 A   0.00019 0.94396 0.00011 0.05574 ( 2)
 473 G   0.04994 0.91119 0.00197 0.03690 ( 2)
 474 G   0.95390 0.00799 0.03778 0.00032 ( 1)
 475 L   0.91703 0.04452 0.03664 0.00181 ( 1)
 476 E   0.00066 0.94208 0.00039 0.05688 ( 2)
 477 L   0.89047 0.07106 0.03558 0.00289 ( 1)
 478 R   0.93259 0.02921 0.03702 0.00119 ( 1)
 479 F   0.95492 0.00740 0.03739 0.00030 ( 1)
 480 D   0.92177 0.04038 0.03621 0.00163 ( 1)
 481 A   0.01684 0.94425 0.00066 0.03825 ( 2)
 482 G   0.49471 0.46687 0.01951 0.01891 ( 1)
 483 G   0.95938 0.00134 0.03923 0.00005 ( 1)
 484 N   0.96144 0.00057 0.03796 0.00002 ( 1)
 485 V   0.96139 0.00066 0.03792 0.00003 ( 1)
 486 N   0.95965 0.00255 0.03769 0.00010 ( 1)
 487 L   0.68516 0.27675 0.02689 0.01119 ( 1)
 488 K   0.95474 0.00724 0.03772 0.00029 ( 1)
 489 Y   0.06130 0.89978 0.00243 0.03649 ( 2)
 490 D   0.92332 0.03884 0.03627 0.00157 ( 1)
 491 L   0.93147 0.03009 0.03721 0.00122 ( 1)
 492 K   0.95199 0.00981 0.03780 0.00040 ( 1)
 493 L   0.67157 0.28981 0.02683 0.01179 ( 1)
 494 W   0.71057 0.25082 0.02841 0.01021 ( 1)
 495 V   0.95492 0.00712 0.03767 0.00029 ( 1)
 496 W   0.95913 0.00243 0.03835 0.00010 ( 1)
 497 R   0.00958 0.95138 0.00038 0.03866 ( 2)
 498 D   0.10004 0.86115 0.00394 0.03487 ( 2)
 499 P   0.00168 0.95892 0.00007 0.03933 ( 2)
 500 T   0.68451 0.27725 0.02700 0.01123 ( 1)
 501 P   0.96190 0.00038 0.03770 0.00002 ( 1)
 502 E   0.00316 0.95782 0.00013 0.03889 ( 2)
 503 L   0.96156 0.00065 0.03776 0.00003 ( 1)
 504 R   0.61532 0.34647 0.02419 0.01402 ( 1)
 505 T   0.00077 0.96035 0.00003 0.03885 ( 2)
 506 V   0.96145 0.00060 0.03792 0.00002 ( 1)
 507 G   0.96163 0.00045 0.03790 0.00002 ( 1)
 508 T   0.00428 0.95671 0.00017 0.03885 ( 2)
 509 F   0.96220 0.00013 0.03767 0.00001 ( 1)
 510 N   0.95511 0.00690 0.03771 0.00028 ( 1)
 511 G   0.86564 0.09634 0.03411 0.00390 ( 1)
 512 S   0.11978 0.84141 0.00472 0.03408 ( 2)
 513 L   0.95844 0.00377 0.03764 0.00015 ( 1)
 514 W   0.02535 0.93565 0.00101 0.03799 ( 2)
 515 -   0.80396 0.15658 0.03303 0.00643 ( 1)
 516 L   0.00983 0.95078 0.00040 0.03899 ( 2)
 517 Q   0.88141 0.08050 0.03482 0.00326 ( 1)
 518 R   0.89234 0.06965 0.03520 0.00282 ( 1)
 519 S   0.00089 0.96001 0.00004 0.03906 ( 2)
 520 K   0.95247 0.00933 0.03782 0.00038 ( 1)
 521 I   0.96106 0.00129 0.03760 0.00005 ( 1)
 522 C   0.00091 0.96016 0.00004 0.03889 ( 2)
 523 W   0.95913 0.00243 0.03835 0.00010 ( 1)
 524 H   0.96155 0.00063 0.03780 0.00003 ( 1)
 525 T   0.94276 0.01914 0.03732 0.00078 ( 1)
 526 H   0.02320 0.93742 0.00095 0.03842 ( 2)
 527 S   0.00600 0.95513 0.00024 0.03864 ( 2)
 528 N   0.96109 0.00092 0.03795 0.00004 ( 1)
 529 R   0.80662 0.15497 0.03212 0.00630 ( 1)
 530 V   0.00002 0.96096 0.00000 0.03902 ( 2)
 531 P   0.96061 0.00167 0.03765 0.00007 ( 1)
 532 V   0.89903 0.06296 0.03546 0.00255 ( 1)
 533 S   0.95764 0.00441 0.03777 0.00018 ( 1)
 534 Q   0.74218 0.21945 0.02946 0.00891 ( 1)
 535 C   0.96164 0.00038 0.03797 0.00002 ( 1)
 536 S   0.95216 0.00966 0.03779 0.00039 ( 1)
 537 Q   0.36470 0.59660 0.01448 0.02422 ( 2)
 538 Q   0.79428 0.16729 0.03163 0.00680 ( 1)
 539 C   0.96116 0.00085 0.03795 0.00003 ( 1)
 540 Q   0.37933 0.58192 0.01510 0.02365 ( 2)
 541 E   0.94516 0.01682 0.03734 0.00068 ( 1)
 542 G   0.96112 0.00096 0.03788 0.00004 ( 1)
 543 Q   0.95885 0.00285 0.03818 0.00012 ( 1)
 544 V   0.96082 0.00123 0.03790 0.00005 ( 1)
 545 R   0.96100 0.00105 0.03790 0.00004 ( 1)
 546 R   0.95333 0.00849 0.03784 0.00034 ( 1)
 547 V   0.96143 0.00082 0.03772 0.00003 ( 1)
 548 K   0.95332 0.00849 0.03785 0.00034 ( 1)
 549 G   0.96081 0.00110 0.03805 0.00004 ( 1)
 550 F   0.96102 0.00130 0.03763 0.00005 ( 1)
 551 H   0.91182 0.05030 0.03584 0.00204 ( 1)
 552 S   0.95823 0.00382 0.03779 0.00015 ( 1)
 553 C   0.89540 0.06655 0.03535 0.00270 ( 1)
 554 C   0.89540 0.06655 0.03535 0.00270 ( 1)
 555 Y   0.95452 0.00740 0.03779 0.00030 ( 1)
 556 D   0.96196 0.00025 0.03779 0.00001 ( 1)
 557 C   0.95785 0.00298 0.03905 0.00012 ( 1)
 558 V   0.96063 0.00142 0.03789 0.00006 ( 1)
 559 D   0.96196 0.00025 0.03779 0.00001 ( 1)
 560 C   0.96160 0.00042 0.03797 0.00002 ( 1)
 561 K   0.48743 0.47410 0.01926 0.01922 ( 1)
 562 P   0.85929 0.10271 0.03385 0.00416 ( 1)
 563 G   0.96163 0.00045 0.03790 0.00002 ( 1)
 564 S   0.96157 0.00049 0.03792 0.00002 ( 1)
 565 Y   0.96137 0.00055 0.03806 0.00002 ( 1)
 566 Q   0.72540 0.23621 0.02879 0.00959 ( 1)
 567 -   0.80396 0.15658 0.03303 0.00643 ( 1)
 568 H   0.00731 0.95332 0.00030 0.03907 ( 2)
 569 S   0.59588 0.36577 0.02353 0.01482 ( 1)
 570 P   0.11040 0.85022 0.00451 0.03486 ( 2)
 571 -   0.80396 0.15658 0.03303 0.00643 ( 1)
 572 -   0.80396 0.15658 0.03303 0.00643 ( 1)
 573 E   0.16724 0.79407 0.00657 0.03212 ( 2)
 574 D   0.95774 0.00446 0.03762 0.00018 ( 1)
 575 P   0.00017 0.96092 0.00001 0.03890 ( 2)
 576 T   0.00207 0.95907 0.00008 0.03877 ( 2)
 577 C   0.91156 0.05040 0.03599 0.00204 ( 1)
 578 T   0.68710 0.27472 0.02707 0.01112 ( 1)
 579 P   0.00000 0.96066 0.00000 0.03934 ( 2)
 580 C   0.76707 0.19372 0.03127 0.00794 ( 1)
 581 R   0.00000 0.96108 0.00000 0.03892 ( 2)
 582 K   0.00725 0.95370 0.00029 0.03876 ( 2)
 583 D   0.51337 0.44742 0.02089 0.01832 ( 1)
 584 Q   0.47814 0.48338 0.01889 0.01959 ( 2)
 585 W   0.89873 0.06278 0.03593 0.00255 ( 1)
 586 S   0.96172 0.00034 0.03793 0.00001 ( 1)
 587 P   0.96159 0.00048 0.03790 0.00002 ( 1)
 588 Q   0.53095 0.43062 0.02098 0.01745 ( 1)
 589 R   0.95937 0.00129 0.03928 0.00005 ( 1)
 590 S   0.96174 0.00032 0.03793 0.00001 ( 1)
 591 R   0.31157 0.64907 0.01274 0.02662 ( 2)
 592 K   0.51311 0.44849 0.02024 0.01817 ( 1)
 593 C   0.96164 0.00038 0.03797 0.00002 ( 1)
 594 F   0.96220 0.00013 0.03767 0.00001 ( 1)
 595 S   0.01265 0.94843 0.00050 0.03843 ( 2)
 596 R   0.96108 0.00097 0.03791 0.00004 ( 1)
 597 R   0.94726 0.01453 0.03762 0.00059 ( 1)
 598 H   0.00771 0.95292 0.00031 0.03906 ( 2)
 599 T   0.65531 0.30624 0.02601 0.01243 ( 1)
 600 F   0.96073 0.00159 0.03762 0.00006 ( 1)
 601 L   0.91584 0.04571 0.03659 0.00186 ( 1)
 602 A   0.17027 0.79036 0.00696 0.03241 ( 2)
 603 W   0.51602 0.44522 0.02063 0.01812 ( 1)
 604 G   0.95558 0.00649 0.03766 0.00026 ( 1)
 605 D   0.38917 0.57226 0.01538 0.02319 ( 2)
 606 P   0.88984 0.07216 0.03507 0.00292 ( 1)
 607 T   0.78860 0.17219 0.03215 0.00706 ( 1)
 608 V   0.95457 0.00747 0.03765 0.00030 ( 1)
 609 L   0.95783 0.00375 0.03827 0.00015 ( 1)
 610 V   0.00225 0.95866 0.00009 0.03901 ( 2)
 611 L   0.70110 0.26030 0.02801 0.01059 ( 1)
 612 L   0.91688 0.04528 0.03600 0.00183 ( 1)
 613 L   0.79511 0.16635 0.03177 0.00677 ( 1)
 614 L   0.88252 0.07901 0.03526 0.00321 ( 1)
 615 L   0.91246 0.04909 0.03646 0.00200 ( 1)
 616 G   0.32659 0.63482 0.01288 0.02571 ( 2)
 617 L   0.95604 0.00554 0.03820 0.00023 ( 1)
 618 V   0.93419 0.02789 0.03680 0.00113 ( 1)
 619 L   0.95823 0.00335 0.03828 0.00014 ( 1)
 620 A   0.95494 0.00713 0.03763 0.00029 ( 1)
 621 L   0.94929 0.01152 0.03871 0.00047 ( 1)
 622 V   0.96145 0.00060 0.03792 0.00002 ( 1)
 623 L   0.88252 0.07901 0.03526 0.00321 ( 1)
 624 A   0.93266 0.02816 0.03802 0.00115 ( 1)
 625 A   0.31642 0.64428 0.01290 0.02640 ( 2)
 626 L   0.91021 0.05100 0.03671 0.00208 ( 1)
 627 G   0.96089 0.00101 0.03806 0.00004 ( 1)
 628 L   0.63245 0.32890 0.02527 0.01338 ( 1)
 629 F   0.94049 0.02181 0.03682 0.00088 ( 1)
 630 V   0.00127 0.94999 0.00041 0.04833 ( 2)
 631 H   0.53483 0.42687 0.02103 0.01727 ( 1)
 632 H   0.95364 0.00726 0.03881 0.00030 ( 1)
 633 R   0.12206 0.83903 0.00485 0.03406 ( 2)
 634 N   0.64676 0.31509 0.02540 0.01275 ( 1)
 635 S   0.91170 0.05031 0.03595 0.00204 ( 1)
 636 P   0.93657 0.02417 0.03826 0.00099 ( 1)
 637 L   0.84197 0.11953 0.03364 0.00486 ( 1)
 638 V   0.47335 0.48738 0.01930 0.01997 ( 2)
 639 Q   0.78181 0.17976 0.03113 0.00731 ( 1)
 640 A   0.96212 0.00019 0.03768 0.00001 ( 1)
 641 S   0.91169 0.05009 0.03618 0.00203 ( 1)
 642 G   0.70662 0.25513 0.02792 0.01034 ( 1)
 643 G   0.82998 0.13181 0.03287 0.00535 ( 1)
 644 L   0.00583 0.95533 0.00023 0.03862 ( 2)
 645 L   0.88252 0.07901 0.03526 0.00321 ( 1)
 646 A   0.95344 0.00886 0.03734 0.00036 ( 1)
 647 C   0.89284 0.06911 0.03525 0.00280 ( 1)
 648 F   0.54647 0.41433 0.02224 0.01697 ( 1)
 649 G   0.51487 0.44675 0.02029 0.01809 ( 1)
 650 L   0.82542 0.13607 0.03298 0.00554 ( 1)
 651 A   0.54106 0.42057 0.02134 0.01704 ( 1)
 652 C   0.95172 0.01028 0.03758 0.00042 ( 1)
 653 L   0.89373 0.06781 0.03571 0.00276 ( 1)
 654 G   0.88537 0.07664 0.03489 0.00310 ( 1)
 655 L   0.93533 0.02623 0.03737 0.00107 ( 1)
 656 V   0.95742 0.00483 0.03756 0.00020 ( 1)
 657 C   0.96164 0.00038 0.03797 0.00002 ( 1)
 658 L   0.90419 0.05730 0.03618 0.00233 ( 1)
 659 S   0.85692 0.10504 0.03379 0.00425 ( 1)
 660 G   0.55318 0.40860 0.02170 0.01652 ( 1)
 661 L   0.91042 0.05173 0.03575 0.00209 ( 1)
 662 L   0.83778 0.12371 0.03347 0.00503 ( 1)
 663 F   0.94770 0.01460 0.03711 0.00059 ( 1)
 664 P   0.85297 0.10784 0.03478 0.00442 ( 1)
 665 G   0.96144 0.00064 0.03789 0.00003 ( 1)
 666 R   0.71099 0.25052 0.02831 0.01018 ( 1)
 667 P   0.96121 0.00107 0.03768 0.00004 ( 1)
 668 S   0.91402 0.04800 0.03604 0.00194 ( 1)
 669 P   0.95587 0.00495 0.03897 0.00020 ( 1)
 670 A   0.90145 0.06079 0.03531 0.00246 ( 1)
 671 S   0.44902 0.51160 0.01838 0.02099 ( 2)
 672 C   0.96149 0.00052 0.03796 0.00002 ( 1)
 673 L   0.64468 0.31668 0.02576 0.01289 ( 1)
 674 A   0.96056 0.00174 0.03762 0.00007 ( 1)
 675 Q   0.94024 0.02145 0.03744 0.00087 ( 1)
 676 Q   0.94408 0.01762 0.03759 0.00072 ( 1)
 677 P   0.95445 0.00782 0.03741 0.00032 ( 1)
 678 L   0.30770 0.65323 0.01241 0.02667 ( 2)
 679 C   0.82567 0.13625 0.03256 0.00552 ( 1)
 680 H   0.64090 0.32092 0.02519 0.01298 ( 1)
 681 L   0.96142 0.00080 0.03775 0.00003 ( 1)
 682 P   0.95104 0.01103 0.03749 0.00045 ( 1)
 683 L   0.96130 0.00091 0.03775 0.00004 ( 1)
 684 T   0.95952 0.00240 0.03799 0.00010 ( 1)
 685 G   0.96112 0.00096 0.03788 0.00004 ( 1)
 686 C   0.96116 0.00085 0.03795 0.00003 ( 1)
 687 L   0.95604 0.00554 0.03820 0.00023 ( 1)
 688 S   0.96132 0.00074 0.03791 0.00003 ( 1)
 689 T   0.88853 0.07219 0.03632 0.00296 ( 1)
 690 L   0.94765 0.01455 0.03721 0.00059 ( 1)
 691 F   0.92596 0.03632 0.03625 0.00147 ( 1)
 692 L   0.95604 0.00554 0.03820 0.00023 ( 1)
 693 Q   0.95887 0.00284 0.03818 0.00012 ( 1)
 694 A   0.95886 0.00324 0.03777 0.00013 ( 1)
 695 A   0.96178 0.00053 0.03767 0.00002 ( 1)
 696 E   0.94933 0.01265 0.03751 0.00051 ( 1)
 697 T   0.79385 0.16829 0.03106 0.00680 ( 1)
 698 F   0.96181 0.00051 0.03766 0.00002 ( 1)
 699 V   0.85163 0.11031 0.03359 0.00447 ( 1)
 700 E   0.96075 0.00124 0.03796 0.00005 ( 1)
 701 S   0.94366 0.01704 0.03860 0.00070 ( 1)
 702 E   0.95702 0.00382 0.03900 0.00016 ( 1)
 703 L   0.95354 0.00804 0.03810 0.00033 ( 1)
 704 P   0.95215 0.00868 0.03882 0.00036 ( 1)
 705 P   0.00899 0.95191 0.00036 0.03873 ( 2)
 706 S   0.91669 0.04533 0.03615 0.00184 ( 1)
 707 W   0.93361 0.02793 0.03733 0.00114 ( 1)
 708 A   0.29163 0.66903 0.01191 0.02743 ( 2)
 709 D   0.93363 0.02854 0.03667 0.00115 ( 1)
 710 R   0.91377 0.04801 0.03627 0.00195 ( 1)
 711 L   0.92928 0.03228 0.03713 0.00131 ( 1)
 712 H   0.10786 0.85281 0.00440 0.03494 ( 2)
 713 S   0.95776 0.00432 0.03775 0.00017 ( 1)
 714 R   0.90912 0.05284 0.03590 0.00214 ( 1)
 715 L   0.95823 0.00335 0.03828 0.00014 ( 1)
 716 R   0.93885 0.02295 0.03727 0.00093 ( 1)
 717 G   0.96081 0.00110 0.03805 0.00004 ( 1)
 718 P   0.96008 0.00219 0.03763 0.00009 ( 1)
 719 C   0.74500 0.21640 0.02979 0.00881 ( 1)
 720 A   0.96212 0.00019 0.03768 0.00001 ( 1)
 721 W   0.95913 0.00243 0.03835 0.00010 ( 1)
 722 M   0.92519 0.03636 0.03696 0.00148 ( 1)
 723 V   0.57842 0.38324 0.02282 0.01552 ( 1)
 724 V   0.96145 0.00060 0.03792 0.00002 ( 1)
 725 V   0.92797 0.03359 0.03707 0.00137 ( 1)
 726 L   0.95729 0.00429 0.03825 0.00017 ( 1)
 727 A   0.96026 0.00205 0.03761 0.00008 ( 1)
 728 L   0.22784 0.73356 0.00894 0.02966 ( 2)
 729 L   0.95823 0.00335 0.03828 0.00014 ( 1)
 730 V   0.96127 0.00078 0.03792 0.00003 ( 1)
 731 E   0.96146 0.00053 0.03799 0.00002 ( 1)
 732 A   0.95576 0.00648 0.03749 0.00026 ( 1)
 733 A   0.94934 0.01141 0.03878 0.00047 ( 1)
 734 L   0.95823 0.00335 0.03828 0.00014 ( 1)
 735 C   0.96093 0.00109 0.03794 0.00004 ( 1)
 736 A   0.56912 0.39256 0.02242 0.01589 ( 1)
 737 W   0.95913 0.00243 0.03835 0.00010 ( 1)
 738 Y   0.96137 0.00055 0.03806 0.00002 ( 1)
 739 L   0.95823 0.00335 0.03828 0.00014 ( 1)
 740 I   0.00537 0.95570 0.00021 0.03871 ( 2)
 741 A   0.96202 0.00029 0.03768 0.00001 ( 1)
 742 F   0.96218 0.00014 0.03767 0.00001 ( 1)
 743 R   0.94961 0.01246 0.03743 0.00050 ( 1)
 744 P   0.95028 0.01178 0.03746 0.00048 ( 1)
 745 E   0.96146 0.00053 0.03799 0.00002 ( 1)
 746 V   0.96122 0.00083 0.03791 0.00003 ( 1)
 747 V   0.96145 0.00060 0.03792 0.00002 ( 1)
 748 M   0.48888 0.47260 0.01935 0.01917 ( 1)
 749 D   0.96196 0.00025 0.03779 0.00001 ( 1)
 750 W   0.95913 0.00243 0.03835 0.00010 ( 1)
 751 H   0.52639 0.43530 0.02069 0.01761 ( 1)
 752 V   0.88884 0.07332 0.03488 0.00296 ( 1)
 753 L   0.95801 0.00357 0.03827 0.00015 ( 1)
 754 P   0.96207 0.00021 0.03771 0.00001 ( 1)
 755 T   0.91902 0.04286 0.03638 0.00174 ( 1)
 756 K   0.95644 0.00554 0.03779 0.00022 ( 1)
 757 A   0.95568 0.00642 0.03764 0.00026 ( 1)
 758 L   0.95803 0.00355 0.03828 0.00014 ( 1)
 759 V   0.94448 0.01756 0.03725 0.00071 ( 1)
 760 H   0.96190 0.00027 0.03781 0.00001 ( 1)
 761 C   0.96119 0.00083 0.03795 0.00003 ( 1)
 762 R   0.95692 0.00513 0.03774 0.00021 ( 1)
 763 V   0.00042 0.96018 0.00002 0.03938 ( 2)
 764 H   0.95219 0.00985 0.03756 0.00040 ( 1)
 765 S   0.96174 0.00032 0.03793 0.00001 ( 1)
 766 W   0.95913 0.00243 0.03835 0.00010 ( 1)
 767 A   0.95776 0.00448 0.03757 0.00018 ( 1)
 768 G   0.92954 0.03249 0.03666 0.00132 ( 1)
 769 L   0.94973 0.01258 0.03719 0.00051 ( 1)
 770 G   0.96163 0.00045 0.03790 0.00002 ( 1)
 771 L   0.95717 0.00352 0.03918 0.00014 ( 1)
 772 V   0.95321 0.00888 0.03755 0.00036 ( 1)
 773 H   0.96156 0.00062 0.03780 0.00002 ( 1)
 774 T   0.94219 0.02010 0.03690 0.00081 ( 1)
 775 L   0.68624 0.27557 0.02703 0.01116 ( 1)
 776 N   0.95637 0.00447 0.03899 0.00018 ( 1)
 777 A   0.96207 0.00024 0.03768 0.00001 ( 1)
 778 I   0.04627 0.91480 0.00183 0.03710 ( 2)
 779 L   0.95823 0.00335 0.03828 0.00014 ( 1)
 780 A   0.96147 0.00084 0.03766 0.00003 ( 1)
 781 S   0.95830 0.00260 0.03899 0.00011 ( 1)
 782 L   0.96092 0.00129 0.03773 0.00005 ( 1)
 783 C   0.95782 0.00419 0.03782 0.00017 ( 1)
 784 F   0.96217 0.00015 0.03767 0.00001 ( 1)
 785 L   0.95719 0.00438 0.03824 0.00018 ( 1)
 786 G   0.96144 0.00064 0.03789 0.00003 ( 1)
 787 T   0.96046 0.00033 0.03919 0.00001 ( 1)
 788 F   0.96220 0.00013 0.03767 0.00001 ( 1)
 789 L   0.95823 0.00335 0.03828 0.00014 ( 1)
 790 V   0.96122 0.00083 0.03791 0.00003 ( 1)
 791 R   0.74318 0.21845 0.02950 0.00887 ( 1)
 792 S   0.96174 0.00032 0.03793 0.00001 ( 1)
 793 Q   0.18906 0.77203 0.00753 0.03138 ( 2)
 794 P   0.96065 0.00142 0.03787 0.00006 ( 1)
 795 G   0.88162 0.08038 0.03474 0.00326 ( 1)
 796 R   0.63228 0.00329 0.36423 0.00020 ( 1)
 797 Y   0.96137 0.00055 0.03806 0.00002 ( 1)
 798 S   0.95784 0.00417 0.03782 0.00017 ( 1)
 799 R   0.76023 0.20052 0.03103 0.00822 ( 1)
 800 A   0.96212 0.00019 0.03768 0.00001 ( 1)
 801 R   0.93815 0.02263 0.03829 0.00093 ( 1)
 802 G   0.96163 0.00045 0.03790 0.00002 ( 1)
 803 L   0.95684 0.00537 0.03757 0.00022 ( 1)
 804 T   0.96183 0.00027 0.03789 0.00001 ( 1)
 805 F   0.94403 0.01686 0.03841 0.00069 ( 1)
 806 A   0.96212 0.00019 0.03768 0.00001 ( 1)
 807 T   0.56951 0.39227 0.02235 0.01586 ( 1)
 808 L   0.95823 0.00335 0.03828 0.00014 ( 1)
 809 A   0.96202 0.00029 0.03768 0.00001 ( 1)
 810 Y   0.96075 0.00117 0.03803 0.00005 ( 1)
 811 L   0.95968 0.00264 0.03758 0.00011 ( 1)
 812 I   0.96223 0.00012 0.03764 0.00000 ( 1)
 813 T   0.95911 0.00299 0.03778 0.00012 ( 1)
 814 W   0.95913 0.00243 0.03835 0.00010 ( 1)
 815 V   0.96192 0.00033 0.03774 0.00001 ( 1)
 816 S   0.96174 0.00032 0.03793 0.00001 ( 1)
 817 F   0.96068 0.00022 0.03909 0.00001 ( 1)
 818 V   0.96145 0.00060 0.03792 0.00002 ( 1)
 819 P   0.96183 0.00045 0.03770 0.00002 ( 1)
 820 L   0.96184 0.00037 0.03777 0.00002 ( 1)
 821 L   0.95823 0.00335 0.03828 0.00014 ( 1)
 822 A   0.96212 0.00019 0.03768 0.00001 ( 1)
 823 N   0.95520 0.00617 0.03837 0.00025 ( 1)
 824 V   0.94297 0.01906 0.03719 0.00077 ( 1)
 825 Q   0.94684 0.01486 0.03770 0.00060 ( 1)
 826 V   0.96145 0.00060 0.03792 0.00002 ( 1)
 827 A   0.95812 0.00412 0.03759 0.00017 ( 1)
 828 H   0.50507 0.45662 0.01983 0.01847 ( 1)
 829 Q   0.93647 0.02530 0.03720 0.00103 ( 1)
 830 P   0.96148 0.00080 0.03769 0.00003 ( 1)
 831 A   0.96206 0.00025 0.03768 0.00001 ( 1)
 832 V   0.90124 0.06075 0.03555 0.00246 ( 1)
 833 Q   0.96019 0.00151 0.03823 0.00006 ( 1)
 834 M   0.96206 0.00017 0.03776 0.00001 ( 1)
 835 G   0.95930 0.00278 0.03781 0.00011 ( 1)
 836 A   0.96211 0.00020 0.03768 0.00001 ( 1)
 837 V   0.90217 0.05997 0.03543 0.00243 ( 1)
 838 L   0.95951 0.00207 0.03833 0.00008 ( 1)
 839 F   0.95468 0.00752 0.03749 0.00030 ( 1)
 840 C   0.92239 0.03843 0.03761 0.00157 ( 1)
 841 A   0.91396 0.04824 0.03585 0.00195 ( 1)
 842 L   0.95823 0.00335 0.03828 0.00014 ( 1)
 843 G   0.96163 0.00045 0.03790 0.00002 ( 1)
 844 I   0.96194 0.00041 0.03763 0.00002 ( 1)
 845 L   0.95823 0.00335 0.03828 0.00014 ( 1)
 846 V   0.94183 0.01900 0.03840 0.00078 ( 1)
 847 A   0.96212 0.00019 0.03768 0.00001 ( 1)
 848 F   0.93849 0.02380 0.03675 0.00096 ( 1)
 849 H   0.96190 0.00027 0.03781 0.00001 ( 1)
 850 L   0.95791 0.00367 0.03827 0.00015 ( 1)
 851 P   0.96201 0.00027 0.03771 0.00001 ( 1)
 852 K   0.94607 0.01572 0.03758 0.00064 ( 1)
 853 C   0.95383 0.00699 0.03889 0.00029 ( 1)
 854 Y   0.96137 0.00055 0.03806 0.00002 ( 1)
 855 L   0.95793 0.00365 0.03827 0.00015 ( 1)
 856 L   0.96108 0.00114 0.03774 0.00005 ( 1)
 857 V   0.03891 0.92226 0.00153 0.03730 ( 2)
 858 R   0.26915 0.69183 0.01079 0.02822 ( 2)
 859 Q   0.96019 0.00151 0.03823 0.00006 ( 1)
 860 P   0.95457 0.00618 0.03900 0.00025 ( 1)
 861 E   0.89469 0.06715 0.03543 0.00272 ( 1)
 862 L   0.96183 0.00039 0.03777 0.00002 ( 1)
 863 N   0.96164 0.00037 0.03797 0.00002 ( 1)
 864 T   0.96183 0.00027 0.03789 0.00001 ( 1)
 865 P   0.96116 0.00100 0.03779 0.00004 ( 1)
 866 E   0.96146 0.00053 0.03799 0.00002 ( 1)
 867 F   0.96220 0.00013 0.03767 0.00001 ( 1)
 868 F   0.96219 0.00013 0.03767 0.00001 ( 1)
 869 L   0.95823 0.00335 0.03828 0.00014 ( 1)
 870 G   0.88314 0.07757 0.03611 0.00318 ( 1)
 871 G   0.95200 0.00989 0.03770 0.00040 ( 1)
 872 R   0.21201 0.74929 0.00836 0.03034 ( 2)
 873 S   0.12230 0.83836 0.00499 0.03435 ( 2)
 874 R   0.08864 0.87246 0.00351 0.03539 ( 2)
 875 D   0.08132 0.87937 0.00331 0.03601 ( 2)
 876 A   0.51493 0.44685 0.02017 0.01806 ( 1)
 877 T   0.00026 0.96038 0.00001 0.03936 ( 2)
 878 S   0.87600 0.08599 0.03452 0.00348 ( 1)
 879 R   0.58583 0.06992 0.34007 0.00418 ( 1)
 880 E   0.00575 0.95489 0.00023 0.03912 ( 2)
 881 S   0.10679 0.85445 0.00419 0.03456 ( 2)
 882 S   0.07575 0.88479 0.00311 0.03635 ( 2)
 883 G   0.17473 0.78581 0.00718 0.03228 ( 2)
 884 G   0.81934 0.14243 0.03245 0.00578 ( 1)
 885 E   0.00766 0.93240 0.00441 0.05552 ( 2)
 886 E   0.21340 0.74723 0.00872 0.03065 ( 2)
 887 G   0.52683 0.43384 0.02154 0.01779 ( 1)
 888 T   0.13786 0.82281 0.00562 0.03371 ( 2)
 889 R   0.94422 0.01747 0.03760 0.00071 ( 1)
 890 G   0.79280 0.16895 0.03140 0.00685 ( 1)
 891 K   0.94906 0.01171 0.03875 0.00048 ( 1)
 892 S   0.00097 0.95969 0.00004 0.03930 ( 2)
 893 E   0.95380 0.00818 0.03768 0.00033 ( 1)


lnL = -13085.233658

Bayes Empirical Bayes (BEB) probabilities for 4 classes (class)
(amino acids refer to 1st sequence: 1.Bushbaby)

   1 -   0.83961 0.12374 0.03199 0.00467 ( 1)
   2 -   0.83729 0.12606 0.03190 0.00475 ( 1)
   3 -   0.83982 0.12353 0.03199 0.00466 ( 1)
   4 -   0.83928 0.12407 0.03197 0.00468 ( 1)
   5 -   0.83746 0.12589 0.03190 0.00475 ( 1)
   6 -   0.83167 0.13168 0.03169 0.00497 ( 1)
   7 -   0.83998 0.12337 0.03200 0.00465 ( 1)
   8 -   0.83890 0.12445 0.03196 0.00469 ( 1)
   9 -   0.83426 0.12909 0.03178 0.00487 ( 1)
  10 -   0.48118 0.48217 0.01843 0.01823 ( 2)
  11 -   0.83845 0.12490 0.03194 0.00471 ( 1)
  12 -   0.83610 0.12724 0.03185 0.00480 ( 1)
  13 -   0.83610 0.12724 0.03185 0.00480 ( 1)
  14 -   0.83219 0.13116 0.03170 0.00495 ( 1)
  15 -   0.83890 0.12445 0.03196 0.00469 ( 1)
  16 -   0.83998 0.12337 0.03200 0.00465 ( 1)
  17 -   0.83185 0.13150 0.03169 0.00496 ( 1)
  18 -   0.83998 0.12337 0.03200 0.00465 ( 1)
  19 M   0.96708 0.00021 0.03270 0.00001 ( 1)
  20 P   0.89768 0.06809 0.03180 0.00243 ( 1)
  21 G   0.31518 0.65120 0.01089 0.02273 ( 2)
  22 P   0.44731 0.51666 0.01680 0.01923 ( 2)
  23 A   0.72921 0.23482 0.02725 0.00872 ( 1)
  24 V   0.96686 0.00041 0.03272 0.00001 ( 1)
  25 L   0.96198 0.00383 0.03406 0.00014 ( 1)
  26 G   0.96639 0.00054 0.03305 0.00002 ( 1)
  27 F   0.93498 0.03218 0.03172 0.00111 ( 1)
  28 S   0.96653 0.00038 0.03307 0.00001 ( 1)
  29 L   0.96674 0.00046 0.03279 0.00002 ( 1)
  30 A   0.80369 0.16199 0.02853 0.00578 ( 1)
  31 T   0.35858 0.60539 0.01348 0.02255 ( 2)
  32 L   0.82479 0.14228 0.02802 0.00491 ( 1)
  33 L   0.96042 0.00539 0.03400 0.00019 ( 1)
  34 G   0.26233 0.70418 0.00902 0.02447 ( 2)
  35 F   0.01084 0.95306 0.00041 0.03569 ( 2)
  36 G   0.90721 0.05929 0.03142 0.00208 ( 1)
  37 T   0.51284 0.45341 0.01783 0.01592 ( 1)
  38 G   0.96559 0.00095 0.03343 0.00003 ( 1)
  39 A   0.95244 0.01497 0.03208 0.00051 ( 1)
  40 P   0.93137 0.03249 0.03492 0.00121 ( 1)
  41 L   0.92366 0.04135 0.03349 0.00150 ( 1)
  42 C   0.96637 0.00045 0.03317 0.00002 ( 1)
  43 L   0.96227 0.00354 0.03407 0.00013 ( 1)
  44 S   0.90419 0.05957 0.03401 0.00222 ( 1)
  45 Q   0.76811 0.19787 0.02700 0.00701 ( 1)
  46 Q   0.95082 0.01319 0.03550 0.00049 ( 1)
  47 L   0.95603 0.00800 0.03567 0.00030 ( 1)
  48 R   0.90021 0.06608 0.03139 0.00233 ( 1)
  49 M   0.96708 0.00021 0.03270 0.00001 ( 1)
  50 P   0.08683 0.87890 0.00307 0.03120 ( 2)
  51 G   0.96559 0.00095 0.03343 0.00003 ( 1)
  52 N   0.96486 0.00234 0.03272 0.00008 ( 1)
  53 Y   0.96476 0.00184 0.03334 0.00006 ( 1)
  54 V   0.30353 0.66271 0.01052 0.02324 ( 2)
  55 L   0.96138 0.00442 0.03403 0.00016 ( 1)
  56 G   0.96412 0.00241 0.03338 0.00008 ( 1)
  57 G   0.96559 0.00095 0.03343 0.00003 ( 1)
  58 L   0.96395 0.00186 0.03412 0.00007 ( 1)
  59 F   0.96731 0.00016 0.03252 0.00001 ( 1)
  60 P   0.96708 0.00028 0.03263 0.00001 ( 1)
  61 L   0.94712 0.01868 0.03353 0.00067 ( 1)
  62 G   0.94610 0.02081 0.03236 0.00072 ( 1)
  63 A   0.80309 0.16352 0.02768 0.00571 ( 1)
  64 A   0.96707 0.00035 0.03256 0.00001 ( 1)
  65 E   0.92906 0.03766 0.03197 0.00131 ( 1)
  66 E   0.96206 0.00468 0.03310 0.00016 ( 1)
  67 A   0.91959 0.04447 0.03429 0.00165 ( 1)
  68 G   0.91913 0.04776 0.03145 0.00166 ( 1)
  69 L   0.94566 0.02151 0.03209 0.00074 ( 1)
  70 R   0.89233 0.07448 0.03060 0.00259 ( 1)
  71 T   0.92816 0.03872 0.03177 0.00135 ( 1)
  72 R   0.96481 0.00154 0.03359 0.00005 ( 1)
  73 T   0.78318 0.18061 0.02946 0.00674 ( 1)
  74 Q   0.89325 0.07305 0.03113 0.00257 ( 1)
  75 P   0.96710 0.00026 0.03263 0.00001 ( 1)
  76 S   0.93567 0.03122 0.03203 0.00108 ( 1)
  77 S   0.96433 0.00258 0.03300 0.00009 ( 1)
  78 P   0.93625 0.02780 0.03492 0.00103 ( 1)
  79 V   0.96152 0.00532 0.03297 0.00019 ( 1)
  80 C   0.96637 0.00045 0.03317 0.00002 ( 1)
  81 N   0.94384 0.02314 0.03222 0.00080 ( 1)
  82 -   0.83049 0.13286 0.03164 0.00501 ( 1)
  83 -   0.83049 0.13286 0.03164 0.00501 ( 1)
  84 -   0.83049 0.13286 0.03164 0.00501 ( 1)
  85 -   0.83049 0.13286 0.03164 0.00501 ( 1)
  86 -   0.83049 0.13286 0.03164 0.00501 ( 1)
  87 -   0.83049 0.13286 0.03164 0.00501 ( 1)
  88 -   0.83049 0.13286 0.03164 0.00501 ( 1)
  89 -   0.83049 0.13286 0.03164 0.00501 ( 1)
  90 -   0.83049 0.13286 0.03164 0.00501 ( 1)
  91 -   0.83049 0.13286 0.03164 0.00501 ( 1)
  92 R   0.96527 0.00106 0.03364 0.00004 ( 1)
  93 F   0.96722 0.00025 0.03252 0.00001 ( 1)
  94 S   0.96379 0.00311 0.03299 0.00011 ( 1)
  95 P   0.72213 0.24162 0.02722 0.00903 ( 1)
  96 L   0.39699 0.56937 0.01374 0.01990 ( 2)
  97 G   0.96638 0.00055 0.03305 0.00002 ( 1)
  98 L   0.96227 0.00354 0.03407 0.00013 ( 1)
  99 L   0.96667 0.00052 0.03279 0.00002 ( 1)
 100 W   0.96322 0.00256 0.03413 0.00009 ( 1)
 101 A   0.95676 0.00712 0.03585 0.00027 ( 1)
 102 L   0.96227 0.00354 0.03407 0.00013 ( 1)
 103 A   0.93376 0.03363 0.03145 0.00115 ( 1)
 104 M   0.96461 0.00267 0.03262 0.00009 ( 1)
 105 K   0.95397 0.00996 0.03570 0.00037 ( 1)
 106 M   0.96708 0.00021 0.03270 0.00001 ( 1)
 107 A   0.96678 0.00064 0.03255 0.00002 ( 1)
 108 V   0.96600 0.00085 0.03312 0.00003 ( 1)
 109 E   0.96612 0.00062 0.03324 0.00002 ( 1)
 110 E   0.96606 0.00068 0.03323 0.00002 ( 1)
 111 I   0.96738 0.00015 0.03246 0.00001 ( 1)
 112 N   0.96638 0.00044 0.03317 0.00002 ( 1)
 113 N   0.96616 0.00066 0.03316 0.00002 ( 1)
 114 G   0.15421 0.81158 0.00545 0.02877 ( 2)
 115 S   0.95554 0.01085 0.03323 0.00038 ( 1)
 116 T   0.77524 0.18897 0.02880 0.00699 ( 1)
 117 L   0.96227 0.00354 0.03407 0.00013 ( 1)
 118 L   0.96227 0.00354 0.03407 0.00013 ( 1)
 119 P   0.96660 0.00072 0.03265 0.00002 ( 1)
 120 G   0.96565 0.00089 0.03343 0.00003 ( 1)
 121 L   0.96227 0.00354 0.03407 0.00013 ( 1)
 122 Q   0.71814 0.24852 0.02468 0.00865 ( 1)
 123 L   0.95810 0.00770 0.03392 0.00027 ( 1)
 124 G   0.96639 0.00054 0.03305 0.00002 ( 1)
 125 Y   0.96020 0.00640 0.03318 0.00022 ( 1)
 126 D   0.96644 0.00076 0.03277 0.00003 ( 1)
 127 L   0.96674 0.00046 0.03279 0.00002 ( 1)
 128 F   0.95868 0.00556 0.03556 0.00021 ( 1)
 129 D   0.96220 0.00206 0.03567 0.00008 ( 1)
 130 T   0.96595 0.00064 0.03338 0.00002 ( 1)
 131 C   0.96637 0.00045 0.03317 0.00002 ( 1)
 132 S   0.96321 0.00319 0.03349 0.00011 ( 1)
 133 E   0.96612 0.00062 0.03324 0.00002 ( 1)
 134 P   0.76931 0.19472 0.02874 0.00723 ( 1)
 135 V   0.93278 0.03404 0.03199 0.00119 ( 1)
 136 V   0.96620 0.00065 0.03313 0.00002 ( 1)
 137 A   0.96525 0.00217 0.03250 0.00007 ( 1)
 138 M   0.96708 0.00021 0.03270 0.00001 ( 1)
 139 K   0.96531 0.00104 0.03361 0.00004 ( 1)
 140 P   0.96710 0.00026 0.03263 0.00001 ( 1)
 141 S   0.96577 0.00114 0.03305 0.00004 ( 1)
 142 L   0.96633 0.00086 0.03278 0.00003 ( 1)
 143 M   0.96527 0.00143 0.03325 0.00005 ( 1)
 144 F   0.96722 0.00025 0.03252 0.00001 ( 1)
 145 L   0.96227 0.00354 0.03407 0.00013 ( 1)
 146 A   0.96717 0.00025 0.03257 0.00001 ( 1)
 147 K   0.91970 0.04662 0.03203 0.00164 ( 1)
 148 A   0.00734 0.95642 0.00028 0.03596 ( 2)
 149 G   0.79231 0.17447 0.02715 0.00607 ( 1)
 150 S   0.96653 0.00038 0.03307 0.00001 ( 1)
 151 C   0.38413 0.58226 0.01328 0.02033 ( 2)
 152 S   0.56577 0.40108 0.01929 0.01387 ( 1)
 153 I   0.96356 0.00397 0.03233 0.00014 ( 1)
 154 A   0.96681 0.00061 0.03256 0.00002 ( 1)
 155 A   0.96718 0.00024 0.03257 0.00001 ( 1)
 156 Y   0.96591 0.00069 0.03337 0.00002 ( 1)
 157 C   0.96615 0.00067 0.03316 0.00002 ( 1)
 158 D   0.96352 0.00330 0.03307 0.00011 ( 1)
 159 Y   0.96566 0.00094 0.03337 0.00003 ( 1)
 160 A   0.95608 0.01051 0.03304 0.00037 ( 1)
 161 R   0.84762 0.11842 0.02977 0.00419 ( 1)
 162 Y   0.96597 0.00063 0.03338 0.00002 ( 1)
 163 Q   0.95051 0.01560 0.03334 0.00055 ( 1)
 164 P   0.96605 0.00131 0.03260 0.00005 ( 1)
 165 R   0.95660 0.00736 0.03576 0.00027 ( 1)
 166 V   0.96613 0.00071 0.03313 0.00002 ( 1)
 167 L   0.96173 0.00407 0.03405 0.00015 ( 1)
 168 A   0.95576 0.00831 0.03562 0.00031 ( 1)
 169 V   0.96686 0.00041 0.03272 0.00001 ( 1)
 170 I   0.96738 0.00015 0.03246 0.00001 ( 1)
 171 G   0.96551 0.00103 0.03342 0.00004 ( 1)
 172 P   0.96709 0.00027 0.03263 0.00001 ( 1)
 173 H   0.96681 0.00034 0.03285 0.00001 ( 1)
 174 S   0.96504 0.00136 0.03355 0.00005 ( 1)
 175 S   0.95164 0.01213 0.03578 0.00045 ( 1)
 176 E   0.96612 0.00062 0.03324 0.00002 ( 1)
 177 L   0.96659 0.00061 0.03278 0.00002 ( 1)
 178 A   0.96718 0.00024 0.03257 0.00001 ( 1)
 179 L   0.84280 0.12437 0.02854 0.00428 ( 1)
 180 I   0.96489 0.00238 0.03265 0.00008 ( 1)
 181 T   0.96644 0.00056 0.03298 0.00002 ( 1)
 182 G   0.96616 0.00077 0.03304 0.00003 ( 1)
 183 K   0.96531 0.00104 0.03361 0.00004 ( 1)
 184 F   0.96731 0.00016 0.03252 0.00001 ( 1)
 185 F   0.96718 0.00029 0.03252 0.00001 ( 1)
 186 G   0.90602 0.06085 0.03102 0.00211 ( 1)
 187 F   0.96731 0.00016 0.03252 0.00001 ( 1)
 188 F   0.96731 0.00016 0.03252 0.00001 ( 1)
 189 L   0.96674 0.00046 0.03279 0.00002 ( 1)
 190 M   0.96581 0.00148 0.03266 0.00005 ( 1)
 191 P   0.96687 0.00049 0.03262 0.00002 ( 1)
 192 Q   0.96446 0.00165 0.03383 0.00006 ( 1)
 193 V   0.96686 0.00041 0.03272 0.00001 ( 1)
 194 S   0.96653 0.00038 0.03307 0.00001 ( 1)
 195 Y   0.94787 0.01872 0.03276 0.00066 ( 1)
 196 G   0.95809 0.00589 0.03581 0.00022 ( 1)
 197 A   0.95773 0.00634 0.03570 0.00024 ( 1)
 198 S   0.96436 0.00255 0.03300 0.00009 ( 1)
 199 M   0.96708 0.00021 0.03270 0.00001 ( 1)
 200 D   0.96217 0.00457 0.03310 0.00016 ( 1)
 201 G   0.80687 0.15885 0.02861 0.00567 ( 1)
 202 L   0.96418 0.00162 0.03413 0.00006 ( 1)
 203 S   0.96617 0.00075 0.03306 0.00003 ( 1)
 204 I   0.95039 0.01702 0.03201 0.00058 ( 1)
 205 R   0.96498 0.00137 0.03360 0.00005 ( 1)
 206 E   0.96612 0.00062 0.03324 0.00002 ( 1)
 207 T   0.96667 0.00033 0.03299 0.00001 ( 1)
 208 F   0.96731 0.00016 0.03252 0.00001 ( 1)
 209 P   0.96710 0.00026 0.03263 0.00001 ( 1)
 210 S   0.96653 0.00038 0.03308 0.00001 ( 1)
 211 F   0.96731 0.00016 0.03252 0.00001 ( 1)
 212 F   0.96731 0.00016 0.03252 0.00001 ( 1)
 213 R   0.96628 0.00059 0.03311 0.00002 ( 1)
 214 T   0.95861 0.00838 0.03272 0.00029 ( 1)
 215 V   0.96612 0.00073 0.03313 0.00003 ( 1)
 216 P   0.96710 0.00026 0.03263 0.00001 ( 1)
 217 S   0.96466 0.00225 0.03301 0.00008 ( 1)
 218 D   0.96690 0.00030 0.03279 0.00001 ( 1)
 219 R   0.95784 0.00612 0.03581 0.00023 ( 1)
 220 T   0.92099 0.04582 0.03159 0.00160 ( 1)
 221 Q   0.96446 0.00165 0.03383 0.00006 ( 1)
 222 L   0.96227 0.00354 0.03407 0.00013 ( 1)
 223 L   0.00488 0.96099 0.00017 0.03396 ( 2)
 224 A   0.96668 0.00074 0.03255 0.00003 ( 1)
 225 V   0.18474 0.78194 0.00631 0.02702 ( 2)
 226 M   0.74440 0.22239 0.02548 0.00772 ( 1)
 227 K   0.95561 0.01113 0.03288 0.00039 ( 1)
 228 L   0.96227 0.00354 0.03407 0.00013 ( 1)
 229 L   0.96138 0.00442 0.03403 0.00016 ( 1)
 230 Q   0.94963 0.01648 0.03331 0.00058 ( 1)
 231 E   0.70777 0.25877 0.02442 0.00904 ( 1)
 232 F   0.96577 0.00170 0.03247 0.00006 ( 1)
 233 S   0.93859 0.02832 0.03211 0.00098 ( 1)
 234 W   0.96322 0.00256 0.03413 0.00009 ( 1)
 235 N   0.96638 0.00044 0.03317 0.00002 ( 1)
 236 W   0.96322 0.00256 0.03413 0.00009 ( 1)
 237 V   0.96613 0.00071 0.03313 0.00002 ( 1)
 238 A   0.96707 0.00035 0.03256 0.00001 ( 1)
 239 A   0.96714 0.00028 0.03257 0.00001 ( 1)
 240 L   0.96225 0.00356 0.03407 0.00013 ( 1)
 241 G   0.96639 0.00054 0.03305 0.00002 ( 1)
 242 S   0.96165 0.00526 0.03291 0.00018 ( 1)
 243 D   0.96646 0.00073 0.03278 0.00003 ( 1)
 244 D   0.96637 0.00081 0.03279 0.00003 ( 1)
 245 E   0.96606 0.00068 0.03323 0.00002 ( 1)
 246 Y   0.93972 0.02686 0.03248 0.00094 ( 1)
 247 G   0.96639 0.00054 0.03305 0.00002 ( 1)
 248 R   0.96457 0.00178 0.03359 0.00006 ( 1)
 249 Q   0.96422 0.00189 0.03382 0.00007 ( 1)
 250 G   0.96639 0.00054 0.03305 0.00002 ( 1)
 251 L   0.96012 0.00568 0.03399 0.00020 ( 1)
 252 S   0.96407 0.00284 0.03299 0.00010 ( 1)
 253 I   0.96652 0.00101 0.03243 0.00003 ( 1)
 254 F   0.96731 0.00016 0.03252 0.00001 ( 1)
 255 S   0.96397 0.00243 0.03352 0.00009 ( 1)
 256 S   0.38801 0.57886 0.01318 0.01995 ( 2)
 257 M   0.94287 0.02292 0.03339 0.00082 ( 1)
 258 A   0.96692 0.00051 0.03256 0.00002 ( 1)
 259 S   0.72070 0.24608 0.02468 0.00855 ( 1)
 260 T   0.58334 0.38049 0.02196 0.01420 ( 1)
 261 Q   0.87466 0.09211 0.03002 0.00321 ( 1)
 262 G   0.93270 0.03420 0.03191 0.00119 ( 1)
 263 I   0.96738 0.00015 0.03246 0.00001 ( 1)
 264 C   0.96595 0.00086 0.03316 0.00003 ( 1)
 265 I   0.96727 0.00026 0.03246 0.00001 ( 1)
 266 A   0.94928 0.01768 0.03242 0.00061 ( 1)
 267 H   0.96666 0.00048 0.03284 0.00002 ( 1)
 268 E   0.96612 0.00062 0.03324 0.00002 ( 1)
 269 G   0.96639 0.00054 0.03305 0.00002 ( 1)
 270 L   0.96209 0.00372 0.03406 0.00013 ( 1)
 271 V   0.96614 0.00071 0.03313 0.00002 ( 1)
 272 P   0.96534 0.00158 0.03302 0.00005 ( 1)
 273 L   0.96170 0.00410 0.03405 0.00015 ( 1)
 274 S   0.94630 0.02104 0.03194 0.00072 ( 1)
 275 S   0.13957 0.82427 0.00529 0.03086 ( 2)
 276 A   0.96573 0.00169 0.03252 0.00006 ( 1)
 277 N   0.70947 0.25473 0.02638 0.00942 ( 1)
 278 D   0.00856 0.95778 0.00030 0.03337 ( 2)
 279 L   0.00113 0.96458 0.00004 0.03425 ( 2)
 280 V   0.01993 0.94575 0.00071 0.03361 ( 2)
 281 M   0.45847 0.50704 0.01635 0.01814 ( 2)
 282 R   0.96086 0.00568 0.03326 0.00020 ( 1)
 283 K   0.96539 0.00096 0.03361 0.00003 ( 1)
 284 V   0.96613 0.00071 0.03313 0.00002 ( 1)
 285 Q   0.96446 0.00165 0.03383 0.00006 ( 1)
 286 A   0.81799 0.14908 0.02778 0.00515 ( 1)
 287 L   0.36561 0.60110 0.01249 0.02080 ( 2)
 288 L   0.96227 0.00354 0.03407 0.00013 ( 1)
 289 H   0.96368 0.00345 0.03274 0.00012 ( 1)
 290 Q   0.96446 0.00165 0.03383 0.00006 ( 1)
 291 I   0.94429 0.02254 0.03238 0.00078 ( 1)
 292 N   0.96638 0.00044 0.03317 0.00002 ( 1)
 293 Q   0.96433 0.00178 0.03383 0.00006 ( 1)
 294 S   0.96413 0.00279 0.03299 0.00010 ( 1)
 295 N   0.94574 0.02115 0.03237 0.00073 ( 1)
 296 V   0.93757 0.02926 0.03216 0.00102 ( 1)
 297 Q   0.96446 0.00165 0.03383 0.00006 ( 1)
 298 V   0.96613 0.00071 0.03313 0.00002 ( 1)
 299 V   0.96613 0.00071 0.03313 0.00002 ( 1)
 300 V   0.95057 0.01523 0.03366 0.00054 ( 1)
 301 L   0.96137 0.00444 0.03403 0.00016 ( 1)
 302 F   0.96716 0.00030 0.03253 0.00001 ( 1)
 303 A   0.96710 0.00033 0.03257 0.00001 ( 1)
 304 S   0.96609 0.00081 0.03307 0.00003 ( 1)
 305 A   0.94020 0.02663 0.03225 0.00093 ( 1)
 306 H   0.68675 0.28015 0.02341 0.00969 ( 1)
 307 A   0.96621 0.00121 0.03254 0.00004 ( 1)
 308 A   0.96719 0.00024 0.03257 0.00001 ( 1)
 309 H   0.70227 0.26464 0.02394 0.00916 ( 1)
 310 L   0.00204 0.96446 0.00007 0.03343 ( 2)
 311 L   0.96370 0.00349 0.03269 0.00012 ( 1)
 312 F   0.96731 0.00016 0.03252 0.00001 ( 1)
 313 S   0.35416 0.61216 0.01227 0.02141 ( 2)
 314 Y   0.95284 0.01375 0.03293 0.00048 ( 1)
 315 S   0.96426 0.00265 0.03300 0.00009 ( 1)
 316 I   0.96738 0.00015 0.03246 0.00001 ( 1)
 317 R   0.92961 0.03727 0.03182 0.00129 ( 1)
 318 F   0.07030 0.89587 0.00245 0.03138 ( 2)
 319 N   0.66668 0.29944 0.02332 0.01056 ( 1)
 320 L   0.96674 0.00046 0.03279 0.00002 ( 1)
 321 S   0.76734 0.19892 0.02674 0.00700 ( 1)
 322 P   0.95368 0.01367 0.03218 0.00047 ( 1)
 323 K   0.96539 0.00096 0.03361 0.00003 ( 1)
 324 V   0.96613 0.00071 0.03313 0.00002 ( 1)
 325 W   0.96322 0.00256 0.03413 0.00009 ( 1)
 326 V   0.96598 0.00087 0.03312 0.00003 ( 1)
 327 A   0.96719 0.00024 0.03257 0.00001 ( 1)
 328 S   0.96629 0.00063 0.03307 0.00002 ( 1)
 329 E   0.96612 0.00062 0.03324 0.00002 ( 1)
 330 A   0.96719 0.00024 0.03257 0.00001 ( 1)
 331 W   0.96322 0.00256 0.03413 0.00009 ( 1)
 332 L   0.96198 0.00383 0.03406 0.00014 ( 1)
 333 T   0.96666 0.00034 0.03299 0.00001 ( 1)
 334 S   0.91808 0.04588 0.03434 0.00171 ( 1)
 335 D   0.94540 0.02179 0.03206 0.00075 ( 1)
 336 L   0.75162 0.21406 0.02667 0.00764 ( 1)
 337 V   0.96409 0.00317 0.03262 0.00011 ( 1)
 338 M   0.96708 0.00021 0.03270 0.00001 ( 1)
 339 E   0.91659 0.04991 0.03175 0.00175 ( 1)
 340 L   0.96225 0.00356 0.03407 0.00013 ( 1)
 341 P   0.96542 0.00194 0.03258 0.00007 ( 1)
 342 G   0.96639 0.00054 0.03305 0.00002 ( 1)
 343 M   0.96588 0.00141 0.03266 0.00005 ( 1)
 344 T   0.96578 0.00164 0.03252 0.00006 ( 1)
 345 Q   0.95601 0.01010 0.03354 0.00036 ( 1)
 346 M   0.93533 0.03193 0.03164 0.00110 ( 1)
 347 G   0.96622 0.00071 0.03304 0.00002 ( 1)
 348 T   0.96597 0.00063 0.03338 0.00002 ( 1)
 349 V   0.96613 0.00071 0.03313 0.00002 ( 1)
 350 L   0.94388 0.02015 0.03522 0.00075 ( 1)
 351 G   0.96639 0.00054 0.03305 0.00002 ( 1)
 352 F   0.96655 0.00092 0.03250 0.00003 ( 1)
 353 L   0.95608 0.01110 0.03243 0.00038 ( 1)
 354 H   0.95594 0.01017 0.03353 0.00036 ( 1)
 355 Q   0.88742 0.07885 0.03095 0.00278 ( 1)
 356 G   0.85051 0.11345 0.03182 0.00422 ( 1)
 357 D   0.15753 0.80912 0.00538 0.02797 ( 2)
 358 L   0.14394 0.82164 0.00512 0.02930 ( 2)
 359 L   0.96209 0.00371 0.03406 0.00013 ( 1)
 360 P   0.94658 0.02054 0.03217 0.00071 ( 1)
 361 N   0.05064 0.91537 0.00177 0.03221 ( 2)
 362 F   0.96731 0.00016 0.03252 0.00001 ( 1)
 363 S   0.79910 0.16810 0.02702 0.00579 ( 1)
 364 Q   0.60167 0.36421 0.02120 0.01292 ( 1)
 365 Y   0.96480 0.00180 0.03334 0.00006 ( 1)
 366 V   0.96613 0.00071 0.03313 0.00002 ( 1)
 367 K   0.95956 0.00679 0.03341 0.00024 ( 1)
 368 N   0.96114 0.00545 0.03322 0.00019 ( 1)
 369 R   0.79048 0.17651 0.02691 0.00610 ( 1)
 370 L   0.94296 0.02284 0.03339 0.00081 ( 1)
 371 H   0.39798 0.56890 0.01352 0.01960 ( 2)
 372 L   0.96227 0.00354 0.03407 0.00013 ( 1)
 373 A   0.96707 0.00035 0.03256 0.00001 ( 1)
 374 A   0.57415 0.00227 0.42332 0.00026 ( 1)
 375 N   0.95155 0.01564 0.03227 0.00054 ( 1)
 376 P   0.95703 0.00981 0.03282 0.00034 ( 1)
 377 A   0.56157 0.40543 0.01904 0.01396 ( 1)
 378 F   0.96731 0.00016 0.03252 0.00001 ( 1)
 379 C   0.96417 0.00264 0.03310 0.00009 ( 1)
 380 A   0.95324 0.01220 0.03411 0.00044 ( 1)
 381 S   0.31591 0.65086 0.01075 0.02248 ( 2)
 382 L   0.96227 0.00354 0.03407 0.00013 ( 1)
 383 K   0.40398 0.56248 0.01393 0.01961 ( 2)
 384 A   0.06184 0.90418 0.00216 0.03181 ( 2)
 385 E   0.69759 0.26855 0.02439 0.00947 ( 1)
 386 Q   0.95925 0.00748 0.03300 0.00026 ( 1)
 387 P   0.92184 0.04425 0.03235 0.00157 ( 1)
 388 G   0.93847 0.02550 0.03508 0.00095 ( 1)
 389 L   0.96170 0.00410 0.03405 0.00015 ( 1)
 390 E   0.96612 0.00062 0.03324 0.00002 ( 1)
 391 E   0.96607 0.00067 0.03323 0.00002 ( 1)
 392 H   0.96346 0.00374 0.03267 0.00013 ( 1)
 393 V   0.96613 0.00071 0.03313 0.00002 ( 1)
 394 V   0.96598 0.00087 0.03312 0.00003 ( 1)
 395 G   0.96628 0.00065 0.03305 0.00002 ( 1)
 396 P   0.91653 0.04956 0.03216 0.00175 ( 1)
 397 R   0.96628 0.00059 0.03311 0.00002 ( 1)
 398 C   0.96637 0.00045 0.03317 0.00002 ( 1)
 399 P   0.96520 0.00172 0.03302 0.00006 ( 1)
 400 Q   0.96446 0.00165 0.03383 0.00006 ( 1)
 401 C   0.93165 0.03240 0.03474 0.00120 ( 1)
 402 D   0.96690 0.00030 0.03279 0.00001 ( 1)
 403 H   0.00413 0.96191 0.00014 0.03382 ( 2)
 404 I   0.95995 0.00757 0.03221 0.00026 ( 1)
 405 T   0.95259 0.01400 0.03292 0.00049 ( 1)
 406 L   0.96209 0.00372 0.03406 0.00013 ( 1)
 407 Q   0.96344 0.00267 0.03379 0.00009 ( 1)
 408 N   0.96616 0.00066 0.03316 0.00002 ( 1)
 409 V   0.96025 0.00660 0.03293 0.00023 ( 1)
 410 S   0.64171 0.32493 0.02205 0.01131 ( 1)
 411 A   0.93620 0.02768 0.03509 0.00103 ( 1)
 412 G   0.70324 0.26311 0.02442 0.00923 ( 1)
 413 L   0.94105 0.02265 0.03545 0.00085 ( 1)
 414 L   0.00007 0.96384 0.00000 0.03609 ( 2)
 415 H   0.93405 0.03306 0.03174 0.00114 ( 1)
 416 H   0.96476 0.00238 0.03278 0.00008 ( 1)
 417 R   0.88498 0.08108 0.03107 0.00287 ( 1)
 418 P   0.72828 0.23814 0.02524 0.00834 ( 1)
 419 F   0.96722 0.00025 0.03252 0.00001 ( 1)
 420 A   0.49391 0.46999 0.01858 0.01752 ( 1)
 421 A   0.96484 0.00243 0.03265 0.00008 ( 1)
 422 Y   0.96566 0.00094 0.03337 0.00003 ( 1)
 423 A   0.80168 0.16218 0.03009 0.00605 ( 1)
 424 A   0.95509 0.00898 0.03560 0.00033 ( 1)
 425 V   0.96613 0.00071 0.03313 0.00002 ( 1)
 426 Y   0.96205 0.00186 0.03602 0.00007 ( 1)
 427 S   0.96270 0.00421 0.03294 0.00015 ( 1)
 428 V   0.96613 0.00071 0.03313 0.00002 ( 1)
 429 A   0.96714 0.00029 0.03257 0.00001 ( 1)
 430 Q   0.96425 0.00186 0.03382 0.00007 ( 1)
 431 A   0.96719 0.00024 0.03257 0.00001 ( 1)
 432 L   0.96159 0.00422 0.03404 0.00015 ( 1)
 433 H   0.96681 0.00034 0.03285 0.00001 ( 1)
 434 N   0.96634 0.00047 0.03317 0.00002 ( 1)
 435 T   0.94464 0.01934 0.03530 0.00072 ( 1)
 436 L   0.95959 0.00444 0.03580 0.00016 ( 1)
 437 Q   0.13607 0.82950 0.00484 0.02958 ( 2)
 438 C   0.96637 0.00045 0.03317 0.00002 ( 1)
 439 S   0.84378 0.12293 0.02900 0.00428 ( 1)
 440 S   0.94765 0.01976 0.03192 0.00068 ( 1)
 441 S   0.95849 0.00527 0.03604 0.00020 ( 1)
 442 G   0.96639 0.00054 0.03305 0.00002 ( 1)
 443 C   0.96637 0.00045 0.03317 0.00002 ( 1)
 444 P   0.96692 0.00043 0.03263 0.00001 ( 1)
 445 A   0.01204 0.95412 0.00042 0.03341 ( 2)
 446 R   0.28447 0.68120 0.01009 0.02424 ( 2)
 447 E   0.94879 0.01840 0.03218 0.00063 ( 1)
 448 P   0.96706 0.00030 0.03263 0.00001 ( 1)
 449 V   0.96613 0.00071 0.03313 0.00002 ( 1)
 450 R   0.62045 0.34566 0.02169 0.01219 ( 1)
 451 -   0.83049 0.13286 0.03164 0.00501 ( 1)
 452 -   0.83049 0.13286 0.03164 0.00501 ( 1)
 453 -   0.83049 0.13286 0.03164 0.00501 ( 1)
 454 -   0.83049 0.13286 0.03164 0.00501 ( 1)
 455 -   0.83049 0.13286 0.03164 0.00501 ( 1)
 456 -   0.83049 0.13286 0.03164 0.00501 ( 1)
 457 P   0.96388 0.00347 0.03252 0.00012 ( 1)
 458 W   0.96322 0.00256 0.03413 0.00009 ( 1)
 459 Q   0.87949 0.08656 0.03088 0.00307 ( 1)
 460 L   0.73202 0.23496 0.02490 0.00812 ( 1)
 461 L   0.94244 0.02336 0.03337 0.00083 ( 1)
 462 E   0.26057 0.70561 0.00907 0.02475 ( 2)
 463 N   0.96020 0.00661 0.03296 0.00023 ( 1)
 464 M   0.86950 0.09770 0.02944 0.00337 ( 1)
 465 Y   0.90935 0.05721 0.03144 0.00200 ( 1)
 466 N   0.96312 0.00369 0.03306 0.00013 ( 1)
 467 M   0.96104 0.00477 0.03402 0.00017 ( 1)
 468 S   0.96393 0.00307 0.03290 0.00011 ( 1)
 469 F   0.96731 0.00016 0.03252 0.00001 ( 1)
 470 -   0.83049 0.13286 0.03164 0.00501 ( 1)
 471 R   0.21736 0.74912 0.00748 0.02604 ( 2)
 472 A   0.00187 0.88815 0.00154 0.10844 ( 2)
 473 G   0.18861 0.77767 0.00654 0.02719 ( 2)
 474 G   0.96030 0.00623 0.03325 0.00022 ( 1)
 475 L   0.93440 0.03140 0.03309 0.00112 ( 1)
 476 E   0.00589 0.87178 0.00525 0.11708 ( 2)
 477 L   0.91654 0.04924 0.03246 0.00176 ( 1)
 478 R   0.94543 0.02090 0.03293 0.00074 ( 1)
 479 F   0.96169 0.00578 0.03233 0.00020 ( 1)
 480 D   0.94487 0.02231 0.03205 0.00077 ( 1)
 481 A   0.09699 0.86920 0.00337 0.03044 ( 2)
 482 G   0.73255 0.23417 0.02514 0.00814 ( 1)
 483 G   0.96231 0.00149 0.03615 0.00006 ( 1)
 484 N   0.96616 0.00066 0.03316 0.00002 ( 1)
 485 V   0.96607 0.00077 0.03312 0.00003 ( 1)
 486 N   0.96510 0.00210 0.03272 0.00007 ( 1)
 487 L   0.84364 0.12354 0.02857 0.00426 ( 1)
 488 K   0.96115 0.00558 0.03307 0.00019 ( 1)
 489 Y   0.22474 0.74130 0.00786 0.02610 ( 2)
 490 D   0.94575 0.02144 0.03207 0.00074 ( 1)
 491 L   0.94417 0.02163 0.03343 0.00077 ( 1)
 492 K   0.95897 0.00738 0.03339 0.00026 ( 1)
 493 L   0.80343 0.16229 0.02849 0.00579 ( 1)
 494 W   0.82885 0.13685 0.02941 0.00488 ( 1)
 495 V   0.96122 0.00563 0.03296 0.00020 ( 1)
 496 W   0.96322 0.00256 0.03413 0.00009 ( 1)
 497 R   0.05128 0.91424 0.00183 0.03265 ( 2)
 498 D   0.31872 0.64766 0.01101 0.02260 ( 2)
 499 P   0.00920 0.95448 0.00035 0.03597 ( 2)
 500 T   0.81218 0.15454 0.02790 0.00538 ( 1)
 501 P   0.96690 0.00046 0.03263 0.00002 ( 1)
 502 E   0.02196 0.94371 0.00078 0.03355 ( 2)
 503 L   0.96643 0.00077 0.03278 0.00003 ( 1)
 504 R   0.80504 0.16196 0.02740 0.00560 ( 1)
 505 T   0.00569 0.96062 0.00020 0.03350 ( 2)
 506 V   0.96613 0.00071 0.03313 0.00002 ( 1)
 507 G   0.96639 0.00054 0.03305 0.00002 ( 1)
 508 T   0.03065 0.93503 0.00109 0.03324 ( 2)
 509 F   0.96731 0.00016 0.03252 0.00001 ( 1)
 510 N   0.96148 0.00533 0.03300 0.00019 ( 1)
 511 G   0.91468 0.05221 0.03130 0.00181 ( 1)
 512 S   0.36267 0.60375 0.01252 0.02106 ( 2)
 513 L   0.96411 0.00308 0.03270 0.00011 ( 1)
 514 W   0.10996 0.85578 0.00389 0.03038 ( 2)
 515 -   0.83049 0.13286 0.03164 0.00501 ( 1)
 516 L   0.04688 0.91684 0.00179 0.03449 ( 2)
 517 Q   0.92346 0.04325 0.03178 0.00151 ( 1)
 518 R   0.92975 0.03709 0.03187 0.00129 ( 1)
 519 S   0.00841 0.95685 0.00030 0.03445 ( 2)
 520 K   0.95931 0.00704 0.03340 0.00025 ( 1)
 521 I   0.96643 0.00110 0.03243 0.00004 ( 1)
 522 C   0.00857 0.95750 0.00030 0.03363 ( 2)
 523 W   0.96322 0.00256 0.03413 0.00009 ( 1)
 524 H   0.96641 0.00073 0.03283 0.00003 ( 1)
 525 T   0.94860 0.01798 0.03279 0.00063 ( 1)
 526 H   0.10140 0.86244 0.00385 0.03231 ( 2)
 527 S   0.03843 0.92794 0.00133 0.03231 ( 2)
 528 N   0.96578 0.00103 0.03315 0.00004 ( 1)
 529 R   0.88342 0.08264 0.03101 0.00293 ( 1)
 530 V   0.00035 0.96533 0.00001 0.03431 ( 2)
 531 P   0.96553 0.00183 0.03258 0.00006 ( 1)
 532 V   0.93235 0.03447 0.03198 0.00120 ( 1)
 533 S   0.96343 0.00347 0.03298 0.00012 ( 1)
 534 Q   0.84631 0.11996 0.02951 0.00423 ( 1)
 535 C   0.96637 0.00045 0.03317 0.00002 ( 1)
 536 S   0.95910 0.00729 0.03335 0.00026 ( 1)
 537 Q   0.62575 0.34036 0.02188 0.01201 ( 1)
 538 Q   0.87652 0.08954 0.03077 0.00317 ( 1)
 539 C   0.96585 0.00096 0.03315 0.00003 ( 1)
 540 Q   0.58134 0.38452 0.02049 0.01364 ( 1)
 541 E   0.95435 0.01239 0.03283 0.00043 ( 1)
 542 G   0.96584 0.00109 0.03303 0.00004 ( 1)
 543 Q   0.96311 0.00300 0.03378 0.00011 ( 1)
 544 V   0.96546 0.00138 0.03310 0.00005 ( 1)
 545 R   0.96568 0.00119 0.03309 0.00004 ( 1)
 546 R   0.95794 0.00841 0.03336 0.00030 ( 1)
 547 V   0.96632 0.00095 0.03270 0.00003 ( 1)
 548 K   0.95992 0.00643 0.03342 0.00023 ( 1)
 549 G   0.96531 0.00123 0.03342 0.00004 ( 1)
 550 F   0.96637 0.00111 0.03249 0.00004 ( 1)
 551 H   0.93968 0.02744 0.03193 0.00095 ( 1)
 552 S   0.96386 0.00304 0.03299 0.00011 ( 1)
 553 C   0.93127 0.03551 0.03198 0.00124 ( 1)
 554 C   0.93127 0.03551 0.03198 0.00124 ( 1)
 555 Y   0.96095 0.00565 0.03321 0.00020 ( 1)
 556 D   0.96690 0.00030 0.03279 0.00001 ( 1)
 557 C   0.96089 0.00317 0.03582 0.00012 ( 1)
 558 V   0.96525 0.00159 0.03310 0.00006 ( 1)
 559 D   0.96690 0.00030 0.03279 0.00001 ( 1)
 560 C   0.96632 0.00049 0.03317 0.00002 ( 1)
 561 K   0.72585 0.24070 0.02504 0.00841 ( 1)
 562 P   0.89698 0.06994 0.03065 0.00243 ( 1)
 563 G   0.96639 0.00054 0.03305 0.00002 ( 1)
 564 S   0.96634 0.00058 0.03307 0.00002 ( 1)
 565 Y   0.96597 0.00063 0.03338 0.00002 ( 1)
 566 Q   0.83719 0.12908 0.02919 0.00455 ( 1)
 567 -   0.83049 0.13286 0.03164 0.00501 ( 1)
 568 H   0.04569 0.91818 0.00173 0.03439 ( 2)
 569 S   0.79505 0.17163 0.02734 0.00598 ( 1)
 570 P   0.23941 0.72438 0.00908 0.02714 ( 2)
 571 -   0.83049 0.13286 0.03164 0.00501 ( 1)
 572 -   0.83049 0.13286 0.03164 0.00501 ( 1)
 573 E   0.38816 0.57853 0.01328 0.02004 ( 2)
 574 D   0.96363 0.00357 0.03268 0.00012 ( 1)
 575 P   0.00228 0.96390 0.00008 0.03374 ( 2)
 576 T   0.01865 0.94778 0.00064 0.03293 ( 2)
 577 C   0.93968 0.02711 0.03226 0.00094 ( 1)
 578 T   0.81832 0.14855 0.02797 0.00515 ( 1)
 579 P   0.00006 0.96397 0.00000 0.03596 ( 2)
 580 C   0.86895 0.09509 0.03243 0.00353 ( 1)
 581 R   0.00004 0.96607 0.00000 0.03389 ( 2)
 582 K   0.04586 0.91965 0.00164 0.03285 ( 2)
 583 D   0.69361 0.27059 0.02580 0.01001 ( 1)
 584 Q   0.71717 0.24938 0.02474 0.00871 ( 1)
 585 W   0.92347 0.04229 0.03273 0.00151 ( 1)
 586 S   0.96650 0.00040 0.03308 0.00001 ( 1)
 587 P   0.96635 0.00057 0.03306 0.00002 ( 1)
 588 Q   0.75371 0.21287 0.02599 0.00743 ( 1)
 589 R   0.96223 0.00144 0.03627 0.00005 ( 1)
 590 S   0.96653 0.00038 0.03307 0.00001 ( 1)
 591 R   0.45138 0.51238 0.01707 0.01917 ( 2)
 592 K   0.69114 0.27550 0.02376 0.00960 ( 1)
 593 C   0.96637 0.00045 0.03317 0.00002 ( 1)
 594 F   0.96731 0.00016 0.03252 0.00001 ( 1)
 595 S   0.07399 0.89210 0.00258 0.03133 ( 2)
 596 R   0.96575 0.00112 0.03309 0.00004 ( 1)
 597 R   0.95559 0.01073 0.03330 0.00038 ( 1)
 598 H   0.03738 0.92645 0.00142 0.03475 ( 2)
 599 T   0.79153 0.17470 0.02761 0.00616 ( 1)
 600 F   0.96613 0.00134 0.03248 0.00005 ( 1)
 601 L   0.93369 0.03210 0.03306 0.00114 ( 1)
 602 A   0.39027 0.57355 0.01474 0.02144 ( 2)
 603 W   0.70838 0.25726 0.02518 0.00919 ( 1)
 604 G   0.96183 0.00510 0.03289 0.00018 ( 1)
 605 D   0.64942 0.31707 0.02243 0.01108 ( 1)
 606 P   0.92790 0.03899 0.03175 0.00135 ( 1)
 607 T   0.84680 0.11725 0.03160 0.00435 ( 1)
 608 V   0.96097 0.00587 0.03295 0.00020 ( 1)
 609 L   0.96189 0.00392 0.03405 0.00014 ( 1)
 610 V   0.01548 0.94977 0.00056 0.03419 ( 2)
 611 L   0.82103 0.14470 0.02911 0.00516 ( 1)
 612 L   0.94207 0.02510 0.03196 0.00087 ( 1)
 613 L   0.86715 0.09861 0.03073 0.00352 ( 1)
 614 L   0.91221 0.05357 0.03231 0.00191 ( 1)
 615 L   0.93134 0.03445 0.03298 0.00123 ( 1)
 616 G   0.58715 0.37945 0.02019 0.01321 ( 1)
 617 L   0.96015 0.00565 0.03399 0.00020 ( 1)
 618 V   0.94686 0.02011 0.03234 0.00070 ( 1)
 619 L   0.96227 0.00354 0.03407 0.00013 ( 1)
 620 A   0.96137 0.00556 0.03288 0.00019 ( 1)
 621 L   0.95280 0.01123 0.03555 0.00042 ( 1)
 622 V   0.96613 0.00071 0.03313 0.00002 ( 1)
 623 L   0.91221 0.05357 0.03231 0.00191 ( 1)
 624 A   0.94298 0.02108 0.03515 0.00078 ( 1)
 625 A   0.57280 0.39120 0.02145 0.01454 ( 1)
 626 L   0.92933 0.03568 0.03369 0.00130 ( 1)
 627 G   0.96540 0.00114 0.03342 0.00004 ( 1)
 628 L   0.77735 0.18835 0.02758 0.00672 ( 1)
 629 F   0.95169 0.01577 0.03200 0.00054 ( 1)
 630 V   0.00873 0.90619 0.00432 0.08077 ( 2)
 631 H   0.75677 0.21018 0.02578 0.00727 ( 1)
 632 H   0.95695 0.00729 0.03549 0.00027 ( 1)
 633 R   0.31317 0.65272 0.01102 0.02309 ( 2)
 634 N   0.82365 0.14343 0.02797 0.00495 ( 1)
 635 S   0.93976 0.02714 0.03217 0.00094 ( 1)
 636 P   0.94118 0.02269 0.03529 0.00085 ( 1)
 637 L   0.88544 0.08032 0.03137 0.00287 ( 1)
 638 V   0.65891 0.30509 0.02466 0.01134 ( 1)
 639 Q   0.86950 0.09655 0.03053 0.00342 ( 1)
 640 A   0.96719 0.00024 0.03257 0.00001 ( 1)
 641 S   0.93213 0.03425 0.03242 0.00120 ( 1)
 642 G   0.82400 0.14251 0.02850 0.00499 ( 1)
 643 G   0.89569 0.07079 0.03103 0.00248 ( 1)
 644 L   0.03707 0.92941 0.00127 0.03224 ( 2)
 645 L   0.91221 0.05357 0.03231 0.00191 ( 1)
 646 A   0.96053 0.00689 0.03235 0.00024 ( 1)
 647 C   0.92991 0.03687 0.03193 0.00128 ( 1)
 648 F   0.71909 0.24510 0.02674 0.00907 ( 1)
 649 G   0.74194 0.22480 0.02544 0.00782 ( 1)
 650 L   0.88503 0.08073 0.03136 0.00288 ( 1)
 651 A   0.76015 0.20653 0.02613 0.00720 ( 1)
 652 C   0.95905 0.00776 0.03292 0.00027 ( 1)
 653 L   0.91804 0.04775 0.03251 0.00170 ( 1)
 654 G   0.92540 0.04150 0.03166 0.00144 ( 1)
 655 L   0.94682 0.01898 0.03352 0.00068 ( 1)
 656 V   0.96335 0.00392 0.03260 0.00013 ( 1)
 657 C   0.96637 0.00045 0.03317 0.00002 ( 1)
 658 L   0.92518 0.04047 0.03290 0.00145 ( 1)
 659 S   0.91033 0.05654 0.03117 0.00196 ( 1)
 660 G   0.76948 0.19761 0.02610 0.00682 ( 1)
 661 L   0.93850 0.02867 0.03184 0.00099 ( 1)
 662 L   0.88404 0.08172 0.03132 0.00292 ( 1)
 663 F   0.95909 0.00838 0.03225 0.00029 ( 1)
 664 P   0.89064 0.07341 0.03323 0.00272 ( 1)
 665 G   0.96618 0.00075 0.03304 0.00003 ( 1)
 666 R   0.82837 0.13765 0.02910 0.00488 ( 1)
 667 P   0.96615 0.00120 0.03260 0.00004 ( 1)
 668 S   0.94097 0.02593 0.03221 0.00090 ( 1)
 669 P   0.95893 0.00513 0.03575 0.00019 ( 1)
 670 A   0.93425 0.03314 0.03147 0.00114 ( 1)
 671 S   0.69313 0.27052 0.02621 0.01014 ( 1)
 672 C   0.96621 0.00060 0.03317 0.00002 ( 1)
 673 L   0.78573 0.17997 0.02787 0.00642 ( 1)
 674 A   0.96594 0.00149 0.03253 0.00005 ( 1)
 675 Q   0.95057 0.01554 0.03335 0.00055 ( 1)
 676 Q   0.95319 0.01291 0.03344 0.00046 ( 1)
 677 P   0.96131 0.00605 0.03244 0.00021 ( 1)
 678 L   0.50643 0.45842 0.01847 0.01669 ( 1)
 679 C   0.89418 0.07267 0.03063 0.00253 ( 1)
 680 H   0.81915 0.14786 0.02788 0.00511 ( 1)
 681 L   0.96627 0.00093 0.03277 0.00003 ( 1)
 682 P   0.95603 0.01089 0.03271 0.00038 ( 1)
 683 L   0.96614 0.00105 0.03277 0.00004 ( 1)
 684 T   0.96404 0.00256 0.03332 0.00009 ( 1)
 685 G   0.96584 0.00109 0.03303 0.00004 ( 1)
 686 C   0.96585 0.00096 0.03315 0.00003 ( 1)
 687 L   0.96015 0.00565 0.03399 0.00020 ( 1)
 688 S   0.96607 0.00084 0.03306 0.00003 ( 1)
 689 T   0.90074 0.06307 0.03384 0.00235 ( 1)
 690 L   0.95616 0.01102 0.03243 0.00038 ( 1)
 691 F   0.94745 0.02000 0.03186 0.00069 ( 1)
 692 L   0.96015 0.00565 0.03399 0.00020 ( 1)
 693 Q   0.96313 0.00298 0.03378 0.00011 ( 1)
 694 A   0.96351 0.00347 0.03290 0.00012 ( 1)
 695 A   0.96680 0.00063 0.03256 0.00002 ( 1)
 696 E   0.95721 0.00952 0.03293 0.00033 ( 1)
 697 T   0.88303 0.08442 0.02966 0.00289 ( 1)
 698 F   0.96688 0.00059 0.03251 0.00002 ( 1)
 699 V   0.90697 0.05983 0.03112 0.00208 ( 1)
 700 E   0.96537 0.00137 0.03321 0.00005 ( 1)
 701 S   0.94761 0.01615 0.03563 0.00060 ( 1)
 702 E   0.96013 0.00398 0.03574 0.00015 ( 1)
 703 L   0.95780 0.00800 0.03391 0.00029 ( 1)
 704 P   0.95543 0.00863 0.03562 0.00032 ( 1)
 705 P   0.04305 0.92222 0.00155 0.03318 ( 2)
 706 S   0.94239 0.02450 0.03226 0.00085 ( 1)
 707 W   0.94595 0.01982 0.03352 0.00071 ( 1)
 708 A   0.48931 0.47451 0.01845 0.01773 ( 1)
 709 D   0.95122 0.01597 0.03226 0.00055 ( 1)
 710 R   0.93358 0.03275 0.03252 0.00115 ( 1)
 711 L   0.94261 0.02319 0.03338 0.00083 ( 1)
 712 H   0.28141 0.68258 0.01059 0.02543 ( 2)
 713 S   0.96347 0.00346 0.03295 0.00012 ( 1)
 714 R   0.93818 0.02862 0.03221 0.00100 ( 1)
 715 L   0.96227 0.00354 0.03407 0.00013 ( 1)
 716 R   0.94983 0.01651 0.03308 0.00058 ( 1)
 717 G   0.96530 0.00124 0.03342 0.00004 ( 1)
 718 P   0.96551 0.00185 0.03258 0.00006 ( 1)
 719 C   0.84895 0.11677 0.03012 0.00417 ( 1)
 720 A   0.96719 0.00024 0.03257 0.00001 ( 1)
 721 W   0.96322 0.00256 0.03413 0.00009 ( 1)
 722 M   0.93991 0.02588 0.03328 0.00092 ( 1)
 723 V   0.78322 0.18347 0.02691 0.00639 ( 1)
 724 V   0.96613 0.00071 0.03313 0.00002 ( 1)
 725 V   0.94174 0.02405 0.03335 0.00086 ( 1)
 726 L   0.96137 0.00444 0.03403 0.00016 ( 1)
 727 A   0.96568 0.00174 0.03252 0.00006 ( 1)
 728 L   0.53896 0.42794 0.01833 0.01477 ( 1)
 729 L   0.96227 0.00354 0.03407 0.00013 ( 1)
 730 V   0.96594 0.00091 0.03312 0.00003 ( 1)
 731 E   0.96612 0.00062 0.03324 0.00002 ( 1)
 732 A   0.96215 0.00511 0.03256 0.00018 ( 1)
 733 A   0.95255 0.01133 0.03570 0.00042 ( 1)
 734 L   0.96227 0.00354 0.03407 0.00013 ( 1)
 735 C   0.96560 0.00122 0.03314 0.00004 ( 1)
 736 A   0.78188 0.18496 0.02674 0.00642 ( 1)
 737 W   0.96322 0.00256 0.03413 0.00009 ( 1)
 738 Y   0.96597 0.00063 0.03338 0.00002 ( 1)
 739 L   0.96227 0.00354 0.03407 0.00013 ( 1)
 740 I   0.03057 0.93551 0.00107 0.03286 ( 2)
 741 A   0.96707 0.00035 0.03256 0.00001 ( 1)
 742 F   0.96729 0.00018 0.03252 0.00001 ( 1)
 743 R   0.95750 0.00942 0.03276 0.00033 ( 1)
 744 P   0.95536 0.01156 0.03268 0.00040 ( 1)
 745 E   0.96612 0.00062 0.03324 0.00002 ( 1)
 746 V   0.96589 0.00096 0.03312 0.00003 ( 1)
 747 V   0.96613 0.00071 0.03313 0.00002 ( 1)
 748 M   0.67451 0.29187 0.02339 0.01023 ( 1)
 749 D   0.96690 0.00030 0.03279 0.00001 ( 1)
 750 W   0.96322 0.00256 0.03413 0.00009 ( 1)
 751 H   0.75014 0.21682 0.02555 0.00750 ( 1)
 752 V   0.92758 0.03968 0.03138 0.00137 ( 1)
 753 L   0.96207 0.00374 0.03406 0.00013 ( 1)
 754 P   0.96710 0.00026 0.03263 0.00001 ( 1)
 755 T   0.92805 0.03852 0.03208 0.00135 ( 1)
 756 K   0.96239 0.00435 0.03311 0.00015 ( 1)
 757 A   0.96036 0.00662 0.03279 0.00023 ( 1)
 758 L   0.96209 0.00372 0.03406 0.00013 ( 1)
 759 V   0.95362 0.01322 0.03270 0.00046 ( 1)
 760 H   0.96681 0.00034 0.03285 0.00001 ( 1)
 761 C   0.96588 0.00094 0.03315 0.00003 ( 1)
 762 R   0.96276 0.00410 0.03299 0.00014 ( 1)
 763 V   0.00331 0.96040 0.00013 0.03616 ( 2)
 764 H   0.95933 0.00754 0.03288 0.00026 ( 1)
 765 S   0.96653 0.00038 0.03308 0.00001 ( 1)
 766 W   0.96322 0.00256 0.03413 0.00009 ( 1)
 767 A   0.96364 0.00363 0.03261 0.00013 ( 1)
 768 G   0.94905 0.01784 0.03248 0.00062 ( 1)
 769 L   0.95802 0.00945 0.03221 0.00032 ( 1)
 770 G   0.96639 0.00054 0.03305 0.00002 ( 1)
 771 L   0.95999 0.00371 0.03616 0.00014 ( 1)
 772 V   0.96000 0.00698 0.03278 0.00024 ( 1)
 773 H   0.96643 0.00072 0.03283 0.00002 ( 1)
 774 T   0.95590 0.01151 0.03219 0.00040 ( 1)
 775 L   0.84501 0.12189 0.02888 0.00423 ( 1)
 776 N   0.95948 0.00459 0.03576 0.00017 ( 1)
 777 A   0.96712 0.00030 0.03257 0.00001 ( 1)
 778 I   0.14833 0.81765 0.00520 0.02882 ( 2)
 779 L   0.96227 0.00354 0.03407 0.00013 ( 1)
 780 A   0.96646 0.00097 0.03254 0.00003 ( 1)
 781 S   0.96212 0.00212 0.03568 0.00008 ( 1)
 782 L   0.96573 0.00146 0.03276 0.00005 ( 1)
 783 C   0.96349 0.00332 0.03307 0.00012 ( 1)
 784 F   0.96728 0.00019 0.03252 0.00001 ( 1)
 785 L   0.96127 0.00454 0.03403 0.00016 ( 1)
 786 G   0.96618 0.00075 0.03304 0.00003 ( 1)
 787 T   0.96359 0.00040 0.03600 0.00001 ( 1)
 788 F   0.96731 0.00016 0.03252 0.00001 ( 1)
 789 L   0.96227 0.00354 0.03407 0.00013 ( 1)
 790 V   0.96589 0.00096 0.03312 0.00003 ( 1)
 791 R   0.84914 0.11712 0.02961 0.00413 ( 1)
 792 S   0.96653 0.00038 0.03307 0.00001 ( 1)
 793 Q   0.42191 0.54384 0.01492 0.01933 ( 2)
 794 P   0.96533 0.00159 0.03302 0.00006 ( 1)
 795 G   0.92392 0.04298 0.03161 0.00149 ( 1)
 796 R   0.57107 0.00237 0.42629 0.00027 ( 1)
 797 Y   0.96597 0.00063 0.03338 0.00002 ( 1)
 798 S   0.96351 0.00330 0.03307 0.00012 ( 1)
 799 R   0.82839 0.13556 0.03101 0.00504 ( 1)
 800 A   0.96719 0.00024 0.03257 0.00001 ( 1)
 801 R   0.94282 0.02114 0.03525 0.00079 ( 1)
 802 G   0.96639 0.00054 0.03305 0.00002 ( 1)
 803 L   0.96283 0.00436 0.03266 0.00015 ( 1)
 804 T   0.96667 0.00033 0.03299 0.00001 ( 1)
 805 F   0.94822 0.01602 0.03517 0.00059 ( 1)
 806 A   0.96718 0.00025 0.03257 0.00001 ( 1)
 807 T   0.77894 0.18817 0.02640 0.00648 ( 1)
 808 L   0.96227 0.00354 0.03407 0.00013 ( 1)
 809 A   0.96707 0.00035 0.03256 0.00001 ( 1)
 810 Y   0.96530 0.00130 0.03335 0.00005 ( 1)
 811 L   0.96530 0.00217 0.03245 0.00007 ( 1)
 812 I   0.96738 0.00015 0.03246 0.00001 ( 1)
 813 T   0.96458 0.00242 0.03292 0.00008 ( 1)
 814 W   0.96322 0.00256 0.03413 0.00009 ( 1)
 815 V   0.96686 0.00041 0.03272 0.00001 ( 1)
 816 S   0.96653 0.00038 0.03308 0.00001 ( 1)
 817 F   0.96397 0.00027 0.03575 0.00001 ( 1)
 818 V   0.96613 0.00071 0.03313 0.00002 ( 1)
 819 P   0.96682 0.00054 0.03262 0.00002 ( 1)
 820 L   0.96674 0.00046 0.03279 0.00002 ( 1)
 821 L   0.96227 0.00354 0.03407 0.00013 ( 1)
 822 A   0.96719 0.00024 0.03257 0.00001 ( 1)
 823 N   0.95901 0.00630 0.03446 0.00023 ( 1)
 824 V   0.95263 0.01420 0.03267 0.00049 ( 1)
 825 Q   0.95511 0.01099 0.03350 0.00039 ( 1)
 826 V   0.96613 0.00071 0.03313 0.00002 ( 1)
 827 A   0.96391 0.00336 0.03262 0.00012 ( 1)
 828 H   0.73589 0.23110 0.02503 0.00799 ( 1)
 829 Q   0.94815 0.01817 0.03305 0.00064 ( 1)
 830 P   0.96644 0.00092 0.03261 0.00003 ( 1)
 831 A   0.96711 0.00031 0.03257 0.00001 ( 1)
 832 V   0.93340 0.03342 0.03201 0.00116 ( 1)
 833 Q   0.96446 0.00165 0.03383 0.00006 ( 1)
 834 M   0.96708 0.00021 0.03270 0.00001 ( 1)
 835 G   0.96396 0.00297 0.03297 0.00010 ( 1)
 836 A   0.96717 0.00025 0.03257 0.00001 ( 1)
 837 V   0.93429 0.03286 0.03172 0.00114 ( 1)
 838 L   0.96353 0.00228 0.03411 0.00008 ( 1)
 839 F   0.96129 0.00590 0.03261 0.00020 ( 1)
 840 C   0.93701 0.02705 0.03494 0.00100 ( 1)
 841 A   0.94049 0.02675 0.03183 0.00092 ( 1)
 842 L   0.96227 0.00354 0.03407 0.00013 ( 1)
 843 G   0.96639 0.00054 0.03305 0.00002 ( 1)
 844 I   0.96704 0.00049 0.03245 0.00002 ( 1)
 845 L   0.96227 0.00354 0.03407 0.00013 ( 1)
 846 V   0.95006 0.01400 0.03541 0.00052 ( 1)
 847 A   0.96719 0.00024 0.03257 0.00001 ( 1)
 848 F   0.95410 0.01336 0.03208 0.00046 ( 1)
 849 H   0.96681 0.00034 0.03285 0.00001 ( 1)
 850 L   0.96195 0.00385 0.03405 0.00014 ( 1)
 851 P   0.96702 0.00034 0.03263 0.00001 ( 1)
 852 K   0.95477 0.01155 0.03327 0.00041 ( 1)
 853 C   0.95708 0.00698 0.03568 0.00026 ( 1)
 854 Y   0.96597 0.00063 0.03338 0.00002 ( 1)
 855 L   0.96198 0.00383 0.03406 0.00014 ( 1)
 856 L   0.96591 0.00128 0.03276 0.00004 ( 1)
 857 V   0.15554 0.81099 0.00534 0.02813 ( 2)
 858 R   0.52733 0.43781 0.01897 0.01589 ( 1)
 859 Q   0.96446 0.00165 0.03383 0.00006 ( 1)
 860 P   0.95761 0.00626 0.03590 0.00023 ( 1)
 861 E   0.93029 0.03623 0.03222 0.00127 ( 1)
 862 L   0.96672 0.00048 0.03279 0.00002 ( 1)
 863 N   0.96638 0.00044 0.03317 0.00002 ( 1)
 864 T   0.96667 0.00033 0.03299 0.00001 ( 1)
 865 P   0.96592 0.00117 0.03287 0.00004 ( 1)
 866 E   0.96612 0.00062 0.03324 0.00002 ( 1)
 867 F   0.96731 0.00016 0.03252 0.00001 ( 1)
 868 F   0.96730 0.00017 0.03252 0.00001 ( 1)
 869 L   0.96227 0.00354 0.03407 0.00013 ( 1)
 870 G   0.89622 0.06757 0.03369 0.00252 ( 1)
 871 G   0.95897 0.00757 0.03320 0.00027 ( 1)
 872 R   0.45368 0.51282 0.01563 0.01787 ( 2)
 873 S   0.30750 0.65645 0.01158 0.02447 ( 2)
 874 R   0.29428 0.67176 0.01030 0.02367 ( 2)
 875 D   0.22796 0.73614 0.00855 0.02735 ( 2)
 876 A   0.74307 0.22414 0.02509 0.00770 ( 1)
 877 T   0.00187 0.96200 0.00007 0.03606 ( 2)
 878 S   0.92049 0.04640 0.03149 0.00161 ( 1)
 879 R   0.54584 0.03315 0.41717 0.00384 ( 1)
 880 E   0.03723 0.92668 0.00141 0.03467 ( 2)
 881 S   0.33662 0.63002 0.01153 0.02184 ( 2)
 882 S   0.17570 0.78765 0.00677 0.02988 ( 2)
 883 G   0.33746 0.62589 0.01296 0.02369 ( 2)
 884 G   0.86942 0.09704 0.03013 0.00340 ( 1)
 885 E   0.04335 0.82044 0.03523 0.10098 ( 2)
 886 E   0.39480 0.56895 0.01494 0.02130 ( 2)
 887 G   0.65203 0.31173 0.02459 0.01165 ( 1)
 888 T   0.28551 0.67845 0.01075 0.02529 ( 2)
 889 R   0.95327 0.01283 0.03344 0.00045 ( 1)
 890 G   0.87428 0.09219 0.03030 0.00323 ( 1)
 891 K   0.95260 0.01133 0.03565 0.00042 ( 1)
 892 S   0.00715 0.95689 0.00027 0.03569 ( 2)
 893 E   0.96044 0.00630 0.03304 0.00022 ( 1)

