

TREE # 1

  0  0.0000  10772.097017  x:  0.26385   0.11577   0.08596   0.00000   0.06063   0.05075   0.04950   0.04981   0.05520   0.02619   0.00368   0.00258   0.00477   0.02271   0.00778   0.00197   0.00852   0.00766   0.00524   0.00418   0.00162   0.00718   0.00615   0.00626   0.01824   0.14125   0.01212   0.02718   0.01864   0.01586   0.00123   0.00887   0.00574   0.00380   0.00237   0.05365   0.19416   0.06079   0.10998   0.00040   0.10813   0.08203   3.00000   1.16374   0.04304   0.25098   2.82902  
  1 99.0000  10761.324670  x:  0.26400   0.11621   0.08616   0.00480   0.06083   0.05082   0.04976   0.05027   0.05552   0.02612   0.00374   0.00249   0.00570   0.02287   0.00845   0.00034   0.00895   0.00761   0.00573   0.00392   0.00000   0.00685   0.00670   0.00676   0.01865   0.14143   0.01211   0.02712   0.01886   0.01595   0.00158   0.00875   0.00652   0.00438   0.00152   0.05444   0.19428   0.06126   0.11023   0.00823   0.10824   0.08258   3.00013   1.16388   0.04292   0.24915   2.82900  
  2 3140.6131  10760.112410  x:  0.26406   0.11639   0.08623   0.00560   0.06090   0.05084   0.04985   0.05047   0.05566   0.02608   0.00376   0.00247   0.00598   0.02294   0.00868   0.00144   0.00910   0.00759   0.00588   0.00384   0.00112   0.00674   0.00688   0.00693   0.01882   0.14152   0.01211   0.02710   0.01894   0.01599   0.00157   0.00871   0.00676   0.00454   0.00135   0.05477   0.19433   0.06143   0.11031   0.00991   0.10826   0.08278   3.00018   1.16394   0.04287   0.24837   2.82900  
  3 3296.3101  10754.162497  x:  0.26476   0.11820   0.08688   0.00254   0.06148   0.05085   0.05047   0.05239   0.05702   0.02572   0.00385   0.00256   0.00748   0.02355   0.01034   0.00132   0.01023   0.00750   0.00665   0.00358   0.00112   0.00596   0.00795   0.00793   0.02032   0.14235   0.01204   0.02691   0.01974   0.01630   0.00000   0.00853   0.00807   0.00518   0.00221   0.05800   0.19485   0.06286   0.11096   0.01181   0.10836   0.08454   3.00073   1.16456   0.04238   0.24054   2.82895  
  4 957.3709  10750.162167  x:  0.26534   0.11970   0.08742   0.00000   0.06195   0.05086   0.05100   0.05398   0.05815   0.02543   0.00392   0.00262   0.00865   0.02404   0.01166   0.00123   0.01113   0.00742   0.00724   0.00339   0.00112   0.00535   0.00878   0.00872   0.02155   0.14305   0.01199   0.02676   0.02041   0.01658   0.00057   0.00839   0.00909   0.00568   0.00279   0.06069   0.19529   0.06404   0.11149   0.01320   0.10844   0.08599   3.00118   1.16508   0.04197   0.23399   2.82890  
  5 18487.1442  10717.192046  x:  0.27252   0.13733   0.09392   0.00652   0.06794   0.05164   0.05770   0.07202   0.07093   0.02200   0.00377   0.00250   0.01421   0.02877   0.02074   0.00043   0.01704   0.00726   0.00901   0.00489   0.00139   0.00427   0.01266   0.01245   0.03364   0.15153   0.01102   0.02531   0.02682   0.01919   0.00150   0.00806   0.01364   0.00568   0.00034   0.09128   0.20054   0.07715   0.11743   0.00470   0.10911   0.10251   3.00674   1.17130   0.03707   0.15434   2.82837  
  6 3206.4230  10714.342008  x:  0.27403   0.14080   0.09515   0.00815   0.06907   0.05182   0.05892   0.07535   0.07327   0.02151   0.00377   0.00249   0.01435   0.02938   0.02157   0.00039   0.01739   0.00735   0.00875   0.00489   0.00153   0.00507   0.01261   0.01240   0.03545   0.15327   0.01079   0.02515   0.02769   0.01948   0.00191   0.00822   0.01362   0.00539   0.00447   0.09708   0.20164   0.07965   0.11864   0.00377   0.10930   0.10571   3.00791   1.17257   0.03608   0.13797   2.82826  
  7 8829.7941  10701.726321  x:  0.27748   0.14718   0.09694   0.00518   0.07072   0.05216   0.06027   0.08004   0.07643   0.02201   0.00410   0.00278   0.00955   0.02854   0.01772   0.00038   0.01354   0.00807   0.00527   0.00273   0.00175   0.00936   0.00818   0.00818   0.03541   0.15692   0.01018   0.02571   0.02678   0.01864   0.00135   0.00880   0.00871   0.00292   0.00300   0.10647   0.20410   0.08367   0.12115   0.00704   0.10997   0.11129   3.01053   1.17515   0.03414   0.10436   2.82800  
  8 2671.6838  10699.706330  x:  0.27849   0.14853   0.09711   0.00470   0.07085   0.05222   0.06023   0.08048   0.07661   0.02252   0.00376   0.00226   0.00796   0.02781   0.01553   0.00042   0.01201   0.00785   0.00617   0.00506   0.00175   0.00813   0.00751   0.00756   0.03424   0.15784   0.01011   0.02596   0.02583   0.01816   0.00125   0.00868   0.00769   0.00593   0.00283   0.10803   0.20477   0.08422   0.12167   0.00752   0.11014   0.11225   3.01133   1.17577   0.03372   0.09700   2.82792  
  9 1310.4568  10698.570711  x:  0.27945   0.14935   0.09695   0.00486   0.07064   0.05219   0.05981   0.08006   0.07609   0.02319   0.00379   0.00308   0.00754   0.02688   0.01324   0.00049   0.01110   0.00741   0.00732   0.00409   0.00169   0.00537   0.00835   0.00837   0.03220   0.15856   0.01021   0.02616   0.02452   0.01769   0.00129   0.00862   0.00832   0.00543   0.00295   0.10845   0.20534   0.08414   0.12193   0.00738   0.11025   0.11252   3.01215   1.17623   0.03346   0.09299   2.82784  
 10 565.6780  10698.256384  x:  0.28002   0.14972   0.09677   0.00486   0.07042   0.05213   0.05947   0.07964   0.07564   0.02345   0.00377   0.00197   0.00804   0.02649   0.01263   0.00053   0.01128   0.00738   0.00734   0.00408   0.00164   0.00547   0.00882   0.00880   0.03098   0.15893   0.01033   0.02619   0.02390   0.01757   0.00130   0.00853   0.00888   0.00511   0.00293   0.10848   0.20564   0.08394   0.12201   0.00730   0.11028   0.11252   3.01268   1.17647   0.03336   0.09178   2.82779  
 11 344.5823  10697.950099  x:  0.28104   0.15033   0.09643   0.00489   0.07001   0.05199   0.05887   0.07885   0.07481   0.02372   0.00377   0.00260   0.00906   0.02602   0.01234   0.00060   0.01196   0.00746   0.00707   0.00461   0.00155   0.00639   0.00930   0.00926   0.02901   0.15954   0.01056   0.02617   0.02308   0.01749   0.00131   0.00839   0.00959   0.00515   0.00286   0.10845   0.20617   0.08354   0.12211   0.00720   0.11029   0.11245   3.01365   1.17688   0.03321   0.09035   2.82770  
 12 394.7736  10697.681734  x:  0.28276   0.15138   0.09591   0.00505   0.06938   0.05175   0.05805   0.07772   0.07361   0.02345   0.00380   0.00254   0.00958   0.02603   0.01381   0.00068   0.01295   0.00761   0.00670   0.00395   0.00146   0.00585   0.00881   0.00878   0.02684   0.16048   0.01085   0.02599   0.02283   0.01775   0.00133   0.00849   0.00926   0.00575   0.00287   0.10850   0.20704   0.08288   0.12221   0.00703   0.11025   0.11234   3.01542   1.17757   0.03298   0.08934   2.82752  
 13 196.6330  10697.525299  x:  0.28436   0.15237   0.09550   0.00501   0.06891   0.05156   0.05751   0.07692   0.07280   0.02297   0.00373   0.00252   0.00923   0.02631   0.01478   0.00073   0.01295   0.00739   0.00726   0.00463   0.00142   0.00569   0.00874   0.00872   0.02597   0.16128   0.01098   0.02583   0.02320   0.01794   0.00132   0.00855   0.00900   0.00493   0.00289   0.10866   0.20783   0.08235   0.12229   0.00715   0.11019   0.11227   3.01721   1.17825   0.03276   0.08904   2.82735  
 14 194.0826  10697.294679  x:  0.28760   0.15437   0.09484   0.00506   0.06824   0.05129   0.05685   0.07571   0.07168   0.02228   0.00388   0.00250   0.00839   0.02687   0.01514   0.00076   0.01202   0.00729   0.00763   0.00410   0.00137   0.00641   0.00930   0.00929   0.02593   0.16278   0.01100   0.02564   0.02425   0.01804   0.00132   0.00829   0.00926   0.00538   0.00285   0.10914   0.20938   0.08139   0.12241   0.00711   0.11002   0.11220   3.02106   1.17969   0.03233   0.08917   2.82697  
 15 208.6650  10696.960581  x:  0.29284   0.15755   0.09400   0.00506   0.06752   0.05105   0.05631   0.07423   0.07055   0.02219   0.00338   0.00254   0.00876   0.02738   0.01431   0.00078   0.01143   0.00784   0.00629   0.00447   0.00136   0.00581   0.00932   0.00927   0.02725   0.16505   0.01086   0.02558   0.02535   0.01790   0.00130   0.00847   0.00961   0.00533   0.00288   0.10997   0.21185   0.08002   0.12258   0.00721   0.10976   0.11216   3.02776   1.18216   0.03159   0.08993   2.82631  
 16 326.6025  10696.713301  x:  0.29717   0.16007   0.09345   0.00509   0.06720   0.05101   0.05619   0.07332   0.07002   0.02269   0.00453   0.00252   0.00939   0.02742   0.01337   0.00078   0.01188   0.00767   0.00667   0.00452   0.00138   0.00577   0.00884   0.00880   0.02859   0.16679   0.01068   0.02566   0.02555   0.01775   0.00130   0.00863   0.00941   0.00531   0.00290   0.11059   0.21386   0.07901   0.12272   0.00722   0.10959   0.11215   3.03371   1.18435   0.03095   0.09074   2.82572  
 17 536.2230  10696.516989  x:  0.30041   0.16183   0.09319   0.00510   0.06722   0.05113   0.05638   0.07291   0.06995   0.02328   0.00365   0.00255   0.00959   0.02718   0.01291   0.00075   0.01255   0.00732   0.00746   0.00419   0.00140   0.00608   0.00854   0.00852   0.02951   0.16796   0.01055   0.02582   0.02509   0.01769   0.00131   0.00860   0.00903   0.00532   0.00289   0.11095   0.21531   0.07838   0.12281   0.00721   0.10951   0.11215   3.03860   1.18612   0.03045   0.09146   2.82524  
 18 536.5703  10696.199350  x:  0.30551   0.16403   0.09334   0.00506   0.06810   0.05177   0.05753   0.07323   0.07092   0.02417   0.00385   0.00253   0.00820   0.02614   0.01380   0.00067   0.01313   0.00764   0.00697   0.00437   0.00148   0.00601   0.00913   0.00916   0.03009   0.16927   0.01048   0.02625   0.02275   0.01790   0.00133   0.00821   0.00862   0.00525   0.00292   0.11100   0.21745   0.07785   0.12295   0.00730   0.10962   0.11215   3.04824   1.18955   0.02954   0.09282   2.82428  
 19 278.1099  10695.872800  x:  0.31019   0.16521   0.09403   0.00500   0.06954   0.05254   0.05899   0.07447   0.07265   0.02382   0.00385   0.00254   0.00863   0.02561   0.01457   0.00057   0.01158   0.00723   0.00708   0.00435   0.00158   0.00616   0.00862   0.00854   0.02906   0.16979   0.01071   0.02649   0.02159   0.01799   0.00133   0.00926   0.00986   0.00534   0.00289   0.11018   0.21917   0.07791   0.12307   0.00724   0.11003   0.11209   3.06011   1.19366   0.02855   0.09406   2.82309  
 20 285.9437  10695.326215  x:  0.31682   0.16568   0.09548   0.00487   0.07177   0.05341   0.06083   0.07698   0.07551   0.02252   0.00385   0.00255   0.00981   0.02590   0.01377   0.00051   0.01114   0.00822   0.00745   0.00432   0.00164   0.00605   0.00861   0.00866   0.02624   0.16960   0.01098   0.02648   0.02285   0.01776   0.00132   0.00774   0.00882   0.00523   0.00293   0.10779   0.22124   0.07863   0.12325   0.00726   0.11099   0.11192   3.08172   1.20100   0.02688   0.09552   2.82092  
 21 454.4403  10694.893092  x:  0.32120   0.16518   0.09650   0.00476   0.07282   0.05351   0.06135   0.07871   0.07712   0.02231   0.00388   0.00255   0.00907   0.02657   0.01278   0.00055   0.01259   0.00693   0.00678   0.00435   0.00161   0.00602   0.00911   0.00911   0.02462   0.16889   0.01104   0.02625   0.02453   0.01765   0.00128   0.00897   0.00852   0.00543   0.00289   0.10542   0.22232   0.07942   0.12338   0.00739   0.11178   0.11174   3.10006   1.20713   0.02559   0.09608   2.81908  
 22 674.1078  10694.191519  x:  0.32640   0.16276   0.09758   0.00479   0.07267   0.05248   0.06007   0.08041   0.07786   0.02434   0.00382   0.00254   0.00748   0.02755   0.01278   0.00070   0.01382   0.00878   0.00748   0.00435   0.00147   0.00608   0.00859   0.00842   0.02469   0.16680   0.01107   0.02575   0.02594   0.01791   0.00126   0.00923   0.01056   0.00536   0.00286   0.10093   0.22285   0.08091   0.12354   0.00737   0.11289   0.11140   3.13266   1.21780   0.02355   0.09569   2.81579  
 23 616.1798  10692.708690  x:  0.33460   0.15702   0.09895   0.00502   0.07086   0.05003   0.05637   0.08246   0.07755   0.02727   0.00385   0.00254   0.00871   0.02836   0.01466   0.00094   0.01229   0.00657   0.00679   0.00440   0.00120   0.00589   0.00860   0.00872   0.02750   0.16219   0.01100   0.02527   0.02594   0.01842   0.00129   0.00730   0.01011   0.00527   0.00290   0.09253   0.22270   0.08386   0.12379   0.00712   0.11460   0.11086   3.19959   1.23947   0.01964   0.09415   2.80903  
 24 1425.9791  10691.804296  x:  0.33821   0.15342   0.09928   0.00509   0.06936   0.04914   0.05456   0.08292   0.07646   0.02567   0.00381   0.00253   0.00994   0.02784   0.01516   0.00099   0.01173   0.00805   0.00751   0.00426   0.00114   0.00607   0.00968   0.00966   0.02969   0.15941   0.01058   0.02547   0.02469   0.01821   0.00130   0.00968   0.00823   0.00539   0.00280   0.08875   0.22180   0.08557   0.12383   0.00701   0.11505   0.11080   3.24347   1.25352   0.01727   0.09334   2.80458  
 25 1628.0290  10690.369555  x:  0.34052   0.14886   0.09888   0.00506   0.06727   0.04950   0.05386   0.08226   0.07383   0.01922   0.00377   0.00253   0.00935   0.02599   0.01438   0.00085   0.01343   0.00760   0.00732   0.00429   0.00127   0.00582   0.00910   0.00883   0.03226   0.15608   0.00988   0.02617   0.02252   0.01740   0.00132   0.00856   0.00959   0.00533   0.00280   0.08684   0.21917   0.08761   0.12362   0.00705   0.11444   0.11123   3.30904   1.27425   0.01409   0.09299   2.79791  
 26 1472.9042  10685.662978  x:  0.33588   0.14155   0.09567   0.00483   0.06515   0.05453   0.05938   0.07705   0.06662   0.02126   0.00375   0.00250   0.00917   0.02386   0.01421   0.00000   0.01278   0.00751   0.00720   0.00425   0.00210   0.00580   0.00826   0.00960   0.03073   0.15160   0.01178   0.02582   0.02428   0.01791   0.00126   0.00863   0.00931   0.00531   0.00277   0.09523   0.20865   0.09001   0.12182   0.00715   0.10885   0.11336   3.47639   1.32636   0.00709   0.09563   2.78076  
 27 1192.1415  10684.934993  x:  0.33481   0.14123   0.09544   0.00482   0.06528   0.05429   0.05941   0.07661   0.06659   0.02141   0.00374   0.00250   0.00917   0.02447   0.01415   0.00000   0.01265   0.00748   0.00719   0.00425   0.00076   0.00580   0.00890   0.00891   0.03035   0.15154   0.01098   0.02572   0.02394   0.01773   0.00126   0.00856   0.00925   0.00531   0.00277   0.09639   0.20762   0.08988   0.12159   0.00718   0.10838   0.11341   3.49363   1.33166   0.00647   0.09607   2.77898  
 28 2128.2752  10683.589390  x:  0.33016   0.13998   0.09453   0.00479   0.06580   0.05276   0.05894   0.07472   0.06665   0.02205   0.00373   0.00248   0.00916   0.02719   0.01384   0.00000   0.01226   0.00738   0.00712   0.00423   0.00148   0.00577   0.01106   0.00662   0.02862   0.15141   0.00781   0.02530   0.02244   0.01698   0.00128   0.00833   0.00902   0.00530   0.00277   0.10099   0.20342   0.08912   0.12060   0.00727   0.10656   0.11344   3.56592   1.35388   0.00392   0.09782   2.77151  
 29 4101.4852  10681.426807  x:  0.32008   0.14044   0.09402   0.00483   0.06786   0.04657   0.05455   0.07256   0.07063   0.02153   0.00370   0.00246   0.00882   0.03174   0.01261   0.00000   0.01206   0.00740   0.00705   0.00418   0.00140   0.00573   0.00796   0.00936   0.02660   0.15359   0.00859   0.02506   0.01900   0.01589   0.00129   0.00838   0.00894   0.00530   0.00276   0.10788   0.19813   0.08556   0.11894   0.00754   0.10507   0.11204   3.67269   1.38630   0.00078   0.10072   2.76038  
 30 2555.6241  10680.343082  x:  0.31265   0.14204   0.09443   0.00488   0.06881   0.04388   0.05110   0.07191   0.07374   0.02111   0.00370   0.00246   0.00864   0.02924   0.01225   0.00000   0.01202   0.00736   0.00700   0.00417   0.00147   0.00570   0.00975   0.00745   0.02643   0.15609   0.01205   0.02583   0.01965   0.01710   0.00127   0.00828   0.00869   0.00529   0.00277   0.11003   0.19665   0.08200   0.11810   0.00769   0.10550   0.11006   3.72895   1.40308  -0.00033   0.10179   2.75442  
 31 1505.5959  10679.285990  x:  0.30383   0.14485   0.09542   0.00494   0.06905   0.04369   0.04826   0.07181   0.07639   0.02119   0.00369   0.00245   0.00871   0.02422   0.01302   0.00000   0.01191   0.00732   0.00699   0.00417   0.00139   0.00567   0.00895   0.00820   0.02627   0.15939   0.00894   0.02617   0.02204   0.01745   0.00124   0.00833   0.00887   0.00528   0.00276   0.10998   0.19702   0.07740   0.11752   0.00776   0.10711   0.10712   3.77978   1.41784  -0.00066   0.10215   2.74894  
 32 1240.2107  10678.319550  x:  0.29207   0.14962   0.09711   0.00486   0.06717   0.04816   0.04955   0.07219   0.07658   0.02109   0.00367   0.00244   0.00879   0.02591   0.01358   0.00000   0.01213   0.00730   0.00705   0.00416   0.00140   0.00564   0.00924   0.00811   0.02750   0.16372   0.00964   0.02393   0.02161   0.01500   0.00128   0.00830   0.00892   0.00527   0.00273   0.10559   0.20103   0.07214   0.11759   0.00782   0.11016   0.10315   3.82906   1.43135   0.00048   0.10126   2.74339  
 33 555.4562  10678.014975  x:  0.28755   0.15184   0.09765   0.00479   0.06648   0.04859   0.05100   0.07244   0.07578   0.02085   0.00367   0.00245   0.00891   0.02719   0.01303   0.00000   0.01216   0.00732   0.00706   0.00416   0.00140   0.00562   0.00912   0.00827   0.02770   0.16505   0.00927   0.02483   0.02117   0.01780   0.00124   0.00831   0.00894   0.00530   0.00272   0.10349   0.20344   0.07129   0.11787   0.00786   0.11098   0.10238   3.84534   1.43546   0.00147   0.10105   2.74146  
 34 477.0336  10677.737703  x:  0.28276   0.15507   0.09788   0.00481   0.06652   0.04612   0.05300   0.07295   0.07381   0.02106   0.00367   0.00245   0.00890   0.02704   0.01336   0.00000   0.01217   0.00731   0.00706   0.00417   0.00140   0.00563   0.00917   0.00826   0.02750   0.16571   0.00938   0.02681   0.02148   0.01658   0.00125   0.00831   0.00899   0.00530   0.00272   0.10123   0.20749   0.07310   0.11864   0.00776   0.11080   0.10348   3.86003   1.43834   0.00382   0.10148   2.73948  
 35 197.3633  10677.598235  x:  0.28035   0.15715   0.09770   0.00479   0.06714   0.04548   0.05274   0.07324   0.07299   0.02098   0.00367   0.00245   0.00887   0.02640   0.01310   0.00000   0.01210   0.00732   0.00705   0.00416   0.00140   0.00563   0.00915   0.00820   0.02739   0.16549   0.00940   0.02467   0.02125   0.01695   0.00124   0.00831   0.00892   0.00530   0.00272   0.10024   0.21016   0.07502   0.11912   0.00773   0.11010   0.10493   3.86746   1.43915   0.00614   0.10201   2.73831  
 36 141.4507  10677.500942  x:  0.27903   0.15869   0.09706   0.00481   0.06782   0.04723   0.05078   0.07300   0.07334   0.02111   0.00368   0.00245   0.00885   0.02676   0.01308   0.00000   0.01209   0.00732   0.00705   0.00417   0.00140   0.00564   0.00914   0.00821   0.02723   0.16452   0.00948   0.02550   0.02122   0.01692   0.00125   0.00831   0.00893   0.00531   0.00272   0.09969   0.21221   0.07642   0.11923   0.00769   0.10906   0.10634   3.87308   1.43876   0.00967   0.10223   2.73714  
 37 73.4392  10677.178615  x:  0.27921   0.16118   0.09425   0.00483   0.06591   0.04676   0.05252   0.07060   0.07776   0.02106   0.00368   0.00245   0.00888   0.02663   0.01327   0.00000   0.01216   0.00734   0.00707   0.00417   0.00141   0.00565   0.00918   0.00824   0.02713   0.15887   0.00950   0.02521   0.02156   0.01696   0.00125   0.00833   0.00898   0.00531   0.00272   0.09882   0.21583   0.07440   0.11767   0.00773   0.10679   0.10759   3.89342   1.43118   0.03334   0.10026   2.73119  
 38 47.7703  10675.794154  x:  0.28552   0.16575   0.09655   0.00484   0.07206   0.04685   0.05215   0.07628   0.07196   0.02146   0.00374   0.00249   0.00886   0.02711   0.01313   0.00000   0.01220   0.00745   0.00708   0.00422   0.00143   0.00580   0.00916   0.00827   0.02753   0.15179   0.00994   0.02579   0.02150   0.01713   0.00127   0.00845   0.00896   0.00532   0.00278   0.10339   0.22041   0.06944   0.11732   0.00778   0.11095   0.10555   3.98223   1.39242   0.14787   0.09491   2.70309  
 39 172.9441  10674.557387  x:  0.29161   0.16478   0.09888   0.00496   0.06637   0.04828   0.05265   0.07653   0.07620   0.02209   0.00382   0.00252   0.00873   0.02717   0.01292   0.00000   0.01212   0.00757   0.00709   0.00427   0.00146   0.00598   0.00914   0.00825   0.02679   0.16281   0.01001   0.02623   0.02154   0.01734   0.00129   0.00858   0.00891   0.00536   0.00285   0.10521   0.22056   0.07718   0.12308   0.00750   0.11512   0.10683   4.06212   1.35737   0.25363   0.09217   2.67685  
 40 433.8164  10674.358010  x:  0.29256   0.16302   0.09803   0.00492   0.07040   0.04832   0.05364   0.07383   0.07671   0.02198   0.00382   0.00253   0.00884   0.02739   0.01322   0.00000   0.01230   0.00760   0.00714   0.00428   0.00146   0.00598   0.00921   0.00833   0.02776   0.16705   0.00988   0.02615   0.02196   0.01743   0.00129   0.00861   0.00902   0.00536   0.00284   0.10261   0.21987   0.07732   0.12341   0.00745   0.11402   0.10819   4.07487   1.35248   0.27132   0.09048   2.67209  
 41 154.7395  10674.329357  x:  0.29270   0.16279   0.09831   0.00492   0.06993   0.04832   0.05353   0.07516   0.07649   0.02200   0.00382   0.00253   0.00883   0.02738   0.01320   0.00000   0.01229   0.00760   0.00713   0.00428   0.00146   0.00598   0.00920   0.00833   0.02766   0.16815   0.00988   0.02617   0.02193   0.01742   0.00129   0.00861   0.00901   0.00536   0.00284   0.10192   0.21949   0.07640   0.12224   0.00749   0.11250   0.10963   4.07595   1.35357   0.27443   0.09043   2.67052  
 42 16.8772  10673.536496  x:  0.29318   0.16687   0.09126   0.00488   0.07006   0.04849   0.05378   0.07688   0.07582   0.02201   0.00382   0.00253   0.00877   0.02726   0.01309   0.00000   0.01222   0.00758   0.00710   0.00426   0.00145   0.00599   0.00914   0.00829   0.02756   0.16993   0.00989   0.02616   0.02185   0.01739   0.00128   0.00860   0.00895   0.00534   0.00281   0.09900   0.21500   0.08204   0.11056   0.00767   0.11572   0.10600   4.07649   1.45968   0.38044   0.09004   2.59038  
 43 13.9281  10665.867963  x:  0.29602   0.18347   0.09479   0.00420   0.06883   0.04948   0.05398   0.06973   0.07289   0.02274   0.00380   0.00249   0.00826   0.02620   0.01213   0.00000   0.01158   0.00749   0.00688   0.00411   0.00138   0.00600   0.00875   0.00810   0.02504   0.16124   0.01035   0.02619   0.02158   0.01718   0.00119   0.00848   0.00867   0.00525   0.00250   0.07965   0.18710   0.07756   0.13189   0.00814   0.11010   0.10613   4.07803   2.58301   1.49156   0.09196   1.74585  
 44 799.0726  10660.994150  x:  0.29458   0.15243   0.11206   0.00373   0.06783   0.04962   0.05310   0.05592   0.07154   0.02320   0.00379   0.00247   0.00782   0.02559   0.01138   0.00000   0.01105   0.00744   0.00669   0.00402   0.00133   0.00605   0.00842   0.00794   0.02371   0.16292   0.01032   0.02621   0.02127   0.01704   0.00114   0.00843   0.00837   0.00516   0.00233   0.08999   0.21643   0.07381   0.12145   0.00867   0.11193   0.10668   4.07843   3.26023   2.15991   0.09329   1.23707  
 45 2017.5457  10660.476287  x:  0.29396   0.14486   0.10279   0.00379   0.06795   0.04947   0.05296   0.06107   0.07144   0.02327   0.00379   0.00247   0.00776   0.02551   0.01126   0.00000   0.01097   0.00744   0.00665   0.00401   0.00133   0.00607   0.00837   0.00790   0.02335   0.16469   0.01037   0.02627   0.02120   0.01701   0.00114   0.00842   0.00832   0.00514   0.00233   0.09224   0.22275   0.07161   0.12593   0.00875   0.11068   0.10419   4.07852   3.33102   2.22960   0.09342   1.18387  
 46 479.4917  10660.473459  x:  0.29393   0.14480   0.10253   0.00379   0.06794   0.04948   0.05297   0.06106   0.07144   0.02328   0.00379   0.00247   0.00775   0.02551   0.01125   0.00000   0.01097   0.00744   0.00665   0.00401   0.00133   0.00607   0.00837   0.00790   0.02333   0.16467   0.01037   0.02628   0.02119   0.01701   0.00114   0.00843   0.00832   0.00514   0.00233   0.09225   0.22273   0.07139   0.12596   0.00873   0.11133   0.10482   4.07857   3.33129   2.22983   0.09349   1.18359  
 47  4.6230  10657.938862  x:  0.29476   0.14188   0.09766   0.00296   0.06570   0.05025   0.05277   0.05750   0.06537   0.02419   0.00376   0.00243   0.00680   0.02394   0.00982   0.00000   0.00985   0.00732   0.00625   0.00382   0.00120   0.00612   0.00762   0.00751   0.02053   0.16184   0.01089   0.02637   0.02033   0.01654   0.00102   0.00838   0.00759   0.00494   0.00187   0.07967   0.21696   0.07049   0.12138   0.00995   0.11029   0.09990   4.18635   3.30773   2.15688   0.09906   1.00000  
 48  0.5712  10657.937529  x:  0.29476   0.14188   0.09765   0.00296   0.06569   0.05026   0.05277   0.05750   0.06536   0.02419   0.00376   0.00243   0.00680   0.02394   0.00982   0.00007   0.00985   0.00732   0.00625   0.00382   0.00120   0.00612   0.00761   0.00751   0.02053   0.16184   0.01089   0.02637   0.02033   0.01654   0.00101   0.00838   0.00759   0.00494   0.00187   0.07965   0.21695   0.07049   0.12137   0.00995   0.11029   0.09989   4.18652   3.30770   2.15677   0.09907   1.00000  
 49 137.7514  10657.418511  x:  0.29892   0.14329   0.09541   0.00263   0.06435   0.05112   0.05301   0.05846   0.06332   0.02480   0.00373   0.00246   0.00659   0.02375   0.01031   0.00012   0.00991   0.00744   0.00615   0.00373   0.00109   0.00631   0.00722   0.00741   0.02203   0.15845   0.01110   0.02648   0.02027   0.01637   0.00099   0.00860   0.00726   0.00477   0.00148   0.07804   0.21141   0.07157   0.11788   0.01063   0.11006   0.09846   4.31243   3.39137   2.22412   0.10370   1.00000  
 50  0.1589  10657.332928  x:  0.29926   0.14288   0.09596   0.00266   0.06469   0.05115   0.05309   0.05831   0.06449   0.02496   0.00376   0.00246   0.00687   0.02389   0.00980   0.00019   0.00990   0.00749   0.00621   0.00367   0.00103   0.00622   0.00761   0.00748   0.02089   0.15853   0.01107   0.02645   0.02026   0.01635   0.00103   0.00856   0.00759   0.00475   0.00137   0.07894   0.21078   0.07156   0.11811   0.01082   0.10966   0.09876   4.35919   3.55166   2.38162   0.10418   1.00000  
 51  0.1819  10657.246038  x:  0.29888   0.14269   0.09691   0.00282   0.06520   0.05082   0.05290   0.05815   0.06489   0.02478   0.00379   0.00246   0.00667   0.02395   0.01035   0.00034   0.00994   0.00736   0.00619   0.00371   0.00090   0.00608   0.00732   0.00748   0.02166   0.15976   0.01097   0.02643   0.02026   0.01643   0.00115   0.00846   0.00744   0.00475   0.00135   0.07922   0.21240   0.07137   0.11935   0.01117   0.10959   0.09936   4.39344   3.94263   2.77580   0.10329   1.00000  
 52  0.2371  10657.154599  x:  0.29914   0.14416   0.09611   0.00295   0.06455   0.05094   0.05303   0.05854   0.06322   0.02465   0.00373   0.00244   0.00691   0.02374   0.00984   0.00048   0.00999   0.00747   0.00625   0.00378   0.00073   0.00617   0.00759   0.00751   0.02155   0.15868   0.01111   0.02647   0.02034   0.01642   0.00129   0.00853   0.00744   0.00483   0.00146   0.07874   0.21209   0.07178   0.11838   0.01166   0.11000   0.09866   4.36779   4.48540   3.32487   0.10304   1.00000  
 53  0.2938  10657.109070  x:  0.29902   0.14317   0.09619   0.00284   0.06454   0.05105   0.05306   0.05803   0.06457   0.02477   0.00374   0.00245   0.00667   0.02389   0.01014   0.00062   0.00982   0.00746   0.00617   0.00372   0.00057   0.00627   0.00736   0.00742   0.02102   0.15857   0.01110   0.02644   0.02030   0.01637   0.00134   0.00856   0.00748   0.00476   0.00143   0.07835   0.21071   0.07161   0.11776   0.01194   0.10974   0.09865   4.34535   4.90796   3.74270   0.10354   1.00000  
 54  0.3870  10657.084699  x:  0.29884   0.14311   0.09656   0.00275   0.06501   0.05108   0.05300   0.05803   0.06446   0.02487   0.00377   0.00247   0.00677   0.02385   0.00997   0.00076   0.00999   0.00742   0.00618   0.00368   0.00045   0.00620   0.00748   0.00748   0.02175   0.15928   0.01098   0.02647   0.02017   0.01636   0.00137   0.00847   0.00744   0.00470   0.00143   0.07879   0.21102   0.07131   0.11851   0.01190   0.10962   0.09905   4.34055   5.34201   4.17735   0.10393   1.00000  
 55  0.3150  10657.062970  x:  0.29869   0.14392   0.09654   0.00266   0.06490   0.05102   0.05300   0.05848   0.06386   0.02486   0.00377   0.00246   0.00684   0.02392   0.01025   0.00091   0.00992   0.00742   0.00622   0.00372   0.00030   0.00615   0.00745   0.00751   0.02123   0.15916   0.01106   0.02645   0.02035   0.01641   0.00136   0.00849   0.00750   0.00474   0.00143   0.07906   0.21162   0.07161   0.11880   0.01159   0.10983   0.09898   4.34432   5.88353   4.72218   0.10395   1.00000  
 56  0.3583  10657.046042  x:  0.29875   0.14356   0.09637   0.00255   0.06457   0.05100   0.05307   0.05817   0.06436   0.02480   0.00375   0.00245   0.00671   0.02383   0.00996   0.00101   0.00991   0.00744   0.00618   0.00372   0.00018   0.00618   0.00740   0.00745   0.02135   0.15885   0.01109   0.02645   0.02034   0.01640   0.00133   0.00851   0.00747   0.00477   0.00142   0.07846   0.21132   0.07177   0.11831   0.01119   0.10986   0.09875   4.34904   6.38781   5.22411   0.10367   1.00000  
 57  0.4266  10657.041107  x:  0.29882   0.14320   0.09641   0.00260   0.06473   0.05102   0.05305   0.05798   0.06430   0.02479   0.00375   0.00245   0.00677   0.02384   0.01011   0.00104   0.00993   0.00744   0.00621   0.00371   0.00016   0.00619   0.00749   0.00748   0.02140   0.15887   0.01106   0.02645   0.02023   0.01638   0.00132   0.00851   0.00745   0.00476   0.00146   0.07856   0.21101   0.07152   0.11828   0.01097   0.10973   0.09885   4.35038   6.63648   5.47167   0.10378   1.00000  
 58  0.2692  10657.037369  x:  0.29889   0.14355   0.09650   0.00265   0.06490   0.05104   0.05300   0.05823   0.06415   0.02480   0.00376   0.00246   0.00674   0.02389   0.01004   0.00104   0.00992   0.00743   0.00618   0.00370   0.00016   0.00621   0.00738   0.00747   0.02138   0.15893   0.01104   0.02645   0.02026   0.01637   0.00128   0.00851   0.00745   0.00472   0.00146   0.07892   0.21095   0.07148   0.11849   0.01088   0.10970   0.09902   4.35152   6.91228   5.74744   0.10377   1.00000  
 59  0.2013  10657.029083  x:  0.29880   0.14368   0.09637   0.00278   0.06472   0.05105   0.05296   0.05826   0.06426   0.02485   0.00376   0.00246   0.00675   0.02385   0.01007   0.00095   0.00994   0.00743   0.00618   0.00372   0.00025   0.00623   0.00745   0.00746   0.02139   0.15897   0.01105   0.02643   0.02034   0.01640   0.00119   0.00853   0.00749   0.00476   0.00141   0.07818   0.21131   0.07171   0.11863   0.01101   0.10982   0.09879   4.35041   7.55000   6.38640   0.10387   1.00000  
 60  0.2696  10657.026240  x:  0.29873   0.14336   0.09644   0.00279   0.06469   0.05103   0.05301   0.05805   0.06424   0.02481   0.00375   0.00246   0.00675   0.02384   0.01005   0.00090   0.00990   0.00744   0.00619   0.00371   0.00030   0.00620   0.00745   0.00746   0.02135   0.15890   0.01106   0.02646   0.02027   0.01640   0.00115   0.00853   0.00743   0.00477   0.00140   0.07873   0.21107   0.07159   0.11835   0.01117   0.10976   0.09882   4.34852   7.81875   6.65453   0.10384   1.00000  
 61  0.2950  10657.025237  x:  0.29885   0.14339   0.09647   0.00276   0.06478   0.05100   0.05301   0.05811   0.06426   0.02480   0.00375   0.00245   0.00676   0.02388   0.01006   0.00088   0.00994   0.00744   0.00620   0.00371   0.00032   0.00618   0.00742   0.00747   0.02139   0.15891   0.01106   0.02645   0.02026   0.01639   0.00115   0.00852   0.00750   0.00477   0.00142   0.07863   0.21106   0.07150   0.11828   0.01124   0.10973   0.09891   4.34874   8.03259   6.86816   0.10380   1.00000  
 62  0.1787  10657.024111  x:  0.29890   0.14357   0.09641   0.00270   0.06481   0.05103   0.05302   0.05819   0.06429   0.02479   0.00376   0.00245   0.00676   0.02384   0.01008   0.00085   0.00991   0.00743   0.00619   0.00371   0.00035   0.00620   0.00747   0.00748   0.02139   0.15893   0.01105   0.02645   0.02028   0.01638   0.00115   0.00853   0.00744   0.00476   0.00143   0.07858   0.21111   0.07158   0.11842   0.01127   0.10975   0.09889   4.35114   8.42533   7.26125   0.10372   1.00000  
 63  0.2264  10657.022488  x:  0.29871   0.14329   0.09646   0.00269   0.06466   0.05103   0.05299   0.05803   0.06418   0.02481   0.00375   0.00246   0.00677   0.02385   0.01006   0.00078   0.00994   0.00744   0.00621   0.00371   0.00042   0.00622   0.00742   0.00746   0.02137   0.15891   0.01106   0.02644   0.02031   0.01640   0.00117   0.00853   0.00747   0.00477   0.00144   0.07869   0.21107   0.07165   0.11845   0.01122   0.10978   0.09875   4.35201   9.18223   8.01850   0.10380   1.00000  
 64  0.3665  10657.021088  x:  0.29883   0.14345   0.09649   0.00273   0.06474   0.05103   0.05302   0.05814   0.06425   0.02482   0.00375   0.00246   0.00674   0.02386   0.01006   0.00068   0.00989   0.00744   0.00619   0.00371   0.00053   0.00620   0.00745   0.00747   0.02137   0.15890   0.01105   0.02646   0.02024   0.01639   0.00119   0.00852   0.00747   0.00476   0.00143   0.07859   0.21112   0.07152   0.11830   0.01118   0.10974   0.09891   4.34944  10.06231   8.89788   0.10383   1.00000  
 65  0.5858  10657.020865  x:  0.29883   0.14346   0.09641   0.00273   0.06477   0.05102   0.05302   0.05811   0.06427   0.02481   0.00376   0.00245   0.00676   0.02386   0.01006   0.00064   0.00992   0.00744   0.00619   0.00371   0.00057   0.00620   0.00744   0.00747   0.02137   0.15892   0.01105   0.02645   0.02027   0.01639   0.00119   0.00852   0.00746   0.00476   0.00142   0.07863   0.21110   0.07157   0.11837   0.01119   0.10975   0.09887   4.34960  10.43260   9.26831   0.10380   1.00000  
 66  0.4200  10657.020812  x:  0.29880   0.14342   0.09645   0.00272   0.06475   0.05102   0.05301   0.05811   0.06424   0.02480   0.00376   0.00245   0.00675   0.02386   0.01006   0.00062   0.00991   0.00743   0.00619   0.00371   0.00059   0.00620   0.00744   0.00747   0.02138   0.15891   0.01105   0.02645   0.02027   0.01639   0.00119   0.00853   0.00747   0.00476   0.00142   0.07864   0.21107   0.07158   0.11838   0.01119   0.10975   0.09886   4.34989  10.70060   9.53637   0.10379   1.00000  
 67  0.2737  10657.020782  x:  0.29881   0.14344   0.09645   0.00272   0.06474   0.05102   0.05301   0.05812   0.06425   0.02481   0.00375   0.00246   0.00676   0.02386   0.01006   0.00061   0.00992   0.00744   0.00619   0.00371   0.00060   0.00620   0.00744   0.00747   0.02137   0.15891   0.01105   0.02645   0.02026   0.01639   0.00119   0.00852   0.00746   0.00476   0.00143   0.07861   0.21109   0.07156   0.11836   0.01118   0.10975   0.09888   4.34987  10.97608   9.81185   0.10380   1.00000  
 68  0.1667  10657.020722  x:  0.29883   0.14345   0.09640   0.00272   0.06477   0.05102   0.05302   0.05810   0.06425   0.02481   0.00376   0.00246   0.00674   0.02387   0.01006   0.00062   0.00992   0.00744   0.00619   0.00371   0.00059   0.00620   0.00744   0.00747   0.02138   0.15892   0.01105   0.02645   0.02027   0.01639   0.00119   0.00853   0.00746   0.00476   0.00143   0.07864   0.21110   0.07157   0.11837   0.01118   0.10975   0.09887   4.34968  11.50267  10.33834   0.10382   1.00000  
 69  0.1768  10657.020632  x:  0.29880   0.14342   0.09646   0.00272   0.06475   0.05102   0.05301   0.05812   0.06424   0.02481   0.00376   0.00245   0.00676   0.02385   0.01007   0.00066   0.00991   0.00743   0.00619   0.00371   0.00055   0.00620   0.00744   0.00746   0.02138   0.15893   0.01105   0.02645   0.02028   0.01639   0.00119   0.00853   0.00746   0.00476   0.00142   0.07862   0.21108   0.07157   0.11837   0.01119   0.10975   0.09885   4.34975  12.34700  11.18262   0.10380   1.00000  
 70  0.4671  10657.020608  x:  0.29881   0.14344   0.09644   0.00272   0.06474   0.05102   0.05301   0.05811   0.06425   0.02480   0.00375   0.00246   0.00675   0.02386   0.01006   0.00066   0.00992   0.00744   0.00619   0.00371   0.00055   0.00620   0.00744   0.00747   0.02137   0.15891   0.01105   0.02645   0.02027   0.01639   0.00119   0.00852   0.00746   0.00476   0.00142   0.07863   0.21109   0.07156   0.11837   0.01119   0.10975   0.09887   4.34982  12.86862  11.70448   0.10380   1.00000  
 71  0.4881  10657.020595  x:  0.29882   0.14343   0.09643   0.00272   0.06476   0.05102   0.05302   0.05811   0.06425   0.02480   0.00376   0.00246   0.00676   0.02386   0.01006   0.00065   0.00991   0.00744   0.00619   0.00371   0.00055   0.00620   0.00744   0.00747   0.02138   0.15891   0.01105   0.02645   0.02027   0.01639   0.00119   0.00853   0.00746   0.00476   0.00142   0.07863   0.21109   0.07157   0.11836   0.01119   0.10975   0.09887   4.34974  13.71334  12.54905   0.10380   1.00000  
 72  0.4566  10657.020588  x:  0.29881   0.14343   0.09645   0.00272   0.06475   0.05102   0.05301   0.05812   0.06425   0.02481   0.00376   0.00246   0.00675   0.02386   0.01006   0.00065   0.00992   0.00744   0.00619   0.00371   0.00055   0.00620   0.00744   0.00747   0.02137   0.15891   0.01105   0.02645   0.02027   0.01639   0.00119   0.00852   0.00746   0.00476   0.00142   0.07863   0.21109   0.07157   0.11837   0.01119   0.10975   0.09886   4.34980  14.33881  13.17453   0.10380   1.00000  
 73  0.5528  10657.020585  x:  0.29881   0.14344   0.09644   0.00272   0.06474   0.05102   0.05301   0.05811   0.06425   0.02481   0.00375   0.00246   0.00675   0.02386   0.01006   0.00065   0.00992   0.00744   0.00619   0.00371   0.00055   0.00620   0.00744   0.00747   0.02138   0.15891   0.01105   0.02645   0.02027   0.01639   0.00119   0.00853   0.00746   0.00476   0.00142   0.07863   0.21109   0.07157   0.11837   0.01119   0.10975   0.09887   4.34985  15.35172  14.18754   0.10380   1.00000  
 74  0.6855  10657.020583  x:  0.29881   0.14343   0.09644   0.00272   0.06475   0.05102   0.05302   0.05811   0.06425   0.02481   0.00376   0.00246   0.00675   0.02386   0.01006   0.00065   0.00992   0.00744   0.00619   0.00371   0.00055   0.00620   0.00744   0.00747   0.02138   0.15891   0.01105   0.02645   0.02027   0.01639   0.00119   0.00853   0.00746   0.00476   0.00142   0.07863   0.21109   0.07157   0.11837   0.01119   0.10975   0.09887   4.34978  16.09584  14.93159   0.10380   1.00000  
 75  0.5991  10657.020583  x:  0.29881   0.14343   0.09644   0.00272   0.06475   0.05102   0.05301   0.05811   0.06425   0.02481   0.00376   0.00246   0.00675   0.02386   0.01006   0.00065   0.00992   0.00744   0.00619   0.00371   0.00055   0.00620   0.00744   0.00747   0.02138   0.15891   0.01105   0.02645   0.02027   0.01639   0.00119   0.00853   0.00746   0.00476   0.00142   0.07863   0.21109   0.07157   0.11837   0.01119   0.10975   0.09886   4.34979  16.81081  15.64656   0.10380   1.00000  
 76  0.4347  10657.020582  x:  0.29881   0.14344   0.09644   0.00272   0.06475   0.05102   0.05301   0.05811   0.06425   0.02481   0.00376   0.00246   0.00675   0.02386   0.01006   0.00065   0.00992   0.00744   0.00619   0.00371   0.00055   0.00620   0.00744   0.00747   0.02138   0.15891   0.01105   0.02645   0.02027   0.01639   0.00119   0.00853   0.00746   0.00476   0.00142   0.07863   0.21109   0.07157   0.11837   0.01119   0.10975   0.09886   4.34982  18.87681  17.71259   0.10380   1.00000  
 77  1.1569  10657.020582  x:  0.29881   0.14344   0.09644   0.00272   0.06475   0.05102   0.05301   0.05811   0.06425   0.02481   0.00376   0.00246   0.00675   0.02386   0.01006   0.00065   0.00992   0.00744   0.00619   0.00371   0.00055   0.00620   0.00744   0.00747   0.02138   0.15891   0.01105   0.02645   0.02027   0.01639   0.00119   0.00853   0.00746   0.00476   0.00142   0.07863   0.21109   0.07157   0.11837   0.01119   0.10975   0.09887   4.34981  18.36031  17.19608   0.10380   1.00000  
 78  2.9357  10657.020582  x:  0.29881   0.14344   0.09644   0.00272   0.06475   0.05102   0.05301   0.05811   0.06425   0.02481   0.00376   0.00246   0.00675   0.02386   0.01006   0.00065   0.00992   0.00744   0.00619   0.00371   0.00055   0.00620   0.00744   0.00747   0.02138   0.15891   0.01105   0.02645   0.02027   0.01639   0.00119   0.00853   0.00746   0.00476   0.00142   0.07863   0.21109   0.07157   0.11837   0.01119   0.10975   0.09887   4.34983  18.36664  17.20242   0.10380   1.00000  
 79  0.1936  10657.020582  x:  0.29881   0.14343   0.09644   0.00272   0.06475   0.05102   0.05301   0.05811   0.06425   0.02481   0.00376   0.00246   0.00675   0.02386   0.01006   0.00065   0.00992   0.00744   0.00619   0.00371   0.00055   0.00620   0.00744   0.00747   0.02138   0.15891   0.01105   0.02645   0.02027   0.01639   0.00119   0.00853   0.00746   0.00476   0.00142   0.07863   0.21109   0.07157   0.11837   0.01119   0.10975   0.09887   4.34979  18.36244  17.19820   0.10380   1.00000  
 80  0.0062  10657.020582  x:  0.29881   0.14343   0.09644   0.00272   0.06475   0.05102   0.05301   0.05811   0.06425   0.02481   0.00376   0.00246   0.00675   0.02386   0.01006   0.00065   0.00992   0.00744   0.00619   0.00371   0.00055   0.00620   0.00744   0.00747   0.02138   0.15891   0.01105   0.02645   0.02027   0.01639   0.00119   0.00853   0.00746   0.00476   0.00142   0.07863   0.21109   0.07157   0.11837   0.01119   0.10975   0.09887   4.34979  18.36307  17.19883   0.10380   1.00000  
 81  0.0010  10657.020582  x:  0.29881   0.14343   0.09644   0.00272   0.06475   0.05102   0.05301   0.05811   0.06425   0.02481   0.00376   0.00246   0.00675   0.02386   0.01006   0.00065   0.00992   0.00744   0.00619   0.00371   0.00055   0.00620   0.00744   0.00747   0.02138   0.15891   0.01105   0.02645   0.02027   0.01639   0.00119   0.00853   0.00746   0.00476   0.00142   0.07863   0.21109   0.07157   0.11837   0.01119   0.10975   0.09887   4.34979  18.36307  17.19883   0.10380   1.00000  
 82  0.0007  10657.020582  x:  0.29881   0.14343   0.09644   0.00272   0.06475   0.05102   0.05301   0.05811   0.06425   0.02481   0.00376   0.00246   0.00675   0.02386   0.01006   0.00065   0.00992   0.00744   0.00619   0.00371   0.00055   0.00620   0.00744   0.00747   0.02138   0.15891   0.01105   0.02645   0.02027   0.01639   0.00119   0.00853   0.00746   0.00476   0.00142   0.07863   0.21109   0.07157   0.11837   0.01119   0.10975   0.09887   4.34979  18.36307  17.19883   0.10380   1.00000  
check convergence!
