

TREE # 1

  0  0.0000  13458.842467  x:  0.36826   0.07062   0.00720   0.13921   0.12976   0.10564   0.17512   0.07302   0.07041   0.01860   0.03711   0.00956   0.01947   0.01673   0.00903   0.01422   0.02413   0.01472   0.01167   0.01334   0.06697   0.30034   0.00000   0.03920   0.06707   0.03865   0.03363   0.00938   0.02524   0.01451   0.00507   0.01040   0.12469   0.00873   0.10201   0.08664   0.06768   3.00000   1.39835   0.16116   0.29812  
  1 99.0000  13426.660915  x:  0.36976   0.07643   0.01347   0.14188   0.12998   0.10644   0.17856   0.07614   0.07061   0.02356   0.03597   0.01114   0.02061   0.01780   0.00487   0.00672   0.02110   0.01385   0.00611   0.00997   0.06662   0.30213   0.00601   0.04135   0.06826   0.03816   0.03223   0.00892   0.02087   0.01577   0.00000   0.00885   0.12726   0.01374   0.10237   0.08809   0.06965   3.00106   1.39921   0.16037   0.28522  
  2 1976.1542  13407.820031  x:  0.37097   0.08112   0.01850   0.14405   0.13015   0.10708   0.18134   0.07865   0.07077   0.02754   0.03505   0.01239   0.02153   0.01866   0.00157   0.00066   0.01866   0.01315   0.00167   0.00728   0.06634   0.30358   0.01073   0.04309   0.06922   0.03777   0.03110   0.00855   0.01735   0.01680   0.00049   0.00766   0.12933   0.01775   0.10265   0.08925   0.07124   3.00192   1.39991   0.15972   0.27478  
  3 33668.6807  13400.540583  x:  0.37147   0.08295   0.02007   0.14491   0.13020   0.10730   0.18247   0.07965   0.07082   0.02880   0.03467   0.01273   0.02188   0.01893   0.00285   0.00000   0.01786   0.01302   0.00262   0.00676   0.06614   0.30418   0.01152   0.04373   0.06960   0.03763   0.03069   0.00850   0.01612   0.01709   0.00056   0.00750   0.13016   0.01889   0.10275   0.08971   0.07182   3.00228   1.40020   0.15945   0.27036  
  4 4436.3348  13360.683628  x:  0.37613   0.09984   0.03474   0.15286   0.13069   0.10938   0.19286   0.08879   0.07129   0.04056   0.03124   0.01595   0.02516   0.02143   0.01209   0.00184   0.01042   0.01174   0.00886   0.00167   0.06439   0.30968   0.01949   0.04965   0.07308   0.03633   0.02693   0.00805   0.00471   0.01983   0.00122   0.00589   0.13779   0.02968   0.10373   0.09396   0.07721   3.00562   1.40292   0.15695   0.22979  
  5 70453.8480  13330.349292  x:  0.38115   0.11710   0.04808   0.16116   0.13115   0.11135   0.20380   0.09813   0.07169   0.05099   0.02795   0.01827   0.02796   0.02332   0.01736   0.00279   0.00596   0.01138   0.01201   0.01501   0.06235   0.31561   0.02466   0.05544   0.07663   0.03522   0.02356   0.00834   0.00130   0.02203   0.00165   0.00646   0.14574   0.03891   0.10471   0.09835   0.08250   3.00927   1.40586   0.15425   0.18588  
  6 10642.3618  13299.462117  x:  0.38714   0.13734   0.06344   0.17093   0.13169   0.11362   0.21672   0.10906   0.07215   0.06289   0.02428   0.02078   0.03108   0.02536   0.02340   0.00385   0.00339   0.01121   0.01557   0.02321   0.05993   0.32267   0.03024   0.06214   0.08079   0.03400   0.01996   0.00889   0.01108   0.02448   0.00212   0.00717   0.15510   0.04938   0.10584   0.10351   0.08862   3.01362   1.40935   0.15104   0.13388  
  7 26083.4263  13284.490114  x:  0.39035   0.14692   0.06934   0.17573   0.13196   0.11454   0.22320   0.11417   0.07231   0.06706   0.02329   0.02102   0.03191   0.02558   0.02496   0.00407   0.01433   0.01224   0.01634   0.02475   0.05865   0.32643   0.03043   0.06496   0.08267   0.03372   0.01965   0.00953   0.01157   0.02477   0.00222   0.00828   0.15968   0.05276   0.10633   0.10597   0.09121   3.01599   1.41112   0.14943   0.10834  
  8 7357.4840  13265.098545  x:  0.39702   0.15900   0.06733   0.18289   0.13228   0.11444   0.23389   0.11991   0.07192   0.06216   0.02746   0.01519   0.02814   0.02074   0.02028   0.00330   0.00958   0.01526   0.01281   0.01978   0.05648   0.33400   0.01328   0.06607   0.08430   0.03529   0.02809   0.01175   0.00901   0.01946   0.00170   0.01179   0.16632   0.04606   0.10647   0.10903   0.09219   3.02117   1.41390   0.14700   0.08009  
  9 1353.9470  13257.280447  x:  0.40296   0.17042   0.06730   0.18907   0.13216   0.11422   0.24358   0.12498   0.07134   0.05982   0.02666   0.01459   0.02726   0.02080   0.01787   0.00303   0.00960   0.01183   0.01214   0.01901   0.05540   0.34063   0.00227   0.06708   0.08524   0.03469   0.02365   0.00751   0.00872   0.01958   0.00151   0.00520   0.17206   0.04204   0.10625   0.11119   0.09324   3.02624   1.41597   0.14525   0.07809  
 10 767.2769  13254.078845  x:  0.40563   0.17557   0.06742   0.19178   0.13204   0.11408   0.24792   0.12716   0.07105   0.05901   0.02622   0.01479   0.02714   0.02108   0.01704   0.00296   0.00957   0.01135   0.01211   0.01861   0.05537   0.34364   0.00000   0.06751   0.08559   0.03436   0.02200   0.00767   0.00861   0.01988   0.00144   0.00727   0.17457   0.04044   0.10611   0.11205   0.09371   3.02863   1.41690   0.14448   0.07919  
 11 1326.9030  13234.789304  x:  0.43613   0.22989   0.05999   0.22104   0.13066   0.11149   0.29588   0.14914   0.06776   0.04259   0.02683   0.01216   0.02308   0.01967   0.01143   0.00277   0.00999   0.01547   0.01652   0.01794   0.05786   0.37825   0.00672   0.07010   0.08857   0.03295   0.01857   0.01540   0.00863   0.01828   0.00143   0.00762   0.20141   0.01425   0.10431   0.12088   0.09689   3.05648   1.42748   0.13570   0.09128  
 12 2153.7166  13230.185123  x:  0.44533   0.24357   0.05510   0.22790   0.13072   0.11086   0.30904   0.15272   0.06786   0.04015   0.02979   0.01711   0.02681   0.02176   0.01347   0.00284   0.01056   0.01392   0.01497   0.01862   0.06021   0.38877   0.00768   0.06996   0.08863   0.03481   0.02937   0.00905   0.00908   0.02037   0.00143   0.00918   0.20762   0.01269   0.10454   0.12215   0.09862   3.06700   1.43102   0.13285   0.09552  
 13 832.2496  13227.198324  x:  0.45434   0.25105   0.04494   0.23056   0.13213   0.11114   0.31919   0.14987   0.06977   0.04264   0.03054   0.01509   0.03016   0.02244   0.01734   0.00291   0.01079   0.01610   0.01103   0.01903   0.06477   0.39919   0.00544   0.06769   0.08751   0.03861   0.03133   0.01377   0.00927   0.02066   0.00141   0.00708   0.20981   0.02248   0.10623   0.12090   0.10121   3.08186   1.43506   0.12981   0.09859  
 14 373.3338  13224.424899  x:  0.46359   0.25468   0.03230   0.23096   0.13463   0.11260   0.32779   0.14324   0.07247   0.04488   0.03046   0.01270   0.02901   0.02078   0.01780   0.00293   0.01070   0.01498   0.01063   0.01879   0.06892   0.40994   0.00790   0.06460   0.08583   0.04087   0.02724   0.00861   0.00919   0.01907   0.00141   0.00951   0.20956   0.02790   0.10808   0.11862   0.10218   3.10034   1.43954   0.12659   0.09765  
 15 520.9893  13222.072373  x:  0.47313   0.25549   0.02301   0.22958   0.13820   0.11616   0.33530   0.13370   0.07536   0.04738   0.02983   0.02004   0.02707   0.02205   0.01474   0.00281   0.01053   0.01222   0.01326   0.01839   0.06998   0.42087   0.00833   0.06191   0.08435   0.03979   0.02536   0.01122   0.00894   0.02140   0.00140   0.00939   0.20727   0.02857   0.10951   0.11593   0.10139   3.12371   1.44475   0.12300   0.09537  
 16 518.9101  13219.199990  x:  0.48576   0.25441   0.02325   0.22645   0.14379   0.12376   0.34416   0.11985   0.07839   0.05173   0.02560   0.02065   0.02842   0.02481   0.01258   0.00273   0.01004   0.02012   0.01508   0.01823   0.06708   0.43487   0.00736   0.06076   0.08382   0.03542   0.02610   0.00909   0.00887   0.02356   0.00138   0.00887   0.20287   0.02683   0.11047   0.11317   0.09942   3.16143   1.45258   0.11779   0.09542  
 17 531.7056  13214.659176  x:  0.50367   0.25059   0.03192   0.22108   0.15112   0.13484   0.35572   0.10119   0.08136   0.05633   0.02581   0.01468   0.03133   0.02383   0.01465   0.00289   0.01062   0.01314   0.01399   0.01886   0.06111   0.45406   0.00803   0.06124   0.08503   0.03224   0.02882   0.01121   0.00915   0.02136   0.00143   0.00921   0.19638   0.02331   0.11101   0.11086   0.09675   3.22282   1.46479   0.10988   0.09701  
 18 922.6066  13211.607482  x:  0.51490   0.24405   0.04040   0.21630   0.15271   0.13847   0.36126   0.09472   0.08079   0.05460   0.03427   0.01930   0.02916   0.02037   0.01801   0.00301   0.01074   0.01598   0.01157   0.01938   0.05888   0.46476   0.00790   0.06384   0.08764   0.03839   0.02477   0.01055   0.00936   0.01979   0.00148   0.00911   0.19352   0.02331   0.11037   0.11220   0.09668   3.27593   1.47459   0.10387   0.09808  
 19 616.1824  13202.723862  x:  0.54032   0.21611   0.05402   0.20230   0.14680   0.13349   0.36828   0.09914   0.07334   0.03931   0.02759   0.01640   0.02024   0.02830   0.01673   0.00309   0.01067   0.01375   0.01385   0.01940   0.06456   0.48473   0.00846   0.07113   0.09235   0.05091   0.02526   0.01010   0.00921   0.02812   0.00151   0.00979   0.19229   0.02883   0.10719   0.12123   0.10097   3.44327   1.50339   0.08719   0.09689  
 20 771.1255  13192.245502  x:  0.56683   0.18040   0.06126   0.18944   0.13574   0.11948   0.37178   0.11648   0.06404   0.03354   0.02285   0.02082   0.03865   0.02178   0.01150   0.00291   0.01027   0.01329   0.01863   0.01891   0.07284   0.50164   0.00805   0.07627   0.09168   0.04419   0.02250   0.01041   0.00898   0.02063   0.00155   0.00963   0.19532   0.03041   0.10346   0.13047   0.10518   3.66192   1.53940   0.06719   0.09498  
 21 1764.2410  13182.888046  x:  0.58254   0.15681   0.06235   0.18764   0.12725   0.10552   0.37010   0.13687   0.06137   0.05054   0.03164   0.01871   0.02940   0.02239   0.01472   0.00306   0.01053   0.01397   0.01616   0.01952   0.07395   0.50647   0.00716   0.07734   0.08681   0.02687   0.02415   0.01017   0.00926   0.02152   0.00156   0.00915   0.20092   0.02796   0.10164   0.13306   0.10610   3.85098   1.56884   0.05179   0.09659  
 22 1699.7118  13173.653353  x:  0.58569   0.14935   0.05838   0.20096   0.12679   0.09899   0.35980   0.15535   0.06961   0.06687   0.01984   0.02167   0.02702   0.01975   0.01932   0.00308   0.01045   0.01401   0.01095   0.01940   0.05911   0.49416   0.00802   0.07191   0.08250   0.04106   0.02558   0.01076   0.00921   0.01795   0.00153   0.00908   0.20625   0.01827   0.10345   0.12374   0.10043   4.04763   1.59640   0.03927   0.09802  
 23 1089.9259  13164.935592  x:  0.58024   0.15495   0.05371   0.21957   0.13143   0.10189   0.34465   0.16754   0.07763   0.06576   0.03093   0.01446   0.03659   0.02693   0.01402   0.00294   0.01010   0.01388   0.01550   0.01884   0.04714   0.47104   0.00979   0.06171   0.08013   0.04826   0.02167   0.01086   0.00892   0.02652   0.00150   0.00968   0.20939   0.01656   0.10746   0.11075   0.09537   4.25038   1.62285   0.02870   0.09707  
 24 1659.5647  13149.871534  x:  0.55920   0.18683   0.05462   0.25088   0.14345   0.12044   0.31697   0.17396   0.08697   0.04668   0.02942   0.01808   0.02696   0.01851   0.01128   0.00299   0.01043   0.01384   0.01921   0.01928   0.05171   0.42112   0.00933   0.04792   0.08216   0.03510   0.02618   0.00988   0.00924   0.01896   0.00156   0.00922   0.21028   0.03181   0.11471   0.09562   0.09350   4.58441   1.66330   0.01511   0.10023  
 25 1835.8659  13143.443627  x:  0.54216   0.20878   0.04704   0.25762   0.14449   0.12506   0.30492   0.16478   0.08505   0.04196   0.02771   0.01923   0.02972   0.02538   0.02014   0.00298   0.01006   0.01394   0.00857   0.01858   0.06444   0.39671   0.00929   0.05182   0.08437   0.03075   0.02225   0.01037   0.00886   0.01842   0.00143   0.00925   0.20656   0.02228   0.11393   0.10214   0.09199   4.72862   1.67854   0.01209   0.09732  
 26 1183.8235  13137.996414  x:  0.52072   0.23567   0.03968   0.25749   0.14087   0.12443   0.29667   0.15042   0.07740   0.04997   0.02780   0.01650   0.03075   0.01720   0.01607   0.00287   0.01015   0.01415   0.01199   0.01838   0.07108   0.37566   0.00792   0.06271   0.08629   0.03447   0.02457   0.01057   0.00881   0.02486   0.00138   0.00851   0.20251   0.01739   0.11000   0.11518   0.09538   4.85459   1.68993   0.01196   0.09846  
 27 1168.2685  13135.629261  x:  0.50804   0.24936   0.03598   0.25406   0.13735   0.12119   0.29483   0.14280   0.07146   0.05256   0.02894   0.01639   0.02977   0.02254   0.01288   0.00281   0.01023   0.01423   0.01502   0.01837   0.06662   0.36851   0.00785   0.06690   0.08542   0.03593   0.02575   0.01048   0.00890   0.01742   0.00140   0.00829   0.20151   0.01840   0.10691   0.12016   0.09867   4.90892   1.69372   0.01340   0.09927  
 28 865.1461  13133.665966  x:  0.49204   0.26203   0.03211   0.24602   0.13264   0.11471   0.29589   0.13601   0.06528   0.04820   0.02754   0.01670   0.02949   0.02062   0.01534   0.00281   0.01011   0.01426   0.01213   0.01812   0.05500   0.36655   0.00905   0.06668   0.08152   0.03265   0.02529   0.01032   0.00878   0.01942   0.00137   0.00868   0.20230   0.02020   0.10311   0.12011   0.10156   4.95450   1.69509   0.01703   0.09838  
 29 453.4859  13131.616460  x:  0.46047   0.27710   0.03727   0.22704   0.12853   0.10528   0.30323   0.13308   0.07071   0.04770   0.02814   0.01610   0.02909   0.02054   0.01478   0.00281   0.01012   0.01440   0.01269   0.01817   0.06033   0.37425   0.00805   0.06150   0.07746   0.03422   0.02556   0.01045   0.00881   0.01915   0.00137   0.00826   0.20732   0.01752   0.10058   0.10806   0.09850   5.00463   1.69252   0.02691   0.09721  
 30 196.0721  13130.910468  x:  0.44266   0.27810   0.03475   0.22109   0.13232   0.10744   0.30852   0.13674   0.07306   0.04805   0.02831   0.01602   0.02923   0.02057   0.01483   0.00280   0.01015   0.01451   0.01252   0.01815   0.05853   0.38168   0.00819   0.06040   0.08418   0.03351   0.02584   0.01044   0.00882   0.01906   0.00136   0.00833   0.20932   0.01765   0.10814   0.11247   0.09627   5.02335   1.68884   0.03503   0.09771  
 31 101.0766  13130.472414  x:  0.42949   0.27456   0.03311   0.22371   0.13717   0.11469   0.31425   0.14041   0.07072   0.04838   0.02850   0.01606   0.02925   0.02062   0.01498   0.00280   0.01019   0.01447   0.01237   0.01818   0.05920   0.38854   0.00816   0.06243   0.07897   0.03436   0.02588   0.01052   0.00883   0.01909   0.00136   0.00837   0.20894   0.01765   0.10593   0.11451   0.09780   5.03559   1.68320   0.04564   0.09765  
 32 68.6413  13130.230594  x:  0.42448   0.27091   0.03207   0.22959   0.13574   0.11557   0.31913   0.13992   0.07055   0.04860   0.02845   0.01611   0.02944   0.02068   0.01500   0.00280   0.01020   0.01449   0.01232   0.01817   0.05952   0.39170   0.00815   0.06404   0.08367   0.03385   0.02593   0.01050   0.00883   0.01919   0.00135   0.00840   0.20692   0.01787   0.10222   0.11215   0.09953   5.04311   1.67674   0.05724   0.09729  
 33 48.6603  13129.856310  x:  0.42344   0.26631   0.03445   0.23867   0.13098   0.11307   0.32737   0.13639   0.07169   0.04802   0.02854   0.01630   0.02946   0.02075   0.01487   0.00282   0.01024   0.01457   0.01270   0.01829   0.06056   0.39341   0.00805   0.06255   0.08180   0.03407   0.02600   0.01053   0.00889   0.01933   0.00137   0.00842   0.20358   0.01828   0.10736   0.11448   0.09932   5.05564   1.66217   0.08335   0.09634  
 34 57.6987  13128.826340  x:  0.44387   0.26324   0.03373   0.23473   0.14027   0.11380   0.34019   0.13892   0.07535   0.04814   0.02926   0.01643   0.02982   0.02101   0.01509   0.00287   0.01047   0.01486   0.01298   0.01864   0.06081   0.38842   0.00818   0.06411   0.08323   0.03453   0.02664   0.01070   0.00909   0.01956   0.00139   0.00861   0.20839   0.02023   0.10453   0.11786   0.09620   5.09140   1.61405   0.17284   0.09399  
 35 64.9975  13128.585601  x:  0.44939   0.26377   0.03365   0.23298   0.13963   0.11724   0.33866   0.14008   0.07220   0.04935   0.02931   0.01646   0.02991   0.02117   0.01527   0.00287   0.01051   0.01495   0.01278   0.01868   0.06161   0.39006   0.00808   0.06231   0.08447   0.03526   0.02677   0.01079   0.00911   0.01973   0.00139   0.00860   0.21008   0.01834   0.10754   0.11572   0.10125   5.09972   1.60347   0.19483   0.09343  
 36 95.5460  13128.457294  x:  0.45225   0.26513   0.03306   0.23298   0.13749   0.11899   0.33340   0.14072   0.07489   0.04878   0.02949   0.01641   0.02999   0.02120   0.01528   0.00287   0.01053   0.01500   0.01275   0.01869   0.06123   0.39444   0.00805   0.06564   0.08389   0.03502   0.02684   0.01088   0.00913   0.01969   0.00139   0.00862   0.21097   0.01814   0.10888   0.11521   0.10298   5.10403   1.59924   0.20718   0.09331  
 37 48.7966  13128.308046  x:  0.45503   0.26762   0.03345   0.23511   0.13697   0.11875   0.32397   0.14081   0.07405   0.04899   0.02955   0.01645   0.02997   0.02120   0.01528   0.00289   0.01057   0.01503   0.01290   0.01878   0.06162   0.40261   0.00793   0.06395   0.08443   0.03521   0.02695   0.01086   0.00917   0.01971   0.00140   0.00862   0.21160   0.01890   0.10721   0.11712   0.10020   5.10862   1.59679   0.22169   0.09296  
 38 43.3180  13128.245974  x:  0.45539   0.26798   0.03395   0.23628   0.14076   0.11543   0.32163   0.14032   0.07381   0.04871   0.02957   0.01647   0.02998   0.02121   0.01525   0.00289   0.01058   0.01505   0.01294   0.01879   0.06191   0.40465   0.00787   0.06466   0.08445   0.03510   0.02694   0.01089   0.00917   0.01973   0.00140   0.00860   0.21105   0.01848   0.10794   0.11682   0.10205   5.10995   1.59999   0.22757   0.09294  
 39 13.3739  13117.019202  x:  0.47471   0.26514   0.02126   0.22222   0.14003   0.11424   0.33117   0.16170   0.06745   0.04084   0.03169   0.01265   0.02668   0.01938   0.01358   0.00251   0.01029   0.01526   0.01059   0.01641   0.06127   0.41572   0.00504   0.06421   0.08138   0.03483   0.02913   0.01079   0.00838   0.01757   0.00127   0.00693   0.14407   0.01366   0.11323   0.10746   0.09080   5.26348   2.67242   1.21630   0.09424  
 40 16.9291  13104.891375  x:  0.48447   0.22883   0.01267   0.22340   0.13918   0.11987   0.33526   0.12763   0.08542   0.03229   0.03336   0.00950   0.02429   0.01830   0.01132   0.00210   0.00988   0.01552   0.00882   0.01378   0.06200   0.42072   0.00270   0.04389   0.08020   0.03473   0.03043   0.01070   0.00743   0.01662   0.00114   0.00553   0.18730   0.00411   0.10284   0.12354   0.10795   5.43350   3.86735   2.31174   0.09652  
 41 1781.7067  13101.928090  x:  0.48643   0.21721   0.00891   0.22701   0.14003   0.12053   0.33643   0.11399   0.07103   0.03012   0.03343   0.00882   0.02340   0.01791   0.01079   0.00201   0.00983   0.01533   0.00847   0.01317   0.06402   0.42185   0.00197   0.05669   0.07988   0.03456   0.03088   0.01056   0.00720   0.01628   0.00112   0.00517   0.21114   0.00529   0.11218   0.11276   0.09343   5.47569   4.16358   2.58333   0.09676  
 42 1473.7101  13092.613248  x:  0.50336   0.17659   0.02597   0.21722   0.13951   0.11899   0.33254   0.09980   0.07406   0.02987   0.03196   0.01319   0.02156   0.01883   0.00558   0.00155   0.01189   0.01384   0.00846   0.01134   0.06445   0.43021   0.00183   0.05200   0.07970   0.03699   0.02954   0.00935   0.00745   0.01822   0.00085   0.00866   0.22142   0.01736   0.10971   0.11202   0.09154   5.79124   5.33044   3.70440   0.10206  
 43  2.4266  13089.194890  x:  0.50758   0.16950   0.02116   0.20925   0.14010   0.11867   0.32601   0.10804   0.07269   0.03464   0.03097   0.01395   0.02301   0.01913   0.00671   0.00129   0.01337   0.01330   0.00369   0.01007   0.06291   0.43083   0.00148   0.05333   0.07904   0.03795   0.02852   0.00901   0.00785   0.01806   0.00072   0.00969   0.20829   0.01416   0.10785   0.10887   0.08901   6.01853   5.50869   3.87462   0.10336  
 44  0.5372  13088.007530  x:  0.50785   0.17015   0.01811   0.20582   0.14025   0.11842   0.32168   0.11275   0.07199   0.03531   0.03067   0.01340   0.02390   0.01920   0.00409   0.00119   0.01421   0.01332   0.00548   0.00966   0.06224   0.42962   0.00132   0.05393   0.07870   0.03782   0.02812   0.00898   0.00826   0.01766   0.00074   0.00988   0.19941   0.01235   0.10685   0.10735   0.08847   6.13695   5.54751   3.91189   0.10356  
 45  0.4474  13087.009858  x:  0.50736   0.17486   0.01831   0.20609   0.13949   0.11686   0.31755   0.11437   0.07152   0.03126   0.03081   0.01202   0.02366   0.01887   0.00604   0.00141   0.01580   0.01355   0.00572   0.01041   0.06168   0.42737   0.00183   0.05436   0.07849   0.03701   0.02787   0.00925   0.00953   0.01702   0.00096   0.00995   0.19073   0.01114   0.10594   0.10663   0.08901   6.29004   5.59830   3.96478   0.10325  
 46  0.2356  13086.396130  x:  0.50644   0.17404   0.01853   0.21122   0.13794   0.11649   0.32066   0.10870   0.07202   0.03297   0.03067   0.01226   0.02256   0.01840   0.00527   0.00132   0.01706   0.01416   0.00509   0.00981   0.06203   0.42607   0.00113   0.05402   0.07852   0.03623   0.02830   0.00974   0.01073   0.01698   0.00103   0.00906   0.19423   0.01066   0.10631   0.10851   0.09021   6.42125   5.88682   4.23169   0.10172  
 47  0.2721  13086.152395  x:  0.50770   0.17524   0.01793   0.21190   0.13859   0.11764   0.32498   0.11022   0.07257   0.03317   0.03073   0.01234   0.02340   0.01868   0.00493   0.00131   0.01759   0.01379   0.00502   0.00953   0.06159   0.42771   0.00238   0.05386   0.07878   0.03633   0.02816   0.00954   0.01150   0.01733   0.00110   0.00906   0.19934   0.01140   0.10708   0.10894   0.09043   6.44518   6.06966   4.41494   0.10100  
 48  0.3091  13085.931627  x:  0.51036   0.17623   0.01971   0.20884   0.14001   0.11830   0.32629   0.11470   0.07247   0.03179   0.03125   0.01248   0.02377   0.01896   0.00506   0.00136   0.01780   0.01376   0.00516   0.00928   0.06241   0.43091   0.00176   0.05412   0.07904   0.03685   0.02874   0.00929   0.01240   0.01717   0.00124   0.00843   0.20146   0.01186   0.10743   0.10786   0.08968   6.40826   6.21243   4.56828   0.10080  
 49  0.1544  13085.666162  x:  0.51169   0.17602   0.01781   0.20917   0.14031   0.11811   0.32391   0.11146   0.07234   0.03353   0.03117   0.01235   0.02310   0.01889   0.00539   0.00143   0.01760   0.01366   0.00528   0.00857   0.06278   0.43205   0.00166   0.05467   0.07899   0.03729   0.02875   0.00916   0.01365   0.01665   0.00149   0.00868   0.19854   0.01132   0.10658   0.10833   0.09013   6.31610   6.41249   4.78192   0.10128  
 50  0.1470  13085.596323  x:  0.50910   0.17528   0.01827   0.21002   0.13951   0.11770   0.32232   0.11107   0.07221   0.03219   0.03100   0.01223   0.02333   0.01877   0.00505   0.00139   0.01736   0.01380   0.00502   0.00814   0.06240   0.42962   0.00169   0.05429   0.07877   0.03689   0.02864   0.00939   0.01395   0.01706   0.00155   0.00887   0.19686   0.01122   0.10685   0.10806   0.08993   6.29629   6.51649   4.87975   0.10147  
 51  0.1612  13085.557243  x:  0.50591   0.17511   0.01913   0.21037   0.13890   0.11755   0.32239   0.11192   0.07226   0.03276   0.03083   0.01248   0.02341   0.01873   0.00509   0.00143   0.01707   0.01384   0.00516   0.00844   0.06199   0.42703   0.00177   0.05392   0.07871   0.03645   0.02847   0.00949   0.01425   0.01711   0.00164   0.00895   0.19763   0.01155   0.10730   0.10812   0.08976   6.28205   6.62516   4.98490   0.10179  
 52  0.1027  13085.523120  x:  0.50543   0.17532   0.01834   0.20864   0.13906   0.11753   0.32252   0.11195   0.07237   0.03241   0.03100   0.01233   0.02325   0.01879   0.00493   0.00143   0.01670   0.01369   0.00497   0.00864   0.06197   0.42664   0.00172   0.05385   0.07875   0.03640   0.02846   0.00931   0.01448   0.01688   0.00174   0.00898   0.19699   0.01199   0.10642   0.10858   0.09017   6.29665   6.75170   5.10546   0.10183  
 53  0.0903  13085.498150  x:  0.50697   0.17500   0.01870   0.20890   0.13935   0.11742   0.32255   0.11136   0.07188   0.03252   0.03103   0.01239   0.02333   0.01891   0.00488   0.00144   0.01640   0.01367   0.00490   0.00884   0.06221   0.42776   0.00174   0.05447   0.07880   0.03658   0.02846   0.00926   0.01456   0.01691   0.00182   0.00900   0.19748   0.01119   0.10666   0.10801   0.08974   6.31096   6.86381   5.21870   0.10165  
 54  0.1490  13085.478706  x:  0.50902   0.17475   0.01825   0.21058   0.13945   0.11786   0.32275   0.11184   0.07244   0.03259   0.03101   0.01229   0.02342   0.01878   0.00496   0.00146   0.01615   0.01392   0.00495   0.00897   0.06234   0.42942   0.00167   0.05402   0.07877   0.03682   0.02855   0.00945   0.01443   0.01712   0.00191   0.00890   0.19757   0.01147   0.10696   0.10811   0.08987   6.31847   6.95444   5.31616   0.10143  
 55  0.0820  13085.449818  x:  0.50904   0.17682   0.01886   0.21025   0.13911   0.11768   0.32352   0.11179   0.07248   0.03249   0.03088   0.01243   0.02302   0.01850   0.00490   0.00147   0.01603   0.01381   0.00496   0.00879   0.06199   0.42970   0.00179   0.05394   0.07869   0.03672   0.02847   0.00948   0.01401   0.01678   0.00204   0.00874   0.19779   0.01144   0.10737   0.10816   0.09007   6.32859   7.13633   5.49929   0.10143  
 56  0.0968  13085.420173  x:  0.50803   0.17598   0.01884   0.20953   0.13924   0.11768   0.32377   0.11168   0.07236   0.03265   0.03080   0.01230   0.02346   0.01898   0.00495   0.00148   0.01615   0.01373   0.00498   0.00853   0.06210   0.42878   0.00176   0.05422   0.07886   0.03670   0.02841   0.00934   0.01358   0.01713   0.00220   0.00870   0.19761   0.01146   0.10700   0.10841   0.09015   6.33104   7.36581   5.72484   0.10168  
 57  0.1840  13085.408923  x:  0.50755   0.17490   0.01845   0.20987   0.13936   0.11767   0.32268   0.11214   0.07208   0.03258   0.03099   0.01246   0.02336   0.01876   0.00497   0.00149   0.01634   0.01379   0.00496   0.00851   0.06221   0.42816   0.00173   0.05422   0.07884   0.03661   0.02844   0.00937   0.01353   0.01693   0.00230   0.00882   0.19747   0.01145   0.10671   0.10812   0.08978   6.32637   7.50804   5.86513   0.10161  
 58  0.1230  13085.402094  x:  0.50762   0.17595   0.01866   0.20981   0.13927   0.11750   0.32260   0.11174   0.07217   0.03264   0.03109   0.01228   0.02329   0.01875   0.00493   0.00150   0.01655   0.01379   0.00495   0.00866   0.06228   0.42835   0.00170   0.05423   0.07876   0.03665   0.02850   0.00939   0.01356   0.01705   0.00238   0.00887   0.19755   0.01150   0.10682   0.10811   0.08987   6.31804   7.62670   5.98540   0.10158  
 59  0.1057  13085.400531  x:  0.50784   0.17563   0.01864   0.20990   0.13928   0.11765   0.32313   0.11173   0.07229   0.03257   0.03101   0.01239   0.02336   0.01881   0.00491   0.00149   0.01664   0.01378   0.00493   0.00871   0.06217   0.42860   0.00172   0.05420   0.07880   0.03667   0.02847   0.00938   0.01353   0.01701   0.00239   0.00885   0.19752   0.01147   0.10693   0.10823   0.08999   6.31437   7.66168   6.02148   0.10159  
 60  0.0430  13085.400174  x:  0.50783   0.17545   0.01863   0.20980   0.13932   0.11769   0.32298   0.11187   0.07223   0.03260   0.03095   0.01234   0.02331   0.01881   0.00490   0.00149   0.01666   0.01377   0.00491   0.00872   0.06218   0.42856   0.00173   0.05414   0.07883   0.03668   0.02846   0.00938   0.01351   0.01702   0.00238   0.00883   0.19751   0.01146   0.10692   0.10820   0.08991   6.31256   7.67027   6.02988   0.10159  
 61  0.0074  13085.399585  x:  0.50763   0.17561   0.01858   0.20967   0.13932   0.11760   0.32263   0.11171   0.07218   0.03258   0.03091   0.01237   0.02339   0.01876   0.00491   0.00147   0.01666   0.01379   0.00491   0.00874   0.06224   0.42837   0.00172   0.05420   0.07880   0.03671   0.02844   0.00939   0.01349   0.01700   0.00237   0.00880   0.19753   0.01146   0.10682   0.10819   0.08989   6.30921   7.69902   6.05827   0.10160  
 62  0.0120  13085.397443  x:  0.50719   0.17532   0.01860   0.20990   0.13914   0.11747   0.32266   0.11172   0.07224   0.03254   0.03098   0.01236   0.02324   0.01884   0.00491   0.00143   0.01661   0.01380   0.00494   0.00877   0.06225   0.42809   0.00174   0.05434   0.07871   0.03669   0.02850   0.00939   0.01349   0.01701   0.00235   0.00876   0.19727   0.01145   0.10682   0.10815   0.09001   6.30703   7.89737   6.25580   0.10163  
 63  0.0587  13085.394243  x:  0.50744   0.17543   0.01865   0.20975   0.13917   0.11762   0.32302   0.11172   0.07224   0.03264   0.03105   0.01233   0.02339   0.01879   0.00492   0.00137   0.01661   0.01378   0.00493   0.00874   0.06216   0.42837   0.00174   0.05406   0.07878   0.03663   0.02853   0.00937   0.01353   0.01697   0.00237   0.00878   0.19728   0.01147   0.10698   0.10814   0.08984   6.31269   8.28706   6.64583   0.10161  
 64  0.2190  13085.393383  x:  0.50780   0.17566   0.01861   0.20973   0.13935   0.11769   0.32285   0.11184   0.07224   0.03261   0.03099   0.01239   0.02334   0.01880   0.00494   0.00136   0.01663   0.01379   0.00494   0.00873   0.06218   0.42856   0.00173   0.05419   0.07883   0.03665   0.02849   0.00938   0.01354   0.01704   0.00237   0.00882   0.19746   0.01146   0.10690   0.10821   0.08994   6.31310   8.41470   6.77440   0.10161  
 65  0.1342  13085.393007  x:  0.50787   0.17551   0.01865   0.20990   0.13933   0.11763   0.32295   0.11178   0.07224   0.03259   0.03094   0.01235   0.02335   0.01880   0.00494   0.00136   0.01663   0.01377   0.00495   0.00872   0.06220   0.42856   0.00172   0.05422   0.07880   0.03669   0.02845   0.00938   0.01354   0.01699   0.00237   0.00884   0.19755   0.01147   0.10686   0.10822   0.08996   6.31279   8.48475   6.84439   0.10159  
 66  0.0544  13085.391952  x:  0.50754   0.17578   0.01856   0.20986   0.13909   0.11754   0.32337   0.11179   0.07221   0.03260   0.03086   0.01239   0.02332   0.01882   0.00493   0.00137   0.01661   0.01378   0.00495   0.00873   0.06219   0.42831   0.00169   0.05407   0.07877   0.03673   0.02840   0.00938   0.01354   0.01701   0.00235   0.00886   0.19749   0.01145   0.10695   0.10817   0.08983   6.31444   8.67058   7.02914   0.10155  
 67  0.0466  13085.387423  x:  0.50776   0.17555   0.01866   0.20972   0.13921   0.11772   0.32306   0.11197   0.07225   0.03264   0.03099   0.01235   0.02336   0.01871   0.00491   0.00144   0.01660   0.01376   0.00493   0.00873   0.06214   0.42845   0.00172   0.05429   0.07892   0.03664   0.02845   0.00938   0.01348   0.01704   0.00231   0.00886   0.19742   0.01140   0.10693   0.10833   0.09013   6.31371   9.51375   7.87214   0.10154  
 68  0.1967  13085.385624  x:  0.50781   0.17560   0.01861   0.20987   0.13937   0.11762   0.32281   0.11172   0.07222   0.03257   0.03100   0.01236   0.02333   0.01884   0.00492   0.00146   0.01663   0.01379   0.00494   0.00872   0.06218   0.42856   0.00173   0.05413   0.07878   0.03665   0.02848   0.00938   0.01351   0.01700   0.00231   0.00884   0.19751   0.01148   0.10684   0.10819   0.08985   6.31132  10.09797   8.45752   0.10160  
 69  0.5169  13085.384771  x:  0.50767   0.17550   0.01860   0.20978   0.13925   0.11764   0.32308   0.11185   0.07225   0.03260   0.03096   0.01236   0.02335   0.01877   0.00492   0.00145   0.01663   0.01377   0.00493   0.00872   0.06222   0.42845   0.00172   0.05421   0.07878   0.03669   0.02846   0.00939   0.01355   0.01702   0.00233   0.00882   0.19736   0.01145   0.10693   0.10814   0.08997   6.31291  11.02152   9.38108   0.10162  
 70  0.4703  13085.384395  x:  0.50775   0.17559   0.01863   0.20980   0.13929   0.11763   0.32281   0.11178   0.07222   0.03258   0.03097   0.01236   0.02333   0.01881   0.00492   0.00145   0.01662   0.01379   0.00494   0.00872   0.06217   0.42849   0.00173   0.05417   0.07884   0.03667   0.02847   0.00938   0.01352   0.01700   0.00233   0.00883   0.19749   0.01146   0.10687   0.10826   0.08990   6.31296  11.81553  10.17469   0.10158  
 71  0.5067  13085.384227  x:  0.50771   0.17554   0.01860   0.20981   0.13930   0.11762   0.32299   0.11181   0.07223   0.03259   0.03097   0.01236   0.02334   0.01879   0.00492   0.00145   0.01662   0.01377   0.00493   0.00872   0.06220   0.42849   0.00172   0.05417   0.07877   0.03667   0.02847   0.00938   0.01353   0.01701   0.00232   0.00883   0.19742   0.01146   0.10689   0.10816   0.08995   6.31191  12.69002  11.04936   0.10160  
 72  0.4886  13085.384159  x:  0.50774   0.17558   0.01862   0.20980   0.13928   0.11765   0.32291   0.11180   0.07224   0.03259   0.03098   0.01236   0.02334   0.01880   0.00492   0.00145   0.01662   0.01379   0.00493   0.00872   0.06218   0.42849   0.00173   0.05418   0.07882   0.03667   0.02847   0.00939   0.01353   0.01700   0.00232   0.00883   0.19745   0.01146   0.10689   0.10823   0.08991   6.31267  13.51275  11.87207   0.10159  
 73  0.4941  13085.384130  x:  0.50773   0.17555   0.01861   0.20981   0.13930   0.11763   0.32293   0.11179   0.07222   0.03258   0.03097   0.01236   0.02334   0.01880   0.00492   0.00145   0.01662   0.01378   0.00493   0.00872   0.06219   0.42849   0.00172   0.05417   0.07880   0.03667   0.02847   0.00938   0.01353   0.01701   0.00232   0.00883   0.19744   0.01146   0.10689   0.10819   0.08993   6.31243  14.31118  12.67049   0.10160  
 74  0.4766  13085.384116  x:  0.50773   0.17556   0.01861   0.20980   0.13929   0.11764   0.32294   0.11181   0.07224   0.03259   0.03097   0.01236   0.02334   0.01880   0.00492   0.00145   0.01662   0.01378   0.00493   0.00872   0.06219   0.42849   0.00172   0.05418   0.07880   0.03667   0.02847   0.00938   0.01353   0.01701   0.00232   0.00883   0.19744   0.01146   0.10689   0.10820   0.08992   6.31242  15.17006  13.52939   0.10160  
 75  0.5123  13085.384110  x:  0.50773   0.17556   0.01861   0.20981   0.13929   0.11764   0.32292   0.11179   0.07223   0.03259   0.03097   0.01236   0.02334   0.01880   0.00492   0.00145   0.01662   0.01378   0.00493   0.00872   0.06219   0.42849   0.00172   0.05418   0.07881   0.03667   0.02847   0.00938   0.01353   0.01701   0.00232   0.00883   0.19745   0.01146   0.10689   0.10820   0.08993   6.31250  16.10296  14.46226   0.10160  
 76  0.5674  13085.384108  x:  0.50773   0.17556   0.01861   0.20980   0.13929   0.11763   0.32293   0.11180   0.07223   0.03259   0.03097   0.01236   0.02334   0.01880   0.00492   0.00145   0.01662   0.01378   0.00493   0.00872   0.06219   0.42849   0.00172   0.05418   0.07880   0.03667   0.02847   0.00938   0.01353   0.01701   0.00232   0.00883   0.19744   0.01146   0.10689   0.10819   0.08993   6.31243  17.26789  15.62722   0.10160  
 77  0.6784  13085.384107  x:  0.50773   0.17556   0.01861   0.20981   0.13929   0.11764   0.32293   0.11180   0.07223   0.03259   0.03097   0.01236   0.02334   0.01880   0.00492   0.00145   0.01662   0.01378   0.00493   0.00872   0.06219   0.42849   0.00172   0.05418   0.07880   0.03667   0.02847   0.00938   0.01353   0.01701   0.00232   0.00883   0.19744   0.01146   0.10689   0.10820   0.08992   6.31247  18.30076  16.66007   0.10160  
 78  0.7227  13085.384107  x:  0.50773   0.17556   0.01861   0.20981   0.13929   0.11764   0.32293   0.11180   0.07223   0.03259   0.03097   0.01236   0.02334   0.01880   0.00492   0.00145   0.01662   0.01378   0.00493   0.00872   0.06219   0.42849   0.00172   0.05418   0.07880   0.03667   0.02847   0.00938   0.01353   0.01701   0.00232   0.00883   0.19744   0.01146   0.10689   0.10820   0.08993   6.31245  18.22477  16.58408   0.10160  
 79  0.1283  13085.384107  x:  0.50773   0.17556   0.01861   0.20981   0.13929   0.11764   0.32293   0.11180   0.07223   0.03259   0.03097   0.01236   0.02334   0.01880   0.00492   0.00145   0.01662   0.01378   0.00493   0.00872   0.06219   0.42849   0.00172   0.05418   0.07880   0.03667   0.02847   0.00938   0.01353   0.01701   0.00232   0.00883   0.19744   0.01146   0.10689   0.10820   0.08993   6.31245  18.22272  16.58204   0.10160  
 80  1.1814  13085.384107  x:  0.50773   0.17556   0.01861   0.20981   0.13929   0.11764   0.32293   0.11180   0.07223   0.03259   0.03097   0.01236   0.02334   0.01880   0.00492   0.00145   0.01662   0.01378   0.00493   0.00872   0.06219   0.42849   0.00172   0.05418   0.07880   0.03667   0.02847   0.00938   0.01353   0.01701   0.00232   0.00883   0.19744   0.01146   0.10689   0.10820   0.08993   6.31245  18.22254  16.58186   0.10160  
 81  0.0205  13085.384107  x:  0.50773   0.17556   0.01861   0.20981   0.13929   0.11764   0.32293   0.11180   0.07223   0.03259   0.03097   0.01236   0.02334   0.01880   0.00492   0.00145   0.01662   0.01378   0.00493   0.00872   0.06219   0.42849   0.00172   0.05418   0.07880   0.03667   0.02847   0.00938   0.01353   0.01701   0.00232   0.00883   0.19744   0.01146   0.10689   0.10820   0.08993   6.31245  18.22254  16.58186   0.10160  
 82  0.0184  13085.384107  x:  0.50773   0.17556   0.01861   0.20981   0.13929   0.11764   0.32293   0.11180   0.07223   0.03259   0.03097   0.01236   0.02334   0.01880   0.00492   0.00145   0.01662   0.01378   0.00493   0.00872   0.06219   0.42849   0.00172   0.05418   0.07880   0.03667   0.02847   0.00938   0.01353   0.01701   0.00232   0.00883   0.19744   0.01146   0.10689   0.10820   0.08993   6.31245  18.22254  16.58186   0.10160  
check convergence!
